0	2602.8333333333335	0.0	0.0	0.0
10	2841.8333333333335	0.0	1.0	6359.0
20	2667.1666666666665	1.0	2.0	5832.0
30	2835.0	0.0	35.0	9323.0
40	2471.5	1.0	28.0	6994.0
50	2427.1666666666665	0.0	12.0	9566.0
60	3119.1666666666665	0.0	66.0	10181.0
70	2578.0	0.0	25.0	8372.0
80	2858.5	0.0	12.0	9848.0
90	2736.5	0.0	3.0	8910.0
100	3247.6666666666665	0.0	14.0	6630.0
110	2728.0	0.0	31.0	7902.0
120	3093.5	1.0	27.0	11515.0
130	3025.3333333333335	2.0	58.0	7520.0
140	3090.1666666666665	0.0	14.0	6744.0
150	2957.3333333333335	0.0	17.0	7023.0
160	2901.6666666666665	1.0	75.0	9657.0
170	3353.6666666666665	0.0	13.0	4982.0
180	3105.6666666666665	0.0	10.0	8876.0
190	2938.3333333333335	0.0	12.0	8648.0
200	3226.8333333333335	0.0	35.0	9504.0
210	3220.8333333333335	0.0	52.0	8162.0
220	3406.5	1.0	29.0	9486.0
230	3277.5	1.0	20.0	8107.0
240	3194.3333333333335	0.0	32.0	13504.0
250	2951.8333333333335	0.0	8.0	8072.0
260	3352.6666666666665	0.0	32.0	9523.0
270	3057.1666666666665	0.0	14.0	11086.0
280	3441.6666666666665	8.0	24.0	8215.0
290	3553.5	1.0	39.0	8755.0
300	3718.6666666666665	0.0	30.0	9992.0
310	3422.1666666666665	0.0	33.0	10174.0
320	3433.6666666666665	10.0	60.0	10661.0
330	3426.6666666666665	0.0	69.0	11239.0
340	2900.3333333333335	3.0	56.0	10682.0
350	3392.6666666666665	0.0	33.0	9508.0
360	3767.6666666666665	4.0	50.0	9654.0
370	3412.5	1.0	98.0	9711.0
380	3539.6666666666665	4.0	33.0	11590.0
390	3750.0	8.0	48.0	8374.0
400	3668.5	0.0	58.0	11813.0
410	3275.5	3.0	52.0	13290.0
420	3286.1666666666665	2.0	63.0	11925.0
430	3704.1666666666665	0.0	92.0	8826.0
440	3442.6666666666665	0.0	43.0	12810.0
450	3284.1666666666665	1.0	67.0	8364.0
460	3097.1666666666665	0.0	3.0	8436.0
470	3965.5	2.0	8.0	11457.0
480	3207.5	1.0	30.0	8900.0
490	3586.6666666666665	1.0	46.0	13271.0
500	3497.3333333333335	0.0	110.0	10872.0
510	3958.6666666666665	1.0	81.0	11011.0
520	3943.3333333333335	1.0	22.0	7770.0
530	3498.3333333333335	0.0	76.0	7988.0
540	3805.1666666666665	0.0	34.0	10676.0
550	3747.1666666666665	1.0	18.0	7930.0
560	4075.5	3.0	77.0	9439.0
570	3641.8333333333335	0.0	35.0	10362.0
580	3992.0	0.0	17.0	9174.0
590	3467.0	0.0	41.0	7780.0
600	3899.6666666666665	1.0	36.0	13056.0
