0	2463.1666666666665	0.0	0.0	0.0
10	2749.3333333333335	0.0	0.0	9750.0
20	2927.8333333333335	0.0	38.0	10498.0
30	2855.6666666666665	1.0	17.0	10323.0
40	3323.5	0.0	9.0	7339.0
50	3003.0	0.0	14.0	13288.0
60	2469.0	6.0	40.0	9424.0
70	2564.5	12.0	108.0	10426.0
80	3008.3333333333335	0.0	56.0	7713.0
90	2958.6666666666665	0.0	16.0	10264.0
100	2741.1666666666665	7.0	29.0	9130.0
110	3231.6666666666665	0.0	5.0	8910.0
120	2990.5	2.0	33.0	8860.0
130	3063.1666666666665	27.0	131.0	10160.0
140	2913.3333333333335	9.0	32.0	10953.0
150	3112.8333333333335	2.0	32.0	7569.0
160	3045.6666666666665	0.0	57.0	12315.0
170	3067.1666666666665	2.0	54.0	9606.0
180	3203.5	0.0	40.0	10137.0
190	3070.6666666666665	2.0	38.0	8914.0
200	3355.3333333333335	0.0	14.0	7097.0
210	3251.1666666666665	0.0	76.0	13322.0
220	3826.1666666666665	1.0	29.0	7723.0
230	3469.0	1.0	30.0	10147.0
240	2739.1666666666665	0.0	30.0	10589.0
250	3404.6666666666665	0.0	44.0	12096.0
260	3591.0	0.0	31.0	11516.0
270	3601.6666666666665	0.0	16.0	7815.0
280	3476.6666666666665	3.0	30.0	7916.0
290	4090.1666666666665	2.0	14.0	10424.0
300	3525.5	1.0	9.0	12927.0
310	3624.0	0.0	32.0	8605.0
320	3468.3333333333335	6.0	53.0	10658.0
330	3639.0	1.0	18.0	10835.0
340	3909.6666666666665	1.0	30.0	10094.0
350	3525.0	0.0	86.0	11582.0
360	3533.0	1.0	43.0	7022.0
370	3792.3333333333335	0.0	42.0	10650.0
380	3874.3333333333335	9.0	29.0	10856.0
390	3481.6666666666665	0.0	36.0	10188.0
400	3229.6666666666665	0.0	48.0	8503.0
410	3298.5	0.0	16.0	12497.0
420	3518.1666666666665	0.0	63.0	10182.0
430	3733.5	0.0	16.0	7893.0
440	3303.0	0.0	4.0	12660.0
450	3999.6666666666665	2.0	38.0	9082.0
460	3053.0	0.0	14.0	6824.0
470	3543.1666666666665	2.0	96.0	17053.0
480	3737.0	0.0	77.0	11293.0
490	3826.6666666666665	0.0	21.0	10865.0
500	3902.0	0.0	29.0	11832.0
510	3579.1666666666665	0.0	34.0	7749.0
520	4032.0	0.0	57.0	11662.0
530	3682.5	2.0	26.0	8920.0
540	3655.5	0.0	105.0	10803.0
550	3514.3333333333335	0.0	121.0	12672.0
560	3749.1666666666665	0.0	55.0	11974.0
570	3591.5	1.0	70.0	7580.0
580	3763.1666666666665	0.0	88.0	12413.0
590	3656.6666666666665	0.0	5.0	8445.0
600	3252.5	1.0	34.0	8385.0
