0	2447.3333333333335	0.0	0.0	0.0
10	2787.8333333333335	0.0	19.0	8537.0
20	2502.5	0.0	18.0	10522.0
30	2479.1666666666665	2.0	43.0	11150.0
40	3087.6666666666665	0.0	46.0	10366.0
50	2736.0	9.0	54.0	9536.0
60	2878.6666666666665	0.0	19.0	7264.0
70	2929.0	2.0	6.0	7681.0
80	2523.6666666666665	11.0	49.0	11173.0
90	3492.5	14.0	39.0	6870.0
100	3022.1666666666665	0.0	35.0	10449.0
110	3064.1666666666665	3.0	53.0	12276.0
120	2996.3333333333335	0.0	25.0	13033.0
130	3075.8333333333335	0.0	13.0	5569.0
140	3142.0	0.0	17.0	11117.0
150	3551.5	4.0	14.0	9411.0
160	3343.0	0.0	35.0	8622.0
170	2918.5	0.0	31.0	10891.0
180	2973.6666666666665	0.0	7.0	10518.0
190	3407.1666666666665	0.0	76.0	12743.0
200	3557.8333333333335	0.0	11.0	8195.0
210	3457.3333333333335	1.0	50.0	9459.0
220	3482.6666666666665	5.0	61.0	10724.0
230	3388.0	0.0	51.0	10657.0
240	3316.0	1.0	60.0	11943.0
250	3474.3333333333335	1.0	67.0	9258.0
260	3296.3333333333335	0.0	65.0	12663.0
270	3707.6666666666665	3.0	44.0	8600.0
280	3491.5	0.0	16.0	7984.0
290	3511.3333333333335	0.0	31.0	10645.0
300	3796.5	1.0	22.0	10873.0
310	3358.3333333333335	0.0	62.0	8740.0
320	3483.8333333333335	0.0	28.0	8435.0
330	3600.0	5.0	42.0	11344.0
340	3729.8333333333335	0.0	58.0	9266.0
350	3679.8333333333335	0.0	18.0	8571.0
360	3828.3333333333335	0.0	17.0	7608.0
370	3735.5	0.0	130.0	10855.0
380	3954.8333333333335	0.0	58.0	7731.0
390	3735.5	0.0	58.0	10108.0
400	3634.8333333333335	0.0	42.0	10199.0
410	4055.1666666666665	0.0	35.0	12048.0
420	3457.0	0.0	54.0	8374.0
430	3826.8333333333335	0.0	0.0	9562.0
440	3604.8333333333335	0.0	1.0	9623.0
450	3891.8333333333335	0.0	94.0	12389.0
460	3766.1666666666665	0.0	71.0	9978.0
470	3765.8333333333335	0.0	23.0	9510.0
480	3439.1666666666665	0.0	11.0	5067.0
490	3538.1666666666665	0.0	14.0	7542.0
500	3808.0	1.0	37.0	11147.0
510	3956.3333333333335	0.0	63.0	10900.0
520	4046.3333333333335	0.0	78.0	12933.0
530	3465.3333333333335	0.0	74.0	8919.0
540	3822.1666666666665	0.0	11.0	7117.0
550	3765.8333333333335	1.0	37.0	12369.0
560	4006.6666666666665	0.0	7.0	8750.0
570	3924.6666666666665	1.0	67.0	8710.0
580	3913.0	0.0	55.0	12142.0
590	3535.8333333333335	0.0	37.0	9673.0
600	3731.5	0.0	44.0	11013.0
