0	3019.5	0.0	0.0	0.0
10	2932.0	3.0	31.0	4798.0
20	2680.0	4.0	65.0	11392.0
30	2833.8333333333335	0.0	43.0	10253.0
40	2737.6666666666665	0.0	36.0	9118.0
50	3049.6666666666665	38.0	76.0	9724.0
60	3013.0	0.0	17.0	10568.0
70	2910.6666666666665	0.0	13.0	5171.0
80	3348.3333333333335	0.0	4.0	9601.0
90	3139.6666666666665	1.0	21.0	6001.0
100	2744.5	0.0	72.0	10992.0
110	3384.6666666666665	0.0	16.0	8455.0
120	3049.1666666666665	0.0	15.0	5991.0
130	3096.8333333333335	11.0	34.0	10390.0
140	3497.8333333333335	0.0	23.0	7033.0
150	3361.0	0.0	35.0	8621.0
160	3461.3333333333335	0.0	31.0	10087.0
170	3157.0	0.0	47.0	8144.0
180	3206.5	0.0	91.0	8278.0
190	3325.8333333333335	1.0	32.0	9627.0
200	3316.6666666666665	0.0	12.0	7487.0
210	3358.3333333333335	0.0	35.0	7721.0
220	3123.8333333333335	1.0	21.0	9076.0
230	3327.0	0.0	32.0	9973.0
240	3088.1666666666665	1.0	37.0	11655.0
250	3458.1666666666665	2.0	28.0	9913.0
260	2692.8333333333335	2.0	50.0	9248.0
270	3321.1666666666665	0.0	45.0	7517.0
280	3167.0	0.0	102.0	11263.0
290	3390.6666666666665	0.0	70.0	11514.0
300	3060.5	0.0	74.0	11168.0
310	3791.8333333333335	4.0	17.0	8754.0
320	3998.5	0.0	13.0	12157.0
330	3129.6666666666665	0.0	32.0	7402.0
340	3220.0	0.0	33.0	14237.0
350	3582.5	0.0	21.0	8381.0
360	3737.5	0.0	30.0	9461.0
370	3806.0	2.0	68.0	9941.0
380	3518.3333333333335	0.0	24.0	8330.0
390	3898.8333333333335	0.0	24.0	11813.0
400	3612.3333333333335	0.0	39.0	10527.0
410	3514.3333333333335	2.0	76.0	10834.0
420	3327.1666666666665	0.0	46.0	10102.0
430	3791.5	2.0	82.0	10481.0
440	3803.0	0.0	47.0	9522.0
450	3614.3333333333335	1.0	48.0	9105.0
460	3773.8333333333335	1.0	36.0	8751.0
470	3720.0	3.0	44.0	8282.0
480	3809.8333333333335	0.0	52.0	8030.0
490	3805.3333333333335	0.0	76.0	12440.0
500	3733.0	0.0	44.0	8710.0
510	3682.5	1.0	52.0	14351.0
520	4230.166666666667	0.0	62.0	13061.0
530	3461.8333333333335	1.0	4.0	8868.0
540	3993.8333333333335	0.0	46.0	9938.0
550	3800.1666666666665	2.0	23.0	11862.0
560	3747.8333333333335	1.0	58.0	11447.0
570	3798.8333333333335	1.0	7.0	12864.0
580	3785.8333333333335	0.0	52.0	10051.0
590	3759.1666666666665	1.0	78.0	9910.0
600	3784.6666666666665	0.0	27.0	9920.0
