0	1496.6666666666667	0.0	0.0	0.0
10	1791.5	0.0	0.0	7247.0
20	1407.6666666666667	0.0	0.0	5613.0
30	1454.0	0.0	0.0	9676.0
40	1644.6666666666667	0.0	0.0	5005.0
50	1602.0	0.0	0.0	7973.0
60	1448.6666666666667	0.0	0.0	6678.0
70	1408.6666666666667	0.0	0.0	6426.0
80	1557.6666666666667	0.0	0.0	8137.0
90	1473.6666666666667	0.0	0.0	6453.0
100	1530.0	0.0	0.0	5499.0
110	1527.6666666666667	0.0	0.0	7343.0
120	1467.0	0.0	0.0	9753.0
130	1536.3333333333333	0.0	0.0	7784.0
140	1768.6666666666667	0.0	0.0	6678.0
150	1641.5	0.0	0.0	7556.0
160	1510.3333333333333	0.0	0.0	8631.0
170	1609.3333333333333	0.0	0.0	6324.0
180	1473.6666666666667	0.0	0.0	4759.0
190	1527.5	0.0	0.0	5847.0
200	1439.6666666666667	0.0	0.0	4652.0
210	1241.6666666666667	0.0	0.0	4556.0
220	1159.3333333333333	0.0	0.0	5152.0
230	1455.3333333333333	0.0	0.0	6386.0
240	1396.3333333333333	0.0	0.0	7148.0
250	1334.3333333333333	0.0	0.0	4299.0
260	1473.3333333333333	0.0	0.0	7547.0
270	1409.0	0.0	0.0	5315.0
280	1314.6666666666667	0.0	0.0	7073.0
290	1311.3333333333333	0.0	0.0	5989.0
300	1464.1666666666667	0.0	0.0	4194.0
310	1258.0	0.0	0.0	7323.0
320	1269.0	0.0	0.0	5470.0
330	1419.3333333333333	0.0	0.0	5747.0
340	1386.3333333333333	0.0	0.0	6164.0
350	1358.0	0.0	0.0	5622.0
360	1528.3333333333333	0.0	0.0	6842.0
370	1329.3333333333333	0.0	0.0	6750.0
380	1347.0	0.0	0.0	7230.0
390	1526.6666666666667	0.0	0.0	6296.0
400	1229.3333333333333	0.0	0.0	4934.0
410	1389.6666666666667	0.0	0.0	4848.0
420	1178.3333333333333	0.0	0.0	6637.0
430	1358.0	0.0	0.0	5900.0
440	1336.6666666666667	0.0	0.0	7521.0
450	1139.3333333333333	0.0	0.0	5341.0
460	1396.6666666666667	0.0	0.0	7153.0
470	1147.6666666666667	0.0	0.0	6158.0
480	1293.0	0.0	0.0	6232.0
490	1208.3333333333333	0.0	0.0	6994.0
500	1341.0	0.0	0.0	4313.0
510	1271.0	0.0	0.0	6109.0
520	1260.3333333333333	0.0	0.0	6408.0
530	1504.3333333333333	0.0	0.0	6293.0
540	1288.3333333333333	0.0	0.0	4392.0
550	1383.6666666666667	0.0	0.0	7555.0
560	1287.6666666666667	0.0	0.0	7012.0
570	1284.0	0.0	0.0	4691.0
580	1377.0	0.0	0.0	3982.0
590	1306.6666666666667	0.0	0.0	5982.0
600	1508.0	0.0	0.0	5938.0
610	1245.0	0.0	0.0	6720.0
620	1246.0	0.0	0.0	5702.0
630	1406.6666666666667	0.0	0.0	6007.0
640	1261.6666666666667	0.0	0.0	5647.0
650	1395.6666666666667	0.0	0.0	6995.0
660	1277.6666666666667	0.0	0.0	5368.0
670	1301.6666666666667	0.0	0.0	5813.0
680	1349.3333333333333	0.0	0.0	5128.0
690	1433.0	0.0	0.0	5890.0
700	1332.3333333333333	0.0	0.0	5822.0
710	1216.6666666666667	0.0	0.0	4779.0
720	1203.6666666666667	0.0	0.0	6384.0
730	1353.3333333333333	0.0	0.0	5295.0
740	1155.3333333333333	0.0	0.0	4870.0
750	1334.6666666666667	0.0	0.0	5944.0
760	1310.0	0.0	0.0	3924.0
770	1332.0	0.0	0.0	5585.0
780	1324.0	0.0	0.0	6355.0
790	1234.3333333333333	0.0	0.0	7277.0
800	1310.3333333333333	0.0	0.0	6299.0
810	1349.6666666666667	0.0	0.0	6092.0
820	1277.3333333333333	0.0	0.0	6238.0
830	1344.0	0.0	0.0	5823.0
840	1265.6666666666667	0.0	0.0	4679.0
850	1301.3333333333333	0.0	0.0	5347.0
860	1217.3333333333333	0.0	0.0	4662.0
870	1271.3333333333333	0.0	0.0	6917.0
880	1192.0	0.0	0.0	4273.0
890	1190.3333333333333	0.0	0.0	4297.0
900	1260.6666666666667	0.0	0.0	5489.0
910	1226.6666666666667	0.0	0.0	4458.0
920	1156.3333333333333	0.0	0.0	4650.0
930	1298.6666666666667	0.0	0.0	5316.0
940	1426.6666666666667	0.0	0.0	5071.0
950	1170.3333333333333	0.0	0.0	5764.0
960	1213.6666666666667	0.0	0.0	5027.0
970	1191.6666666666667	0.0	0.0	5771.0
980	1360.6666666666667	0.0	0.0	5027.0
990	1277.6666666666667	0.0	0.0	6836.0
1000	1093.6666666666667	0.0	0.0	7044.0
