0	2859.0	0.0	0.0	0.0
10	2796.0	82.0	11313.0	11313.0
20	2855.1666666666665	74.0	10314.0	10314.0
30	2976.1666666666665	36.0	11430.0	11430.0
40	2859.6666666666665	78.0	13126.0	13126.0
50	2811.1666666666665	44.0	10059.0	10059.0
60	3111.5	60.0	13116.0	13116.0
70	1984.8333333333333	46.0	11442.0	11442.0
80	2861.8333333333335	56.0	11213.0	11213.0
90	3336.5	35.0	12926.0	12926.0
100	3184.0	32.0	13059.0	13059.0
110	3540.1666666666665	32.0	8113.0	8113.0
120	3203.1666666666665	26.0	12059.0	12059.0
130	3254.3333333333335	30.0	12902.0	12902.0
140	3589.0	23.0	10433.0	10433.0
150	3359.5	33.0	11666.0	11666.0
160	3796.6666666666665	19.0	9965.0	9965.0
170	3235.6666666666665	27.0	13151.0	13151.0
180	3879.6666666666665	11.0	10244.0	10244.0
190	3567.6666666666665	43.0	13676.0	13676.0
200	3181.0	49.0	12165.0	12165.0
210	3436.8333333333335	26.0	9405.0	9405.0
220	3844.5	29.0	8853.0	8853.0
230	3812.8333333333335	41.0	12584.0	12584.0
240	3934.6666666666665	28.0	9493.0	9493.0
250	3032.0	38.0	12635.0	12635.0
260	3479.3333333333335	2.0	684.0	8396.0
270	3467.3333333333335	0.0	0.0	9119.0
280	3745.5	0.0	0.0	8716.0
290	3656.6666666666665	0.0	0.0	12276.0
300	4142.333333333333	0.0	0.0	8121.0
310	3615.0	0.0	0.0	10029.0
320	3983.8333333333335	0.0	0.0	8961.0
330	3941.5	0.0	0.0	12634.0
340	3755.0	0.0	0.0	11737.0
350	3025.8333333333335	0.0	0.0	7171.0
360	3170.6666666666665	0.0	0.0	10213.0
370	3684.1666666666665	0.0	0.0	10567.0
380	3066.8333333333335	0.0	0.0	12252.0
390	3873.3333333333335	0.0	0.0	11774.0
400	3777.8333333333335	0.0	0.0	9801.0
410	3806.1666666666665	0.0	0.0	9011.0
420	3301.6666666666665	0.0	0.0	9385.0
430	3936.6666666666665	0.0	0.0	10253.0
440	4032.6666666666665	0.0	0.0	10460.0
450	3851.3333333333335	0.0	0.0	7377.0
460	3373.5	0.0	0.0	8558.0
470	3806.1666666666665	0.0	0.0	11941.0
480	3183.5	0.0	0.0	9691.0
490	3616.0	0.0	0.0	10714.0
500	3600.5	0.0	0.0	9724.0
510	3808.8333333333335	0.0	0.0	8606.0
520	3793.1666666666665	0.0	0.0	10503.0
530	3746.5	0.0	0.0	9559.0
540	3468.5	0.0	0.0	11088.0
550	3618.1666666666665	0.0	0.0	7768.0
560	3979.3333333333335	0.0	0.0	9388.0
570	3807.1666666666665	0.0	0.0	8967.0
580	3725.6666666666665	0.0	0.0	10804.0
590	3782.6666666666665	0.0	0.0	7153.0
600	3918.6666666666665	0.0	0.0	11665.0
