0	2577.8333333333335	0.0	0.0	0.0
10	2318.8333333333335	48.0	11254.0	11254.0
20	2762.1666666666665	55.0	7887.0	7887.0
30	2904.5	31.0	7748.0	7748.0
40	2475.1666666666665	51.0	9405.0	9405.0
50	3231.3333333333335	67.0	12668.0	12668.0
60	3308.1666666666665	59.0	8883.0	8883.0
70	2818.3333333333335	26.0	8191.0	8191.0
80	2768.1666666666665	43.0	9431.0	9431.0
90	3157.1666666666665	45.0	14648.0	14648.0
100	3299.5	40.0	11805.0	11805.0
110	3715.8333333333335	32.0	12513.0	12513.0
120	3008.3333333333335	41.0	10111.0	10111.0
130	3721.5	21.0	10445.0	10445.0
140	3200.5	27.0	11760.0	11760.0
150	2581.8333333333335	42.0	13369.0	13369.0
160	3183.3333333333335	19.0	7528.0	7528.0
170	2857.0	37.0	11801.0	11801.0
180	3332.1666666666665	11.0	7272.0	7272.0
190	3252.8333333333335	39.0	11079.0	11079.0
200	3256.3333333333335	35.0	11554.0	11554.0
210	3285.0	40.0	12427.0	12427.0
220	3346.5	30.0	9699.0	9699.0
230	3418.6666666666665	24.0	7791.0	7791.0
240	3442.0	33.0	12179.0	12179.0
250	3826.5	39.0	12229.0	12229.0
260	3703.3333333333335	31.0	9825.0	9825.0
270	3755.8333333333335	34.0	10610.0	11076.0
280	3730.1666666666665	0.0	0.0	8927.0
290	3616.0	0.0	0.0	10739.0
300	4000.8333333333335	0.0	0.0	8486.0
310	3865.5	0.0	0.0	12081.0
320	3825.6666666666665	0.0	0.0	9415.0
330	3734.5	0.0	0.0	11250.0
340	3811.1666666666665	0.0	0.0	13409.0
350	3346.0	0.0	0.0	13856.0
360	3925.3333333333335	0.0	0.0	11179.0
370	3500.5	0.0	0.0	11835.0
380	3803.0	0.0	0.0	9105.0
390	3641.1666666666665	0.0	0.0	9710.0
400	3869.0	0.0	0.0	8756.0
410	3864.3333333333335	0.0	0.0	10067.0
420	3570.0	0.0	0.0	7796.0
430	3915.3333333333335	0.0	0.0	13419.0
440	3901.1666666666665	0.0	0.0	9545.0
450	3612.1666666666665	0.0	0.0	9779.0
460	4032.1666666666665	0.0	0.0	10813.0
470	3833.5	0.0	0.0	10702.0
480	3973.1666666666665	0.0	0.0	8567.0
490	3928.3333333333335	0.0	0.0	11687.0
500	3737.8333333333335	0.0	0.0	9812.0
510	3698.1666666666665	0.0	0.0	11443.0
520	3810.5	0.0	0.0	10882.0
530	3683.0	0.0	0.0	9177.0
540	3735.3333333333335	0.0	0.0	10308.0
550	3509.3333333333335	0.0	0.0	9799.0
560	3666.5	0.0	0.0	7782.0
570	3913.1666666666665	0.0	0.0	11603.0
580	3768.1666666666665	0.0	0.0	7417.0
590	3707.0	0.0	0.0	12508.0
600	3748.3333333333335	0.0	0.0	11684.0
