0	2655.0	0.0	0.0	0.0
10	2670.6666666666665	73.0	10588.0	10588.0
20	2918.8333333333335	44.0	10003.0	10003.0
30	2172.1666666666665	85.0	12524.0	12524.0
40	2826.8333333333335	106.0	14251.0	14251.0
50	2627.8333333333335	65.0	11996.0	11996.0
60	3157.6666666666665	50.0	14600.0	14600.0
70	3167.3333333333335	39.0	9421.0	9421.0
80	3188.8333333333335	42.0	10515.0	10515.0
90	3818.6666666666665	47.0	11498.0	11498.0
100	3140.3333333333335	42.0	10899.0	10899.0
110	3572.6666666666665	23.0	10165.0	10165.0
120	3266.1666666666665	18.0	11356.0	11356.0
130	3528.1666666666665	45.0	11890.0	11890.0
140	3865.3333333333335	19.0	9206.0	9206.0
150	3400.6666666666665	23.0	11414.0	11414.0
160	3915.1666666666665	28.0	11612.0	11612.0
170	2919.6666666666665	39.0	11990.0	11990.0
180	3035.8333333333335	27.0	7883.0	7883.0
190	3454.0	21.0	8161.0	8161.0
200	3253.0	48.0	10545.0	10545.0
210	3571.3333333333335	28.0	11091.0	11091.0
220	3939.5	43.0	11906.0	11906.0
230	4189.166666666667	36.0	9864.0	9864.0
240	3817.6666666666665	9.0	3129.0	8079.0
250	3263.1666666666665	0.0	0.0	12382.0
260	3633.1666666666665	0.0	0.0	8398.0
270	3462.5	0.0	0.0	7456.0
280	3249.0	0.0	0.0	10831.0
290	3377.0	0.0	0.0	9205.0
300	3821.5	0.0	0.0	9225.0
310	3874.8333333333335	0.0	0.0	9515.0
320	4067.8333333333335	0.0	0.0	13625.0
330	4057.5	0.0	0.0	10265.0
340	4094.6666666666665	0.0	0.0	8108.0
350	3541.6666666666665	0.0	0.0	7706.0
360	3940.1666666666665	0.0	0.0	10247.0
370	3741.0	0.0	0.0	11696.0
380	3937.5	0.0	0.0	11638.0
390	3959.1666666666665	0.0	0.0	13190.0
400	3858.5	0.0	0.0	10868.0
410	3795.3333333333335	0.0	0.0	11085.0
420	3863.8333333333335	0.0	0.0	13313.0
430	3681.0	0.0	0.0	8766.0
440	3556.3333333333335	0.0	0.0	8998.0
450	3402.5	0.0	0.0	10892.0
460	3560.3333333333335	0.0	0.0	10053.0
470	3541.0	0.0	0.0	7736.0
480	3745.1666666666665	0.0	0.0	9671.0
490	3727.5	0.0	0.0	11112.0
500	3874.5	0.0	0.0	12503.0
510	3606.1666666666665	0.0	0.0	10009.0
520	3377.0	0.0	0.0	10165.0
530	3333.8333333333335	0.0	0.0	10513.0
540	4115.0	0.0	0.0	8968.0
550	4181.833333333333	0.0	0.0	8247.0
560	4018.0	0.0	0.0	8918.0
570	3746.5	0.0	0.0	11159.0
580	3684.5	0.0	0.0	9395.0
590	3828.5	0.0	0.0	10272.0
600	3652.6666666666665	0.0	0.0	8318.0
