0	2876.5	0.0	0.0	0.0
10	2714.0	917.0	9778.0	15299.0
20	2830.0	83.0	603.0	9771.0
30	2443.6666666666665	0.0	0.0	11180.0
40	2681.0	0.0	0.0	12338.0
50	3487.6666666666665	0.0	0.0	8606.0
60	2827.1666666666665	0.0	0.0	11583.0
70	3375.0	0.0	0.0	7588.0
80	3529.6666666666665	0.0	0.0	10519.0
90	3564.1666666666665	0.0	0.0	12893.0
100	3464.5	0.0	0.0	8442.0
110	2734.1666666666665	0.0	0.0	8073.0
120	2977.0	0.0	0.0	8589.0
130	3524.6666666666665	0.0	0.0	12128.0
140	2932.6666666666665	0.0	0.0	9180.0
150	3370.1666666666665	0.0	0.0	10925.0
160	2807.6666666666665	0.0	0.0	9560.0
170	2670.6666666666665	0.0	0.0	11758.0
180	2983.1666666666665	0.0	0.0	9773.0
190	3689.5	0.0	0.0	11231.0
200	3084.1666666666665	0.0	0.0	11463.0
210	3124.0	0.0	0.0	9885.0
220	3354.0	0.0	0.0	10587.0
230	3648.5	0.0	0.0	11118.0
240	3419.3333333333335	0.0	0.0	11131.0
250	3841.8333333333335	0.0	0.0	9749.0
260	3414.1666666666665	0.0	0.0	10583.0
270	3619.0	0.0	0.0	7978.0
280	3340.8333333333335	0.0	0.0	7980.0
290	3973.5	0.0	0.0	10708.0
300	3754.6666666666665	0.0	0.0	8953.0
310	3644.0	0.0	0.0	10082.0
320	4015.3333333333335	0.0	0.0	11120.0
330	3515.6666666666665	0.0	0.0	10292.0
340	3866.5	0.0	0.0	12017.0
350	3068.0	0.0	0.0	8635.0
360	3608.6666666666665	0.0	0.0	6325.0
370	3416.1666666666665	0.0	0.0	9125.0
380	3841.0	0.0	0.0	9846.0
390	4023.6666666666665	0.0	0.0	12481.0
400	3183.6666666666665	0.0	0.0	11682.0
410	3647.3333333333335	0.0	0.0	8673.0
420	3312.3333333333335	0.0	0.0	11338.0
430	3753.8333333333335	0.0	0.0	14026.0
440	3857.1666666666665	0.0	0.0	10964.0
450	3370.1666666666665	0.0	0.0	9382.0
460	4096.333333333333	0.0	0.0	10872.0
470	3743.5	0.0	0.0	8930.0
480	3914.6666666666665	0.0	0.0	8488.0
490	3775.3333333333335	0.0	0.0	10308.0
500	3739.3333333333335	0.0	0.0	10060.0
510	3751.1666666666665	0.0	0.0	8384.0
520	3582.6666666666665	0.0	0.0	12024.0
530	4052.0	0.0	0.0	11731.0
540	3687.5	0.0	0.0	10600.0
550	4004.0	0.0	0.0	10191.0
560	3731.8333333333335	0.0	0.0	9944.0
570	3790.8333333333335	0.0	0.0	11549.0
580	3571.3333333333335	0.0	0.0	11520.0
590	3862.6666666666665	0.0	0.0	8847.0
600	3794.3333333333335	0.0	0.0	11501.0
