0	2305.1666666666665	0.0	0.0	0.0
10	2142.8333333333335	134.0	3201.0	10377.0
20	2334.8333333333335	237.0	2888.0	9218.0
30	2358.0	240.0	3484.0	9456.0
40	2032.5	111.0	2135.0	6074.0
50	2400.1666666666665	176.0	2213.0	6962.0
60	2437.8333333333335	102.0	2443.0	8592.0
70	2491.5	0.0	0.0	7612.0
80	2297.0	0.0	0.0	7877.0
90	2396.1666666666665	0.0	0.0	6605.0
100	2420.3333333333335	0.0	0.0	7328.0
110	2408.8333333333335	0.0	0.0	6151.0
120	2533.8333333333335	0.0	0.0	9758.0
130	2400.1666666666665	0.0	0.0	8440.0
140	2413.3333333333335	0.0	0.0	8597.0
150	2543.1666666666665	0.0	0.0	9350.0
160	2040.3333333333333	0.0	0.0	7796.0
170	2464.3333333333335	0.0	0.0	8215.0
180	2114.0	0.0	0.0	10185.0
190	2321.3333333333335	0.0	0.0	8430.0
200	2375.0	0.0	0.0	8914.0
210	2295.8333333333335	0.0	0.0	9138.0
220	2197.1666666666665	0.0	0.0	10110.0
230	2186.8333333333335	0.0	0.0	9977.0
240	2652.3333333333335	0.0	0.0	7049.0
250	2532.0	0.0	0.0	5858.0
260	3041.6666666666665	0.0	0.0	9236.0
270	2455.3333333333335	0.0	0.0	8760.0
280	2529.5	0.0	0.0	6901.0
290	2787.5	0.0	0.0	7243.0
300	2512.0	0.0	0.0	7191.0
310	2480.1666666666665	0.0	0.0	10512.0
320	3192.0	0.0	0.0	7246.0
330	3193.6666666666665	0.0	0.0	6323.0
340	3056.3333333333335	0.0	0.0	9720.0
350	2653.5	0.0	0.0	9015.0
360	3089.6666666666665	0.0	0.0	8409.0
370	2798.5	0.0	0.0	8474.0
380	3135.0	0.0	0.0	9821.0
390	2829.5	0.0	0.0	9988.0
400	3085.8333333333335	0.0	0.0	9086.0
410	3602.8333333333335	0.0	0.0	7061.0
420	3257.0	0.0	0.0	9664.0
430	3264.1666666666665	0.0	0.0	11219.0
440	3266.0	0.0	0.0	7333.0
450	3208.8333333333335	0.0	0.0	7469.0
460	2724.5	0.0	0.0	13222.0
470	3448.8333333333335	0.0	0.0	10325.0
480	3498.5	0.0	0.0	9833.0
490	2997.1666666666665	0.0	0.0	10396.0
500	2897.6666666666665	0.0	0.0	12046.0
510	3921.1666666666665	0.0	0.0	6237.0
520	2857.5	0.0	0.0	11633.0
530	3546.1666666666665	0.0	0.0	10370.0
540	3915.8333333333335	0.0	0.0	13518.0
550	3526.3333333333335	0.0	0.0	9126.0
560	3593.5	0.0	0.0	11239.0
570	3249.1666666666665	0.0	0.0	9545.0
580	3454.5	0.0	0.0	8201.0
590	3727.5	0.0	0.0	9749.0
600	4028.8333333333335	0.0	0.0	10300.0
610	3981.1666666666665	0.0	0.0	8440.0
620	3373.0	0.0	0.0	14232.0
630	3498.8333333333335	0.0	0.0	10742.0
640	4089.8333333333335	0.0	0.0	11344.0
650	3601.5	0.0	0.0	11716.0
660	3636.3333333333335	0.0	0.0	10082.0
670	3803.6666666666665	0.0	0.0	11241.0
680	3987.5	0.0	0.0	13237.0
690	3929.5	0.0	0.0	7725.0
700	3946.3333333333335	0.0	0.0	11237.0
710	3217.3333333333335	0.0	0.0	9719.0
720	3764.1666666666665	0.0	0.0	10405.0
730	3915.6666666666665	0.0	0.0	7152.0
740	3656.1666666666665	0.0	0.0	7990.0
750	3837.5	0.0	0.0	9755.0
760	3544.0	0.0	0.0	8431.0
770	3610.3333333333335	0.0	0.0	10653.0
780	3684.6666666666665	0.0	0.0	8419.0
790	3898.0	0.0	0.0	10159.0
800	3833.5	0.0	0.0	11695.0
