0	2733.5	0.0	0.0	0.0
10	2984.3333333333335	44.0	1711.0	5787.0
20	2760.5	71.0	2918.0	9090.0
30	2657.5	49.0	2036.0	7504.0
40	2611.5	56.0	2283.0	7184.0
50	2802.1666666666665	0.0	1761.0	6161.0
60	2652.5	78.0	2616.0	8422.0
70	2832.6666666666665	61.0	2118.0	8325.0
80	2827.5	30.0	2225.0	7693.0
90	2745.3333333333335	28.0	1722.0	7166.0
100	2845.0	59.0	3578.0	12656.0
110	2732.8333333333335	58.0	2598.0	10640.0
120	2865.0	14.0	2306.0	10330.0
130	3040.1666666666665	8.0	3328.0	13004.0
140	2959.8333333333335	0.0	2907.0	11872.0
150	2852.5	35.0	2046.0	8663.0
160	3287.6666666666665	0.0	1799.0	8001.0
170	2988.5	44.0	2033.0	10150.0
180	3160.0	0.0	1975.0	8897.0
190	3218.1666666666665	0.0	1658.0	6574.0
200	3005.5	1.0	1722.0	7639.0
210	3292.1666666666665	6.0	2268.0	10055.0
220	2919.8333333333335	0.0	2681.0	12018.0
230	3282.5	0.0	2496.0	11235.0
240	3852.0	0.0	1759.0	9299.0
250	3339.1666666666665	0.0	1730.0	8233.0
260	3360.8333333333335	0.0	1669.0	9121.0
270	3281.8333333333335	0.0	1412.0	6411.0
280	2985.3333333333335	0.0	2271.0	9227.0
290	3583.0	0.0	1549.0	9383.0
300	3483.6666666666665	0.0	2659.0	11353.0
310	3862.1666666666665	0.0	1899.0	11761.0
320	3790.1666666666665	0.0	2005.0	11566.0
330	3651.8333333333335	0.0	970.0	6493.0
340	3683.5	0.0	1740.0	10880.0
350	3629.1666666666665	0.0	2123.0	11522.0
360	3714.1666666666665	0.0	1580.0	10978.0
370	3438.5	0.0	2450.0	13241.0
380	3647.8333333333335	0.0	1691.0	9551.0
390	3407.6666666666665	0.0	2111.0	10930.0
400	3613.6666666666665	0.0	1903.0	8699.0
410	3818.5	0.0	1865.0	11186.0
420	3777.8333333333335	0.0	2601.0	11807.0
430	4055.3333333333335	0.0	1782.0	8844.0
440	3111.8333333333335	0.0	1541.0	7216.0
450	3201.1666666666665	0.0	2425.0	10723.0
460	3724.1666666666665	0.0	3359.0	13905.0
470	3412.5	0.0	2232.0	8607.0
480	4032.0	0.0	1831.0	10013.0
490	3529.3333333333335	0.0	3420.0	12869.0
500	3347.8333333333335	0.0	2202.0	11674.0
510	3920.8333333333335	0.0	2217.0	9220.0
520	3345.3333333333335	0.0	2664.0	10524.0
530	3091.3333333333335	0.0	2340.0	11662.0
540	3207.8333333333335	0.0	2647.0	11204.0
550	3177.3333333333335	0.0	2754.0	13151.0
560	3790.6666666666665	0.0	2417.0	11875.0
570	3865.5	0.0	1937.0	7708.0
580	3442.1666666666665	0.0	2834.0	11945.0
590	3704.3333333333335	0.0	2357.0	11062.0
600	3704.1666666666665	0.0	1964.0	8516.0
610	3651.3333333333335	0.0	2221.0	11476.0
620	3804.6666666666665	0.0	2535.0	11736.0
630	4065.5	0.0	1646.0	7809.0
640	3864.0	0.0	2281.0	11513.0
650	3932.0	0.0	2034.0	9832.0
660	3703.1666666666665	0.0	2457.0	10740.0
670	3613.0	0.0	2369.0	10741.0
680	3790.0	0.0	2492.0	11030.0
690	3965.8333333333335	0.0	2414.0	10028.0
700	3568.0	0.0	2602.0	10925.0
710	3919.1666666666665	0.0	2475.0	13524.0
720	3639.0	0.0	1133.0	7225.0
730	3640.8333333333335	0.0	1881.0	10021.0
740	3421.1666666666665	0.0	1667.0	9239.0
750	3905.1666666666665	0.0	1506.0	9342.0
760	3620.5	0.0	1923.0	9614.0
770	3410.5	0.0	2408.0	13077.0
780	3826.5	0.0	1975.0	8794.0
790	3851.3333333333335	0.0	1537.0	6952.0
800	3940.3333333333335	0.0	1694.0	6713.0
