0	2341.6666666666665	0.0	0.0	0.0
10	2634.8333333333335	71.0	2192.0	8565.0
20	2863.0	45.0	2035.0	8509.0
30	2859.5	16.0	2152.0	7911.0
40	2274.0	130.0	3275.0	11111.0
50	2934.8333333333335	51.0	2846.0	8683.0
60	2684.6666666666665	72.0	1814.0	7539.0
70	2893.8333333333335	3.0	2392.0	8223.0
80	3025.5	44.0	2664.0	9225.0
90	3267.0	13.0	2515.0	8778.0
100	2765.6666666666665	0.0	2052.0	7476.0
110	2933.6666666666665	9.0	2270.0	9541.0
120	3363.5	0.0	1630.0	8005.0
130	3274.3333333333335	9.0	1802.0	7290.0
140	3108.5	0.0	1988.0	7607.0
150	2795.5	0.0	2503.0	10157.0
160	2858.1666666666665	13.0	2059.0	9246.0
170	3151.0	0.0	2465.0	12341.0
180	2294.0	0.0	2340.0	9674.0
190	3091.6666666666665	0.0	1964.0	10153.0
200	3678.8333333333335	40.0	1883.0	8946.0
210	2719.5	0.0	2183.0	10422.0
220	2889.0	0.0	1840.0	8624.0
230	3308.1666666666665	0.0	1915.0	9371.0
240	3378.3333333333335	0.0	2958.0	12726.0
250	3682.6666666666665	0.0	2501.0	11770.0
260	3340.0	0.0	2302.0	10152.0
270	3762.0	0.0	2740.0	12553.0
280	3701.1666666666665	0.0	1994.0	9273.0
290	3605.5	0.0	1815.0	11039.0
300	3842.8333333333335	0.0	2131.0	9995.0
310	3953.0	0.0	1831.0	9824.0
320	3219.0	0.0	1966.0	7893.0
330	3532.6666666666665	0.0	2694.0	9856.0
340	3132.8333333333335	0.0	1721.0	9162.0
350	3587.3333333333335	0.0	2396.0	10192.0
360	4033.3333333333335	0.0	2105.0	8729.0
370	4052.6666666666665	0.0	3143.0	13684.0
380	3239.1666666666665	0.0	2681.0	10818.0
390	3411.0	0.0	2644.0	9889.0
400	3604.6666666666665	0.0	2400.0	11395.0
410	3759.1666666666665	0.0	1673.0	8287.0
420	3394.8333333333335	0.0	2307.0	10658.0
430	3223.8333333333335	0.0	1950.0	9967.0
440	3683.5	0.0	2207.0	8482.0
450	2806.6666666666665	0.0	2719.0	11101.0
460	3209.5	0.0	2844.0	9633.0
470	3997.3333333333335	0.0	2927.0	11092.0
480	2950.3333333333335	0.0	2160.0	9499.0
490	3808.1666666666665	0.0	2865.0	11013.0
500	3971.3333333333335	0.0	2813.0	10057.0
510	3838.0	0.0	1894.0	7617.0
520	3498.0	0.0	2463.0	11332.0
530	3633.6666666666665	0.0	1954.0	10797.0
540	3943.6666666666665	0.0	1871.0	11415.0
550	3783.1666666666665	0.0	2276.0	11496.0
560	3949.0	0.0	2824.0	12225.0
570	4047.8333333333335	0.0	1749.0	8469.0
580	3629.6666666666665	0.0	1909.0	9945.0
590	3315.5	0.0	1239.0	9516.0
600	4075.5	0.0	1332.0	8983.0
610	3770.1666666666665	0.0	1745.0	10038.0
620	3352.5	0.0	1690.0	9643.0
630	3559.3333333333335	0.0	1770.0	11397.0
640	4015.8333333333335	0.0	1568.0	10337.0
650	3660.6666666666665	0.0	1358.0	10667.0
660	3690.0	0.0	2362.0	11521.0
670	4143.666666666667	0.0	2136.0	12365.0
680	4243.333333333333	0.0	1555.0	9662.0
690	3942.8333333333335	0.0	1669.0	9612.0
700	3579.0	0.0	1884.0	10388.0
710	3260.3333333333335	0.0	1808.0	7699.0
720	3870.6666666666665	0.0	2636.0	12018.0
730	3979.6666666666665	0.0	1942.0	9232.0
740	3909.3333333333335	0.0	1427.0	9863.0
750	3678.6666666666665	0.0	2153.0	10261.0
760	4111.166666666667	0.0	2454.0	11162.0
770	3705.8333333333335	0.0	3063.0	12989.0
780	3773.8333333333335	0.0	1184.0	7928.0
790	3960.3333333333335	0.0	2248.0	9508.0
800	3829.3333333333335	0.0	1108.0	7390.0
