0	2324.0	0.0	0.0	0.0
10	2273.0	1000.0	5497.0	9079.0
20	2362.5	0.0	0.0	8601.0
30	2648.5	0.0	0.0	8455.0
40	2502.6666666666665	0.0	0.0	9517.0
50	2593.1666666666665	0.0	0.0	7820.0
60	2409.6666666666665	0.0	0.0	8189.0
70	2461.3333333333335	0.0	0.0	11666.0
80	2702.1666666666665	0.0	0.0	10369.0
90	2557.8333333333335	0.0	0.0	8096.0
100	2617.0	0.0	0.0	6400.0
110	2827.8333333333335	0.0	0.0	6169.0
120	2739.5	0.0	0.0	9441.0
130	2527.8333333333335	0.0	0.0	10240.0
140	2736.1666666666665	0.0	0.0	8144.0
150	2926.1666666666665	0.0	0.0	8300.0
160	2395.3333333333335	0.0	0.0	6955.0
170	2117.1666666666665	0.0	0.0	9981.0
180	2546.8333333333335	0.0	0.0	7127.0
190	2131.8333333333335	0.0	0.0	10026.0
200	2865.1666666666665	0.0	0.0	9340.0
210	2492.8333333333335	0.0	0.0	9120.0
220	2636.3333333333335	0.0	0.0	4874.0
230	2376.5	0.0	0.0	8357.0
240	2441.5	0.0	0.0	8284.0
250	2655.5	0.0	0.0	10294.0
260	2506.3333333333335	0.0	0.0	7047.0
270	2462.6666666666665	0.0	0.0	7434.0
280	2693.1666666666665	0.0	0.0	9413.0
290	3264.6666666666665	0.0	0.0	6544.0
300	2893.1666666666665	0.0	0.0	10356.0
310	2714.6666666666665	0.0	0.0	10041.0
320	3019.3333333333335	0.0	0.0	7769.0
330	3346.1666666666665	0.0	0.0	7955.0
340	3688.5	0.0	0.0	5371.0
350	3122.5	0.0	0.0	7616.0
360	2729.3333333333335	0.0	0.0	6663.0
370	2436.0	0.0	0.0	9206.0
380	3287.5	0.0	0.0	8363.0
390	2656.6666666666665	0.0	0.0	7695.0
400	2849.6666666666665	0.0	0.0	14213.0
410	3467.8333333333335	0.0	0.0	8889.0
420	3656.3333333333335	0.0	0.0	9043.0
430	3038.1666666666665	0.0	0.0	12691.0
440	3509.0	0.0	0.0	8414.0
450	3075.0	0.0	0.0	10041.0
460	3893.8333333333335	0.0	0.0	7666.0
470	3522.8333333333335	0.0	0.0	11269.0
480	3313.6666666666665	0.0	0.0	10249.0
490	3071.0	0.0	0.0	9777.0
500	3244.3333333333335	0.0	0.0	9565.0
510	3792.1666666666665	0.0	0.0	9253.0
520	3019.8333333333335	0.0	0.0	9916.0
530	3382.5	0.0	0.0	12727.0
540	3619.3333333333335	0.0	0.0	7647.0
550	3403.0	0.0	0.0	8536.0
560	3795.6666666666665	0.0	0.0	11082.0
570	3584.6666666666665	0.0	0.0	10389.0
580	3196.0	0.0	0.0	10179.0
590	3309.0	0.0	0.0	8546.0
600	3749.1666666666665	0.0	0.0	11417.0
610	3616.6666666666665	0.0	0.0	10493.0
620	3214.5	0.0	0.0	11669.0
630	3844.0	0.0	0.0	10021.0
640	3261.8333333333335	0.0	0.0	8360.0
650	3410.3333333333335	0.0	0.0	9651.0
660	3530.3333333333335	0.0	0.0	12544.0
670	3925.6666666666665	0.0	0.0	11298.0
680	3492.3333333333335	0.0	0.0	7990.0
690	3204.0	0.0	0.0	10881.0
700	3868.6666666666665	0.0	0.0	7961.0
710	3146.8333333333335	0.0	0.0	12596.0
720	3547.3333333333335	0.0	0.0	11985.0
730	3733.8333333333335	0.0	0.0	11816.0
740	3708.0	0.0	0.0	9405.0
750	3903.1666666666665	0.0	0.0	9520.0
760	3704.1666666666665	0.0	0.0	10332.0
770	3892.8333333333335	0.0	0.0	11132.0
780	3879.6666666666665	0.0	0.0	12387.0
790	3143.0	0.0	0.0	8339.0
800	3817.3333333333335	0.0	0.0	9234.0
