0	2491.8333333333335	0.0	0.0	0.0
10	2142.6666666666665	1000.0	5374.0	10026.0
20	2123.1666666666665	0.0	0.0	8997.0
30	2281.0	0.0	0.0	9182.0
40	2223.0	0.0	0.0	8673.0
50	2827.0	0.0	0.0	9128.0
60	2537.0	0.0	0.0	5357.0
70	2657.3333333333335	0.0	0.0	8692.0
80	2480.1666666666665	0.0	0.0	8063.0
90	2658.6666666666665	0.0	0.0	12416.0
100	2467.6666666666665	0.0	0.0	9425.0
110	2422.5	0.0	0.0	4910.0
120	2403.3333333333335	0.0	0.0	5071.0
130	2794.1666666666665	0.0	0.0	7570.0
140	2695.6666666666665	0.0	0.0	7900.0
150	2687.5	0.0	0.0	9200.0
160	2945.0	0.0	0.0	13058.0
170	2677.6666666666665	0.0	0.0	9047.0
180	2079.0	0.0	0.0	12129.0
190	2696.6666666666665	0.0	0.0	7741.0
200	2834.1666666666665	0.0	0.0	8419.0
210	2826.0	0.0	0.0	8527.0
220	2779.6666666666665	0.0	0.0	8786.0
230	2349.8333333333335	0.0	0.0	6656.0
240	2873.5	0.0	0.0	8694.0
250	2417.5	0.0	0.0	6417.0
260	2753.1666666666665	0.0	0.0	9138.0
270	3033.3333333333335	0.0	0.0	9370.0
280	3242.3333333333335	0.0	0.0	10971.0
290	3354.0	0.0	0.0	9482.0
300	3475.3333333333335	0.0	0.0	8095.0
310	3688.0	0.0	0.0	8616.0
320	3143.3333333333335	0.0	0.0	9647.0
330	3490.3333333333335	0.0	0.0	9135.0
340	3622.6666666666665	0.0	0.0	10922.0
350	3076.5	0.0	0.0	9892.0
360	3318.3333333333335	0.0	0.0	10809.0
370	3220.1666666666665	0.0	0.0	11598.0
380	3402.6666666666665	0.0	0.0	10912.0
390	3225.3333333333335	0.0	0.0	7810.0
400	3402.1666666666665	0.0	0.0	11386.0
410	3779.1666666666665	0.0	0.0	12478.0
420	3254.8333333333335	0.0	0.0	9315.0
430	3434.3333333333335	0.0	0.0	9305.0
440	3125.0	0.0	0.0	8987.0
450	3214.0	0.0	0.0	8940.0
460	2866.5	0.0	0.0	7596.0
470	3529.6666666666665	0.0	0.0	7877.0
480	3328.1666666666665	0.0	0.0	5914.0
490	3243.3333333333335	0.0	0.0	11459.0
500	3124.5	0.0	0.0	8994.0
510	3123.5	0.0	0.0	10978.0
520	3698.8333333333335	0.0	0.0	11804.0
530	3734.8333333333335	0.0	0.0	10218.0
540	3754.0	0.0	0.0	9035.0
550	3238.5	0.0	0.0	9629.0
560	3421.0	0.0	0.0	10825.0
570	3369.6666666666665	0.0	0.0	13029.0
580	3760.5	0.0	0.0	9790.0
590	3801.8333333333335	0.0	0.0	8460.0
600	3950.5	0.0	0.0	11060.0
610	3654.3333333333335	0.0	0.0	14598.0
620	3846.0	0.0	0.0	7987.0
630	4054.6666666666665	0.0	0.0	8867.0
640	3799.3333333333335	0.0	0.0	10420.0
650	3680.1666666666665	0.0	0.0	9526.0
660	3494.0	0.0	0.0	9996.0
670	3845.6666666666665	0.0	0.0	8510.0
680	3813.0	0.0	0.0	9437.0
690	3709.3333333333335	0.0	0.0	8280.0
700	3789.8333333333335	0.0	0.0	13848.0
710	3396.5	0.0	0.0	7925.0
720	3463.3333333333335	0.0	0.0	7914.0
730	3714.1666666666665	0.0	0.0	9376.0
740	3518.3333333333335	0.0	0.0	10350.0
750	3381.1666666666665	0.0	0.0	11391.0
760	3574.3333333333335	0.0	0.0	10420.0
770	3354.8333333333335	0.0	0.0	10553.0
780	3737.1666666666665	0.0	0.0	9587.0
790	3721.3333333333335	0.0	0.0	12083.0
800	3772.3333333333335	0.0	0.0	5586.0
