0	237.0	0.0	0.0	0.0
10	2115.0	64.0	1142.0	9058.0
20	2192.5	44.0	1146.0	9721.0
30	2152.25	64.0	1118.0	8559.0
40	2125.75	81.0	1397.0	9705.0
50	2118.5	41.0	917.0	6976.0
60	2266.75	35.0	1084.0	8433.0
70	2486.5	15.0	667.0	6400.0
80	2328.0	55.0	1197.0	9331.0
90	2275.5	58.0	903.0	6726.0
100	2245.5	12.0	1300.0	9712.0
110	2384.5	60.0	635.0	5801.0
120	3001.0	44.0	1138.0	8834.0
130	2454.0	22.0	1468.0	10215.0
140	2477.75	65.0	1357.0	10951.0
150	2769.5	68.0	1483.0	10528.0
160	2767.75	2.0	1413.0	9292.0
170	2520.5	13.0	906.0	7370.0
180	2262.0	75.0	1009.0	6529.0
190	2193.75	16.0	872.0	6984.0
200	2521.75	41.0	1642.0	10943.0
210	2304.5	29.0	1485.0	11118.0
220	2873.75	40.0	834.0	6399.0
230	2231.75	56.0	769.0	10898.0
240	2663.25	0.0	0.0	9446.0
250	2752.75	0.0	0.0	9624.0
260	2832.0	0.0	0.0	6625.0
270	2505.25	0.0	0.0	9568.0
280	2589.75	0.0	0.0	8570.0
290	3173.5	0.0	0.0	7066.0
300	2706.25	0.0	0.0	10733.0
310	2840.0	0.0	0.0	10689.0
320	3091.5	0.0	0.0	9666.0
330	2810.75	0.0	0.0	10039.0
340	2896.5	0.0	0.0	6385.0
350	2778.0	0.0	0.0	10380.0
360	2934.5	0.0	0.0	7786.0
370	3203.5	0.0	0.0	8672.0
380	3761.0	0.0	0.0	7597.0
390	3361.5	0.0	0.0	12610.0
400	3637.5	0.0	0.0	8217.0
410	2986.5	0.0	0.0	9037.0
420	3482.25	0.0	0.0	6844.0
430	3231.0	0.0	0.0	13503.0
440	2930.0	0.0	0.0	10738.0
450	3252.0	0.0	0.0	6396.0
460	3929.0	0.0	0.0	10019.0
470	3258.0	0.0	0.0	9203.0
480	3117.25	0.0	0.0	9977.0
490	4042.25	0.0	0.0	11938.0
500	3153.5	0.0	0.0	8852.0
510	3339.25	0.0	0.0	9612.0
520	3949.75	0.0	0.0	11229.0
530	3790.5	0.0	0.0	7323.0
540	2627.0	0.0	0.0	11881.0
550	2774.75	0.0	0.0	11686.0
560	3242.75	0.0	0.0	5573.0
570	3665.75	0.0	0.0	11666.0
580	4031.5	0.0	0.0	12866.0
590	3508.5	0.0	0.0	5726.0
600	4005.25	0.0	0.0	8552.0
610	3218.75	0.0	0.0	8667.0
620	3004.75	0.0	0.0	9106.0
630	3421.25	0.0	0.0	8140.0
640	3215.0	0.0	0.0	9657.0
650	3631.75	0.0	0.0	10447.0
660	3371.25	0.0	0.0	10231.0
670	3793.25	0.0	0.0	10945.0
680	4038.0	0.0	0.0	10650.0
690	3441.25	0.0	0.0	8272.0
700	3685.25	0.0	0.0	13011.0
710	3422.75	0.0	0.0	10450.0
720	3923.25	0.0	0.0	12890.0
730	3696.5	0.0	0.0	10100.0
740	3934.0	0.0	0.0	8516.0
750	3947.75	0.0	0.0	9801.0
760	4016.25	0.0	0.0	12037.0
770	3072.0	0.0	0.0	8759.0
780	4088.25	0.0	0.0	9630.0
790	3554.5	0.0	0.0	10692.0
800	3757.0	0.0	0.0	8789.0
810	3780.75	0.0	0.0	9847.0
820	4067.75	0.0	0.0	11239.0
830	3501.0	0.0	0.0	11483.0
840	3510.75	0.0	0.0	9757.0
850	3111.0	0.0	0.0	8509.0
860	3976.0	0.0	0.0	12948.0
870	3716.25	0.0	0.0	12243.0
880	3564.5	0.0	0.0	8143.0
890	4128.75	0.0	0.0	11773.0
900	3914.5	0.0	0.0	6596.0
910	3627.5	0.0	0.0	9556.0
920	3721.75	0.0	0.0	11670.0
930	3295.5	0.0	0.0	10699.0
940	3876.5	0.0	0.0	10030.0
950	3628.75	0.0	0.0	12451.0
960	3714.0	0.0	0.0	8003.0
970	3741.25	0.0	0.0	8692.0
980	3684.75	0.0	0.0	12934.0
990	3959.0	0.0	0.0	9996.0
1000	3792.5	0.0	0.0	9680.0
