0	230.5	0.0	0.0	0.0
10	1911.0	32.0	894.0	7054.0
20	1847.25	55.0	1128.0	9010.0
30	2017.5	129.0	1469.0	9573.0
40	1763.0	126.0	1473.0	10085.0
50	2032.75	91.0	1260.0	9235.0
60	2058.5	126.0	1363.0	9651.0
70	2113.75	72.0	1393.0	10085.0
80	2124.0	80.0	1556.0	10153.0
90	2597.75	68.0	1136.0	8157.0
100	1926.5	25.0	1061.0	8388.0
110	2551.0	20.0	1395.0	8357.0
120	2454.75	37.0	1000.0	7089.0
130	2807.5	40.0	1268.0	9947.0
140	2050.75	21.0	831.0	6099.0
150	2399.75	17.0	1452.0	11629.0
160	2555.5	7.0	1037.0	7676.0
170	2501.25	54.0	884.0	9703.0
180	2395.0	0.0	0.0	11801.0
190	3030.0	0.0	0.0	7289.0
200	2851.25	0.0	0.0	11335.0
210	3086.0	0.0	0.0	9658.0
220	3070.25	0.0	0.0	8272.0
230	3203.25	0.0	0.0	9874.0
240	2607.5	0.0	0.0	10029.0
250	3203.0	0.0	0.0	9821.0
260	2953.75	0.0	0.0	8576.0
270	3374.0	0.0	0.0	14774.0
280	3500.5	0.0	0.0	5675.0
290	3528.25	0.0	0.0	9523.0
300	3578.0	0.0	0.0	7467.0
310	3029.0	0.0	0.0	13804.0
320	2738.25	0.0	0.0	11174.0
330	3411.5	0.0	0.0	9398.0
340	3999.5	0.0	0.0	11855.0
350	3603.75	0.0	0.0	13418.0
360	3027.75	0.0	0.0	13114.0
370	3544.75	0.0	0.0	8998.0
380	3486.75	0.0	0.0	9226.0
390	3581.25	0.0	0.0	10105.0
400	3332.75	0.0	0.0	9766.0
410	4005.0	0.0	0.0	10283.0
420	4492.0	0.0	0.0	11341.0
430	4214.25	0.0	0.0	9842.0
440	3850.0	0.0	0.0	13937.0
450	3590.0	0.0	0.0	10446.0
460	3281.0	0.0	0.0	11191.0
470	3749.0	0.0	0.0	10426.0
480	3006.25	0.0	0.0	9789.0
490	3350.0	0.0	0.0	8312.0
500	3330.25	0.0	0.0	11173.0
510	3823.5	0.0	0.0	11016.0
520	3642.25	0.0	0.0	10534.0
530	3843.5	0.0	0.0	9214.0
540	4035.0	0.0	0.0	10023.0
550	3575.75	0.0	0.0	11964.0
560	3071.25	0.0	0.0	10027.0
570	3567.25	0.0	0.0	11182.0
580	3697.25	0.0	0.0	9169.0
590	3820.0	0.0	0.0	8111.0
600	3796.25	0.0	0.0	12098.0
610	4186.25	0.0	0.0	9265.0
620	3092.25	0.0	0.0	9911.0
630	3867.75	0.0	0.0	8064.0
640	3574.5	0.0	0.0	9650.0
650	3477.0	0.0	0.0	9879.0
660	3963.25	0.0	0.0	11037.0
670	3633.75	0.0	0.0	10173.0
680	4121.0	0.0	0.0	13110.0
690	3500.0	0.0	0.0	9669.0
700	3779.25	0.0	0.0	6237.0
710	3580.5	0.0	0.0	13890.0
720	3871.25	0.0	0.0	11116.0
730	3538.75	0.0	0.0	9615.0
740	4142.25	0.0	0.0	10804.0
750	3514.0	0.0	0.0	12968.0
760	3930.25	0.0	0.0	10079.0
770	3638.75	0.0	0.0	8999.0
780	4232.0	0.0	0.0	9713.0
790	3347.25	0.0	0.0	7918.0
800	3349.25	0.0	0.0	9457.0
810	3665.75	0.0	0.0	9276.0
820	4177.0	0.0	0.0	9654.0
830	3689.0	0.0	0.0	13061.0
840	3727.25	0.0	0.0	9567.0
850	3637.5	0.0	0.0	10014.0
860	3707.5	0.0	0.0	10986.0
870	4007.0	0.0	0.0	9831.0
880	3796.25	0.0	0.0	9094.0
890	3419.5	0.0	0.0	9212.0
900	3455.0	0.0	0.0	10447.0
910	3349.5	0.0	0.0	9530.0
920	3640.25	0.0	0.0	10321.0
930	4036.5	0.0	0.0	9696.0
940	3652.75	0.0	0.0	8273.0
950	4025.25	0.0	0.0	9025.0
960	3845.75	0.0	0.0	9596.0
970	3503.5	0.0	0.0	9439.0
980	3814.0	0.0	0.0	10637.0
990	3302.5	0.0	0.0	8569.0
1000	3385.25	0.0	0.0	11860.0
