0	2438.8333333333335	0.0	0.0	0.0
10	2510.5	83.0	87.0	10296.0
20	2757.6666666666665	76.0	90.0	7391.0
30	2838.3333333333335	180.0	189.0	8176.0
40	2404.1666666666665	296.0	308.0	9774.0
50	2455.3333333333335	7.0	8.0	6601.0
60	2706.6666666666665	55.0	57.0	8026.0
70	2134.6666666666665	299.0	304.0	7756.0
80	2709.3333333333335	4.0	4.0	7117.0
90	2768.6666666666665	0.0	0.0	9517.0
100	3015.5	0.0	0.0	7263.0
110	2659.6666666666665	0.0	0.0	10227.0
120	3315.8333333333335	0.0	0.0	5927.0
130	2902.0	0.0	0.0	10228.0
140	2966.1666666666665	0.0	0.0	10197.0
150	3447.8333333333335	0.0	0.0	8130.0
160	3428.0	0.0	0.0	13374.0
170	2747.5	0.0	0.0	12042.0
180	3301.5	0.0	0.0	11455.0
190	3357.6666666666665	0.0	0.0	8620.0
200	3119.1666666666665	0.0	0.0	10197.0
210	3314.0	0.0	0.0	10917.0
220	3528.6666666666665	0.0	0.0	11834.0
230	3219.0	0.0	0.0	9100.0
240	3605.5	0.0	0.0	8074.0
250	3471.3333333333335	0.0	0.0	11827.0
260	3649.8333333333335	0.0	0.0	12551.0
270	3496.5	0.0	0.0	8406.0
280	3558.5	0.0	0.0	10017.0
290	3897.1666666666665	0.0	0.0	11801.0
300	3458.1666666666665	0.0	0.0	11238.0
310	3645.0	0.0	0.0	11077.0
320	3183.6666666666665	0.0	0.0	12557.0
330	3172.0	0.0	0.0	9390.0
340	3461.3333333333335	0.0	0.0	9145.0
350	3534.6666666666665	0.0	0.0	13967.0
360	4009.0	0.0	0.0	11133.0
370	3655.3333333333335	0.0	0.0	8773.0
380	3526.0	0.0	0.0	13044.0
390	3932.3333333333335	0.0	0.0	10802.0
400	3402.8333333333335	0.0	0.0	11005.0
410	3872.1666666666665	0.0	0.0	8849.0
420	3759.6666666666665	0.0	0.0	9484.0
430	3747.6666666666665	0.0	0.0	13225.0
440	3537.0	0.0	0.0	9436.0
450	3860.5	0.0	0.0	10713.0
460	3745.0	0.0	0.0	9037.0
470	3826.1666666666665	0.0	0.0	9692.0
480	3650.6666666666665	0.0	0.0	11033.0
490	3514.0	0.0	0.0	10647.0
500	3435.5	0.0	0.0	10062.0
510	3836.3333333333335	0.0	0.0	9743.0
520	3874.3333333333335	0.0	0.0	9370.0
530	3606.3333333333335	0.0	0.0	10620.0
540	3798.8333333333335	0.0	0.0	5705.0
550	3435.5	0.0	0.0	8274.0
560	3771.3333333333335	0.0	0.0	9814.0
570	3954.5	0.0	0.0	10214.0
580	3907.0	0.0	0.0	10395.0
590	4008.3333333333335	0.0	0.0	9653.0
600	3663.0	0.0	0.0	12813.0
