0	2530.6666666666665	0.0	0.0	0.0
10	2171.1666666666665	1000.0	3670.0	9213.0
20	2286.1666666666665	0.0	0.0	9855.0
30	2743.3333333333335	0.0	0.0	8161.0
40	2746.5	0.0	0.0	9425.0
50	2849.3333333333335	0.0	0.0	12120.0
60	2539.0	0.0	0.0	10045.0
70	3078.5	0.0	0.0	11796.0
80	2802.8333333333335	0.0	0.0	11121.0
90	3694.0	0.0	0.0	9755.0
100	2933.1666666666665	0.0	0.0	12041.0
110	3019.1666666666665	0.0	0.0	10210.0
120	3527.1666666666665	0.0	0.0	11205.0
130	2843.8333333333335	0.0	0.0	9725.0
140	3129.6666666666665	0.0	0.0	7993.0
150	3089.5	0.0	0.0	10388.0
160	3893.1666666666665	0.0	0.0	8838.0
170	3252.0	0.0	0.0	11331.0
180	3238.6666666666665	0.0	0.0	7624.0
190	3753.1666666666665	0.0	0.0	9965.0
200	3033.6666666666665	0.0	0.0	10572.0
210	3116.8333333333335	0.0	0.0	10294.0
220	3776.0	0.0	0.0	7143.0
230	3533.3333333333335	0.0	0.0	9329.0
240	3721.3333333333335	0.0	0.0	11372.0
250	3774.8333333333335	0.0	0.0	10015.0
260	3005.1666666666665	0.0	0.0	7590.0
270	3457.6666666666665	0.0	0.0	10274.0
280	3656.0	0.0	0.0	12014.0
290	3597.8333333333335	0.0	0.0	10581.0
300	3234.3333333333335	0.0	0.0	9313.0
310	3340.3333333333335	0.0	0.0	11273.0
320	3688.5	0.0	0.0	6283.0
330	3582.0	0.0	0.0	10032.0
340	3505.5	0.0	0.0	12409.0
350	3195.1666666666665	0.0	0.0	9643.0
360	4078.1666666666665	0.0	0.0	11024.0
370	3886.1666666666665	0.0	0.0	16004.0
380	3694.6666666666665	0.0	0.0	8453.0
390	3865.5	0.0	0.0	11858.0
400	3659.6666666666665	0.0	0.0	8981.0
410	3712.3333333333335	0.0	0.0	10423.0
420	3729.0	0.0	0.0	12948.0
430	3698.1666666666665	0.0	0.0	8988.0
440	3525.8333333333335	0.0	0.0	12321.0
450	3990.3333333333335	0.0	0.0	10567.0
460	3863.0	0.0	0.0	11130.0
470	3834.8333333333335	0.0	0.0	10318.0
480	3789.0	0.0	0.0	11211.0
490	3518.6666666666665	0.0	0.0	14355.0
500	3817.8333333333335	0.0	0.0	11832.0
510	3824.3333333333335	0.0	0.0	10256.0
520	3662.5	0.0	0.0	7870.0
530	3948.0	0.0	0.0	7808.0
540	3750.0	0.0	0.0	13141.0
550	3875.5	0.0	0.0	11010.0
560	3788.8333333333335	0.0	0.0	8888.0
570	3890.8333333333335	0.0	0.0	9371.0
580	3712.1666666666665	0.0	0.0	12675.0
590	3510.1666666666665	0.0	0.0	10774.0
600	3740.0	0.0	0.0	10946.0
610	3641.5	0.0	0.0	12459.0
620	3652.5	0.0	0.0	9099.0
630	3557.0	0.0	0.0	10214.0
640	3765.8333333333335	0.0	0.0	10134.0
650	3658.6666666666665	0.0	0.0	6595.0
660	3879.0	0.0	0.0	10151.0
670	3707.3333333333335	0.0	0.0	9857.0
680	3996.1666666666665	0.0	0.0	10941.0
690	4042.0	0.0	0.0	10677.0
700	4067.8333333333335	0.0	0.0	11118.0
710	3631.6666666666665	0.0	0.0	11381.0
720	3398.8333333333335	0.0	0.0	10456.0
730	3584.3333333333335	0.0	0.0	9670.0
740	3673.3333333333335	0.0	0.0	9062.0
750	3591.5	0.0	0.0	11862.0
760	3870.3333333333335	0.0	0.0	7651.0
770	4149.833333333333	0.0	0.0	9911.0
780	3855.3333333333335	0.0	0.0	10914.0
790	3816.0	0.0	0.0	9095.0
800	3966.8333333333335	0.0	0.0	10219.0
