0	2639.3333333333335	0.0	0.0	0.0
10	2185.1666666666665	775.0	5740.0	9535.0
20	2210.6666666666665	225.0	2614.0	7831.0
30	2321.6666666666665	0.0	0.0	6952.0
40	2302.8333333333335	0.0	0.0	8451.0
50	2674.8333333333335	0.0	0.0	7101.0
60	2589.6666666666665	0.0	0.0	8734.0
70	2412.6666666666665	0.0	0.0	8942.0
80	2638.6666666666665	0.0	0.0	6453.0
90	2586.3333333333335	0.0	0.0	8001.0
100	2404.1666666666665	0.0	0.0	7678.0
110	2410.8333333333335	0.0	0.0	10659.0
120	2247.6666666666665	0.0	0.0	7951.0
130	2430.6666666666665	0.0	0.0	5371.0
140	2241.0	0.0	0.0	9281.0
150	2000.0	0.0	0.0	6698.0
160	2694.0	0.0	0.0	10053.0
170	2649.0	0.0	0.0	8237.0
180	2727.1666666666665	0.0	0.0	11067.0
190	3225.5	0.0	0.0	9168.0
200	2564.3333333333335	0.0	0.0	11759.0
210	2415.1666666666665	0.0	0.0	9341.0
220	2742.3333333333335	0.0	0.0	7151.0
230	2362.3333333333335	0.0	0.0	6425.0
240	2734.0	0.0	0.0	8829.0
250	3013.5	0.0	0.0	10379.0
260	2899.5	0.0	0.0	6095.0
270	3289.3333333333335	0.0	0.0	6497.0
280	3028.1666666666665	0.0	0.0	8982.0
290	3481.1666666666665	0.0	0.0	8843.0
300	3005.0	0.0	0.0	13218.0
310	2911.6666666666665	0.0	0.0	10029.0
320	2919.8333333333335	0.0	0.0	8645.0
330	3099.5	0.0	0.0	10413.0
340	3303.8333333333335	0.0	0.0	10960.0
350	3062.8333333333335	0.0	0.0	8573.0
360	3461.0	0.0	0.0	9194.0
370	3496.6666666666665	0.0	0.0	6577.0
380	3142.1666666666665	0.0	0.0	11522.0
390	3795.5	0.0	0.0	10360.0
400	3092.1666666666665	0.0	0.0	8821.0
410	3769.6666666666665	0.0	0.0	8539.0
420	3360.5	0.0	0.0	9188.0
430	3188.5	0.0	0.0	10676.0
440	3688.0	0.0	0.0	10127.0
450	3275.8333333333335	0.0	0.0	7708.0
460	3691.3333333333335	0.0	0.0	10927.0
470	3128.0	0.0	0.0	7669.0
480	3389.5	0.0	0.0	9528.0
490	3464.3333333333335	0.0	0.0	12353.0
500	3231.1666666666665	0.0	0.0	8405.0
510	3757.5	0.0	0.0	12618.0
520	2911.3333333333335	0.0	0.0	9112.0
530	3553.0	0.0	0.0	10540.0
540	3831.8333333333335	0.0	0.0	11481.0
550	3996.1666666666665	0.0	0.0	10882.0
560	3185.0	0.0	0.0	8919.0
570	3662.8333333333335	0.0	0.0	9872.0
580	3471.5	0.0	0.0	9506.0
590	3320.1666666666665	0.0	0.0	9840.0
600	3490.3333333333335	0.0	0.0	11239.0
610	3958.1666666666665	0.0	0.0	12389.0
620	3523.1666666666665	0.0	0.0	9953.0
630	4122.0	0.0	0.0	10872.0
640	3507.6666666666665	0.0	0.0	10541.0
650	3533.5	0.0	0.0	9446.0
660	3728.5	0.0	0.0	8176.0
670	3614.8333333333335	0.0	0.0	9726.0
680	3762.6666666666665	0.0	0.0	10103.0
690	3791.1666666666665	0.0	0.0	9476.0
700	4023.3333333333335	0.0	0.0	11172.0
710	3502.3333333333335	0.0	0.0	9848.0
720	3612.5	0.0	0.0	12088.0
730	3682.3333333333335	0.0	0.0	11456.0
740	3652.8333333333335	0.0	0.0	12874.0
750	3740.5	0.0	0.0	12686.0
760	3640.3333333333335	0.0	0.0	8264.0
770	3932.8333333333335	0.0	0.0	11348.0
780	3885.3333333333335	0.0	0.0	11920.0
790	4002.5	0.0	0.0	10789.0
800	3840.1666666666665	0.0	0.0	10198.0
