0	2743.0	0.0	0.0	0.0
10	2495.5	951.0	8601.0	15867.0
20	2582.0	49.0	549.0	9778.0
30	2595.8333333333335	0.0	0.0	10572.0
40	2658.8333333333335	0.0	0.0	10427.0
50	2693.5	0.0	0.0	7880.0
60	2623.8333333333335	0.0	0.0	9454.0
70	2295.1666666666665	0.0	0.0	10798.0
80	2592.5	0.0	0.0	10819.0
90	2824.8333333333335	0.0	0.0	10002.0
100	2290.5	0.0	0.0	10073.0
110	2795.0	0.0	0.0	10256.0
120	2957.0	0.0	0.0	7374.0
130	3134.5	0.0	0.0	10164.0
140	2875.1666666666665	0.0	0.0	8160.0
150	3418.1666666666665	0.0	0.0	9162.0
160	3353.8333333333335	0.0	0.0	10157.0
170	3057.5	0.0	0.0	11863.0
180	3238.3333333333335	0.0	0.0	10663.0
190	3243.3333333333335	0.0	0.0	12062.0
200	3014.6666666666665	0.0	0.0	9162.0
210	2944.5	0.0	0.0	11949.0
220	3420.6666666666665	0.0	0.0	10594.0
230	3265.5	0.0	0.0	7312.0
240	3014.3333333333335	0.0	0.0	8982.0
250	2769.6666666666665	0.0	0.0	13341.0
260	3557.1666666666665	0.0	0.0	12369.0
270	2990.8333333333335	0.0	0.0	8985.0
280	3434.8333333333335	0.0	0.0	13859.0
290	3154.1666666666665	0.0	0.0	11898.0
300	3582.6666666666665	0.0	0.0	6734.0
310	3121.0	0.0	0.0	10058.0
320	3675.6666666666665	0.0	0.0	13127.0
330	4006.8333333333335	0.0	0.0	10451.0
340	3272.1666666666665	0.0	0.0	11615.0
350	3347.5	0.0	0.0	9656.0
360	3206.3333333333335	0.0	0.0	13199.0
370	3961.6666666666665	0.0	0.0	8766.0
380	3175.0	0.0	0.0	9674.0
390	3759.6666666666665	0.0	0.0	12082.0
400	3356.8333333333335	0.0	0.0	8109.0
410	3516.0	0.0	0.0	11240.0
420	4022.6666666666665	0.0	0.0	11312.0
430	3239.0	0.0	0.0	10023.0
440	3788.1666666666665	0.0	0.0	10454.0
450	3793.8333333333335	0.0	0.0	10957.0
460	3631.5	0.0	0.0	10733.0
470	3708.1666666666665	0.0	0.0	11790.0
480	3532.8333333333335	0.0	0.0	11444.0
490	3941.8333333333335	0.0	0.0	10851.0
500	3770.5	0.0	0.0	7473.0
510	3708.8333333333335	0.0	0.0	7828.0
520	4009.0	0.0	0.0	9597.0
530	3924.1666666666665	0.0	0.0	12161.0
540	3457.0	0.0	0.0	10188.0
550	3665.0	0.0	0.0	10344.0
560	4017.3333333333335	0.0	0.0	10893.0
570	3655.6666666666665	0.0	0.0	9548.0
580	3848.6666666666665	0.0	0.0	10442.0
590	3514.3333333333335	0.0	0.0	9122.0
600	3569.6666666666665	0.0	0.0	11106.0
610	3867.5	0.0	0.0	11726.0
620	3589.5	0.0	0.0	12119.0
630	3908.0	0.0	0.0	9115.0
640	4068.5	0.0	0.0	11817.0
650	3895.6666666666665	0.0	0.0	10048.0
660	3436.0	0.0	0.0	11717.0
670	3892.0	0.0	0.0	9263.0
680	3829.0	0.0	0.0	9496.0
690	3609.1666666666665	0.0	0.0	7484.0
700	3608.8333333333335	0.0	0.0	10576.0
710	3850.8333333333335	0.0	0.0	7982.0
720	3483.3333333333335	0.0	0.0	11143.0
730	3909.6666666666665	0.0	0.0	11939.0
740	3902.5	0.0	0.0	14758.0
750	4065.3333333333335	0.0	0.0	10105.0
760	3914.0	0.0	0.0	11163.0
770	3988.0	0.0	0.0	9661.0
780	3846.0	0.0	0.0	12810.0
790	3897.5	0.0	0.0	9237.0
800	3762.8333333333335	0.0	0.0	9644.0
