0	2458.172222222222	0.0	0.0	0.0
10	2444.444444444445	457.3333333333333	5082.3	10115.833333333334
20	2442.5555555555557	377.26666666666665	4535.933333333333	9640.366666666667
30	2491.261111111112	164.93333333333334	2154.4666666666667	10084.1
40	2525.3111111111116	0.4666666666666667	21.066666666666666	8989.633333333333
50	2495.583333333334	0.0	0.0	9212.8
60	2459.250000000001	0.0	0.0	8686.9
70	2482.911111111112	0.0	0.0	8908.9
80	2490.8444444444444	0.0	0.0	8686.9
90	2514.016666666667	0.0	0.0	8750.833333333334
100	2494.627777777778	0.0	0.0	9100.0
110	2510.1666666666665	0.0	0.0	9517.533333333333
120	2537.2833333333338	0.0	0.0	9240.566666666668
130	2554.3666666666663	0.0	0.0	8891.466666666667
140	2604.316666666667	0.0	0.0	9181.133333333333
150	2545.4666666666667	0.0	0.0	8519.033333333333
160	2691.2111111111108	0.0	0.0	9766.366666666667
170	2665.966666666667	0.0	0.0	9371.833333333334
180	2715.072222222222	0.0	0.0	9211.2
190	2732.277777777778	0.0	0.0	9297.666666666666
200	2666.4833333333327	0.0	0.0	9531.933333333332
210	2785.7277777777776	0.0	0.0	9270.166666666666
220	2785.5333333333338	0.0	0.0	9576.3
230	2849.5500000000006	0.0	0.0	9544.033333333333
240	2901.3833333333337	0.0	0.0	9191.7
250	2958.011111111111	0.0	0.0	9716.0
260	3058.155555555556	0.0	0.0	9892.433333333332
270	3033.4555555555557	0.0	0.0	9823.933333333332
280	3064.344444444444	0.0	0.0	9974.366666666667
290	3147.8222222222216	0.0	0.0	10031.333333333334
300	3168.0833333333344	0.0	0.0	10262.266666666666
310	3122.355555555556	0.0	0.0	9886.933333333332
320	3282.405555555555	0.0	0.0	9767.833333333334
330	3150.988888888889	0.0	0.0	10205.333333333334
340	3229.327777777777	0.0	0.0	10471.066666666668
350	3238.922222222222	0.0	0.0	9903.766666666666
360	3307.516666666668	0.0	0.0	9908.5
370	3407.666666666666	0.0	0.0	10361.333333333334
380	3324.183333333332	0.0	0.0	10190.5
390	3330.7055555555557	0.0	0.0	9761.966666666667
400	3336.377777777778	0.0	0.0	10133.3
410	3403.7611111111114	0.0	0.0	10370.7
420	3410.422222222222	0.0	0.0	9977.8
430	3521.672222222223	0.0	0.0	9960.6
440	3502.5722222222225	0.0	0.0	10149.9
450	3490.077777777777	0.0	0.0	10173.333333333334
460	3523.255555555555	0.0	0.0	10600.533333333333
470	3553.266666666668	0.0	0.0	10175.5
480	3494.011111111111	0.0	0.0	9946.5
490	3601.8388888888885	0.0	0.0	10769.833333333334
500	3495.5500000000006	0.0	0.0	10647.666666666666
510	3525.0111111111105	0.0	0.0	10228.866666666667
520	3569.922222222222	0.0	0.0	10343.466666666667
530	3504.1888888888884	0.0	0.0	10437.966666666667
540	3647.1833333333334	0.0	0.0	10595.466666666667
550	3577.3222222222216	0.0	0.0	10315.6
560	3639.3111111111107	0.0	0.0	9962.566666666668
570	3554.905555555555	0.0	0.0	10736.933333333332
580	3620.1333333333337	0.0	0.0	10352.466666666667
590	3768.583333333334	0.0	0.0	9954.6
600	3671.750000000001	0.0	0.0	10703.5
610	3708.7888888888892	0.0	0.0	10482.433333333332
620	3613.4888888888895	0.0	0.0	10519.933333333332
630	3686.6888888888884	0.0	0.0	10729.966666666667
640	3773.3777777777773	0.0	0.0	10628.066666666668
650	3773.8999999999996	0.0	0.0	10288.833333333334
660	3761.2388888888886	0.0	0.0	10804.666666666666
670	3730.544444444444	0.0	0.0	10466.866666666667
680	3695.5222222222224	0.0	0.0	10528.766666666666
690	3686.3333333333335	0.0	0.0	10055.733333333334
700	3784.8277777777776	0.0	0.0	10315.933333333332
710	3680.6222222222227	0.0	0.0	10775.2
720	3700.172222222222	0.0	0.0	10772.233333333334
730	3746.6888888888884	0.0	0.0	10800.166666666666
740	3717.161111111112	0.0	0.0	10255.533333333333
750	3756.272222222222	0.0	0.0	10628.266666666666
760	3787.1611111111115	0.0	0.0	10606.7
770	3677.149999999999	0.0	0.0	10090.9
780	3758.1055555555554	0.0	0.0	10346.166666666666
790	3714.1777777777784	0.0	0.0	10519.266666666666
800	3770.277777777778	0.0	0.0	10194.633333333333
