0	276.5	0.0	0.0	0.0
10	1823.25	42.0	451.0	10749.0
20	1980.0	311.0	4060.0	11891.0
30	1805.5	358.0	5771.0	12914.0
40	2299.25	289.0	1884.0	10243.0
50	2209.0	0.0	0.0	8723.0
60	2838.75	0.0	0.0	8553.0
70	2608.75	0.0	0.0	10303.0
80	2833.5	0.0	0.0	8861.0
90	2678.25	0.0	0.0	8358.0
100	3175.5	0.0	0.0	10295.0
110	2730.75	0.0	0.0	9842.0
120	2770.0	0.0	0.0	8902.0
130	2655.0	0.0	0.0	9767.0
140	2969.0	0.0	0.0	9675.0
150	2676.25	0.0	0.0	11067.0
160	2833.25	0.0	0.0	9449.0
170	2767.25	0.0	0.0	8119.0
180	1876.0	0.0	0.0	7431.0
190	2388.75	0.0	0.0	6084.0
200	2697.5	0.0	0.0	9709.0
210	3123.0	0.0	0.0	10555.0
220	2621.25	0.0	0.0	10635.0
230	2991.5	0.0	0.0	7778.0
240	3112.5	0.0	0.0	13811.0
250	3093.5	0.0	0.0	7904.0
260	3299.75	0.0	0.0	7395.0
270	2605.5	0.0	0.0	10074.0
280	2707.0	0.0	0.0	9419.0
290	3257.0	0.0	0.0	11159.0
300	3660.25	0.0	0.0	8372.0
310	3348.0	0.0	0.0	9736.0
320	3334.75	0.0	0.0	11225.0
330	3483.75	0.0	0.0	9398.0
340	3462.5	0.0	0.0	10664.0
350	3263.5	0.0	0.0	10629.0
360	3269.0	0.0	0.0	10680.0
370	3480.25	0.0	0.0	12185.0
380	4127.5	0.0	0.0	10631.0
390	4011.75	0.0	0.0	9277.0
400	3890.25	0.0	0.0	7870.0
410	4239.0	0.0	0.0	7034.0
420	3009.0	0.0	0.0	9842.0
430	3533.0	0.0	0.0	11873.0
440	3213.75	0.0	0.0	9453.0
450	2403.25	0.0	0.0	11659.0
460	3602.75	0.0	0.0	9157.0
470	3563.0	0.0	0.0	7928.0
480	3130.5	0.0	0.0	10262.0
490	3019.5	0.0	0.0	11425.0
500	3875.0	0.0	0.0	11945.0
510	3405.0	0.0	0.0	8921.0
520	3456.5	0.0	0.0	9472.0
530	3436.0	0.0	0.0	9868.0
540	3859.75	0.0	0.0	11167.0
550	3304.5	0.0	0.0	12414.0
560	4055.75	0.0	0.0	10639.0
570	3040.5	0.0	0.0	9921.0
580	3296.5	0.0	0.0	12514.0
590	3950.75	0.0	0.0	12072.0
600	3694.75	0.0	0.0	10736.0
610	3799.5	0.0	0.0	9355.0
620	3820.25	0.0	0.0	12299.0
630	3694.5	0.0	0.0	9060.0
640	4280.5	0.0	0.0	12394.0
650	3504.75	0.0	0.0	11808.0
660	4009.5	0.0	0.0	8101.0
670	3538.75	0.0	0.0	8596.0
680	4038.0	0.0	0.0	10684.0
690	3676.0	0.0	0.0	7657.0
700	3268.75	0.0	0.0	11498.0
710	3821.0	0.0	0.0	12104.0
720	3800.0	0.0	0.0	11381.0
730	3494.0	0.0	0.0	11701.0
740	3408.75	0.0	0.0	10183.0
750	3789.5	0.0	0.0	10715.0
760	3655.0	0.0	0.0	10240.0
770	3779.5	0.0	0.0	11723.0
780	3706.25	0.0	0.0	9845.0
790	3857.5	0.0	0.0	10285.0
800	3817.0	0.0	0.0	11783.0
810	4220.5	0.0	0.0	11301.0
820	3758.25	0.0	0.0	11607.0
830	3649.5	0.0	0.0	9728.0
840	3660.5	0.0	0.0	13243.0
850	3782.5	0.0	0.0	7693.0
860	3795.0	0.0	0.0	11638.0
870	3493.75	0.0	0.0	9132.0
880	3844.0	0.0	0.0	8634.0
890	3567.25	0.0	0.0	9598.0
900	3568.5	0.0	0.0	10602.0
910	3817.0	0.0	0.0	9390.0
920	3394.0	0.0	0.0	10203.0
930	3667.75	0.0	0.0	14032.0
940	3827.75	0.0	0.0	13151.0
950	3711.0	0.0	0.0	7601.0
960	4124.0	0.0	0.0	11805.0
970	3811.0	0.0	0.0	11478.0
980	3764.0	0.0	0.0	13316.0
990	3807.0	0.0	0.0	11111.0
1000	4074.5	0.0	0.0	9006.0
