0	238.0	0.0	0.0	0.0
10	2147.0	1.0	22.0	7801.0
20	2023.5	168.0	1996.0	7699.0
30	1683.0	408.0	4657.0	11424.0
40	2172.5	423.0	4950.0	10602.0
50	1864.5	0.0	0.0	7535.0
60	2520.75	0.0	0.0	10536.0
70	2550.25	0.0	0.0	11595.0
80	2778.5	0.0	0.0	8342.0
90	2240.25	0.0	0.0	10583.0
100	2118.5	0.0	0.0	8368.0
110	2010.5	0.0	0.0	8572.0
120	2705.5	0.0	0.0	11088.0
130	2400.5	0.0	0.0	10351.0
140	2355.5	0.0	0.0	7846.0
150	2116.75	0.0	0.0	6339.0
160	2559.0	0.0	0.0	9275.0
170	2517.0	0.0	0.0	7518.0
180	2919.75	0.0	0.0	9594.0
190	2733.25	0.0	0.0	7633.0
200	3060.75	0.0	0.0	7929.0
210	2192.0	0.0	0.0	9098.0
220	2880.75	0.0	0.0	11538.0
230	2542.5	0.0	0.0	7507.0
240	2906.75	0.0	0.0	10028.0
250	2628.75	0.0	0.0	9788.0
260	2928.0	0.0	0.0	10809.0
270	2737.5	0.0	0.0	11018.0
280	2443.25	0.0	0.0	8541.0
290	3065.25	0.0	0.0	9365.0
300	2785.25	0.0	0.0	11083.0
310	3213.5	0.0	0.0	12620.0
320	3117.75	0.0	0.0	8436.0
330	3919.0	0.0	0.0	7717.0
340	3544.5	0.0	0.0	10169.0
350	3634.75	0.0	0.0	8306.0
360	3844.75	0.0	0.0	8795.0
370	3136.0	0.0	0.0	10091.0
380	2582.75	0.0	0.0	12630.0
390	2625.25	0.0	0.0	9290.0
400	3891.5	0.0	0.0	10655.0
410	3316.0	0.0	0.0	12466.0
420	3103.0	0.0	0.0	6900.0
430	3262.5	0.0	0.0	8354.0
440	3504.75	0.0	0.0	9267.0
450	3465.75	0.0	0.0	9079.0
460	4021.25	0.0	0.0	10879.0
470	3272.5	0.0	0.0	11457.0
480	4095.5	0.0	0.0	10111.0
490	3241.25	0.0	0.0	12468.0
500	3405.75	0.0	0.0	11189.0
510	3721.5	0.0	0.0	10636.0
520	4050.75	0.0	0.0	11652.0
530	3471.5	0.0	0.0	12109.0
540	3267.25	0.0	0.0	11489.0
550	3195.75	0.0	0.0	10317.0
560	3077.0	0.0	0.0	9740.0
570	3238.25	0.0	0.0	12226.0
580	3769.25	0.0	0.0	14229.0
590	3369.75	0.0	0.0	10215.0
600	3715.0	0.0	0.0	8594.0
610	3353.25	0.0	0.0	8868.0
620	3925.75	0.0	0.0	11863.0
630	3471.0	0.0	0.0	9479.0
640	3780.25	0.0	0.0	12277.0
650	3582.25	0.0	0.0	8704.0
660	3814.75	0.0	0.0	11694.0
670	3833.0	0.0	0.0	11610.0
680	3959.25	0.0	0.0	7561.0
690	3481.25	0.0	0.0	9851.0
700	3418.5	0.0	0.0	10705.0
710	3678.5	0.0	0.0	7865.0
720	3579.25	0.0	0.0	9244.0
730	3776.25	0.0	0.0	8293.0
740	3984.75	0.0	0.0	7969.0
750	3749.0	0.0	0.0	11864.0
760	3774.75	0.0	0.0	10460.0
770	3724.75	0.0	0.0	10244.0
780	3554.25	0.0	0.0	11873.0
790	3746.75	0.0	0.0	7521.0
800	3584.75	0.0	0.0	9754.0
810	3262.5	0.0	0.0	11460.0
820	3979.25	0.0	0.0	10219.0
830	3812.75	0.0	0.0	8930.0
840	3721.5	0.0	0.0	9224.0
850	3860.0	0.0	0.0	9734.0
860	3821.75	0.0	0.0	9272.0
870	3254.0	0.0	0.0	9277.0
880	3555.0	0.0	0.0	15126.0
890	4132.5	0.0	0.0	11210.0
900	3608.25	0.0	0.0	12533.0
910	3740.0	0.0	0.0	10445.0
920	3820.25	0.0	0.0	8431.0
930	3787.75	0.0	0.0	10734.0
940	4206.25	0.0	0.0	8821.0
950	3852.0	0.0	0.0	9322.0
960	3856.5	0.0	0.0	11014.0
970	3836.0	0.0	0.0	10784.0
980	3697.25	0.0	0.0	11029.0
990	3930.25	0.0	0.0	11382.0
1000	3785.25	0.0	0.0	10424.0
