0	2148.8333333333335	0.0	0.0	0.0
10	2224.0	196.0	1354.0	10390.0
20	2095.0	249.0	1823.0	9308.0
30	2471.8333333333335	195.0	1031.0	8371.0
40	2320.5	74.0	681.0	7273.0
50	2118.1666666666665	286.0	1441.0	10356.0
60	2576.0	0.0	0.0	10406.0
70	2188.1666666666665	0.0	0.0	9367.0
80	2414.0	0.0	0.0	9385.0
90	2302.8333333333335	0.0	0.0	6592.0
100	2334.0	0.0	0.0	7937.0
110	2131.0	0.0	0.0	12013.0
120	2140.8333333333335	0.0	0.0	8418.0
130	2799.6666666666665	0.0	0.0	9848.0
140	2348.6666666666665	0.0	0.0	7080.0
150	2359.1666666666665	0.0	0.0	10001.0
160	2560.8333333333335	0.0	0.0	5320.0
170	2354.0	0.0	0.0	7755.0
180	2375.6666666666665	0.0	0.0	12021.0
190	2310.8333333333335	0.0	0.0	10176.0
200	2436.6666666666665	0.0	0.0	9826.0
210	2731.8333333333335	0.0	0.0	7893.0
220	2824.6666666666665	0.0	0.0	8092.0
230	2653.5	0.0	0.0	11612.0
240	2886.0	0.0	0.0	11396.0
250	2267.6666666666665	0.0	0.0	6442.0
260	2766.6666666666665	0.0	0.0	5931.0
270	2889.1666666666665	0.0	0.0	9637.0
280	2615.6666666666665	0.0	0.0	5835.0
290	2542.5	0.0	0.0	6721.0
300	2873.5	0.0	0.0	12115.0
310	2954.3333333333335	0.0	0.0	8081.0
320	2932.1666666666665	0.0	0.0	6251.0
330	2848.8333333333335	0.0	0.0	8734.0
340	3264.6666666666665	0.0	0.0	7170.0
350	3477.0	0.0	0.0	9800.0
360	3071.8333333333335	0.0	0.0	14841.0
370	3278.1666666666665	0.0	0.0	9895.0
380	3393.1666666666665	0.0	0.0	9611.0
390	2571.6666666666665	0.0	0.0	6196.0
400	3273.1666666666665	0.0	0.0	9556.0
410	3210.6666666666665	0.0	0.0	6207.0
420	3290.0	0.0	0.0	10042.0
430	3657.1666666666665	0.0	0.0	10467.0
440	3434.0	0.0	0.0	6827.0
450	3376.8333333333335	0.0	0.0	7447.0
460	3469.0	0.0	0.0	9410.0
470	3743.5	0.0	0.0	8520.0
480	3284.0	0.0	0.0	10832.0
490	3343.1666666666665	0.0	0.0	8186.0
500	3709.5	0.0	0.0	10963.0
510	3266.6666666666665	0.0	0.0	6434.0
520	3400.6666666666665	0.0	0.0	8838.0
530	3845.6666666666665	0.0	0.0	8064.0
540	3192.8333333333335	0.0	0.0	8826.0
550	3485.0	0.0	0.0	12127.0
560	3721.3333333333335	0.0	0.0	10452.0
570	3836.8333333333335	0.0	0.0	9538.0
580	3069.6666666666665	0.0	0.0	8734.0
590	2976.5	0.0	0.0	7462.0
600	3023.1666666666665	0.0	0.0	11042.0
610	3962.3333333333335	0.0	0.0	11658.0
620	3078.6666666666665	0.0	0.0	8687.0
630	3686.1666666666665	0.0	0.0	13571.0
640	3793.0	0.0	0.0	13499.0
650	3849.8333333333335	0.0	0.0	9615.0
660	3481.1666666666665	0.0	0.0	11520.0
670	3903.6666666666665	0.0	0.0	12713.0
680	3549.0	0.0	0.0	8103.0
690	3856.1666666666665	0.0	0.0	11047.0
700	3756.5	0.0	0.0	8990.0
710	3827.0	0.0	0.0	10637.0
720	3895.3333333333335	0.0	0.0	9749.0
730	3941.3333333333335	0.0	0.0	5868.0
740	3736.6666666666665	0.0	0.0	8700.0
750	3507.0	0.0	0.0	10349.0
760	3894.3333333333335	0.0	0.0	11085.0
770	3407.6666666666665	0.0	0.0	9114.0
780	3479.0	0.0	0.0	12761.0
790	3516.3333333333335	0.0	0.0	8414.0
800	3427.1666666666665	0.0	0.0	10289.0
810	3819.3333333333335	0.0	0.0	11057.0
820	3926.5	0.0	0.0	9098.0
830	3945.3333333333335	0.0	0.0	11569.0
840	3891.5	0.0	0.0	10168.0
850	3538.0	0.0	0.0	11285.0
860	3673.5	0.0	0.0	12621.0
870	3619.0	0.0	0.0	11856.0
880	3607.0	0.0	0.0	8810.0
890	3791.6666666666665	0.0	0.0	8396.0
900	3723.6666666666665	0.0	0.0	11532.0
910	3728.1666666666665	0.0	0.0	10222.0
920	3706.0	0.0	0.0	9720.0
930	3866.0	0.0	0.0	10113.0
940	3886.1666666666665	0.0	0.0	13815.0
950	3955.5	0.0	0.0	12143.0
960	3700.0	0.0	0.0	11339.0
970	3950.0	0.0	0.0	10427.0
980	3717.1666666666665	0.0	0.0	9909.0
990	3624.0	0.0	0.0	10074.0
1000	3805.5	0.0	0.0	11584.0
