0	2182.0	0.0	0.0	0.0
10	2340.5	205.0	1204.0	8960.0
20	2212.5	216.0	1156.0	7509.0
30	2334.6666666666665	340.0	1539.0	9395.0
40	1769.3333333333333	239.0	1381.0	9933.0
50	2561.3333333333335	0.0	0.0	7895.0
60	2551.1666666666665	0.0	0.0	11173.0
70	2487.3333333333335	0.0	0.0	8779.0
80	2755.3333333333335	0.0	0.0	9468.0
90	2233.3333333333335	0.0	0.0	11030.0
100	2830.0	0.0	0.0	8304.0
110	3025.6666666666665	0.0	0.0	9691.0
120	2819.0	0.0	0.0	10822.0
130	2839.0	0.0	0.0	5788.0
140	2425.1666666666665	0.0	0.0	9219.0
150	2503.5	0.0	0.0	12204.0
160	2393.3333333333335	0.0	0.0	7311.0
170	2366.3333333333335	0.0	0.0	9038.0
180	2594.3333333333335	0.0	0.0	8416.0
190	2308.5	0.0	0.0	8309.0
200	2693.5	0.0	0.0	4292.0
210	2834.1666666666665	0.0	0.0	7415.0
220	2826.3333333333335	0.0	0.0	11834.0
230	2751.3333333333335	0.0	0.0	9692.0
240	2359.0	0.0	0.0	7647.0
250	2444.6666666666665	0.0	0.0	7333.0
260	3068.5	0.0	0.0	8241.0
270	2847.0	0.0	0.0	11866.0
280	2670.5	0.0	0.0	6978.0
290	2886.5	0.0	0.0	7618.0
300	2965.6666666666665	0.0	0.0	9113.0
310	3078.0	0.0	0.0	6887.0
320	3057.3333333333335	0.0	0.0	6691.0
330	3298.1666666666665	0.0	0.0	12236.0
340	3252.1666666666665	0.0	0.0	13664.0
350	3278.8333333333335	0.0	0.0	11264.0
360	3526.1666666666665	0.0	0.0	8658.0
370	3449.8333333333335	0.0	0.0	7100.0
380	3209.3333333333335	0.0	0.0	10802.0
390	3704.3333333333335	0.0	0.0	9733.0
400	3316.6666666666665	0.0	0.0	12884.0
410	3437.8333333333335	0.0	0.0	11805.0
420	3225.8333333333335	0.0	0.0	9347.0
430	3682.3333333333335	0.0	0.0	11654.0
440	3496.8333333333335	0.0	0.0	11264.0
450	3289.8333333333335	0.0	0.0	8997.0
460	2965.3333333333335	0.0	0.0	10384.0
470	3674.5	0.0	0.0	8806.0
480	3308.0	0.0	0.0	10047.0
490	3485.8333333333335	0.0	0.0	10868.0
500	3455.0	0.0	0.0	13760.0
510	4076.5	0.0	0.0	10766.0
520	3722.0	0.0	0.0	11209.0
530	3415.5	0.0	0.0	8210.0
540	3771.3333333333335	0.0	0.0	8887.0
550	3744.8333333333335	0.0	0.0	9810.0
560	3455.0	0.0	0.0	9450.0
570	3436.8333333333335	0.0	0.0	8162.0
580	3754.8333333333335	0.0	0.0	9906.0
590	3319.0	0.0	0.0	10677.0
600	4033.8333333333335	0.0	0.0	10013.0
610	3804.5	0.0	0.0	10254.0
620	3841.1666666666665	0.0	0.0	8597.0
630	3423.5	0.0	0.0	9272.0
640	3661.1666666666665	0.0	0.0	11622.0
650	3709.1666666666665	0.0	0.0	9168.0
660	3826.1666666666665	0.0	0.0	9257.0
670	3892.1666666666665	0.0	0.0	7819.0
680	3607.6666666666665	0.0	0.0	11024.0
690	3644.1666666666665	0.0	0.0	14102.0
700	3847.8333333333335	0.0	0.0	8160.0
710	3806.8333333333335	0.0	0.0	13116.0
720	3758.1666666666665	0.0	0.0	10441.0
730	3652.6666666666665	0.0	0.0	10993.0
740	3773.8333333333335	0.0	0.0	8269.0
750	3772.8333333333335	0.0	0.0	9331.0
760	3833.1666666666665	0.0	0.0	10587.0
770	4152.833333333333	0.0	0.0	7239.0
780	4009.6666666666665	0.0	0.0	10205.0
790	3414.1666666666665	0.0	0.0	8811.0
800	3702.3333333333335	0.0	0.0	10875.0
810	3636.6666666666665	0.0	0.0	10798.0
820	3756.5	0.0	0.0	8419.0
830	3714.3333333333335	0.0	0.0	8399.0
840	3714.0	0.0	0.0	10393.0
850	3530.0	0.0	0.0	9507.0
860	3930.3333333333335	0.0	0.0	11396.0
870	3788.8333333333335	0.0	0.0	13051.0
880	3995.1666666666665	0.0	0.0	9445.0
890	3840.5	0.0	0.0	9551.0
900	3792.5	0.0	0.0	10457.0
910	3625.6666666666665	0.0	0.0	9959.0
920	3713.0	0.0	0.0	8762.0
930	3765.3333333333335	0.0	0.0	10002.0
940	3692.5	0.0	0.0	7104.0
950	4048.6666666666665	0.0	0.0	11349.0
960	3576.5	0.0	0.0	13581.0
970	3948.3333333333335	0.0	0.0	10725.0
980	3436.3333333333335	0.0	0.0	7273.0
990	3645.5	0.0	0.0	12570.0
1000	3675.5	0.0	0.0	10484.0
