0	2194.1666666666665	0.0	0.0	0.0
10	2322.3333333333335	228.0	1249.0	7791.0
20	2275.0	281.0	1564.0	10059.0
30	2437.8333333333335	159.0	802.0	6181.0
40	2288.1666666666665	174.0	918.0	7695.0
50	2623.8333333333335	158.0	629.0	8215.0
60	2589.1666666666665	0.0	0.0	9485.0
70	2308.0	0.0	0.0	5901.0
80	2475.6666666666665	0.0	0.0	7426.0
90	2484.6666666666665	0.0	0.0	11806.0
100	2722.5	0.0	0.0	11824.0
110	2602.8333333333335	0.0	0.0	7814.0
120	2653.0	0.0	0.0	7685.0
130	2454.3333333333335	0.0	0.0	10358.0
140	2557.8333333333335	0.0	0.0	9994.0
150	2547.5	0.0	0.0	5332.0
160	2463.5	0.0	0.0	11608.0
170	2651.8333333333335	0.0	0.0	7608.0
180	2793.3333333333335	0.0	0.0	10398.0
190	2441.5	0.0	0.0	8704.0
200	2673.1666666666665	0.0	0.0	7929.0
210	2463.0	0.0	0.0	8219.0
220	2673.3333333333335	0.0	0.0	8690.0
230	2573.6666666666665	0.0	0.0	8838.0
240	2557.0	0.0	0.0	7649.0
250	2721.5	0.0	0.0	8695.0
260	2606.0	0.0	0.0	10423.0
270	2612.3333333333335	0.0	0.0	7676.0
280	2389.6666666666665	0.0	0.0	5699.0
290	2541.1666666666665	0.0	0.0	7617.0
300	2075.8333333333335	0.0	0.0	8979.0
310	2458.5	0.0	0.0	12778.0
320	2399.3333333333335	0.0	0.0	8518.0
330	2601.0	0.0	0.0	6640.0
340	2822.0	0.0	0.0	10749.0
350	3099.6666666666665	0.0	0.0	6809.0
360	3425.8333333333335	0.0	0.0	7171.0
370	2809.8333333333335	0.0	0.0	14444.0
380	3088.6666666666665	0.0	0.0	9795.0
390	2915.5	0.0	0.0	11903.0
400	3143.3333333333335	0.0	0.0	14360.0
410	3032.6666666666665	0.0	0.0	11379.0
420	2821.1666666666665	0.0	0.0	6364.0
430	2926.1666666666665	0.0	0.0	10634.0
440	3216.5	0.0	0.0	9338.0
450	3633.8333333333335	0.0	0.0	11888.0
460	3099.5	0.0	0.0	13264.0
470	3481.8333333333335	0.0	0.0	10409.0
480	3540.0	0.0	0.0	7866.0
490	3492.0	0.0	0.0	8503.0
500	3740.6666666666665	0.0	0.0	7069.0
510	3648.5	0.0	0.0	8810.0
520	3161.0	0.0	0.0	7979.0
530	3235.3333333333335	0.0	0.0	13772.0
540	3827.1666666666665	0.0	0.0	7153.0
550	3236.3333333333335	0.0	0.0	9288.0
560	3692.1666666666665	0.0	0.0	7644.0
570	3591.0	0.0	0.0	8443.0
580	3230.3333333333335	0.0	0.0	10121.0
590	3236.0	0.0	0.0	10090.0
600	3677.1666666666665	0.0	0.0	8564.0
610	3707.1666666666665	0.0	0.0	7295.0
620	3087.5	0.0	0.0	8770.0
630	3169.5	0.0	0.0	10725.0
640	3895.6666666666665	0.0	0.0	10156.0
650	3235.6666666666665	0.0	0.0	12191.0
660	3697.6666666666665	0.0	0.0	8245.0
670	3656.3333333333335	0.0	0.0	10103.0
680	3747.5	0.0	0.0	12761.0
690	3569.0	0.0	0.0	10375.0
700	3474.1666666666665	0.0	0.0	9957.0
710	3548.5	0.0	0.0	13154.0
720	3757.6666666666665	0.0	0.0	10034.0
730	3896.0	0.0	0.0	12068.0
740	3937.1666666666665	0.0	0.0	8051.0
750	3876.6666666666665	0.0	0.0	12376.0
760	3799.0	0.0	0.0	11454.0
770	3653.1666666666665	0.0	0.0	9614.0
780	2717.8333333333335	0.0	0.0	12035.0
790	3599.6666666666665	0.0	0.0	8694.0
800	3620.1666666666665	0.0	0.0	8727.0
810	3743.1666666666665	0.0	0.0	9190.0
820	3689.5	0.0	0.0	9565.0
830	3711.3333333333335	0.0	0.0	8680.0
840	3885.6666666666665	0.0	0.0	11648.0
850	3783.3333333333335	0.0	0.0	12129.0
860	3845.5	0.0	0.0	10356.0
870	3895.0	0.0	0.0	9190.0
880	3164.3333333333335	0.0	0.0	11406.0
890	3694.5	0.0	0.0	9798.0
900	4015.8333333333335	0.0	0.0	11763.0
910	3759.1666666666665	0.0	0.0	11683.0
920	3679.3333333333335	0.0	0.0	12575.0
930	3719.6666666666665	0.0	0.0	10810.0
940	3964.0	0.0	0.0	11128.0
950	3819.1666666666665	0.0	0.0	10432.0
960	3534.5	0.0	0.0	10320.0
970	3747.0	0.0	0.0	10709.0
980	3808.0	0.0	0.0	12679.0
990	3911.1666666666665	0.0	0.0	8957.0
1000	3563.3333333333335	0.0	0.0	9844.0
