0	2208.5	0.0	0.0	0.0
10	2374.5	547.0	2608.0	11250.0
20	2312.1666666666665	66.0	406.0	7125.0
30	2479.1666666666665	352.0	1464.0	9539.0
40	2551.8333333333335	35.0	96.0	7877.0
50	2313.1666666666665	0.0	0.0	9795.0
60	2654.8333333333335	0.0	0.0	11152.0
70	2731.5	0.0	0.0	6990.0
80	2243.0	0.0	0.0	9374.0
90	2407.3333333333335	0.0	0.0	7651.0
100	2610.6666666666665	0.0	0.0	9500.0
110	2645.3333333333335	0.0	0.0	10455.0
120	2643.3333333333335	0.0	0.0	11135.0
130	2384.1666666666665	0.0	0.0	6829.0
140	2531.0	0.0	0.0	9228.0
150	2574.0	0.0	0.0	6459.0
160	2434.5	0.0	0.0	10316.0
170	2415.3333333333335	0.0	0.0	9949.0
180	2451.5	0.0	0.0	7241.0
190	2800.1666666666665	0.0	0.0	6689.0
200	2712.8333333333335	0.0	0.0	7271.0
210	2656.3333333333335	0.0	0.0	10276.0
220	2557.0	0.0	0.0	12960.0
230	2342.5	0.0	0.0	6288.0
240	2719.6666666666665	0.0	0.0	5659.0
250	2428.6666666666665	0.0	0.0	7494.0
260	2442.5	0.0	0.0	7606.0
270	2712.5	0.0	0.0	9519.0
280	2212.5	0.0	0.0	7345.0
290	2339.8333333333335	0.0	0.0	8583.0
300	2473.6666666666665	0.0	0.0	8644.0
310	2746.3333333333335	0.0	0.0	7290.0
320	2691.5	0.0	0.0	7318.0
330	3068.0	0.0	0.0	8247.0
340	2963.6666666666665	0.0	0.0	10319.0
350	3171.3333333333335	0.0	0.0	9301.0
360	3417.8333333333335	0.0	0.0	7698.0
370	3162.0	0.0	0.0	5718.0
380	3103.3333333333335	0.0	0.0	8975.0
390	3229.3333333333335	0.0	0.0	8722.0
400	3205.0	0.0	0.0	11533.0
410	3119.6666666666665	0.0	0.0	11228.0
420	3153.6666666666665	0.0	0.0	12758.0
430	3189.6666666666665	0.0	0.0	8717.0
440	2933.5	0.0	0.0	9842.0
450	3535.1666666666665	0.0	0.0	9808.0
460	3664.1666666666665	0.0	0.0	7848.0
470	3168.0	0.0	0.0	8769.0
480	3541.3333333333335	0.0	0.0	9181.0
490	3629.6666666666665	0.0	0.0	10699.0
500	3305.6666666666665	0.0	0.0	8543.0
510	3917.8333333333335	0.0	0.0	11600.0
520	3301.3333333333335	0.0	0.0	11148.0
530	3647.5	0.0	0.0	10521.0
540	3404.1666666666665	0.0	0.0	10201.0
550	2881.8333333333335	0.0	0.0	7684.0
560	3426.6666666666665	0.0	0.0	13804.0
570	3371.8333333333335	0.0	0.0	8462.0
580	3888.5	0.0	0.0	9069.0
590	3643.1666666666665	0.0	0.0	10059.0
600	3135.5	0.0	0.0	8689.0
610	3356.1666666666665	0.0	0.0	7753.0
620	3663.0	0.0	0.0	10864.0
630	3801.1666666666665	0.0	0.0	9007.0
640	3849.1666666666665	0.0	0.0	9715.0
650	3543.0	0.0	0.0	9786.0
660	3642.0	0.0	0.0	10909.0
670	3987.6666666666665	0.0	0.0	8899.0
680	3623.5	0.0	0.0	10088.0
690	3795.1666666666665	0.0	0.0	9907.0
700	3663.1666666666665	0.0	0.0	11411.0
710	3775.0	0.0	0.0	10142.0
720	3769.0	0.0	0.0	9342.0
730	3618.3333333333335	0.0	0.0	8659.0
740	4220.333333333333	0.0	0.0	12387.0
750	3724.5	0.0	0.0	12947.0
760	4258.166666666667	0.0	0.0	9571.0
770	3964.8333333333335	0.0	0.0	11969.0
780	3934.3333333333335	0.0	0.0	9730.0
790	3604.5	0.0	0.0	11705.0
800	3120.6666666666665	0.0	0.0	8106.0
810	2794.8333333333335	0.0	0.0	9947.0
820	3803.1666666666665	0.0	0.0	11931.0
830	3426.8333333333335	0.0	0.0	11193.0
840	3583.0	0.0	0.0	12865.0
850	3897.3333333333335	0.0	0.0	9053.0
860	3848.6666666666665	0.0	0.0	10012.0
870	3759.8333333333335	0.0	0.0	10063.0
880	3960.5	0.0	0.0	10092.0
890	3886.0	0.0	0.0	12083.0
900	3860.0	0.0	0.0	11005.0
910	3743.6666666666665	0.0	0.0	9543.0
920	3832.6666666666665	0.0	0.0	11179.0
930	3792.6666666666665	0.0	0.0	9038.0
940	3108.0	0.0	0.0	7155.0
950	3719.8333333333335	0.0	0.0	12230.0
960	3882.0	0.0	0.0	10886.0
970	4066.3333333333335	0.0	0.0	7490.0
980	3883.1666666666665	0.0	0.0	11938.0
990	3523.8333333333335	0.0	0.0	10266.0
1000	3611.0	0.0	0.0	10281.0
