0	2569.0	0.0	0.0	0.0
10	2842.6666666666665	1000.0	3227.0	14866.0
20	2394.6666666666665	0.0	0.0	6595.0
30	2683.8333333333335	0.0	0.0	8302.0
40	2339.8333333333335	0.0	0.0	6392.0
50	3098.6666666666665	0.0	0.0	5044.0
60	3100.5	0.0	0.0	12805.0
70	2865.8333333333335	0.0	0.0	10077.0
80	2541.1666666666665	0.0	0.0	8802.0
90	3056.3333333333335	0.0	0.0	8588.0
100	3078.5	0.0	0.0	11112.0
110	3272.0	0.0	0.0	11194.0
120	3421.0	0.0	0.0	7891.0
130	3124.6666666666665	0.0	0.0	9517.0
140	3301.6666666666665	0.0	0.0	9800.0
150	3603.5	0.0	0.0	6532.0
160	2931.0	0.0	0.0	10353.0
170	3234.3333333333335	0.0	0.0	11020.0
180	3188.6666666666665	0.0	0.0	8794.0
190	3213.8333333333335	0.0	0.0	9362.0
200	3520.8333333333335	0.0	0.0	9033.0
210	3203.5	0.0	0.0	15073.0
220	3447.0	0.0	0.0	9630.0
230	2935.8333333333335	0.0	0.0	11629.0
240	3811.8333333333335	0.0	0.0	10139.0
250	3290.8333333333335	0.0	0.0	11398.0
260	3043.3333333333335	0.0	0.0	11051.0
270	3521.1666666666665	0.0	0.0	9184.0
280	3866.0	0.0	0.0	11557.0
290	3404.3333333333335	0.0	0.0	8403.0
300	3627.3333333333335	0.0	0.0	11826.0
310	2898.3333333333335	0.0	0.0	8371.0
320	3667.1666666666665	0.0	0.0	6888.0
330	3550.5	0.0	0.0	12236.0
340	3697.3333333333335	0.0	0.0	9563.0
350	3117.0	0.0	0.0	10926.0
360	3282.8333333333335	0.0	0.0	7113.0
370	3686.0	0.0	0.0	11147.0
380	3549.8333333333335	0.0	0.0	10724.0
390	3837.8333333333335	0.0	0.0	9572.0
400	3322.0	0.0	0.0	10288.0
410	3126.8333333333335	0.0	0.0	10546.0
420	3753.8333333333335	0.0	0.0	9973.0
430	3854.0	0.0	0.0	11389.0
440	3610.3333333333335	0.0	0.0	9239.0
450	3609.8333333333335	0.0	0.0	12035.0
460	3633.6666666666665	0.0	0.0	7885.0
470	3724.6666666666665	0.0	0.0	10445.0
480	3814.8333333333335	0.0	0.0	10975.0
490	3848.1666666666665	0.0	0.0	11912.0
500	3576.0	0.0	0.0	9973.0
510	3556.8333333333335	0.0	0.0	8661.0
520	3757.5	0.0	0.0	9255.0
530	4078.0	0.0	0.0	10552.0
540	3524.6666666666665	0.0	0.0	9263.0
550	3495.8333333333335	0.0	0.0	10876.0
560	3269.8333333333335	0.0	0.0	9512.0
570	2857.3333333333335	0.0	0.0	8134.0
580	3798.0	0.0	0.0	10479.0
590	3809.3333333333335	0.0	0.0	10372.0
600	3866.1666666666665	0.0	0.0	11231.0
610	3895.8333333333335	0.0	0.0	9525.0
620	3877.8333333333335	0.0	0.0	7036.0
630	4081.1666666666665	0.0	0.0	9143.0
640	3758.3333333333335	0.0	0.0	9883.0
650	3534.0	0.0	0.0	11622.0
660	3714.6666666666665	0.0	0.0	10028.0
670	3756.1666666666665	0.0	0.0	10489.0
680	3548.8333333333335	0.0	0.0	10865.0
690	3653.0	0.0	0.0	10086.0
700	3890.1666666666665	0.0	0.0	9242.0
710	3552.8333333333335	0.0	0.0	10533.0
720	3754.6666666666665	0.0	0.0	9053.0
730	3771.3333333333335	0.0	0.0	10881.0
740	3667.3333333333335	0.0	0.0	9629.0
750	3881.6666666666665	0.0	0.0	11103.0
760	3845.0	0.0	0.0	8871.0
770	3873.5	0.0	0.0	11021.0
780	3960.0	0.0	0.0	6477.0
790	3959.6666666666665	0.0	0.0	8975.0
800	4057.8333333333335	0.0	0.0	10593.0
