0	2808.6666666666665	0.0	0.0	0.0
10	2483.1666666666665	1000.0	4331.0	7725.0
20	2635.1666666666665	0.0	0.0	9314.0
30	2402.1666666666665	0.0	0.0	8807.0
40	2662.5	0.0	0.0	9061.0
50	2991.0	0.0	0.0	8633.0
60	2786.8333333333335	0.0	0.0	8530.0
70	2863.6666666666665	0.0	0.0	9169.0
80	3317.1666666666665	0.0	0.0	9160.0
90	2883.8333333333335	0.0	0.0	11096.0
100	3046.1666666666665	0.0	0.0	8633.0
110	2851.0	0.0	0.0	13577.0
120	3156.6666666666665	0.0	0.0	10821.0
130	3086.1666666666665	0.0	0.0	11371.0
140	3011.0	0.0	0.0	8084.0
150	2811.6666666666665	0.0	0.0	9848.0
160	3489.1666666666665	0.0	0.0	9405.0
170	3265.0	0.0	0.0	9762.0
180	2523.5	0.0	0.0	8822.0
190	2921.8333333333335	0.0	0.0	10614.0
200	3874.1666666666665	0.0	0.0	11540.0
210	3286.0	0.0	0.0	10781.0
220	3443.0	0.0	0.0	8349.0
230	3702.3333333333335	0.0	0.0	9451.0
240	3857.6666666666665	0.0	0.0	8531.0
250	3473.8333333333335	0.0	0.0	8526.0
260	3499.5	0.0	0.0	12228.0
270	3708.0	0.0	0.0	9007.0
280	3440.8333333333335	0.0	0.0	12556.0
290	3631.5	0.0	0.0	10564.0
300	3530.3333333333335	0.0	0.0	11317.0
310	3764.1666666666665	0.0	0.0	7826.0
320	3737.6666666666665	0.0	0.0	9946.0
330	3771.6666666666665	0.0	0.0	10649.0
340	3616.8333333333335	0.0	0.0	10107.0
350	3665.3333333333335	0.0	0.0	12177.0
360	3365.6666666666665	0.0	0.0	12711.0
370	3349.5	0.0	0.0	10753.0
380	3534.5	0.0	0.0	11668.0
390	3558.6666666666665	0.0	0.0	11455.0
400	3700.6666666666665	0.0	0.0	7503.0
410	3987.3333333333335	0.0	0.0	11382.0
420	3851.8333333333335	0.0	0.0	11229.0
430	3681.0	0.0	0.0	11024.0
440	3562.3333333333335	0.0	0.0	8883.0
450	3612.0	0.0	0.0	10102.0
460	3869.5	0.0	0.0	9501.0
470	3656.3333333333335	0.0	0.0	11400.0
480	4150.0	0.0	0.0	11432.0
490	3617.3333333333335	0.0	0.0	8875.0
500	3476.3333333333335	0.0	0.0	11203.0
510	3480.8333333333335	0.0	0.0	10935.0
520	3762.3333333333335	0.0	0.0	11570.0
530	3812.3333333333335	0.0	0.0	11366.0
540	3749.8333333333335	0.0	0.0	9368.0
550	3589.8333333333335	0.0	0.0	11317.0
560	3828.1666666666665	0.0	0.0	10821.0
570	3937.0	0.0	0.0	9507.0
580	3850.5	0.0	0.0	8745.0
590	3700.8333333333335	0.0	0.0	10637.0
600	3808.3333333333335	0.0	0.0	9446.0
610	3930.5	0.0	0.0	9177.0
620	3770.0	0.0	0.0	9922.0
630	3444.6666666666665	0.0	0.0	7970.0
640	3299.0	0.0	0.0	10247.0
650	3614.0	0.0	0.0	9094.0
660	3951.3333333333335	0.0	0.0	10399.0
670	3844.5	0.0	0.0	11179.0
680	3534.1666666666665	0.0	0.0	10896.0
690	3694.0	0.0	0.0	9963.0
700	3869.3333333333335	0.0	0.0	8514.0
710	3981.8333333333335	0.0	0.0	12587.0
720	3857.3333333333335	0.0	0.0	8832.0
730	4066.3333333333335	0.0	0.0	7892.0
740	3888.6666666666665	0.0	0.0	11866.0
750	3945.0	0.0	0.0	12353.0
760	3692.6666666666665	0.0	0.0	11570.0
770	3887.3333333333335	0.0	0.0	10466.0
780	3659.5	0.0	0.0	10354.0
790	3722.1666666666665	0.0	0.0	8138.0
800	4106.166666666667	0.0	0.0	9827.0
