0	2546.3333333333335	0.0	0.0	0.0
10	2518.6666666666665	1000.0	4630.0	5263.0
20	2644.6666666666665	0.0	0.0	8777.0
30	2684.8333333333335	0.0	0.0	10094.0
40	2463.5	0.0	0.0	9350.0
50	2492.6666666666665	0.0	0.0	8818.0
60	3157.5	0.0	0.0	12103.0
70	2750.8333333333335	0.0	0.0	8229.0
80	2561.0	0.0	0.0	8518.0
90	2925.1666666666665	0.0	0.0	10880.0
100	3294.3333333333335	0.0	0.0	9889.0
110	2722.1666666666665	0.0	0.0	8227.0
120	3398.6666666666665	0.0	0.0	6426.0
130	3165.3333333333335	0.0	0.0	9216.0
140	3325.8333333333335	0.0	0.0	6852.0
150	3088.0	0.0	0.0	9266.0
160	3253.6666666666665	0.0	0.0	9557.0
170	3415.3333333333335	0.0	0.0	11136.0
180	2512.6666666666665	0.0	0.0	10440.0
190	3370.5	0.0	0.0	7482.0
200	3060.1666666666665	0.0	0.0	7466.0
210	3124.8333333333335	0.0	0.0	5508.0
220	3457.3333333333335	0.0	0.0	11600.0
230	2961.5	0.0	0.0	9088.0
240	3423.5	0.0	0.0	10213.0
250	3421.0	0.0	0.0	11615.0
260	3446.8333333333335	0.0	0.0	9293.0
270	3474.8333333333335	0.0	0.0	12646.0
280	3219.5	0.0	0.0	11484.0
290	3168.6666666666665	0.0	0.0	9596.0
300	3234.6666666666665	0.0	0.0	11259.0
310	3145.3333333333335	0.0	0.0	11155.0
320	3534.1666666666665	0.0	0.0	9528.0
330	3818.8333333333335	0.0	0.0	13436.0
340	3530.8333333333335	0.0	0.0	10934.0
350	3423.3333333333335	0.0	0.0	10702.0
360	3588.0	0.0	0.0	11927.0
370	3887.6666666666665	0.0	0.0	9102.0
380	3758.3333333333335	0.0	0.0	13055.0
390	3906.5	0.0	0.0	9385.0
400	3447.1666666666665	0.0	0.0	9823.0
410	3653.5	0.0	0.0	11027.0
420	4010.3333333333335	0.0	0.0	8396.0
430	3668.8333333333335	0.0	0.0	9970.0
440	3121.1666666666665	0.0	0.0	11600.0
450	3819.8333333333335	0.0	0.0	10805.0
460	3666.1666666666665	0.0	0.0	10558.0
470	3960.3333333333335	0.0	0.0	11076.0
480	3496.6666666666665	0.0	0.0	11298.0
490	3496.1666666666665	0.0	0.0	7404.0
500	3656.3333333333335	0.0	0.0	11287.0
510	4110.666666666667	0.0	0.0	11410.0
520	4053.5	0.0	0.0	11008.0
530	3582.1666666666665	0.0	0.0	12257.0
540	3741.1666666666665	0.0	0.0	8689.0
550	3831.5	0.0	0.0	9334.0
560	3406.0	0.0	0.0	11443.0
570	3513.1666666666665	0.0	0.0	10024.0
580	3698.6666666666665	0.0	0.0	9259.0
590	3476.5	0.0	0.0	11074.0
600	3970.5	0.0	0.0	9161.0
610	3857.3333333333335	0.0	0.0	8780.0
620	4007.1666666666665	0.0	0.0	9374.0
630	3868.8333333333335	0.0	0.0	8961.0
640	3529.1666666666665	0.0	0.0	9694.0
650	3791.3333333333335	0.0	0.0	14067.0
660	3758.3333333333335	0.0	0.0	10564.0
670	3488.5	0.0	0.0	7122.0
680	3639.0	0.0	0.0	11294.0
690	3790.5	0.0	0.0	8767.0
700	4086.1666666666665	0.0	0.0	11178.0
710	3721.5	0.0	0.0	9233.0
720	3825.1666666666665	0.0	0.0	9894.0
730	3773.6666666666665	0.0	0.0	11723.0
740	3731.8333333333335	0.0	0.0	11246.0
750	3540.3333333333335	0.0	0.0	10698.0
760	4013.3333333333335	0.0	0.0	11155.0
770	3970.3333333333335	0.0	0.0	12267.0
780	3913.8333333333335	0.0	0.0	9607.0
790	3860.0	0.0	0.0	9434.0
800	3880.3333333333335	0.0	0.0	9635.0
