0	2860.0	0.0	0.0	0.0
10	2574.6666666666665	1000.0	3556.0	11569.0
20	2427.5	0.0	0.0	7762.0
30	2461.1666666666665	0.0	0.0	9163.0
40	2976.3333333333335	0.0	0.0	9275.0
50	2708.6666666666665	0.0	0.0	9085.0
60	2417.6666666666665	0.0	0.0	9251.0
70	2819.0	0.0	0.0	8032.0
80	2764.5	0.0	0.0	9970.0
90	3058.6666666666665	0.0	0.0	12104.0
100	2546.3333333333335	0.0	0.0	6349.0
110	3149.1666666666665	0.0	0.0	10703.0
120	3074.5	0.0	0.0	6911.0
130	3137.6666666666665	0.0	0.0	8144.0
140	2821.0	0.0	0.0	11135.0
150	3303.1666666666665	0.0	0.0	10545.0
160	3256.3333333333335	0.0	0.0	12224.0
170	3182.6666666666665	0.0	0.0	12648.0
180	3135.8333333333335	0.0	0.0	11036.0
190	3128.1666666666665	0.0	0.0	10700.0
200	3609.8333333333335	0.0	0.0	8436.0
210	3945.6666666666665	0.0	0.0	11348.0
220	3244.5	0.0	0.0	7737.0
230	2866.6666666666665	0.0	0.0	10192.0
240	3462.0	0.0	0.0	14424.0
250	3400.8333333333335	0.0	0.0	13526.0
260	3757.0	0.0	0.0	10868.0
270	3201.1666666666665	0.0	0.0	9160.0
280	3553.1666666666665	0.0	0.0	9777.0
290	3805.6666666666665	0.0	0.0	12468.0
300	3855.5	0.0	0.0	9471.0
310	3627.8333333333335	0.0	0.0	10681.0
320	3580.8333333333335	0.0	0.0	8783.0
330	3760.8333333333335	0.0	0.0	10200.0
340	3223.8333333333335	0.0	0.0	11572.0
350	3532.3333333333335	0.0	0.0	11764.0
360	3650.1666666666665	0.0	0.0	12393.0
370	3615.1666666666665	0.0	0.0	7705.0
380	3410.3333333333335	0.0	0.0	11550.0
390	3416.6666666666665	0.0	0.0	7964.0
400	3848.5	0.0	0.0	10296.0
410	3417.5	0.0	0.0	9555.0
420	3626.1666666666665	0.0	0.0	11732.0
430	3408.3333333333335	0.0	0.0	9600.0
440	3898.5	0.0	0.0	10542.0
450	3592.6666666666665	0.0	0.0	11320.0
460	3657.6666666666665	0.0	0.0	10895.0
470	3674.8333333333335	0.0	0.0	10903.0
480	3785.6666666666665	0.0	0.0	11097.0
490	3613.5	0.0	0.0	15654.0
500	3668.3333333333335	0.0	0.0	11597.0
510	3586.5	0.0	0.0	11059.0
520	3873.6666666666665	0.0	0.0	9064.0
530	3642.0	0.0	0.0	10196.0
540	3153.6666666666665	0.0	0.0	8326.0
550	3639.1666666666665	0.0	0.0	9654.0
560	4088.1666666666665	0.0	0.0	11175.0
570	3945.0	0.0	0.0	11793.0
580	3570.8333333333335	0.0	0.0	12534.0
590	3498.8333333333335	0.0	0.0	10666.0
600	3772.1666666666665	0.0	0.0	9697.0
610	3867.1666666666665	0.0	0.0	9413.0
620	3579.8333333333335	0.0	0.0	10746.0
630	3394.0	0.0	0.0	7596.0
640	3970.5	0.0	0.0	11272.0
650	4206.666666666667	0.0	0.0	8812.0
660	3711.0	0.0	0.0	9044.0
670	3959.5	0.0	0.0	12357.0
680	3668.8333333333335	0.0	0.0	11551.0
690	3991.6666666666665	0.0	0.0	9907.0
700	3852.5	0.0	0.0	9328.0
710	3847.0	0.0	0.0	8636.0
720	3613.5	0.0	0.0	9310.0
730	3960.5	0.0	0.0	9798.0
740	3612.6666666666665	0.0	0.0	11011.0
750	4040.8333333333335	0.0	0.0	12047.0
760	3968.0	0.0	0.0	10939.0
770	3973.8333333333335	0.0	0.0	13222.0
780	3523.8333333333335	0.0	0.0	8784.0
790	3853.6666666666665	0.0	0.0	9632.0
800	3604.5	0.0	0.0	11617.0
