0	275.0	0.0	0.0	0.0
10	1875.25	859.0	15101.0	15101.0
20	2255.5	141.0	1575.0	12679.0
30	2096.25	0.0	0.0	5576.0
40	2364.0	0.0	0.0	6922.0
50	2316.25	0.0	0.0	6182.0
60	1887.5	0.0	0.0	10715.0
70	2594.5	0.0	0.0	8735.0
80	2312.25	0.0	0.0	8196.0
90	2212.5	0.0	0.0	7841.0
100	2476.75	0.0	0.0	7307.0
110	2350.0	0.0	0.0	10974.0
120	2319.0	0.0	0.0	7790.0
130	2301.0	0.0	0.0	6394.0
140	2246.25	0.0	0.0	8780.0
150	2381.75	0.0	0.0	8283.0
160	2445.75	0.0	0.0	7580.0
170	2501.25	0.0	0.0	9066.0
180	2682.75	0.0	0.0	7292.0
190	2657.25	0.0	0.0	7947.0
200	2639.5	0.0	0.0	6486.0
210	2443.75	0.0	0.0	8013.0
220	2552.5	0.0	0.0	9836.0
230	2531.5	0.0	0.0	7557.0
240	2575.75	0.0	0.0	13051.0
250	2134.25	0.0	0.0	9395.0
260	2189.0	0.0	0.0	7371.0
270	2910.75	0.0	0.0	5640.0
280	3007.0	0.0	0.0	7545.0
290	2500.25	0.0	0.0	8239.0
300	2938.75	0.0	0.0	13116.0
310	2823.25	0.0	0.0	9670.0
320	2850.0	0.0	0.0	10448.0
330	2939.0	0.0	0.0	11423.0
340	2844.25	0.0	0.0	10546.0
350	2589.5	0.0	0.0	8132.0
360	3143.5	0.0	0.0	8270.0
370	3013.0	0.0	0.0	11007.0
380	3166.75	0.0	0.0	9297.0
390	3505.0	0.0	0.0	12038.0
400	2723.25	0.0	0.0	8306.0
410	3224.5	0.0	0.0	11947.0
420	3328.75	0.0	0.0	12638.0
430	3616.25	0.0	0.0	10348.0
440	3662.25	0.0	0.0	10522.0
450	3306.25	0.0	0.0	8287.0
460	3360.25	0.0	0.0	8688.0
470	3289.0	0.0	0.0	10241.0
480	3007.0	0.0	0.0	12459.0
490	3670.0	0.0	0.0	11292.0
500	3166.25	0.0	0.0	11814.0
510	3304.75	0.0	0.0	9266.0
520	3513.5	0.0	0.0	13688.0
530	3613.25	0.0	0.0	12366.0
540	3895.0	0.0	0.0	11940.0
550	3907.5	0.0	0.0	14156.0
560	3620.25	0.0	0.0	9897.0
570	3606.25	0.0	0.0	8663.0
580	3406.25	0.0	0.0	11310.0
590	3951.75	0.0	0.0	13371.0
600	3674.75	0.0	0.0	10293.0
610	3729.5	0.0	0.0	10929.0
620	3583.5	0.0	0.0	12345.0
630	3958.75	0.0	0.0	11502.0
640	3653.5	0.0	0.0	11223.0
650	4125.5	0.0	0.0	9477.0
660	3553.0	0.0	0.0	10340.0
670	3785.75	0.0	0.0	10881.0
680	3171.5	0.0	0.0	12172.0
690	3753.5	0.0	0.0	10385.0
700	3789.0	0.0	0.0	11558.0
710	3528.5	0.0	0.0	12159.0
720	3802.5	0.0	0.0	8573.0
730	3647.25	0.0	0.0	9222.0
740	3604.75	0.0	0.0	11628.0
750	3320.0	0.0	0.0	10210.0
760	3414.5	0.0	0.0	12686.0
770	3668.75	0.0	0.0	7539.0
780	3752.25	0.0	0.0	8888.0
790	3763.75	0.0	0.0	11290.0
800	4083.25	0.0	0.0	10481.0
810	3281.5	0.0	0.0	8389.0
820	3509.25	0.0	0.0	9412.0
830	3746.5	0.0	0.0	8248.0
840	3445.75	0.0	0.0	11311.0
850	3853.5	0.0	0.0	10268.0
860	3711.0	0.0	0.0	10691.0
870	3767.25	0.0	0.0	10646.0
880	3594.75	0.0	0.0	10042.0
890	3882.25	0.0	0.0	7707.0
900	3543.5	0.0	0.0	9750.0
910	3134.5	0.0	0.0	7879.0
920	4138.5	0.0	0.0	11576.0
930	3212.0	0.0	0.0	11046.0
940	3466.5	0.0	0.0	9923.0
950	3488.5	0.0	0.0	9609.0
960	3139.75	0.0	0.0	6457.0
970	3821.25	0.0	0.0	9878.0
980	3703.0	0.0	0.0	8624.0
990	3955.5	0.0	0.0	12244.0
1000	4059.25	0.0	0.0	9691.0
