0	231.5	0.0	0.0	0.0
10	1915.25	534.0	9469.0	9469.0
20	1859.0	466.0	8868.0	10241.0
30	1729.0	0.0	0.0	5958.0
40	2167.5	0.0	0.0	7252.0
50	2257.0	0.0	0.0	7570.0
60	2198.5	0.0	0.0	8281.0
70	2161.5	0.0	0.0	6007.0
80	2117.25	0.0	0.0	8251.0
90	2014.75	0.0	0.0	6682.0
100	1834.0	0.0	0.0	9287.0
110	2445.75	0.0	0.0	8007.0
120	2200.5	0.0	0.0	9810.0
130	2432.25	0.0	0.0	9014.0
140	2207.0	0.0	0.0	9479.0
150	2244.0	0.0	0.0	8753.0
160	2228.5	0.0	0.0	8088.0
170	2526.0	0.0	0.0	9743.0
180	2599.0	0.0	0.0	12542.0
190	2527.5	0.0	0.0	7831.0
200	3179.75	0.0	0.0	5044.0
210	2534.25	0.0	0.0	6708.0
220	2027.25	0.0	0.0	5561.0
230	2414.5	0.0	0.0	9299.0
240	2751.0	0.0	0.0	11108.0
250	2442.25	0.0	0.0	10139.0
260	2710.5	0.0	0.0	6279.0
270	2664.75	0.0	0.0	8013.0
280	2834.25	0.0	0.0	7629.0
290	3239.25	0.0	0.0	6770.0
300	3498.75	0.0	0.0	9378.0
310	2904.75	0.0	0.0	6982.0
320	2762.0	0.0	0.0	8259.0
330	2913.0	0.0	0.0	8520.0
340	3069.0	0.0	0.0	12746.0
350	3587.5	0.0	0.0	10794.0
360	3719.0	0.0	0.0	14987.0
370	3252.25	0.0	0.0	11545.0
380	3998.75	0.0	0.0	9647.0
390	3609.75	0.0	0.0	10745.0
400	3761.5	0.0	0.0	8073.0
410	2718.5	0.0	0.0	11291.0
420	3480.5	0.0	0.0	12853.0
430	2894.5	0.0	0.0	10685.0
440	3726.5	0.0	0.0	8886.0
450	3622.75	0.0	0.0	9459.0
460	3470.75	0.0	0.0	8471.0
470	3521.0	0.0	0.0	9311.0
480	3538.0	0.0	0.0	6562.0
490	2641.0	0.0	0.0	9824.0
500	3321.5	0.0	0.0	12893.0
510	3396.5	0.0	0.0	11303.0
520	3575.0	0.0	0.0	10186.0
530	3506.25	0.0	0.0	10431.0
540	3178.5	0.0	0.0	10282.0
550	3527.5	0.0	0.0	10879.0
560	3411.0	0.0	0.0	12486.0
570	3744.0	0.0	0.0	10183.0
580	3895.5	0.0	0.0	7919.0
590	3715.0	0.0	0.0	9244.0
600	3960.5	0.0	0.0	11153.0
610	3746.5	0.0	0.0	7831.0
620	3779.0	0.0	0.0	8737.0
630	4142.25	0.0	0.0	11102.0
640	3454.25	0.0	0.0	11591.0
650	3569.0	0.0	0.0	8793.0
660	3526.5	0.0	0.0	8749.0
670	3671.0	0.0	0.0	12262.0
680	3438.25	0.0	0.0	8305.0
690	3279.25	0.0	0.0	10414.0
700	3699.5	0.0	0.0	9771.0
710	3745.0	0.0	0.0	12161.0
720	3984.25	0.0	0.0	12660.0
730	3709.75	0.0	0.0	8878.0
740	4086.25	0.0	0.0	10351.0
750	3841.75	0.0	0.0	10416.0
760	4194.5	0.0	0.0	11048.0
770	3996.75	0.0	0.0	8717.0
780	3345.75	0.0	0.0	10697.0
790	4196.75	0.0	0.0	10596.0
800	3765.25	0.0	0.0	10993.0
810	3584.25	0.0	0.0	6813.0
820	3233.5	0.0	0.0	11968.0
830	3172.75	0.0	0.0	8384.0
840	3611.5	0.0	0.0	8947.0
850	3666.75	0.0	0.0	10673.0
860	3853.25	0.0	0.0	12003.0
870	4073.5	0.0	0.0	10065.0
880	3739.25	0.0	0.0	11133.0
890	3100.0	0.0	0.0	8835.0
900	3558.5	0.0	0.0	9162.0
910	3320.5	0.0	0.0	9321.0
920	3560.25	0.0	0.0	9570.0
930	3664.25	0.0	0.0	11613.0
940	3292.25	0.0	0.0	9323.0
950	3676.25	0.0	0.0	12980.0
960	3433.0	0.0	0.0	11426.0
970	4208.75	0.0	0.0	8355.0
980	3702.75	0.0	0.0	10419.0
990	3916.75	0.0	0.0	13801.0
1000	3820.75	0.0	0.0	10538.0
