0	250.0	0.0	0.0
10	2054.6666666666665	1000.0	9497.0
20	1875.6666666666667	0.0	7439.0
30	2068.6666666666665	0.0	9425.0
40	2439.3333333333335	0.0	10021.0
50	2372.0	0.0	11597.0
60	2239.1666666666665	0.0	9111.0
70	2269.6666666666665	0.0	7180.0
80	2303.3333333333335	0.0	8704.0
90	2456.1666666666665	0.0	8322.0
100	2680.8333333333335	0.0	12408.0
110	2807.6666666666665	0.0	8185.0
120	2468.5	0.0	7059.0
130	2579.8333333333335	0.0	11048.0
140	2662.5	0.0	11912.0
150	2890.1666666666665	0.0	8435.0
160	2482.8333333333335	0.0	8911.0
170	2555.0	0.0	11016.0
180	2525.1666666666665	0.0	7595.0
190	2480.0	0.0	7369.0
200	2294.6666666666665	0.0	7910.0
210	2338.6666666666665	0.0	5461.0
220	2336.3333333333335	0.0	11694.0
230	2482.0	0.0	8466.0
240	2268.5	0.0	7332.0
250	2585.5	0.0	5691.0
260	2379.5	0.0	7793.0
270	2476.0	0.0	10752.0
280	2566.1666666666665	0.0	10707.0
290	2491.5	0.0	8626.0
300	2321.5	0.0	11891.0
310	2781.6666666666665	0.0	7160.0
320	3101.3333333333335	0.0	11108.0
330	3030.6666666666665	0.0	9638.0
340	2707.6666666666665	0.0	8536.0
350	3157.3333333333335	0.0	13996.0
360	2677.8333333333335	0.0	12484.0
370	3020.8333333333335	0.0	8265.0
380	3428.1666666666665	0.0	9354.0
390	3270.0	0.0	11315.0
400	2978.5	0.0	8065.0
410	2820.5	0.0	11547.0
420	3259.1666666666665	0.0	10491.0
430	3824.3333333333335	0.0	8258.0
440	3571.6666666666665	0.0	8479.0
450	3459.8333333333335	0.0	10445.0
460	3117.1666666666665	0.0	6891.0
470	3303.8333333333335	0.0	7234.0
480	3815.8333333333335	0.0	10140.0
490	3117.5	0.0	10783.0
500	3340.1666666666665	0.0	13780.0
510	3202.3333333333335	0.0	8329.0
520	3367.1666666666665	0.0	10099.0
530	3801.0	0.0	10914.0
540	3722.8333333333335	0.0	12326.0
550	3752.5	0.0	11619.0
560	3193.3333333333335	0.0	11956.0
570	3316.0	0.0	12465.0
580	3074.0	0.0	11143.0
590	3543.0	0.0	11412.0
600	3568.5	0.0	14938.0
610	3779.0	0.0	11351.0
620	4125.166666666667	0.0	9655.0
630	3099.6666666666665	0.0	12308.0
640	4051.5	0.0	11219.0
650	3249.8333333333335	0.0	11266.0
660	3780.6666666666665	0.0	10980.0
670	3755.5	0.0	11317.0
680	3762.5	0.0	13474.0
690	3759.5	0.0	7251.0
700	3794.1666666666665	0.0	11069.0
710	3696.5	0.0	11663.0
720	3166.8333333333335	0.0	9127.0
730	3948.3333333333335	0.0	10343.0
740	3381.8333333333335	0.0	12028.0
750	3219.0	0.0	10209.0
760	3712.0	0.0	9941.0
770	3608.6666666666665	0.0	10456.0
780	3514.1666666666665	0.0	10054.0
790	3956.5	0.0	8600.0
800	3703.1666666666665	0.0	12292.0
810	3467.8333333333335	0.0	12025.0
820	3217.8333333333335	0.0	11709.0
830	3522.1666666666665	0.0	11406.0
840	3799.6666666666665	0.0	8961.0
850	3977.0	0.0	10996.0
860	3777.6666666666665	0.0	11402.0
870	3796.8333333333335	0.0	10055.0
880	3472.3333333333335	0.0	11999.0
890	3931.1666666666665	0.0	11022.0
900	3705.1666666666665	0.0	11334.0
910	3649.8333333333335	0.0	10916.0
920	3823.1666666666665	0.0	10858.0
930	3867.8333333333335	0.0	10548.0
940	3608.5	0.0	12621.0
950	3579.1666666666665	0.0	10366.0
960	4115.166666666667	0.0	10023.0
970	3598.5	0.0	11629.0
980	3796.5	0.0	12202.0
990	3352.8333333333335	0.0	11979.0
1000	3564.5	0.0	12222.0
