0	2519.5944444444444	0.0	0.0	0.0
10	2621.522222222223	1000.0	1000.0	9519.066666666668
20	2630.616666666667	0.0	0.0	9289.633333333333
30	2709.766666666667	0.0	0.0	9323.766666666666
40	2695.8333333333335	0.0	0.0	9011.733333333334
50	2744.216666666667	0.0	0.0	8395.133333333333
60	2863.5333333333333	0.0	0.0	8797.7
70	2934.3999999999996	0.0	0.0	9021.366666666667
80	2961.877777777778	0.0	0.0	9474.6
90	2925.355555555556	0.0	0.0	10310.833333333334
100	3015.072222222222	0.0	0.0	9337.133333333333
110	3035.8000000000006	0.0	0.0	9557.566666666668
120	3101.494444444445	0.0	0.0	9413.966666666667
130	3134.1	0.0	0.0	9920.633333333333
140	3143.8277777777785	0.0	0.0	10509.6
150	3241.2944444444443	0.0	0.0	9487.233333333334
160	3335.861111111111	0.0	0.0	10631.933333333332
170	3367.677777777777	0.0	0.0	10101.3
180	3380.7444444444436	0.0	0.0	10389.133333333333
190	3259.4333333333334	0.0	0.0	10620.066666666668
200	3410.8166666666666	0.0	0.0	10170.333333333334
210	3365.4444444444443	0.0	0.0	10422.3
220	3337.8222222222225	0.0	0.0	10141.266666666666
230	3474.7722222222224	0.0	0.0	9970.133333333333
240	3451.461111111111	0.0	0.0	10218.466666666667
250	3418.8611111111104	0.0	0.0	10836.833333333334
260	3469.805555555555	0.0	0.0	10538.366666666667
270	3438.111111111111	0.0	0.0	10193.066666666668
280	3462.1444444444446	0.0	0.0	10296.066666666668
290	3543.022222222222	0.0	0.0	10452.7
300	3502.027777777777	0.0	0.0	10408.3
310	3543.744444444444	0.0	0.0	10295.766666666666
320	3540.244444444445	0.0	0.0	10354.533333333333
330	3567.233333333334	0.0	0.0	10644.466666666667
340	3507.4055555555556	0.0	0.0	10157.733333333334
350	3526.1388888888896	0.0	0.0	10211.533333333333
360	3536.3500000000004	0.0	0.0	10483.633333333333
370	3606.3222222222225	0.0	0.0	10203.333333333334
380	3634.494444444444	0.0	0.0	10285.566666666668
390	3714.822222222223	0.0	0.0	10070.833333333334
400	3628.7611111111114	0.0	0.0	9939.766666666666
410	3640.711111111111	0.0	0.0	10526.866666666667
420	3731.2555555555546	0.0	0.0	10344.366666666667
430	3645.65	0.0	0.0	10675.633333333333
440	3633.6277777777773	0.0	0.0	10496.666666666666
450	3751.722222222222	0.0	0.0	10607.433333333332
460	3701.7500000000005	0.0	0.0	10548.466666666667
470	3666.0333333333333	0.0	0.0	10338.433333333332
480	3683.188888888888	0.0	0.0	9962.4
490	3698.427777777778	0.0	0.0	10509.066666666668
500	3720.5388888888892	0.0	0.0	10618.466666666667
510	3651.7055555555557	0.0	0.0	10322.5
520	3723.661111111111	0.0	0.0	10434.266666666666
530	3736.1555555555556	0.0	0.0	10185.266666666666
540	3854.5111111111114	0.0	0.0	10516.5
550	3722.4055555555556	0.0	0.0	10691.3
560	3750.905555555556	0.0	0.0	10911.866666666667
570	3743.516666666666	0.0	0.0	10405.233333333334
580	3716.305555555555	0.0	0.0	10431.9
590	3809.0333333333333	0.0	0.0	10046.333333333334
600	3720.8333333333335	0.0	0.0	10586.3
