0	2623.1666666666665	0.0	0.0	0.0
10	2422.8333333333335	88.0	672.0	9787.0
20	2784.8333333333335	248.0	938.0	9617.0
30	2708.3333333333335	139.0	711.0	9008.0
40	2918.0	44.0	435.0	5906.0
50	2886.8333333333335	157.0	798.0	10208.0
60	2898.0	82.0	518.0	8114.0
70	3017.5	145.0	651.0	9049.0
80	2920.8333333333335	72.0	498.0	6726.0
90	2817.6666666666665	25.0	89.0	6941.0
100	2750.8333333333335	0.0	0.0	6262.0
110	2988.3333333333335	0.0	0.0	7559.0
120	3184.8333333333335	0.0	0.0	9323.0
130	2823.3333333333335	0.0	0.0	10225.0
140	2938.8333333333335	0.0	0.0	8128.0
150	2838.3333333333335	0.0	0.0	10306.0
160	3059.0	0.0	0.0	8424.0
170	3079.5	0.0	0.0	11807.0
180	3066.6666666666665	0.0	0.0	7604.0
190	2650.0	0.0	0.0	9622.0
200	3181.5	0.0	0.0	12911.0
210	2983.3333333333335	0.0	0.0	9261.0
220	2983.6666666666665	0.0	0.0	11901.0
230	3637.5	0.0	0.0	11075.0
240	3525.5	0.0	0.0	9199.0
250	3393.0	0.0	0.0	10698.0
260	3626.1666666666665	0.0	0.0	9838.0
270	3738.8333333333335	0.0	0.0	7368.0
280	3397.6666666666665	0.0	0.0	10310.0
290	3594.1666666666665	0.0	0.0	8287.0
300	3854.0	0.0	0.0	9773.0
310	3408.1666666666665	0.0	0.0	11859.0
320	3666.0	0.0	0.0	7535.0
330	3284.1666666666665	0.0	0.0	11070.0
340	3202.5	0.0	0.0	11922.0
350	3344.6666666666665	0.0	0.0	10897.0
360	3360.0	0.0	0.0	11653.0
370	3105.1666666666665	0.0	0.0	9006.0
380	3647.3333333333335	0.0	0.0	7549.0
390	3495.3333333333335	0.0	0.0	10073.0
400	3475.5	0.0	0.0	9692.0
410	3839.3333333333335	0.0	0.0	11502.0
420	2869.3333333333335	0.0	0.0	11635.0
430	3253.6666666666665	0.0	0.0	11585.0
440	3674.5	0.0	0.0	13427.0
450	3368.0	0.0	0.0	10481.0
460	3646.0	0.0	0.0	10078.0
470	3313.6666666666665	0.0	0.0	10226.0
480	3397.1666666666665	0.0	0.0	10076.0
490	3866.6666666666665	0.0	0.0	11232.0
500	3551.6666666666665	0.0	0.0	9312.0
510	3571.5	0.0	0.0	9767.0
520	2908.3333333333335	0.0	0.0	9846.0
530	4071.6666666666665	0.0	0.0	8135.0
540	3719.0	0.0	0.0	9801.0
550	3787.6666666666665	0.0	0.0	11261.0
560	4023.1666666666665	0.0	0.0	10995.0
570	3581.6666666666665	0.0	0.0	10383.0
580	3739.3333333333335	0.0	0.0	8825.0
590	3527.8333333333335	0.0	0.0	10554.0
600	4000.8333333333335	0.0	0.0	9860.0
