0	1136.0	0.0	0.0	0.0
10	1087.3333333333333	111.0	6088.0	6088.0
20	1207.6666666666667	197.0	6678.0	6678.0
30	1243.3333333333333	254.0	7443.0	7443.0
40	1145.6666666666667	211.0	7499.0	7499.0
50	1127.0	193.0	7788.0	7788.0
60	1139.6666666666667	34.0	2663.0	7081.0
70	1228.3333333333333	0.0	0.0	6711.0
80	953.3333333333334	0.0	0.0	5207.0
90	988.6666666666666	0.0	0.0	4292.0
100	1136.0	0.0	0.0	3429.0
110	970.0	0.0	0.0	5411.0
120	815.0	0.0	0.0	4995.0
130	1235.3333333333333	0.0	0.0	3742.0
140	1169.3333333333333	0.0	0.0	4650.0
150	1205.0	0.0	0.0	4511.0
160	1058.3333333333333	0.0	0.0	4418.0
170	1122.3333333333333	0.0	0.0	6049.0
180	1101.6666666666667	0.0	0.0	4750.0
190	1125.3333333333333	0.0	0.0	4682.0
200	1141.0	0.0	0.0	5304.0
210	1094.6666666666667	0.0	0.0	3873.0
220	1052.6666666666667	0.0	0.0	3786.0
230	1082.0	0.0	0.0	4202.0
240	1176.6666666666667	0.0	0.0	5509.0
250	1081.6666666666667	0.0	0.0	5418.0
260	1226.6666666666667	0.0	0.0	5127.0
270	1066.0	0.0	0.0	4992.0
280	1236.6666666666667	0.0	0.0	6970.0
290	1069.6666666666667	0.0	0.0	3508.0
300	1047.6666666666667	0.0	0.0	5752.0
310	1170.6666666666667	0.0	0.0	5445.0
320	1012.6666666666666	0.0	0.0	5158.0
330	1148.6666666666667	0.0	0.0	5764.0
340	1155.0	0.0	0.0	5948.0
350	1121.3333333333333	0.0	0.0	6152.0
360	1236.6666666666667	0.0	0.0	4349.0
370	1084.6666666666667	0.0	0.0	4033.0
380	1148.0	0.0	0.0	4346.0
390	1059.6666666666667	0.0	0.0	4630.0
400	1161.6666666666667	0.0	0.0	4410.0
410	1113.0	0.0	0.0	5012.0
420	1081.6666666666667	0.0	0.0	5249.0
430	1092.0	0.0	0.0	6090.0
440	1070.6666666666667	0.0	0.0	5295.0
450	1099.0	0.0	0.0	4618.0
460	1139.3333333333333	0.0	0.0	4002.0
470	1094.0	0.0	0.0	4645.0
480	1205.3333333333333	0.0	0.0	4337.0
490	1174.0	0.0	0.0	5768.0
500	1150.6666666666667	0.0	0.0	5057.0
510	1120.3333333333333	0.0	0.0	4396.0
520	1129.3333333333333	0.0	0.0	3944.0
530	1177.6666666666667	0.0	0.0	4374.0
540	964.3333333333334	0.0	0.0	5138.0
550	1059.0	0.0	0.0	4941.0
560	1072.6666666666667	0.0	0.0	4903.0
570	1161.3333333333333	0.0	0.0	4942.0
580	1100.6666666666667	0.0	0.0	4601.0
590	1153.0	0.0	0.0	4782.0
600	1068.0	0.0	0.0	4538.0
610	1163.0	0.0	0.0	5166.0
620	1074.6666666666667	0.0	0.0	4940.0
630	1100.3333333333333	0.0	0.0	6906.0
640	1026.0	0.0	0.0	5269.0
650	1245.0	0.0	0.0	4851.0
660	1235.3333333333333	0.0	0.0	4860.0
670	1048.0	0.0	0.0	4050.0
680	1085.6666666666667	0.0	0.0	4015.0
690	1048.0	0.0	0.0	4243.0
700	1137.6666666666667	0.0	0.0	5176.0
710	1065.6666666666667	0.0	0.0	4334.0
720	1075.3333333333333	0.0	0.0	4108.0
730	1134.3333333333333	0.0	0.0	4692.0
740	1109.3333333333333	0.0	0.0	4674.0
750	1094.3333333333333	0.0	0.0	4625.0
760	1160.0	0.0	0.0	5365.0
770	1160.6666666666667	0.0	0.0	5205.0
780	1034.0	0.0	0.0	3919.0
790	1061.3333333333333	0.0	0.0	5521.0
800	1112.0	0.0	0.0	5539.0
810	1262.6666666666667	0.0	0.0	5499.0
820	1158.3333333333333	0.0	0.0	5737.0
830	1224.3333333333333	0.0	0.0	5006.0
840	1234.6666666666667	0.0	0.0	5177.0
850	1186.3333333333333	0.0	0.0	6068.0
860	1041.3333333333333	0.0	0.0	5377.0
870	1113.3333333333333	0.0	0.0	3869.0
880	1211.6666666666667	0.0	0.0	5941.0
890	969.6666666666666	0.0	0.0	3078.0
900	1051.3333333333333	0.0	0.0	5563.0
910	1108.0	0.0	0.0	5512.0
920	1116.6666666666667	0.0	0.0	6044.0
930	1164.6666666666667	0.0	0.0	5089.0
940	1115.0	0.0	0.0	3744.0
950	1128.0	0.0	0.0	4663.0
960	1072.6666666666667	0.0	0.0	3739.0
970	1196.0	0.0	0.0	5495.0
980	1077.3333333333333	0.0	0.0	4367.0
990	1185.0	0.0	0.0	4462.0
1000	1101.0	0.0	0.0	4398.0
