0	2951.1666666666665	0.0	0.0	0.0
10	2371.1666666666665	0.0	7910.0	7910.0
20	2541.3333333333335	0.0	9849.0	9849.0
30	2757.3333333333335	0.0	12805.0	12805.0
40	2672.5	0.0	7945.0	7945.0
50	3417.5	0.0	10525.0	10525.0
60	3266.3333333333335	0.0	10109.0	10109.0
70	2715.5	0.0	8248.0	8248.0
80	3148.8333333333335	0.0	16146.0	16146.0
90	3682.1666666666665	0.0	7296.0	7296.0
100	3542.1666666666665	0.0	10220.0	10220.0
110	3687.8333333333335	0.0	13391.0	13391.0
120	3512.6666666666665	0.0	7527.0	7527.0
130	3609.5	0.0	9484.0	9484.0
140	3372.8333333333335	0.0	10989.0	10989.0
150	3127.8333333333335	0.0	9118.0	9118.0
160	3208.8333333333335	0.0	11285.0	11285.0
170	3117.8333333333335	0.0	11785.0	11785.0
180	3658.8333333333335	0.0	6942.0	6942.0
190	3475.6666666666665	0.0	7568.0	7568.0
200	3811.3333333333335	0.0	9778.0	9778.0
210	2996.8333333333335	0.0	11278.0	11278.0
220	3743.5	0.0	13064.0	13064.0
230	3858.6666666666665	0.0	10284.0	10284.0
240	2944.6666666666665	0.0	10047.0	10047.0
250	3535.3333333333335	0.0	11597.0	11597.0
260	3796.3333333333335	0.0	10319.0	10319.0
270	3483.8333333333335	0.0	6625.0	6625.0
280	3746.3333333333335	0.0	9401.0	9401.0
290	2774.0	0.0	10484.0	10484.0
300	3593.6666666666665	0.0	10741.0	10741.0
310	3648.8333333333335	0.0	9918.0	9918.0
320	3622.0	0.0	6866.0	6866.0
330	3741.5	0.0	10281.0	10281.0
340	3788.6666666666665	0.0	7185.0	7185.0
350	3781.0	0.0	9243.0	9243.0
360	3329.8333333333335	0.0	9862.0	9862.0
370	3332.1666666666665	0.0	9715.0	9715.0
380	3756.8333333333335	0.0	11820.0	11820.0
390	3888.1666666666665	0.0	11764.0	11764.0
400	2898.1666666666665	0.0	11674.0	11674.0
410	3409.1666666666665	0.0	10580.0	10580.0
420	3047.0	0.0	8360.0	8360.0
430	3280.3333333333335	0.0	9484.0	9484.0
440	4095.0	0.0	13794.0	13794.0
450	3871.3333333333335	0.0	10113.0	10113.0
460	3528.3333333333335	0.0	11392.0	11392.0
470	3354.1666666666665	0.0	10067.0	10067.0
480	3885.8333333333335	0.0	9542.0	9542.0
490	3951.1666666666665	0.0	9977.0	9977.0
500	3672.1666666666665	0.0	10495.0	10495.0
