0	3056.8333333333335	0.0	0.0	0.0
10	3029.5	0.0	9644.0	9644.0
20	2810.8333333333335	0.0	8938.0	8938.0
30	3068.1666666666665	0.0	9306.0	9306.0
40	2441.8333333333335	0.0	10127.0	10127.0
50	3134.6666666666665	0.0	9082.0	9082.0
60	2877.5	0.0	8144.0	8144.0
70	2728.5	0.0	7790.0	7790.0
80	2910.1666666666665	0.0	11465.0	11465.0
90	2897.1666666666665	0.0	9577.0	9577.0
100	2765.8333333333335	0.0	7233.0	7233.0
110	3131.0	0.0	11296.0	11296.0
120	3496.5	0.0	14281.0	14281.0
130	3496.0	0.0	8639.0	8639.0
140	3470.6666666666665	0.0	8906.0	8906.0
150	2961.8333333333335	0.0	12569.0	12569.0
160	3735.3333333333335	0.0	8403.0	8403.0
170	2790.6666666666665	0.0	5457.0	5457.0
180	3286.0	0.0	7964.0	7964.0
190	3200.5	0.0	10154.0	10154.0
200	3033.5	0.0	10121.0	10121.0
210	3497.8333333333335	0.0	10326.0	10326.0
220	3661.8333333333335	0.0	8795.0	8795.0
230	3310.5	0.0	11108.0	11108.0
240	3641.0	0.0	11556.0	11556.0
250	3617.1666666666665	0.0	10134.0	10134.0
260	3233.3333333333335	0.0	12858.0	12858.0
270	3333.8333333333335	0.0	8794.0	8794.0
280	3483.0	0.0	8387.0	8387.0
290	3639.5	0.0	12905.0	12905.0
300	3260.5	0.0	10744.0	10744.0
310	3424.5	0.0	9911.0	9911.0
320	3202.3333333333335	0.0	11425.0	11425.0
330	3851.5	0.0	14444.0	14444.0
340	3181.1666666666665	0.0	10055.0	10055.0
350	3134.8333333333335	0.0	10830.0	10830.0
360	3332.5	0.0	12330.0	12330.0
370	3783.5	0.0	9521.0	9521.0
380	3415.5	0.0	11587.0	11587.0
390	3237.5	0.0	12925.0	12925.0
400	3584.8333333333335	0.0	13572.0	13572.0
410	3423.3333333333335	0.0	10382.0	10382.0
420	3480.0	0.0	10867.0	10867.0
430	3720.3333333333335	0.0	10322.0	10322.0
440	3476.1666666666665	0.0	12204.0	12204.0
450	3815.8333333333335	0.0	10010.0	10010.0
460	3423.6666666666665	0.0	9087.0	9087.0
470	3347.3333333333335	0.0	10125.0	10125.0
480	3712.5	0.0	10221.0	10221.0
490	3732.1666666666665	0.0	10025.0	10025.0
500	3403.1666666666665	0.0	12387.0	12387.0
