0	248.0	0.0	0.0
10	2060.5	0.0	6691.0
20	2050.6666666666665	1.0	7974.0
30	2055.0	4.0	11321.0
40	2110.8333333333335	32.0	10332.0
50	2258.3333333333335	15.0	9494.0
60	2258.8333333333335	18.0	8887.0
70	2274.1666666666665	11.0	6124.0
80	2392.6666666666665	10.0	9644.0
90	2654.1666666666665	18.0	12874.0
100	2199.0	7.0	10435.0
110	2531.1666666666665	2.0	11631.0
120	2560.6666666666665	11.0	8828.0
130	2535.3333333333335	1.0	6412.0
140	2238.5	1.0	12331.0
150	2775.0	7.0	10336.0
160	2878.1666666666665	7.0	9184.0
170	2525.0	1.0	7844.0
180	2317.0	2.0	7099.0
190	2503.0	0.0	8474.0
200	2762.5	4.0	4722.0
210	2335.6666666666665	0.0	4529.0
220	2599.6666666666665	0.0	11386.0
230	2469.1666666666665	0.0	12800.0
240	2012.1666666666667	0.0	10103.0
250	2414.1666666666665	13.0	10416.0
260	2957.0	10.0	8296.0
270	2224.3333333333335	2.0	6718.0
280	2452.3333333333335	3.0	11444.0
290	3226.6666666666665	5.0	12926.0
300	2578.6666666666665	3.0	7834.0
310	3527.5	1.0	11900.0
320	2663.6666666666665	5.0	7144.0
330	3281.5	0.0	12857.0
340	3557.0	3.0	13709.0
350	3005.6666666666665	0.0	7597.0
360	3279.1666666666665	0.0	11362.0
370	3060.6666666666665	5.0	8543.0
380	2718.8333333333335	9.0	11124.0
390	3161.6666666666665	1.0	10961.0
400	3073.8333333333335	3.0	11493.0
410	3499.0	4.0	12374.0
420	3258.8333333333335	12.0	11476.0
430	3521.3333333333335	4.0	9957.0
440	3156.5	10.0	8490.0
450	3666.8333333333335	6.0	11059.0
460	3152.6666666666665	10.0	12700.0
470	3289.0	10.0	11294.0
480	3653.5	18.0	13298.0
490	3558.3333333333335	14.0	13519.0
500	3328.6666666666665	6.0	11582.0
510	3813.8333333333335	12.0	10031.0
520	3022.5	8.0	11667.0
530	3116.6666666666665	17.0	10305.0
540	3772.0	14.0	10240.0
550	3828.1666666666665	20.0	11746.0
560	3978.5	21.0	11770.0
570	3387.6666666666665	18.0	9652.0
580	4044.0	20.0	13076.0
590	3806.5	23.0	9958.0
600	3644.0	16.0	11124.0
610	3726.0	41.0	13171.0
620	3646.1666666666665	32.0	11676.0
630	3999.1666666666665	24.0	8504.0
640	3715.8333333333335	48.0	9531.0
650	3946.0	46.0	11206.0
660	3696.0	40.0	12608.0
670	3727.6666666666665	49.0	12434.0
680	3742.3333333333335	44.0	10674.0
690	3613.0	51.0	12445.0
700	3951.3333333333335	46.0	12660.0
710	3786.8333333333335	39.0	11451.0
720	3837.3333333333335	49.0	11561.0
730	3965.1666666666665	13.0	12295.0
740	4121.833333333333	0.0	10904.0
750	3971.5	0.0	12099.0
760	3965.6666666666665	0.0	9073.0
770	3872.8333333333335	0.0	9229.0
780	3699.8333333333335	0.0	11093.0
790	3749.1666666666665	0.0	8873.0
800	3800.6666666666665	0.0	10968.0
810	3317.5	0.0	10593.0
820	3623.0	0.0	13996.0
830	3892.6666666666665	0.0	9586.0
840	3538.6666666666665	0.0	8876.0
850	3730.3333333333335	0.0	12137.0
860	3929.5	0.0	13633.0
870	3758.6666666666665	0.0	13542.0
880	3833.8333333333335	0.0	10577.0
890	3950.1666666666665	0.0	8974.0
900	3303.5	0.0	9131.0
910	3650.1666666666665	0.0	9111.0
920	3647.0	0.0	9639.0
930	4022.3333333333335	0.0	6990.0
940	3953.1666666666665	0.0	9607.0
950	3650.3333333333335	0.0	6523.0
960	3714.1666666666665	0.0	11445.0
970	4220.833333333333	0.0	6805.0
980	3762.1666666666665	0.0	8817.0
990	3913.0	0.0	11187.0
1000	3998.8333333333335	0.0	10091.0
