0	2203.1666666666665	0.0	0.0	0.0
10	2040.3333333333333	688.0	1928.0	9962.0
20	2054.5	312.0	738.0	7518.0
30	2350.1666666666665	0.0	0.0	8208.0
40	2308.3333333333335	0.0	0.0	8035.0
50	2466.3333333333335	0.0	0.0	8432.0
60	2428.6666666666665	0.0	0.0	10465.0
70	2458.1666666666665	0.0	0.0	12443.0
80	2450.8333333333335	0.0	0.0	10266.0
90	2345.6666666666665	0.0	0.0	12164.0
100	2495.1666666666665	0.0	0.0	12146.0
110	2527.3333333333335	0.0	0.0	10161.0
120	2322.5	0.0	0.0	7886.0
130	2147.0	0.0	0.0	11136.0
140	2198.3333333333335	0.0	0.0	8360.0
150	2335.1666666666665	0.0	0.0	7290.0
160	2366.8333333333335	0.0	0.0	9461.0
170	2754.6666666666665	0.0	0.0	8571.0
180	2783.5	0.0	0.0	8213.0
190	2941.0	0.0	0.0	6935.0
200	2780.3333333333335	0.0	0.0	6424.0
210	2680.0	0.0	0.0	9538.0
220	2610.1666666666665	0.0	0.0	9377.0
230	2479.8333333333335	0.0	0.0	10949.0
240	2220.0	0.0	0.0	11123.0
250	3035.8333333333335	0.0	0.0	10255.0
260	2820.1666666666665	0.0	0.0	10431.0
270	3122.6666666666665	0.0	0.0	11360.0
280	2914.5	0.0	0.0	5991.0
290	2903.1666666666665	0.0	0.0	7389.0
300	3161.3333333333335	0.0	0.0	7311.0
310	3394.5	0.0	0.0	7738.0
320	3092.6666666666665	0.0	0.0	9778.0
330	3455.5	0.0	0.0	7797.0
340	3318.8333333333335	0.0	0.0	7546.0
350	2899.8333333333335	0.0	0.0	11124.0
360	3839.1666666666665	0.0	0.0	7718.0
370	3584.0	0.0	0.0	7263.0
380	2725.1666666666665	0.0	0.0	13303.0
390	3290.6666666666665	0.0	0.0	10112.0
400	3734.5	0.0	0.0	9111.0
410	3488.0	0.0	0.0	10041.0
420	2820.0	0.0	0.0	11205.0
430	2945.3333333333335	0.0	0.0	11545.0
440	3128.6666666666665	0.0	0.0	10739.0
450	3764.0	0.0	0.0	8445.0
460	3297.6666666666665	0.0	0.0	9867.0
470	3597.6666666666665	0.0	0.0	10319.0
480	3402.5	0.0	0.0	9447.0
490	3522.3333333333335	0.0	0.0	8419.0
500	3809.1666666666665	0.0	0.0	7279.0
510	3828.5	0.0	0.0	10861.0
520	3876.3333333333335	0.0	0.0	11154.0
530	3572.5	0.0	0.0	12749.0
540	3104.8333333333335	0.0	0.0	8061.0
550	3817.1666666666665	0.0	0.0	12133.0
560	3517.6666666666665	0.0	0.0	11642.0
570	3566.6666666666665	0.0	0.0	12642.0
580	3201.3333333333335	0.0	0.0	12545.0
590	3809.3333333333335	0.0	0.0	8450.0
600	3736.1666666666665	0.0	0.0	10133.0
610	3860.5	0.0	0.0	9139.0
620	3676.1666666666665	0.0	0.0	9826.0
630	4138.666666666667	0.0	0.0	10471.0
640	3636.6666666666665	0.0	0.0	12525.0
650	3533.3333333333335	0.0	0.0	9902.0
660	3830.1666666666665	0.0	0.0	10633.0
670	3790.8333333333335	0.0	0.0	12499.0
680	3460.3333333333335	0.0	0.0	6038.0
690	3634.5	0.0	0.0	9369.0
700	3522.5	0.0	0.0	12147.0
710	3559.1666666666665	0.0	0.0	10800.0
720	3806.3333333333335	0.0	0.0	12824.0
730	4058.5	0.0	0.0	8514.0
740	3915.5	0.0	0.0	10045.0
750	3472.0	0.0	0.0	11564.0
760	3903.6666666666665	0.0	0.0	7071.0
770	3529.6666666666665	0.0	0.0	8907.0
780	3664.1666666666665	0.0	0.0	12064.0
790	3811.0	0.0	0.0	11949.0
800	3896.1666666666665	0.0	0.0	9246.0
810	4011.8333333333335	0.0	0.0	8237.0
820	3630.8333333333335	0.0	0.0	9736.0
830	3901.3333333333335	0.0	0.0	8541.0
840	3955.1666666666665	0.0	0.0	11212.0
850	3697.5	0.0	0.0	12573.0
860	3847.5	0.0	0.0	11951.0
870	3803.6666666666665	0.0	0.0	13512.0
880	3796.6666666666665	0.0	0.0	10659.0
890	3822.3333333333335	0.0	0.0	11789.0
900	3743.8333333333335	0.0	0.0	10146.0
910	3457.3333333333335	0.0	0.0	10237.0
920	3585.0	0.0	0.0	10636.0
930	3527.3333333333335	0.0	0.0	10247.0
940	4078.6666666666665	0.0	0.0	8570.0
950	3702.6666666666665	0.0	0.0	11153.0
960	3490.8333333333335	0.0	0.0	9712.0
970	3802.5	0.0	0.0	8551.0
980	4022.1666666666665	0.0	0.0	9046.0
990	3792.1666666666665	0.0	0.0	10991.0
1000	3875.5	0.0	0.0	8388.0
