0	233.0	0.0	0.0	0.0
10	2017.8333333333333	62.0	1739.0	6681.0
20	1918.6666666666667	0.0	347.0	6721.0
30	2196.0	5.0	769.0	9664.0
40	1839.8333333333333	0.0	638.0	8382.0
50	2158.1666666666665	2.0	482.0	7445.0
60	1960.0	0.0	319.0	6678.0
70	2059.3333333333335	0.0	486.0	8206.0
80	2174.6666666666665	21.0	1589.0	13084.0
90	2165.5	0.0	908.0	9328.0
100	2368.3333333333335	0.0	786.0	8594.0
110	2460.8333333333335	5.0	960.0	10248.0
120	2490.1666666666665	0.0	913.0	9494.0
130	2371.5	0.0	348.0	7533.0
140	2291.8333333333335	10.0	1082.0	10579.0
150	2419.3333333333335	0.0	746.0	7425.0
160	2687.5	0.0	882.0	9138.0
170	2523.1666666666665	6.0	1590.0	13621.0
180	2683.8333333333335	0.0	517.0	8505.0
190	2574.8333333333335	0.0	682.0	8484.0
200	2268.6666666666665	2.0	632.0	10650.0
210	2632.0	0.0	1114.0	13724.0
220	2561.1666666666665	0.0	385.0	7765.0
230	2688.1666666666665	5.0	419.0	8193.0
240	2462.3333333333335	5.0	671.0	10707.0
250	2428.6666666666665	0.0	393.0	7760.0
260	2101.8333333333335	2.0	348.0	7709.0
270	2925.0	4.0	717.0	11139.0
280	2490.1666666666665	14.0	1112.0	12154.0
290	2742.8333333333335	1.0	612.0	9508.0
300	2481.6666666666665	1.0	578.0	10752.0
310	2885.8333333333335	0.0	444.0	7977.0
320	2263.1666666666665	0.0	974.0	12435.0
330	2473.1666666666665	0.0	521.0	8963.0
340	2649.1666666666665	3.0	570.0	10684.0
350	2785.8333333333335	0.0	272.0	7165.0
360	2472.8333333333335	0.0	558.0	10026.0
370	2520.1666666666665	0.0	604.0	6879.0
380	2829.8333333333335	0.0	644.0	10019.0
390	3342.6666666666665	0.0	437.0	7969.0
400	3203.6666666666665	0.0	614.0	9097.0
410	3130.8333333333335	0.0	621.0	10506.0
420	2806.5	0.0	527.0	11226.0
430	3070.3333333333335	0.0	336.0	8899.0
440	2744.1666666666665	0.0	427.0	9880.0
450	2720.1666666666665	0.0	630.0	10729.0
460	3527.3333333333335	0.0	863.0	12843.0
470	3163.3333333333335	0.0	889.0	12830.0
480	3298.5	0.0	562.0	8001.0
490	3710.6666666666665	0.0	581.0	9362.0
500	2851.1666666666665	0.0	503.0	10654.0
510	3063.1666666666665	0.0	504.0	9038.0
520	3427.3333333333335	0.0	566.0	10223.0
530	3926.6666666666665	0.0	800.0	10406.0
540	3574.6666666666665	0.0	523.0	11114.0
550	3778.6666666666665	0.0	487.0	7376.0
560	3295.8333333333335	0.0	783.0	12148.0
570	3080.1666666666665	0.0	829.0	12204.0
580	3816.3333333333335	0.0	697.0	12115.0
590	3486.0	0.0	697.0	9285.0
600	3998.1666666666665	0.0	1087.0	11184.0
610	3580.5	0.0	1063.0	10022.0
620	3284.1666666666665	0.0	1562.0	13444.0
630	3049.8333333333335	0.0	785.0	9674.0
640	3772.3333333333335	0.0	1089.0	10948.0
650	3895.0	0.0	1345.0	10868.0
660	3732.6666666666665	0.0	983.0	10620.0
670	3696.3333333333335	0.0	1205.0	12509.0
680	3328.0	0.0	772.0	11037.0
690	3440.8333333333335	0.0	898.0	11349.0
700	3896.5	0.0	841.0	9554.0
710	3668.1666666666665	0.0	905.0	13678.0
720	3271.1666666666665	0.0	297.0	7776.0
730	3938.6666666666665	0.0	731.0	8854.0
740	3819.5	0.0	854.0	8889.0
750	3500.6666666666665	0.0	724.0	9310.0
760	3823.3333333333335	0.0	590.0	8986.0
770	3704.3333333333335	0.0	967.0	9950.0
780	3832.1666666666665	0.0	826.0	10793.0
790	3763.0	0.0	678.0	10894.0
800	3425.0	0.0	862.0	12094.0
810	3879.6666666666665	0.0	670.0	10222.0
820	4111.0	0.0	917.0	10003.0
830	4029.0	0.0	497.0	8210.0
840	3558.1666666666665	0.0	822.0	10613.0
850	3826.0	0.0	595.0	11662.0
860	3739.6666666666665	0.0	374.0	9072.0
870	3808.3333333333335	0.0	454.0	10224.0
880	3743.0	0.0	545.0	9259.0
890	3551.6666666666665	0.0	383.0	8650.0
900	3812.3333333333335	0.0	622.0	11697.0
910	3799.6666666666665	0.0	460.0	10093.0
920	3503.0	0.0	319.0	9284.0
930	4147.333333333333	0.0	416.0	8477.0
940	3838.8333333333335	0.0	665.0	10420.0
950	3911.6666666666665	0.0	486.0	9894.0
960	3757.5	0.0	792.0	13374.0
970	3751.0	0.0	318.0	9296.0
980	3690.0	0.0	785.0	11827.0
990	3742.0	0.0	367.0	9657.0
1000	3341.0	0.0	686.0	10528.0
