0	268.0	0.0	0.0	0.0
10	1999.3333333333333	14.0	1847.0	6703.0
20	2243.1666666666665	13.0	536.0	6413.0
30	2104.3333333333335	4.0	699.0	8343.0
40	2044.1666666666667	15.0	768.0	9656.0
50	2207.0	0.0	502.0	7915.0
60	1978.8333333333333	2.0	1187.0	11527.0
70	2292.5	13.0	745.0	8946.0
80	2228.1666666666665	0.0	526.0	7732.0
90	2253.6666666666665	0.0	374.0	7636.0
100	2181.6666666666665	0.0	359.0	6297.0
110	2351.5	0.0	588.0	7550.0
120	2427.5	0.0	203.0	5101.0
130	2373.5	0.0	560.0	6917.0
140	2260.8333333333335	0.0	723.0	8751.0
150	2413.1666666666665	1.0	750.0	8229.0
160	2304.5	12.0	1056.0	10529.0
170	2303.6666666666665	3.0	610.0	8732.0
180	2442.3333333333335	0.0	268.0	6618.0
190	2193.1666666666665	0.0	584.0	9541.0
200	2447.3333333333335	0.0	415.0	8139.0
210	2399.3333333333335	5.0	531.0	9177.0
220	2771.6666666666665	0.0	658.0	9217.0
230	2555.8333333333335	0.0	206.0	7303.0
240	2437.5	0.0	504.0	9025.0
250	2586.3333333333335	0.0	647.0	10122.0
260	2857.0	0.0	538.0	7663.0
270	2592.6666666666665	0.0	363.0	7828.0
280	2775.0	0.0	1201.0	10500.0
290	2722.1666666666665	0.0	191.0	4137.0
300	2556.0	3.0	490.0	9193.0
310	3094.5	18.0	909.0	10965.0
320	2914.6666666666665	0.0	635.0	7958.0
330	3060.0	0.0	632.0	10074.0
340	2800.0	0.0	794.0	9704.0
350	2993.6666666666665	0.0	432.0	7474.0
360	2916.0	4.0	606.0	10012.0
370	2675.0	0.0	820.0	12092.0
380	2519.6666666666665	5.0	752.0	9779.0
390	2626.0	8.0	491.0	9205.0
400	2515.1666666666665	0.0	552.0	9155.0
410	2471.0	0.0	429.0	8302.0
420	3193.0	0.0	705.0	9119.0
430	2491.0	0.0	585.0	10629.0
440	3345.6666666666665	0.0	402.0	8172.0
450	3405.0	0.0	415.0	7434.0
460	2847.6666666666665	0.0	443.0	8606.0
470	3242.6666666666665	0.0	430.0	5643.0
480	3035.0	0.0	669.0	8541.0
490	3184.0	0.0	778.0	9926.0
500	3244.8333333333335	0.0	523.0	9545.0
510	2904.5	0.0	446.0	6590.0
520	3316.5	0.0	674.0	7870.0
530	3027.6666666666665	0.0	788.0	12458.0
540	3332.3333333333335	0.0	596.0	10975.0
550	3298.3333333333335	0.0	829.0	13229.0
560	3244.0	0.0	770.0	11272.0
570	3460.8333333333335	0.0	601.0	11290.0
580	3403.3333333333335	0.0	633.0	10891.0
590	3237.5	0.0	725.0	13361.0
600	3384.6666666666665	0.0	599.0	11798.0
610	3514.1666666666665	0.0	635.0	10529.0
620	3464.6666666666665	0.0	668.0	11654.0
630	3608.1666666666665	0.0	684.0	12406.0
640	3588.0	0.0	427.0	8865.0
650	2658.1666666666665	0.0	795.0	9601.0
660	3179.1666666666665	0.0	941.0	10818.0
670	3443.0	0.0	734.0	11185.0
680	3524.3333333333335	0.0	671.0	13323.0
690	3604.5	0.0	641.0	11042.0
700	3646.5	0.0	933.0	11009.0
710	3457.1666666666665	0.0	487.0	8955.0
720	3702.8333333333335	0.0	496.0	10631.0
730	4162.333333333333	0.0	672.0	9765.0
740	3706.0	0.0	449.0	10487.0
750	3573.6666666666665	0.0	715.0	12427.0
760	3298.5	0.0	567.0	11972.0
770	3869.1666666666665	0.0	548.0	10746.0
780	4066.6666666666665	0.0	550.0	10898.0
790	4050.6666666666665	0.0	563.0	9392.0
800	3298.3333333333335	0.0	560.0	7945.0
810	3521.8333333333335	0.0	896.0	10825.0
820	3831.5	0.0	881.0	10905.0
830	3866.3333333333335	0.0	852.0	11520.0
840	3936.0	0.0	417.0	8491.0
850	3118.0	0.0	628.0	8883.0
860	3953.6666666666665	0.0	615.0	8480.0
870	3956.5	0.0	790.0	9423.0
880	3603.6666666666665	0.0	848.0	14187.0
890	3810.3333333333335	0.0	679.0	9650.0
900	3675.8333333333335	0.0	446.0	9534.0
910	3671.0	0.0	966.0	10738.0
920	3514.8333333333335	0.0	824.0	11836.0
930	3895.0	0.0	765.0	9739.0
940	3483.5	0.0	546.0	12168.0
950	3565.8333333333335	0.0	550.0	11075.0
960	4074.6666666666665	0.0	469.0	11343.0
970	3737.5	0.0	521.0	11398.0
980	3969.5	0.0	790.0	9872.0
990	3654.0	0.0	702.0	12316.0
1000	3955.3333333333335	0.0	800.0	10399.0
