0	2114.1666666666665	0.0	0.0	0.0
10	2210.0	417.0	1765.0	10591.0
20	2304.5	555.0	1494.0	8785.0
30	2402.1666666666665	28.0	317.0	10664.0
40	2454.1666666666665	0.0	0.0	10334.0
50	2287.8333333333335	0.0	0.0	8848.0
60	2405.5	0.0	0.0	9934.0
70	2369.6666666666665	0.0	0.0	11873.0
80	2631.8333333333335	0.0	0.0	10721.0
90	2550.8333333333335	0.0	0.0	9018.0
100	2439.5	0.0	0.0	6722.0
110	2699.3333333333335	0.0	0.0	9600.0
120	2620.3333333333335	0.0	0.0	10386.0
130	2828.5	0.0	0.0	8463.0
140	2718.8333333333335	0.0	0.0	10605.0
150	2513.6666666666665	0.0	0.0	9514.0
160	2827.6666666666665	0.0	0.0	11111.0
170	2447.6666666666665	0.0	0.0	7616.0
180	2626.3333333333335	0.0	0.0	9630.0
190	2708.6666666666665	0.0	0.0	8260.0
200	2788.8333333333335	0.0	0.0	9912.0
210	3302.0	0.0	0.0	6275.0
220	3268.8333333333335	0.0	0.0	9908.0
230	2707.0	0.0	0.0	11728.0
240	3310.5	0.0	0.0	8632.0
250	2961.3333333333335	0.0	0.0	8868.0
260	3040.5	0.0	0.0	7782.0
270	3078.5	0.0	0.0	9532.0
280	3410.6666666666665	0.0	0.0	10556.0
290	3359.6666666666665	0.0	0.0	10531.0
300	3524.0	0.0	0.0	11073.0
310	3560.6666666666665	0.0	0.0	11385.0
320	2845.3333333333335	0.0	0.0	10594.0
330	3539.6666666666665	0.0	0.0	8589.0
340	3857.0	0.0	0.0	10379.0
350	3259.6666666666665	0.0	0.0	13352.0
360	3418.1666666666665	0.0	0.0	7068.0
370	3566.6666666666665	0.0	0.0	8483.0
380	3330.8333333333335	0.0	0.0	9096.0
390	2815.3333333333335	0.0	0.0	8997.0
400	3634.5	0.0	0.0	8230.0
410	3614.3333333333335	0.0	0.0	7218.0
420	3624.3333333333335	0.0	0.0	10861.0
430	3514.0	0.0	0.0	9510.0
440	3193.8333333333335	0.0	0.0	8505.0
450	3627.6666666666665	0.0	0.0	10306.0
460	3229.3333333333335	0.0	0.0	10421.0
470	3393.6666666666665	0.0	0.0	11023.0
480	3777.5	0.0	0.0	14471.0
490	3332.6666666666665	0.0	0.0	8835.0
500	3206.3333333333335	0.0	0.0	11417.0
510	3724.5	0.0	0.0	8269.0
520	3677.3333333333335	0.0	0.0	10088.0
530	3164.1666666666665	0.0	0.0	11200.0
540	3804.0	0.0	0.0	11826.0
550	3743.8333333333335	0.0	0.0	11524.0
560	3646.3333333333335	0.0	0.0	14721.0
570	3475.8333333333335	0.0	0.0	10155.0
580	4072.5	0.0	0.0	13181.0
590	3580.5	0.0	0.0	10101.0
600	3730.6666666666665	0.0	0.0	10864.0
610	3716.8333333333335	0.0	0.0	10225.0
620	3591.1666666666665	0.0	0.0	9983.0
630	3543.0	0.0	0.0	11678.0
640	3629.5	0.0	0.0	7879.0
650	3725.5	0.0	0.0	13068.0
660	3862.0	0.0	0.0	12577.0
670	3922.0	0.0	0.0	10695.0
680	3779.5	0.0	0.0	11665.0
690	3578.0	0.0	0.0	11634.0
700	3933.8333333333335	0.0	0.0	8901.0
710	3922.0	0.0	0.0	9314.0
720	3895.5	0.0	0.0	10104.0
730	3922.6666666666665	0.0	0.0	8969.0
740	3669.5	0.0	0.0	10990.0
750	4060.1666666666665	0.0	0.0	11769.0
760	3719.5	0.0	0.0	10651.0
770	3757.5	0.0	0.0	12159.0
780	2987.1666666666665	0.0	0.0	10875.0
790	4031.8333333333335	0.0	0.0	7731.0
800	3556.6666666666665	0.0	0.0	13777.0
