0	2333.3333333333335	0.0	0.0	0.0
10	2523.3333333333335	398.0	1166.0	9721.0
20	2445.5	211.0	759.0	8444.0
30	2998.1666666666665	78.0	696.0	9067.0
40	2451.3333333333335	255.0	1150.0	14712.0
50	2524.6666666666665	58.0	190.0	7204.0
60	2901.3333333333335	0.0	0.0	5912.0
70	2638.8333333333335	0.0	0.0	7528.0
80	2633.6666666666665	0.0	0.0	8417.0
90	2666.0	0.0	0.0	10698.0
100	2800.6666666666665	0.0	0.0	6849.0
110	2894.0	0.0	0.0	10543.0
120	2726.6666666666665	0.0	0.0	9152.0
130	3291.0	0.0	0.0	5904.0
140	2929.1666666666665	0.0	0.0	10273.0
150	3198.3333333333335	0.0	0.0	12241.0
160	2870.5	0.0	0.0	9164.0
170	3036.3333333333335	0.0	0.0	8859.0
180	2852.1666666666665	0.0	0.0	10199.0
190	3521.6666666666665	0.0	0.0	10969.0
200	3986.6666666666665	0.0	0.0	6390.0
210	2791.3333333333335	0.0	0.0	9215.0
220	2924.6666666666665	0.0	0.0	10489.0
230	2897.1666666666665	0.0	0.0	10702.0
240	3416.6666666666665	0.0	0.0	8154.0
250	3249.6666666666665	0.0	0.0	11850.0
260	3024.3333333333335	0.0	0.0	10817.0
270	2904.0	0.0	0.0	9587.0
280	3823.6666666666665	0.0	0.0	9213.0
290	3039.3333333333335	0.0	0.0	6837.0
300	3646.6666666666665	0.0	0.0	9728.0
310	4089.8333333333335	0.0	0.0	8506.0
320	3493.8333333333335	0.0	0.0	9394.0
330	3630.5	0.0	0.0	13168.0
340	3622.1666666666665	0.0	0.0	11482.0
350	3119.1666666666665	0.0	0.0	14958.0
360	3326.1666666666665	0.0	0.0	13694.0
370	3579.6666666666665	0.0	0.0	10262.0
380	3880.1666666666665	0.0	0.0	10511.0
390	3586.3333333333335	0.0	0.0	9704.0
400	3695.1666666666665	0.0	0.0	9716.0
410	4154.0	0.0	0.0	8965.0
420	3878.1666666666665	0.0	0.0	9788.0
430	3554.0	0.0	0.0	10735.0
440	3642.3333333333335	0.0	0.0	10465.0
450	3422.6666666666665	0.0	0.0	9291.0
460	3783.6666666666665	0.0	0.0	10719.0
470	3931.8333333333335	0.0	0.0	7886.0
480	3938.1666666666665	0.0	0.0	10276.0
490	3578.1666666666665	0.0	0.0	9896.0
500	3891.0	0.0	0.0	10617.0
510	3891.0	0.0	0.0	7784.0
520	3935.3333333333335	0.0	0.0	8909.0
530	3730.1666666666665	0.0	0.0	8691.0
540	3838.0	0.0	0.0	10146.0
550	3925.0	0.0	0.0	12920.0
560	3513.3333333333335	0.0	0.0	8051.0
570	3812.8333333333335	0.0	0.0	11259.0
580	3851.0	0.0	0.0	13498.0
590	3983.0	0.0	0.0	9264.0
600	3638.3333333333335	0.0	0.0	10629.0
610	3921.8333333333335	0.0	0.0	10568.0
620	3774.8333333333335	0.0	0.0	11022.0
630	3617.8333333333335	0.0	0.0	11364.0
640	3728.0	0.0	0.0	10703.0
650	3506.3333333333335	0.0	0.0	13440.0
660	3966.1666666666665	0.0	0.0	12440.0
670	3594.6666666666665	0.0	0.0	12086.0
680	4029.0	0.0	0.0	9273.0
690	3795.5	0.0	0.0	12755.0
700	3813.3333333333335	0.0	0.0	7927.0
710	3754.3333333333335	0.0	0.0	9535.0
720	3719.8333333333335	0.0	0.0	10590.0
730	4243.833333333333	0.0	0.0	10128.0
740	3528.0	0.0	0.0	11309.0
750	3670.6666666666665	0.0	0.0	12227.0
760	3780.3333333333335	0.0	0.0	10195.0
770	3713.6666666666665	0.0	0.0	10157.0
780	3981.1666666666665	0.0	0.0	11630.0
790	3820.0	0.0	0.0	9535.0
800	3784.3333333333335	0.0	0.0	9817.0
