0	2382.3333333333335	0.0	0.0	0.0
10	2528.8333333333335	495.0	4293.0	10170.0
20	2584.0	271.0	3316.0	8632.0
30	2577.0	234.0	1681.0	6538.0
40	2674.0	0.0	0.0	7914.0
50	2589.6666666666665	0.0	0.0	8903.0
60	2883.3333333333335	0.0	0.0	8417.0
70	3088.1666666666665	0.0	0.0	9593.0
80	3392.8333333333335	0.0	0.0	8983.0
90	3061.8333333333335	0.0	0.0	10542.0
100	2867.8333333333335	0.0	0.0	9006.0
110	3415.8333333333335	0.0	0.0	9498.0
120	3487.8333333333335	0.0	0.0	10177.0
130	2920.8333333333335	0.0	0.0	11175.0
140	3632.1666666666665	0.0	0.0	7743.0
150	3375.8333333333335	0.0	0.0	13701.0
160	3150.6666666666665	0.0	0.0	10124.0
170	3519.8333333333335	0.0	0.0	8548.0
180	3108.6666666666665	0.0	0.0	9427.0
190	3402.0	0.0	0.0	12268.0
200	3316.6666666666665	0.0	0.0	12301.0
210	3874.0	0.0	0.0	11735.0
220	2939.8333333333335	0.0	0.0	8358.0
230	3316.1666666666665	0.0	0.0	9840.0
240	4024.0	0.0	0.0	10804.0
250	3425.1666666666665	0.0	0.0	10459.0
260	3898.8333333333335	0.0	0.0	6650.0
270	3224.5	0.0	0.0	10811.0
280	3116.0	0.0	0.0	6808.0
290	2984.0	0.0	0.0	9295.0
300	3681.5	0.0	0.0	12931.0
310	3593.5	0.0	0.0	10610.0
320	3819.1666666666665	0.0	0.0	10010.0
330	3673.5	0.0	0.0	8674.0
340	3629.8333333333335	0.0	0.0	9590.0
350	3266.6666666666665	0.0	0.0	9313.0
360	3552.1666666666665	0.0	0.0	11018.0
370	3660.3333333333335	0.0	0.0	10583.0
380	3574.8333333333335	0.0	0.0	9315.0
390	3739.6666666666665	0.0	0.0	13644.0
400	3654.8333333333335	0.0	0.0	12279.0
410	3932.6666666666665	0.0	0.0	8199.0
420	3293.1666666666665	0.0	0.0	12241.0
430	4024.8333333333335	0.0	0.0	11367.0
440	4021.1666666666665	0.0	0.0	11906.0
450	3798.0	0.0	0.0	9481.0
460	3476.0	0.0	0.0	11974.0
470	3875.1666666666665	0.0	0.0	12173.0
480	3722.1666666666665	0.0	0.0	8253.0
490	4190.166666666667	0.0	0.0	10303.0
500	3583.0	0.0	0.0	10914.0
510	3783.3333333333335	0.0	0.0	9443.0
520	3761.5	0.0	0.0	10666.0
530	3666.3333333333335	0.0	0.0	9209.0
540	4004.8333333333335	0.0	0.0	9686.0
550	3529.5	0.0	0.0	11927.0
560	3739.6666666666665	0.0	0.0	10963.0
570	3730.5	0.0	0.0	10339.0
580	3684.8333333333335	0.0	0.0	10560.0
590	3784.1666666666665	0.0	0.0	9427.0
600	3792.8333333333335	0.0	0.0	9699.0
