0	2310.6666666666665	0.0	0.0	0.0
10	2659.0	62.0	2185.0	5334.0
20	2505.1666666666665	424.0	4198.0	10391.0
30	2398.5	482.0	3749.0	8764.0
40	2855.0	32.0	899.0	12071.0
50	2592.0	0.0	0.0	10986.0
60	3007.1666666666665	0.0	0.0	9904.0
70	3162.3333333333335	0.0	0.0	10779.0
80	2623.6666666666665	0.0	0.0	8057.0
90	2911.8333333333335	0.0	0.0	12186.0
100	3447.1666666666665	0.0	0.0	12523.0
110	3423.5	0.0	0.0	12412.0
120	3135.0	0.0	0.0	12038.0
130	3120.8333333333335	0.0	0.0	9826.0
140	3621.6666666666665	0.0	0.0	8617.0
150	3457.0	0.0	0.0	13197.0
160	3387.8333333333335	0.0	0.0	9761.0
170	3131.6666666666665	0.0	0.0	9299.0
180	3629.6666666666665	0.0	0.0	11904.0
190	3451.5	0.0	0.0	8017.0
200	3815.3333333333335	0.0	0.0	13267.0
210	3230.6666666666665	0.0	0.0	11675.0
220	3730.5	0.0	0.0	11500.0
230	3324.6666666666665	0.0	0.0	7776.0
240	3092.5	0.0	0.0	10598.0
250	3386.8333333333335	0.0	0.0	12146.0
260	3166.5	0.0	0.0	10382.0
270	3905.1666666666665	0.0	0.0	10151.0
280	3559.8333333333335	0.0	0.0	8710.0
290	3406.3333333333335	0.0	0.0	10590.0
300	3654.0	0.0	0.0	11331.0
310	4061.0	0.0	0.0	11013.0
320	3447.0	0.0	0.0	9768.0
330	3326.3333333333335	0.0	0.0	8102.0
340	3716.0	0.0	0.0	11837.0
350	3708.1666666666665	0.0	0.0	12767.0
360	3967.8333333333335	0.0	0.0	11250.0
370	3772.0	0.0	0.0	8518.0
380	3598.8333333333335	0.0	0.0	12187.0
390	3289.8333333333335	0.0	0.0	8819.0
400	3359.0	0.0	0.0	9944.0
410	3928.0	0.0	0.0	8343.0
420	3691.0	0.0	0.0	11212.0
430	3296.3333333333335	0.0	0.0	12013.0
440	3966.3333333333335	0.0	0.0	9872.0
450	3821.5	0.0	0.0	11265.0
460	3774.0	0.0	0.0	9353.0
470	3846.5	0.0	0.0	10048.0
480	3445.5	0.0	0.0	12779.0
490	3619.0	0.0	0.0	10566.0
500	3527.3333333333335	0.0	0.0	9962.0
510	3441.6666666666665	0.0	0.0	11849.0
520	3872.8333333333335	0.0	0.0	11793.0
530	3410.8333333333335	0.0	0.0	11103.0
540	3858.1666666666665	0.0	0.0	11569.0
550	3655.6666666666665	0.0	0.0	7782.0
560	3874.5	0.0	0.0	10697.0
570	3597.1666666666665	0.0	0.0	9977.0
580	3666.8333333333335	0.0	0.0	11448.0
590	3682.3333333333335	0.0	0.0	11524.0
600	3939.6666666666665	0.0	0.0	10577.0
