0	2774.0	0.0	0.0	0.0
10	2384.0	261.0	3202.0	9049.0
20	2555.8333333333335	504.0	4254.0	11673.0
30	2667.8333333333335	235.0	2364.0	10389.0
40	2751.6666666666665	0.0	0.0	11626.0
50	3057.8333333333335	0.0	0.0	8103.0
60	2869.8333333333335	0.0	0.0	7012.0
70	3098.3333333333335	0.0	0.0	7619.0
80	2483.8333333333335	0.0	0.0	11072.0
90	3113.1666666666665	0.0	0.0	9574.0
100	2370.1666666666665	0.0	0.0	9529.0
110	2734.0	0.0	0.0	11392.0
120	2664.6666666666665	0.0	0.0	10723.0
130	2851.8333333333335	0.0	0.0	9515.0
140	3203.0	0.0	0.0	6036.0
150	3636.1666666666665	0.0	0.0	7763.0
160	3124.3333333333335	0.0	0.0	7885.0
170	3361.0	0.0	0.0	12136.0
180	3794.0	0.0	0.0	7422.0
190	3307.6666666666665	0.0	0.0	12907.0
200	3545.5	0.0	0.0	9321.0
210	3767.3333333333335	0.0	0.0	9200.0
220	3282.8333333333335	0.0	0.0	8734.0
230	3978.0	0.0	0.0	13857.0
240	3416.3333333333335	0.0	0.0	8017.0
250	3455.3333333333335	0.0	0.0	9974.0
260	3188.0	0.0	0.0	8598.0
270	3811.3333333333335	0.0	0.0	13271.0
280	2866.8333333333335	0.0	0.0	9706.0
290	2775.1666666666665	0.0	0.0	10445.0
300	4045.5	0.0	0.0	6436.0
310	3876.5	0.0	0.0	10599.0
320	3204.0	0.0	0.0	12332.0
330	3279.8333333333335	0.0	0.0	10230.0
340	3477.6666666666665	0.0	0.0	11648.0
350	3853.5	0.0	0.0	8524.0
360	3927.6666666666665	0.0	0.0	10977.0
370	3070.6666666666665	0.0	0.0	5648.0
380	3794.6666666666665	0.0	0.0	7245.0
390	3778.6666666666665	0.0	0.0	9795.0
400	3940.5	0.0	0.0	10534.0
410	3800.1666666666665	0.0	0.0	8067.0
420	3858.1666666666665	0.0	0.0	10413.0
430	3496.0	0.0	0.0	9644.0
440	3413.1666666666665	0.0	0.0	9978.0
450	3830.8333333333335	0.0	0.0	11097.0
460	3616.0	0.0	0.0	9211.0
470	3309.6666666666665	0.0	0.0	7980.0
480	3376.0	0.0	0.0	10197.0
490	3791.5	0.0	0.0	11383.0
500	3705.0	0.0	0.0	7852.0
510	3810.0	0.0	0.0	10181.0
520	3405.5	0.0	0.0	8759.0
530	3829.5	0.0	0.0	9394.0
540	3903.0	0.0	0.0	9246.0
550	3392.1666666666665	0.0	0.0	9404.0
560	3489.6666666666665	0.0	0.0	9673.0
570	3801.6666666666665	0.0	0.0	12166.0
580	3897.6666666666665	0.0	0.0	11174.0
590	3867.6666666666665	0.0	0.0	12999.0
600	3802.5	0.0	0.0	11051.0
