0	245.0	0.0	0.0	0.0
10	1835.3333333333333	174.0	661.0	7248.0
20	2141.3333333333335	0.0	89.0	6570.0
30	2063.6666666666665	0.0	65.0	7517.0
40	2044.0	0.0	57.0	9484.0
50	2189.1666666666665	0.0	24.0	9068.0
60	2261.1666666666665	0.0	85.0	9124.0
70	2198.3333333333335	0.0	39.0	7628.0
80	2308.3333333333335	0.0	41.0	8717.0
90	2555.8333333333335	0.0	43.0	12123.0
100	2528.3333333333335	0.0	68.0	10041.0
110	2434.0	0.0	52.0	10181.0
120	2705.5	0.0	44.0	8832.0
130	2578.8333333333335	4.0	51.0	11188.0
140	2541.3333333333335	0.0	49.0	10601.0
150	2701.0	0.0	20.0	7847.0
160	2578.0	0.0	56.0	12992.0
170	2577.0	0.0	63.0	11306.0
180	2651.0	0.0	44.0	6137.0
190	2581.3333333333335	0.0	51.0	10682.0
200	2949.5	0.0	12.0	7407.0
210	2377.3333333333335	0.0	78.0	7747.0
220	2441.1666666666665	0.0	61.0	9493.0
230	2450.3333333333335	0.0	38.0	9591.0
240	2544.3333333333335	1.0	63.0	7046.0
250	2486.1666666666665	0.0	58.0	7373.0
260	2593.1666666666665	0.0	39.0	7114.0
270	2437.1666666666665	0.0	55.0	8961.0
280	2885.0	0.0	48.0	7253.0
290	2717.1666666666665	0.0	67.0	8025.0
300	2328.1666666666665	0.0	37.0	7451.0
310	2677.8333333333335	0.0	30.0	8235.0
320	2564.0	0.0	18.0	10258.0
330	2764.1666666666665	0.0	38.0	10091.0
340	2608.3333333333335	0.0	25.0	8499.0
350	2901.0	0.0	35.0	8144.0
360	2670.6666666666665	0.0	50.0	10100.0
370	2694.1666666666665	0.0	41.0	11435.0
380	2892.5	0.0	16.0	9932.0
390	2870.5	0.0	98.0	9251.0
400	3027.3333333333335	0.0	55.0	10240.0
410	3100.5	0.0	38.0	8505.0
420	3262.6666666666665	0.0	55.0	11309.0
430	2962.1666666666665	0.0	65.0	8274.0
440	3338.5	0.0	66.0	8218.0
450	3281.0	0.0	46.0	9656.0
460	3229.1666666666665	0.0	27.0	10394.0
470	3412.8333333333335	0.0	21.0	8075.0
480	3162.0	0.0	29.0	8612.0
490	3063.5	0.0	22.0	10900.0
500	3548.1666666666665	0.0	64.0	10018.0
510	3311.6666666666665	0.0	39.0	10187.0
520	2813.6666666666665	0.0	14.0	12536.0
530	3665.5	0.0	26.0	10530.0
540	3614.5	0.0	51.0	7913.0
550	3078.3333333333335	0.0	20.0	9451.0
560	3372.6666666666665	0.0	38.0	8921.0
570	3769.6666666666665	0.0	18.0	9154.0
580	3465.8333333333335	0.0	44.0	9016.0
590	3635.3333333333335	0.0	34.0	9830.0
600	3588.6666666666665	0.0	61.0	11839.0
610	3567.3333333333335	0.0	46.0	10959.0
620	3394.8333333333335	0.0	61.0	7914.0
630	3611.3333333333335	0.0	55.0	11788.0
640	3674.5	0.0	96.0	7967.0
650	3915.0	0.0	62.0	8981.0
660	3864.0	0.0	56.0	11006.0
670	3294.1666666666665	0.0	45.0	7595.0
680	3065.6666666666665	0.0	83.0	7992.0
690	3564.1666666666665	0.0	94.0	10591.0
700	4051.3333333333335	0.0	66.0	11935.0
710	3627.6666666666665	0.0	47.0	10649.0
720	3625.3333333333335	0.0	27.0	11238.0
730	3445.0	0.0	123.0	11355.0
740	3836.3333333333335	0.0	47.0	11624.0
750	3626.1666666666665	0.0	44.0	9428.0
760	3784.1666666666665	0.0	38.0	13276.0
770	3296.6666666666665	0.0	27.0	11282.0
780	3762.0	0.0	33.0	10360.0
790	3973.3333333333335	0.0	46.0	8366.0
800	3707.1666666666665	0.0	68.0	10158.0
810	3644.3333333333335	0.0	53.0	9141.0
820	4022.3333333333335	0.0	59.0	10337.0
830	3920.6666666666665	0.0	51.0	11213.0
840	3691.8333333333335	0.0	40.0	13566.0
850	3785.3333333333335	0.0	26.0	10991.0
860	3819.0	0.0	15.0	10146.0
870	3392.1666666666665	0.0	75.0	9443.0
880	3800.6666666666665	0.0	138.0	9617.0
890	4000.6666666666665	0.0	50.0	10191.0
900	3728.1666666666665	0.0	29.0	10372.0
910	3488.8333333333335	0.0	43.0	13330.0
920	3725.8333333333335	0.0	75.0	9654.0
930	3676.8333333333335	0.0	44.0	11007.0
940	3949.5	0.0	58.0	11690.0
950	4048.3333333333335	0.0	41.0	10922.0
960	3742.0	0.0	54.0	11133.0
970	3917.3333333333335	0.0	32.0	9804.0
980	3602.3333333333335	0.0	85.0	11990.0
990	3914.6666666666665	0.0	88.0	12551.0
1000	3887.0	0.0	64.0	10334.0
