0	248.0	0.0	0.0	0.0
10	1975.0	77.0	1136.0	9794.0
20	2099.6666666666665	0.0	69.0	6137.0
30	2034.5	0.0	114.0	11351.0
40	2167.0	0.0	40.0	8269.0
50	2259.6666666666665	0.0	72.0	6968.0
60	2338.5	0.0	34.0	7362.0
70	2116.1666666666665	0.0	54.0	8011.0
80	2196.3333333333335	0.0	46.0	10053.0
90	2239.5	0.0	47.0	6429.0
100	2401.3333333333335	0.0	34.0	6779.0
110	2357.8333333333335	0.0	35.0	8776.0
120	2311.0	0.0	47.0	6087.0
130	2207.3333333333335	0.0	35.0	9415.0
140	2089.6666666666665	0.0	18.0	10251.0
150	2302.3333333333335	0.0	72.0	9227.0
160	2009.5	46.0	86.0	8745.0
170	2649.0	0.0	33.0	7138.0
180	2018.3333333333333	0.0	23.0	12702.0
190	2355.6666666666665	0.0	67.0	7983.0
200	2002.1666666666667	0.0	79.0	8067.0
210	2534.3333333333335	0.0	12.0	8166.0
220	2449.3333333333335	0.0	38.0	11144.0
230	2532.0	0.0	19.0	7626.0
240	2602.1666666666665	0.0	79.0	8861.0
250	2276.6666666666665	1.0	53.0	9276.0
260	2463.5	0.0	96.0	10864.0
270	2637.1666666666665	0.0	67.0	11665.0
280	2479.5	2.0	103.0	12160.0
290	2873.0	0.0	10.0	7881.0
300	3117.0	0.0	68.0	11009.0
310	2793.6666666666665	0.0	44.0	8779.0
320	2682.1666666666665	0.0	38.0	7256.0
330	2817.5	0.0	39.0	9152.0
340	2737.1666666666665	0.0	27.0	8957.0
350	2731.8333333333335	0.0	42.0	9176.0
360	2760.5	0.0	35.0	11106.0
370	2858.5	0.0	15.0	7731.0
380	3117.6666666666665	0.0	56.0	10383.0
390	2879.5	0.0	110.0	8192.0
400	2569.6666666666665	0.0	31.0	5620.0
410	3082.8333333333335	0.0	33.0	9604.0
420	2705.3333333333335	0.0	29.0	11556.0
430	3032.3333333333335	0.0	57.0	10634.0
440	2817.3333333333335	0.0	30.0	9828.0
450	3560.8333333333335	0.0	22.0	6893.0
460	3044.6666666666665	0.0	103.0	10440.0
470	3417.5	0.0	25.0	9453.0
480	3251.8333333333335	0.0	70.0	8997.0
490	2978.5	0.0	137.0	10309.0
500	3662.5	0.0	28.0	11483.0
510	3089.5	0.0	60.0	10090.0
520	3498.8333333333335	0.0	43.0	10077.0
530	3440.3333333333335	0.0	60.0	10710.0
540	3596.1666666666665	0.0	52.0	7365.0
550	3023.0	0.0	62.0	10934.0
560	3456.0	0.0	126.0	7576.0
570	2833.0	0.0	55.0	10981.0
580	3313.5	0.0	23.0	12234.0
590	3584.3333333333335	0.0	32.0	9064.0
600	2868.0	0.0	43.0	9710.0
610	3818.1666666666665	0.0	49.0	10486.0
620	3697.5	0.0	61.0	7261.0
630	3421.1666666666665	0.0	83.0	7002.0
640	3036.3333333333335	0.0	56.0	11672.0
650	3510.5	0.0	38.0	8911.0
660	3471.5	0.0	48.0	10567.0
670	3046.8333333333335	0.0	85.0	11431.0
680	3250.8333333333335	0.0	56.0	9222.0
690	3203.8333333333335	0.0	83.0	10595.0
700	3382.8333333333335	0.0	11.0	8524.0
710	3449.3333333333335	0.0	37.0	9777.0
720	3601.6666666666665	0.0	97.0	12065.0
730	3693.1666666666665	0.0	42.0	10622.0
740	3504.0	0.0	80.0	10115.0
750	3489.5	0.0	93.0	10747.0
760	3684.5	0.0	24.0	7892.0
770	3677.1666666666665	0.0	32.0	11761.0
780	3606.3333333333335	0.0	43.0	8187.0
790	3680.1666666666665	0.0	32.0	8199.0
800	3781.8333333333335	0.0	56.0	9067.0
810	3779.1666666666665	0.0	67.0	10577.0
820	3723.0	0.0	33.0	9734.0
830	3670.0	0.0	52.0	11675.0
840	3873.1666666666665	0.0	51.0	8956.0
850	4076.3333333333335	0.0	90.0	8918.0
860	3778.1666666666665	0.0	30.0	13453.0
870	3739.3333333333335	0.0	80.0	8788.0
880	3875.5	0.0	42.0	12276.0
890	3850.8333333333335	0.0	72.0	7438.0
900	3753.5	0.0	28.0	8624.0
910	3722.6666666666665	0.0	91.0	10558.0
920	3717.6666666666665	0.0	49.0	6819.0
930	3706.0	0.0	32.0	11819.0
940	3652.6666666666665	0.0	100.0	10000.0
950	4015.6666666666665	0.0	40.0	10379.0
960	4016.5	0.0	62.0	9869.0
970	3944.0	0.0	48.0	8004.0
980	3688.3333333333335	0.0	69.0	9332.0
990	3586.6666666666665	0.0	96.0	10966.0
1000	3557.8333333333335	0.0	57.0	6203.0
