0	212.5	0.0	0.0	0.0
10	1896.75	316.0	4796.0	10170.0
20	1927.75	158.0	4141.0	8337.0
30	2028.5	37.0	2576.0	5708.0
40	2212.75	388.0	5414.0	10970.0
50	2080.25	101.0	1355.0	9806.0
60	2433.5	0.0	0.0	9472.0
70	2099.0	0.0	0.0	8388.0
80	2230.5	0.0	0.0	8982.0
90	2261.5	0.0	0.0	8491.0
100	2437.25	0.0	0.0	9574.0
110	2704.0	0.0	0.0	9990.0
120	2199.5	0.0	0.0	10203.0
130	2532.25	0.0	0.0	8285.0
140	2700.25	0.0	0.0	8982.0
150	2819.0	0.0	0.0	8451.0
160	2660.25	0.0	0.0	13595.0
170	2822.0	0.0	0.0	8732.0
180	2716.25	0.0	0.0	8495.0
190	2902.0	0.0	0.0	12581.0
200	2718.0	0.0	0.0	7476.0
210	2542.75	0.0	0.0	8002.0
220	2367.5	0.0	0.0	8456.0
230	2629.0	0.0	0.0	9467.0
240	2312.5	0.0	0.0	11545.0
250	3081.0	0.0	0.0	8750.0
260	2441.5	0.0	0.0	6752.0
270	2387.5	0.0	0.0	7936.0
280	2976.25	0.0	0.0	9762.0
290	3027.25	0.0	0.0	9697.0
300	3060.75	0.0	0.0	11650.0
310	2758.5	0.0	0.0	7686.0
320	3588.0	0.0	0.0	7649.0
330	3359.5	0.0	0.0	10829.0
340	2633.75	0.0	0.0	11717.0
350	3328.0	0.0	0.0	8118.0
360	3205.25	0.0	0.0	10256.0
370	2879.75	0.0	0.0	10071.0
380	2409.5	0.0	0.0	14589.0
390	3418.5	0.0	0.0	10956.0
400	3252.25	0.0	0.0	8416.0
410	3674.75	0.0	0.0	8503.0
420	3025.0	0.0	0.0	5636.0
430	3484.25	0.0	0.0	8631.0
440	3308.25	0.0	0.0	10636.0
450	3602.5	0.0	0.0	11273.0
460	3005.5	0.0	0.0	11198.0
470	3470.0	0.0	0.0	12419.0
480	2962.75	0.0	0.0	10567.0
490	3575.0	0.0	0.0	12229.0
500	3784.0	0.0	0.0	9776.0
510	3552.75	0.0	0.0	8629.0
520	3343.5	0.0	0.0	12036.0
530	3464.25	0.0	0.0	13342.0
540	3473.5	0.0	0.0	10978.0
550	4031.0	0.0	0.0	9073.0
560	3326.25	0.0	0.0	10774.0
570	3749.0	0.0	0.0	13380.0
580	4117.5	0.0	0.0	13147.0
590	3598.5	0.0	0.0	12443.0
600	3649.5	0.0	0.0	12334.0
610	3425.5	0.0	0.0	13031.0
620	3782.25	0.0	0.0	9921.0
630	3396.75	0.0	0.0	7835.0
640	3783.25	0.0	0.0	11017.0
650	3703.25	0.0	0.0	8586.0
660	3288.0	0.0	0.0	10159.0
670	3643.0	0.0	0.0	13387.0
680	3555.25	0.0	0.0	10680.0
690	3310.5	0.0	0.0	10537.0
700	3312.25	0.0	0.0	10716.0
710	3477.0	0.0	0.0	10591.0
720	3353.75	0.0	0.0	10310.0
730	3532.5	0.0	0.0	12717.0
740	3714.25	0.0	0.0	12073.0
750	3878.25	0.0	0.0	11314.0
760	3860.75	0.0	0.0	10504.0
770	3581.75	0.0	0.0	11679.0
780	3941.25	0.0	0.0	12427.0
790	3822.5	0.0	0.0	11299.0
800	3598.75	0.0	0.0	9160.0
810	3690.25	0.0	0.0	9953.0
820	3929.75	0.0	0.0	12348.0
830	3908.75	0.0	0.0	10502.0
840	3760.0	0.0	0.0	12221.0
850	4065.75	0.0	0.0	10718.0
860	3734.25	0.0	0.0	11048.0
870	3938.25	0.0	0.0	9055.0
880	3510.75	0.0	0.0	8847.0
890	3902.0	0.0	0.0	10094.0
900	3794.75	0.0	0.0	7498.0
910	3454.5	0.0	0.0	11461.0
920	3500.0	0.0	0.0	10429.0
930	4130.25	0.0	0.0	10258.0
940	3346.0	0.0	0.0	11345.0
950	3208.75	0.0	0.0	12244.0
960	3346.25	0.0	0.0	11677.0
970	3727.25	0.0	0.0	8852.0
980	4124.0	0.0	0.0	12205.0
990	3684.75	0.0	0.0	9589.0
1000	3797.0	0.0	0.0	8950.0
