0	268.6666666666667	0.0	0.0	0.0
10	1969.0	53.0	1266.0	7875.0
20	1989.5	0.0	115.0	6073.0
30	2164.0	0.0	141.0	9384.0
40	1990.6666666666667	0.0	44.0	6851.0
50	2227.0	0.0	83.0	7132.0
60	2177.0	0.0	22.0	9278.0
70	2158.0	0.0	31.0	8952.0
80	2313.6666666666665	11.0	76.0	7146.0
90	2271.6666666666665	0.0	55.0	11089.0
100	2192.0	0.0	44.0	7942.0
110	2258.0	0.0	19.0	6244.0
120	2119.8333333333335	0.0	42.0	6929.0
130	2465.5	0.0	30.0	10031.0
140	2312.3333333333335	0.0	41.0	7176.0
150	2188.8333333333335	2.0	39.0	9402.0
160	2510.6666666666665	0.0	22.0	7554.0
170	2399.0	0.0	15.0	7703.0
180	2457.1666666666665	0.0	42.0	9394.0
190	2521.1666666666665	0.0	53.0	12506.0
200	2318.3333333333335	0.0	75.0	5363.0
210	2464.1666666666665	0.0	27.0	9411.0
220	2899.0	0.0	26.0	9249.0
230	2490.5	0.0	37.0	7201.0
240	2642.8333333333335	0.0	56.0	11323.0
250	2710.1666666666665	0.0	35.0	8367.0
260	2850.8333333333335	0.0	38.0	7192.0
270	2632.3333333333335	0.0	70.0	8923.0
280	2573.3333333333335	0.0	42.0	6463.0
290	2235.6666666666665	0.0	55.0	10529.0
300	2585.8333333333335	0.0	47.0	6999.0
310	2416.6666666666665	0.0	24.0	11601.0
320	2265.1666666666665	0.0	17.0	8713.0
330	2584.6666666666665	0.0	22.0	11366.0
340	2035.6666666666667	0.0	31.0	7664.0
350	2640.6666666666665	0.0	36.0	7154.0
360	2760.6666666666665	0.0	10.0	9259.0
370	2425.6666666666665	0.0	28.0	9094.0
380	2632.1666666666665	0.0	27.0	8246.0
390	3244.1666666666665	0.0	41.0	9400.0
400	2719.8333333333335	0.0	21.0	12286.0
410	2635.3333333333335	0.0	48.0	8587.0
420	2734.5	0.0	55.0	8326.0
430	2689.1666666666665	0.0	12.0	9444.0
440	2853.5	0.0	45.0	9298.0
450	2870.0	0.0	25.0	6264.0
460	3116.8333333333335	0.0	27.0	7422.0
470	3460.1666666666665	0.0	26.0	9809.0
480	3249.0	0.0	53.0	10853.0
490	3322.1666666666665	0.0	28.0	9292.0
500	3196.5	0.0	40.0	10448.0
510	3499.3333333333335	0.0	42.0	8566.0
520	3633.0	0.0	46.0	14344.0
530	3457.8333333333335	0.0	22.0	7584.0
540	3744.0	0.0	19.0	8348.0
550	3423.0	0.0	112.0	10555.0
560	3187.0	0.0	73.0	10441.0
570	3533.1666666666665	0.0	44.0	10036.0
580	3458.6666666666665	0.0	48.0	9840.0
590	3743.8333333333335	0.0	84.0	11573.0
600	3822.3333333333335	0.0	83.0	8919.0
610	3399.8333333333335	0.0	29.0	12225.0
620	3713.3333333333335	0.0	23.0	9215.0
630	3480.0	0.0	116.0	8830.0
640	3805.0	0.0	76.0	10913.0
650	3404.1666666666665	0.0	38.0	9831.0
660	3371.1666666666665	0.0	42.0	10444.0
670	3199.6666666666665	0.0	18.0	9799.0
680	3585.5	0.0	32.0	8568.0
690	3422.5	0.0	129.0	12181.0
700	3696.6666666666665	0.0	23.0	8748.0
710	3285.1666666666665	0.0	61.0	11544.0
720	2943.1666666666665	0.0	127.0	10932.0
730	3146.0	0.0	67.0	9854.0
740	3652.8333333333335	0.0	77.0	7937.0
750	3458.3333333333335	0.0	59.0	13310.0
760	3946.6666666666665	0.0	73.0	7773.0
770	3614.1666666666665	0.0	34.0	9197.0
780	3425.1666666666665	0.0	65.0	9044.0
790	3916.8333333333335	0.0	74.0	12669.0
800	3987.5	0.0	58.0	11468.0
810	3540.3333333333335	0.0	32.0	10206.0
820	3890.6666666666665	0.0	52.0	11544.0
830	3634.5	0.0	70.0	11219.0
840	3787.5	0.0	62.0	11220.0
850	3819.1666666666665	0.0	29.0	11364.0
860	3398.0	0.0	129.0	12057.0
870	3358.1666666666665	0.0	49.0	9724.0
880	3866.0	0.0	100.0	8844.0
890	3640.5	0.0	45.0	10395.0
900	3918.6666666666665	0.0	39.0	10768.0
910	4001.6666666666665	0.0	23.0	10865.0
920	4035.5	0.0	81.0	10918.0
930	3594.5	0.0	86.0	10119.0
940	3541.1666666666665	0.0	48.0	7579.0
950	3707.1666666666665	0.0	30.0	8834.0
960	3414.8333333333335	0.0	56.0	10594.0
970	4070.0	0.0	31.0	6705.0
980	4021.8333333333335	0.0	17.0	8323.0
990	3428.1666666666665	0.0	44.0	11575.0
1000	3116.8333333333335	0.0	50.0	8967.0
