0	243.33333333333334	0.0	0.0
10	1966.3333333333333	204.0	11011.0
20	2000.3333333333333	197.0	13079.0
30	2097.3333333333335	66.0	7415.0
40	2541.1666666666665	168.0	14054.0
50	2390.3333333333335	166.0	8283.0
60	2478.0	118.0	11839.0
70	2822.8333333333335	81.0	10506.0
80	2377.0	0.0	9001.0
90	2879.6666666666665	0.0	7764.0
100	2566.5	0.0	8434.0
110	2230.5	0.0	7924.0
120	2304.6666666666665	0.0	6064.0
130	2813.6666666666665	0.0	10103.0
140	2748.0	0.0	8344.0
150	2830.5	0.0	9394.0
160	2577.0	0.0	11401.0
170	2687.8333333333335	0.0	6349.0
180	2785.1666666666665	0.0	12886.0
190	2944.3333333333335	0.0	10217.0
200	2920.0	0.0	9737.0
210	3078.6666666666665	0.0	11461.0
220	3222.0	0.0	10132.0
230	3512.6666666666665	0.0	7163.0
240	3526.5	0.0	9859.0
250	3057.6666666666665	0.0	9733.0
260	3175.0	0.0	11696.0
270	3132.8333333333335	0.0	10855.0
280	3263.0	0.0	9304.0
290	3436.8333333333335	0.0	14200.0
300	3123.6666666666665	0.0	9402.0
310	3306.3333333333335	0.0	12358.0
320	3480.3333333333335	0.0	11256.0
330	3426.1666666666665	0.0	9814.0
340	3473.1666666666665	0.0	12712.0
350	3341.1666666666665	0.0	9631.0
360	3068.5	0.0	8278.0
370	3527.5	0.0	10263.0
380	3638.6666666666665	0.0	9757.0
390	3626.5	0.0	11178.0
400	3488.5	0.0	13423.0
410	3285.5	0.0	11439.0
420	4121.666666666667	0.0	10136.0
430	3101.3333333333335	0.0	10875.0
440	3539.8333333333335	0.0	8684.0
450	3909.1666666666665	0.0	10790.0
460	3051.8333333333335	0.0	10885.0
470	3540.6666666666665	0.0	9318.0
480	3539.5	0.0	8850.0
490	3317.3333333333335	0.0	8746.0
500	3448.8333333333335	0.0	11532.0
510	3948.6666666666665	0.0	8174.0
520	3535.0	0.0	11008.0
530	3756.1666666666665	0.0	10904.0
540	3582.5	0.0	7558.0
550	3927.1666666666665	0.0	13970.0
560	3770.1666666666665	0.0	10148.0
570	3531.3333333333335	0.0	11286.0
580	3978.3333333333335	0.0	6543.0
590	3817.5	0.0	10352.0
600	3898.1666666666665	0.0	8741.0
610	3738.6666666666665	0.0	9365.0
620	3731.1666666666665	0.0	9217.0
630	3886.0	0.0	12398.0
640	3435.5	0.0	10271.0
650	3686.0	0.0	10904.0
660	3609.0	0.0	10543.0
670	3865.0	0.0	10913.0
680	4002.6666666666665	0.0	8555.0
690	3707.0	0.0	8789.0
700	3766.3333333333335	0.0	7719.0
710	3833.0	0.0	11908.0
720	3531.8333333333335	0.0	12134.0
730	3676.3333333333335	0.0	10865.0
740	3969.3333333333335	0.0	8854.0
750	3814.1666666666665	0.0	8404.0
760	3604.1666666666665	0.0	9716.0
770	3608.8333333333335	0.0	10649.0
780	3577.5	0.0	10913.0
790	3767.6666666666665	0.0	12797.0
800	3718.3333333333335	0.0	11636.0
810	3770.0	0.0	10096.0
820	3716.3333333333335	0.0	9736.0
830	3656.3333333333335	0.0	8854.0
840	3889.1666666666665	0.0	9599.0
850	3904.1666666666665	0.0	8178.0
860	3483.6666666666665	0.0	10368.0
870	3996.6666666666665	0.0	11616.0
880	3760.3333333333335	0.0	10727.0
890	3848.6666666666665	0.0	9888.0
900	3548.6666666666665	0.0	9978.0
910	3629.0	0.0	8055.0
920	3590.0	0.0	10117.0
930	3744.3333333333335	0.0	10981.0
940	3756.3333333333335	0.0	10864.0
950	3520.0	0.0	10647.0
960	3737.1666666666665	0.0	10192.0
970	3712.6666666666665	0.0	12463.0
980	3556.3333333333335	0.0	12031.0
990	3912.6666666666665	0.0	9613.0
1000	3694.8333333333335	0.0	11678.0
