0	264.3333333333333	0.0	0.0
10	1959.3333333333333	235.0	13696.0
20	2178.0	210.0	11129.0
30	2400.1666666666665	275.0	12964.0
40	1794.5	136.0	9094.0
50	2237.1666666666665	144.0	11007.0
60	2596.6666666666665	0.0	10986.0
70	2418.6666666666665	0.0	8017.0
80	2161.1666666666665	0.0	6263.0
90	2244.0	0.0	10258.0
100	2588.0	0.0	7923.0
110	2453.8333333333335	0.0	10653.0
120	2119.0	0.0	7858.0
130	2672.1666666666665	0.0	9312.0
140	2520.0	0.0	9984.0
150	2716.1666666666665	0.0	6932.0
160	2740.1666666666665	0.0	12704.0
170	2920.1666666666665	0.0	7536.0
180	2753.5	0.0	12018.0
190	2626.8333333333335	0.0	7935.0
200	2910.0	0.0	11868.0
210	3141.0	0.0	10197.0
220	3115.1666666666665	0.0	12448.0
230	2943.3333333333335	0.0	9675.0
240	2589.6666666666665	0.0	10304.0
250	3125.1666666666665	0.0	9013.0
260	3434.8333333333335	0.0	8942.0
270	3324.3333333333335	0.0	13944.0
280	3190.6666666666665	0.0	10764.0
290	2668.5	0.0	9209.0
300	3482.1666666666665	0.0	12651.0
310	3483.1666666666665	0.0	6035.0
320	3681.3333333333335	0.0	12276.0
330	3392.1666666666665	0.0	9856.0
340	3828.8333333333335	0.0	11321.0
350	3554.6666666666665	0.0	7594.0
360	3368.8333333333335	0.0	8250.0
370	3989.1666666666665	0.0	13125.0
380	3234.6666666666665	0.0	12207.0
390	3487.8333333333335	0.0	10333.0
400	3664.8333333333335	0.0	10579.0
410	3830.1666666666665	0.0	10435.0
420	3746.1666666666665	0.0	8803.0
430	3616.1666666666665	0.0	14004.0
440	3808.8333333333335	0.0	9151.0
450	3656.8333333333335	0.0	7946.0
460	3742.0	0.0	11228.0
470	3809.0	0.0	10541.0
480	3522.8333333333335	0.0	9984.0
490	3545.3333333333335	0.0	10199.0
500	3386.5	0.0	11212.0
510	3880.6666666666665	0.0	6958.0
520	3756.5	0.0	8728.0
530	3647.5	0.0	9209.0
540	3612.0	0.0	10861.0
550	3889.0	0.0	10012.0
560	3630.8333333333335	0.0	10699.0
570	3401.6666666666665	0.0	10089.0
580	3077.3333333333335	0.0	10981.0
590	3572.6666666666665	0.0	12695.0
600	3683.3333333333335	0.0	10827.0
610	3985.1666666666665	0.0	10980.0
620	3758.0	0.0	9562.0
630	3532.8333333333335	0.0	8813.0
640	3565.8333333333335	0.0	9666.0
650	3811.6666666666665	0.0	10648.0
660	3064.3333333333335	0.0	10927.0
670	3473.8333333333335	0.0	11676.0
680	3958.5	0.0	8344.0
690	3852.3333333333335	0.0	6998.0
700	3668.0	0.0	8446.0
710	4229.666666666667	0.0	10237.0
720	3687.8333333333335	0.0	10722.0
730	3716.8333333333335	0.0	10593.0
740	3580.8333333333335	0.0	10956.0
750	3480.3333333333335	0.0	12497.0
760	3931.0	0.0	10293.0
770	3156.8333333333335	0.0	8989.0
780	3719.0	0.0	9356.0
790	3197.5	0.0	8952.0
800	4016.1666666666665	0.0	12456.0
810	3791.8333333333335	0.0	10188.0
820	3975.0	0.0	12485.0
830	3925.5	0.0	11980.0
840	3739.8333333333335	0.0	10762.0
850	3678.5	0.0	10509.0
860	3541.8333333333335	0.0	9298.0
870	3658.3333333333335	0.0	9857.0
880	3752.8333333333335	0.0	12876.0
890	3935.3333333333335	0.0	9009.0
900	3745.0	0.0	11816.0
910	3825.6666666666665	0.0	8208.0
920	3595.8333333333335	0.0	14008.0
930	3878.3333333333335	0.0	11638.0
940	3985.0	0.0	7743.0
950	3911.3333333333335	0.0	8043.0
960	3480.8333333333335	0.0	10692.0
970	3759.6666666666665	0.0	11566.0
980	3574.0	0.0	9999.0
990	3709.1666666666665	0.0	8994.0
1000	3626.3333333333335	0.0	9207.0
