0	246.33333333333334	0.0	0.0
10	1859.8333333333333	107.0	8338.0
20	1848.0	158.0	8101.0
30	2084.8333333333335	197.0	13607.0
40	1945.8333333333333	124.0	12793.0
50	2231.6666666666665	59.0	8750.0
60	2144.6666666666665	76.0	9943.0
70	2201.1666666666665	125.0	11530.0
80	2203.3333333333335	115.0	14949.0
90	2985.5	39.0	9243.0
100	3054.5	0.0	7803.0
110	3145.6666666666665	0.0	9415.0
120	2747.1666666666665	0.0	7348.0
130	2508.8333333333335	0.0	9906.0
140	2907.8333333333335	0.0	8956.0
150	2484.5	0.0	9145.0
160	2545.8333333333335	0.0	10066.0
170	2787.1666666666665	0.0	10771.0
180	2846.6666666666665	0.0	7606.0
190	3350.6666666666665	0.0	10914.0
200	3532.0	0.0	9093.0
210	2716.5	0.0	9649.0
220	3060.1666666666665	0.0	14903.0
230	3099.6666666666665	0.0	14480.0
240	3623.0	0.0	7992.0
250	3353.3333333333335	0.0	9762.0
260	4056.1666666666665	0.0	12438.0
270	3767.1666666666665	0.0	10761.0
280	3245.1666666666665	0.0	9743.0
290	3240.0	0.0	12142.0
300	3414.3333333333335	0.0	10708.0
310	3378.8333333333335	0.0	8863.0
320	3174.5	0.0	11874.0
330	3841.3333333333335	0.0	13399.0
340	3443.0	0.0	9946.0
350	3651.1666666666665	0.0	8455.0
360	3291.0	0.0	10234.0
370	3629.5	0.0	10148.0
380	3465.0	0.0	8226.0
390	2831.0	0.0	9160.0
400	3686.0	0.0	11219.0
410	3494.0	0.0	13484.0
420	3841.5	0.0	9807.0
430	3865.0	0.0	11301.0
440	3949.5	0.0	12460.0
450	3445.6666666666665	0.0	10141.0
460	2777.3333333333335	0.0	12538.0
470	3385.5	0.0	10985.0
480	4005.3333333333335	0.0	12205.0
490	3733.0	0.0	10419.0
500	3706.6666666666665	0.0	10810.0
510	3727.6666666666665	0.0	10961.0
520	3484.8333333333335	0.0	11993.0
530	3780.6666666666665	0.0	10762.0
540	3876.1666666666665	0.0	9302.0
550	4098.833333333333	0.0	11846.0
560	3764.5	0.0	12063.0
570	3749.5	0.0	13473.0
580	3745.1666666666665	0.0	11351.0
590	3794.6666666666665	0.0	13044.0
600	3603.1666666666665	0.0	8706.0
610	3935.3333333333335	0.0	13516.0
620	3859.5	0.0	10801.0
630	3679.1666666666665	0.0	7585.0
640	3696.3333333333335	0.0	8221.0
650	3790.6666666666665	0.0	10753.0
660	3625.8333333333335	0.0	11562.0
670	3558.8333333333335	0.0	8163.0
680	3892.6666666666665	0.0	8911.0
690	3635.3333333333335	0.0	10598.0
700	3648.8333333333335	0.0	9395.0
710	3912.3333333333335	0.0	10053.0
720	3847.5	0.0	8702.0
730	3848.1666666666665	0.0	10002.0
740	4039.5	0.0	6184.0
750	3530.6666666666665	0.0	9136.0
760	4047.1666666666665	0.0	10408.0
770	3802.6666666666665	0.0	10722.0
780	3794.1666666666665	0.0	10963.0
790	3709.5	0.0	9293.0
800	3988.6666666666665	0.0	10251.0
810	3811.0	0.0	11496.0
820	3866.1666666666665	0.0	8802.0
830	3568.1666666666665	0.0	10011.0
840	3718.0	0.0	11359.0
850	4016.8333333333335	0.0	9929.0
860	3603.6666666666665	0.0	10273.0
870	3579.1666666666665	0.0	12776.0
880	3648.1666666666665	0.0	12181.0
890	3817.5	0.0	11111.0
900	3623.3333333333335	0.0	10210.0
910	3949.6666666666665	0.0	9347.0
920	3993.3333333333335	0.0	12828.0
930	3754.8333333333335	0.0	11546.0
940	4119.333333333333	0.0	13059.0
950	3981.5	0.0	8955.0
960	3678.0	0.0	11283.0
970	3758.6666666666665	0.0	12000.0
980	3407.5	0.0	11024.0
990	4091.6666666666665	0.0	8624.0
1000	3530.8333333333335	0.0	9195.0
