0	257.6666666666667	0.0	0.0
10	2045.8333333333333	155.0	10395.0
20	1911.5	192.0	9354.0
30	1744.8333333333333	147.0	9090.0
40	1990.5	260.0	11740.0
50	2289.3333333333335	57.0	8731.0
60	2213.5	80.0	6113.0
70	2052.0	109.0	12183.0
80	2780.3333333333335	0.0	10669.0
90	2675.8333333333335	0.0	9652.0
100	2332.3333333333335	0.0	5905.0
110	2365.0	0.0	10918.0
120	2190.0	0.0	5309.0
130	2772.5	0.0	7042.0
140	2345.5	0.0	7733.0
150	2551.0	0.0	8757.0
160	2456.0	0.0	9017.0
170	2980.3333333333335	0.0	13143.0
180	2832.1666666666665	0.0	7577.0
190	2832.5	0.0	12833.0
200	3046.6666666666665	0.0	12200.0
210	2989.0	0.0	9165.0
220	2757.0	0.0	9210.0
230	2997.0	0.0	6527.0
240	2969.6666666666665	0.0	8669.0
250	2889.5	0.0	11665.0
260	2936.8333333333335	0.0	7326.0
270	3034.0	0.0	6973.0
280	3011.3333333333335	0.0	10572.0
290	3587.3333333333335	0.0	10373.0
300	3249.1666666666665	0.0	7813.0
310	3260.0	0.0	8020.0
320	3182.8333333333335	0.0	8934.0
330	3249.5	0.0	9280.0
340	3276.8333333333335	0.0	11684.0
350	3271.8333333333335	0.0	6282.0
360	3772.1666666666665	0.0	12782.0
370	3260.0	0.0	10332.0
380	3276.8333333333335	0.0	11039.0
390	3220.8333333333335	0.0	12391.0
400	4088.8333333333335	0.0	12470.0
410	3550.3333333333335	0.0	9332.0
420	3466.6666666666665	0.0	11270.0
430	2847.6666666666665	0.0	12355.0
440	3365.5	0.0	9668.0
450	3832.3333333333335	0.0	9425.0
460	3488.8333333333335	0.0	13169.0
470	4104.0	0.0	10316.0
480	3594.8333333333335	0.0	11986.0
490	3504.6666666666665	0.0	11846.0
500	3737.6666666666665	0.0	10145.0
510	3490.3333333333335	0.0	8765.0
520	3784.5	0.0	9683.0
530	3326.5	0.0	12089.0
540	3682.5	0.0	9036.0
550	3789.5	0.0	12413.0
560	3137.6666666666665	0.0	7232.0
570	3725.8333333333335	0.0	9316.0
580	3755.1666666666665	0.0	10401.0
590	3683.1666666666665	0.0	9390.0
600	3983.3333333333335	0.0	11891.0
610	3684.1666666666665	0.0	13397.0
620	3678.5	0.0	11103.0
630	3690.5	0.0	9940.0
640	3740.3333333333335	0.0	10272.0
650	3640.5	0.0	10980.0
660	3665.3333333333335	0.0	11195.0
670	3819.8333333333335	0.0	10560.0
680	3711.6666666666665	0.0	12250.0
690	3719.1666666666665	0.0	11035.0
700	3586.0	0.0	8808.0
710	4029.1666666666665	0.0	6378.0
720	3964.0	0.0	12197.0
730	3521.8333333333335	0.0	11454.0
740	3606.5	0.0	12700.0
750	3734.3333333333335	0.0	7988.0
760	3687.5	0.0	9749.0
770	3980.0	0.0	10883.0
780	3379.6666666666665	0.0	8819.0
790	3866.5	0.0	11142.0
800	3403.0	0.0	11253.0
810	3584.1666666666665	0.0	8529.0
820	4045.0	0.0	10488.0
830	3513.3333333333335	0.0	9261.0
840	3645.5	0.0	9882.0
850	3728.3333333333335	0.0	10366.0
860	3875.1666666666665	0.0	10499.0
870	3706.8333333333335	0.0	11185.0
880	3807.0	0.0	10422.0
890	3896.3333333333335	0.0	11148.0
900	3705.6666666666665	0.0	9041.0
910	3949.6666666666665	0.0	12284.0
920	3723.1666666666665	0.0	10102.0
930	3730.3333333333335	0.0	8061.0
940	3784.5	0.0	11662.0
950	3499.1666666666665	0.0	8113.0
960	3479.5	0.0	11126.0
970	3768.0	0.0	9723.0
980	3883.8333333333335	0.0	7604.0
990	3565.1666666666665	0.0	6524.0
1000	3776.8333333333335	0.0	11497.0
