0	221.0	0.0	0.0
10	1954.0	194.0	12658.0
20	1805.0	194.0	10766.0
30	2143.8333333333335	90.0	8665.0
40	2090.1666666666665	191.0	12275.0
50	2409.1666666666665	121.0	8836.0
60	2584.1666666666665	210.0	11536.0
70	2651.0	0.0	9276.0
80	1970.5	0.0	7862.0
90	2521.0	0.0	15088.0
100	2389.3333333333335	0.0	7583.0
110	2714.5	0.0	8711.0
120	2500.8333333333335	0.0	5788.0
130	2432.5	0.0	8736.0
140	2546.5	0.0	11857.0
150	2714.3333333333335	0.0	6404.0
160	2298.0	0.0	8675.0
170	2840.5	0.0	5869.0
180	2412.3333333333335	0.0	9462.0
190	3095.1666666666665	0.0	11572.0
200	3083.6666666666665	0.0	10942.0
210	2858.6666666666665	0.0	9125.0
220	2767.1666666666665	0.0	9946.0
230	2927.0	0.0	8311.0
240	3129.3333333333335	0.0	11641.0
250	3006.6666666666665	0.0	9492.0
260	2851.3333333333335	0.0	8818.0
270	3336.6666666666665	0.0	9397.0
280	3096.3333333333335	0.0	13002.0
290	3049.8333333333335	0.0	10834.0
300	2932.3333333333335	0.0	11552.0
310	3829.0	0.0	9908.0
320	3516.3333333333335	0.0	9181.0
330	2867.8333333333335	0.0	12408.0
340	3051.1666666666665	0.0	8519.0
350	3893.1666666666665	0.0	7087.0
360	3171.6666666666665	0.0	9500.0
370	3363.0	0.0	10632.0
380	3569.0	0.0	10239.0
390	3646.6666666666665	0.0	12566.0
400	3661.0	0.0	11308.0
410	3828.3333333333335	0.0	9809.0
420	3548.3333333333335	0.0	11932.0
430	3671.8333333333335	0.0	11585.0
440	3415.0	0.0	10764.0
450	3451.5	0.0	9866.0
460	3434.5	0.0	9541.0
470	4131.0	0.0	8581.0
480	3914.5	0.0	10984.0
490	3333.8333333333335	0.0	8623.0
500	3722.1666666666665	0.0	12098.0
510	3629.8333333333335	0.0	12298.0
520	3874.0	0.0	11622.0
530	3787.0	0.0	8405.0
540	3595.6666666666665	0.0	10568.0
550	3468.8333333333335	0.0	12685.0
560	3481.6666666666665	0.0	9506.0
570	3667.3333333333335	0.0	9516.0
580	3708.6666666666665	0.0	10547.0
590	3027.8333333333335	0.0	10246.0
600	3530.6666666666665	0.0	7444.0
610	3536.3333333333335	0.0	11044.0
620	3841.6666666666665	0.0	10021.0
630	3358.5	0.0	10799.0
640	4234.0	0.0	11581.0
650	4086.5	0.0	9872.0
660	3381.1666666666665	0.0	9040.0
670	3685.6666666666665	0.0	8972.0
680	3739.1666666666665	0.0	11239.0
690	3604.1666666666665	0.0	10025.0
700	3818.5	0.0	7549.0
710	4085.3333333333335	0.0	12014.0
720	3491.8333333333335	0.0	10233.0
730	3395.8333333333335	0.0	11736.0
740	3409.5	0.0	10841.0
750	3746.3333333333335	0.0	11940.0
760	3767.0	0.0	10125.0
770	3658.1666666666665	0.0	7888.0
780	4072.6666666666665	0.0	7288.0
790	3990.1666666666665	0.0	10011.0
800	4018.6666666666665	0.0	8382.0
810	3904.5	0.0	11164.0
820	4074.1666666666665	0.0	11871.0
830	3751.5	0.0	10844.0
840	3776.1666666666665	0.0	10509.0
850	3519.1666666666665	0.0	9603.0
860	3701.6666666666665	0.0	10861.0
870	3590.0	0.0	11123.0
880	3944.0	0.0	10311.0
890	4146.166666666667	0.0	10533.0
900	3508.3333333333335	0.0	11819.0
910	3935.1666666666665	0.0	9679.0
920	3955.1666666666665	0.0	11160.0
930	3348.5	0.0	10054.0
940	3907.6666666666665	0.0	9563.0
950	3860.3333333333335	0.0	7095.0
960	3738.8333333333335	0.0	11652.0
970	3829.1666666666665	0.0	7066.0
980	3647.6666666666665	0.0	10996.0
990	3522.1666666666665	0.0	11824.0
1000	3745.1666666666665	0.0	9653.0
