0	273.3333333333333	0.0	0.0
10	2059.3333333333335	261.0	11892.0
20	1717.0	123.0	8939.0
30	2035.8333333333333	223.0	10674.0
40	2032.0	190.0	12461.0
50	2416.3333333333335	203.0	12874.0
60	1956.3333333333333	0.0	5380.0
70	2270.8333333333335	0.0	6947.0
80	2617.0	0.0	10565.0
90	2302.3333333333335	0.0	9508.0
100	2301.5	0.0	7610.0
110	2262.8333333333335	0.0	10613.0
120	2806.0	0.0	12885.0
130	2568.3333333333335	0.0	7549.0
140	2605.8333333333335	0.0	9418.0
150	2693.0	0.0	8218.0
160	2676.6666666666665	0.0	8618.0
170	2264.5	0.0	12940.0
180	2757.0	0.0	7649.0
190	2195.5	0.0	6571.0
200	2570.0	0.0	6746.0
210	2997.8333333333335	0.0	8062.0
220	2975.0	0.0	11193.0
230	3449.6666666666665	0.0	12549.0
240	3060.6666666666665	0.0	11603.0
250	3247.6666666666665	0.0	9824.0
260	2927.5	0.0	12701.0
270	3642.5	0.0	8815.0
280	3234.5	0.0	9188.0
290	3255.5	0.0	11188.0
300	3639.8333333333335	0.0	11487.0
310	3376.6666666666665	0.0	12699.0
320	3164.0	0.0	13151.0
330	3218.6666666666665	0.0	10275.0
340	3146.1666666666665	0.0	8052.0
350	3821.8333333333335	0.0	11698.0
360	3486.5	0.0	8477.0
370	3354.8333333333335	0.0	9869.0
380	3396.6666666666665	0.0	9674.0
390	3663.3333333333335	0.0	9949.0
400	3311.5	0.0	9903.0
410	3663.6666666666665	0.0	8383.0
420	3978.1666666666665	0.0	9406.0
430	2792.3333333333335	0.0	9693.0
440	3389.1666666666665	0.0	13325.0
450	3719.1666666666665	0.0	12529.0
460	3711.0	0.0	11634.0
470	2860.0	0.0	11361.0
480	3580.3333333333335	0.0	9473.0
490	3340.1666666666665	0.0	10609.0
500	4005.6666666666665	0.0	9813.0
510	3581.8333333333335	0.0	10487.0
520	2964.3333333333335	0.0	9308.0
530	3684.5	0.0	11424.0
540	3464.1666666666665	0.0	9192.0
550	4077.6666666666665	0.0	12645.0
560	3458.0	0.0	11951.0
570	3741.3333333333335	0.0	10707.0
580	4190.666666666667	0.0	13903.0
590	3509.3333333333335	0.0	13845.0
600	3610.5	0.0	11445.0
610	3726.6666666666665	0.0	10302.0
620	3986.8333333333335	0.0	9016.0
630	3942.5	0.0	9676.0
640	3883.6666666666665	0.0	11060.0
650	4097.5	0.0	11122.0
660	3769.3333333333335	0.0	11310.0
670	3656.5	0.0	9050.0
680	3868.1666666666665	0.0	10051.0
690	3146.5	0.0	10074.0
700	3676.1666666666665	0.0	9330.0
710	3944.1666666666665	0.0	7296.0
720	3992.8333333333335	0.0	10068.0
730	3620.1666666666665	0.0	12012.0
740	4137.0	0.0	8912.0
750	3799.8333333333335	0.0	10984.0
760	3909.0	0.0	8125.0
770	3763.1666666666665	0.0	12929.0
780	3645.3333333333335	0.0	9779.0
790	3965.6666666666665	0.0	10139.0
800	4147.166666666667	0.0	11047.0
810	3670.1666666666665	0.0	10149.0
820	3705.3333333333335	0.0	12329.0
830	3625.0	0.0	9545.0
840	3756.5	0.0	12305.0
850	3746.3333333333335	0.0	12213.0
860	3758.5	0.0	11956.0
870	3816.1666666666665	0.0	9200.0
880	3963.5	0.0	9128.0
890	4038.0	0.0	10506.0
900	3878.5	0.0	10080.0
910	4143.333333333333	0.0	10226.0
920	3761.5	0.0	10521.0
930	3739.5	0.0	9171.0
940	3849.1666666666665	0.0	11031.0
950	3462.5	0.0	9457.0
960	3951.0	0.0	9663.0
970	4257.0	0.0	10735.0
980	3779.1666666666665	0.0	11143.0
990	3961.1666666666665	0.0	11043.0
1000	3884.0	0.0	8962.0
