0	2094.3333333333335	0.0	0.0	0.0
10	2341.1666666666665	1000.0	1000.0	12440.0
20	2259.1666666666665	0.0	0.0	9930.0
30	2403.0	0.0	0.0	6901.0
40	2533.8333333333335	0.0	0.0	10305.0
50	2567.3333333333335	0.0	0.0	8424.0
60	2479.8333333333335	0.0	0.0	11833.0
70	2503.0	0.0	0.0	7371.0
80	2342.5	0.0	0.0	8244.0
90	2268.6666666666665	0.0	0.0	11472.0
100	2286.3333333333335	0.0	0.0	5887.0
110	2435.1666666666665	0.0	0.0	6991.0
120	2302.1666666666665	0.0	0.0	8026.0
130	2338.6666666666665	0.0	0.0	12077.0
140	2025.3333333333333	0.0	0.0	9622.0
150	2394.5	0.0	0.0	10733.0
160	2296.0	0.0	0.0	8145.0
170	2239.0	0.0	0.0	13230.0
180	2433.6666666666665	0.0	0.0	8630.0
190	2649.3333333333335	0.0	0.0	6631.0
200	2665.5	0.0	0.0	8105.0
210	3129.6666666666665	0.0	0.0	8674.0
220	2337.1666666666665	0.0	0.0	8915.0
230	2813.1666666666665	0.0	0.0	7794.0
240	2432.8333333333335	0.0	0.0	10219.0
250	2663.5	0.0	0.0	10827.0
260	2868.0	0.0	0.0	6595.0
270	2829.5	0.0	0.0	10401.0
280	2977.1666666666665	0.0	0.0	9624.0
290	2650.0	0.0	0.0	7075.0
300	3450.8333333333335	0.0	0.0	6723.0
310	2637.0	0.0	0.0	10690.0
320	3136.6666666666665	0.0	0.0	13819.0
330	2774.8333333333335	0.0	0.0	8110.0
340	2997.1666666666665	0.0	0.0	7169.0
350	3189.8333333333335	0.0	0.0	8233.0
360	3219.3333333333335	0.0	0.0	7723.0
370	4113.333333333333	0.0	0.0	11875.0
380	3355.0	0.0	0.0	12287.0
390	2977.0	0.0	0.0	10917.0
400	2932.1666666666665	0.0	0.0	9182.0
410	3401.6666666666665	0.0	0.0	9464.0
420	3136.8333333333335	0.0	0.0	12502.0
430	3134.3333333333335	0.0	0.0	9657.0
440	2959.6666666666665	0.0	0.0	11008.0
450	3583.1666666666665	0.0	0.0	9027.0
460	3106.8333333333335	0.0	0.0	11896.0
470	3548.0	0.0	0.0	9159.0
480	3530.6666666666665	0.0	0.0	7054.0
490	3791.5	0.0	0.0	11134.0
500	3697.8333333333335	0.0	0.0	11967.0
510	3926.0	0.0	0.0	10869.0
520	3466.0	0.0	0.0	12394.0
530	2896.8333333333335	0.0	0.0	10304.0
540	3851.8333333333335	0.0	0.0	8928.0
550	3733.0	0.0	0.0	10482.0
560	3822.8333333333335	0.0	0.0	10638.0
570	3754.8333333333335	0.0	0.0	11152.0
580	3418.3333333333335	0.0	0.0	8409.0
590	3497.1666666666665	0.0	0.0	9753.0
600	3708.0	0.0	0.0	10156.0
610	3778.3333333333335	0.0	0.0	7692.0
620	3574.8333333333335	0.0	0.0	10243.0
630	3893.8333333333335	0.0	0.0	8670.0
640	3776.0	0.0	0.0	12079.0
650	3656.1666666666665	0.0	0.0	13486.0
660	3665.6666666666665	0.0	0.0	12448.0
670	3722.8333333333335	0.0	0.0	10769.0
680	3774.3333333333335	0.0	0.0	9322.0
690	4185.0	0.0	0.0	9760.0
700	3866.3333333333335	0.0	0.0	10387.0
710	3623.3333333333335	0.0	0.0	11282.0
720	3869.3333333333335	0.0	0.0	9425.0
730	3716.3333333333335	0.0	0.0	11979.0
740	3634.8333333333335	0.0	0.0	10062.0
750	3883.0	0.0	0.0	13633.0
760	3726.6666666666665	0.0	0.0	10467.0
770	3885.6666666666665	0.0	0.0	11957.0
780	3818.3333333333335	0.0	0.0	9053.0
790	4018.3333333333335	0.0	0.0	12208.0
800	3505.5	0.0	0.0	10596.0
