0	2304.3333333333335	0.0	0.0	0.0
10	2372.1666666666665	150.0	6229.0	12293.0
20	2471.1666666666665	95.0	6127.0	12240.0
30	2295.5	87.0	3789.0	7720.0
40	2462.6666666666665	116.0	6661.0	13812.0
50	2892.5	100.0	5292.0	10888.0
60	3185.3333333333335	100.0	5617.0	11288.0
70	3553.3333333333335	100.0	5615.0	10982.0
80	3272.8333333333335	66.0	6120.0	12034.0
90	2482.1666666666665	24.0	4238.0	8325.0
100	2986.3333333333335	36.0	4607.0	9014.0
110	2843.0	56.0	5414.0	10956.0
120	3108.8333333333335	70.0	3056.0	10256.0
130	2875.8333333333335	0.0	0.0	13906.0
140	2838.8333333333335	0.0	0.0	10209.0
150	3107.8333333333335	0.0	0.0	11668.0
160	3196.5	0.0	0.0	7796.0
170	3682.0	0.0	0.0	6788.0
180	3585.1666666666665	0.0	0.0	10334.0
190	3312.3333333333335	0.0	0.0	8553.0
200	3114.1666666666665	0.0	0.0	8673.0
210	3221.6666666666665	0.0	0.0	10946.0
220	3669.8333333333335	0.0	0.0	9468.0
230	3248.6666666666665	0.0	0.0	9194.0
240	3552.1666666666665	0.0	0.0	12548.0
250	3501.8333333333335	0.0	0.0	10851.0
260	3482.6666666666665	0.0	0.0	7822.0
270	3537.6666666666665	0.0	0.0	10093.0
280	3063.5	0.0	0.0	8141.0
290	3805.8333333333335	0.0	0.0	9568.0
300	3594.6666666666665	0.0	0.0	10359.0
310	3600.8333333333335	0.0	0.0	9658.0
320	3175.5	0.0	0.0	11204.0
330	3572.8333333333335	0.0	0.0	8400.0
340	3503.5	0.0	0.0	12489.0
350	3502.8333333333335	0.0	0.0	12987.0
360	3773.5	0.0	0.0	9378.0
370	3656.0	0.0	0.0	10579.0
380	3152.0	0.0	0.0	6619.0
390	3425.8333333333335	0.0	0.0	12229.0
400	3425.0	0.0	0.0	10234.0
410	3419.5	0.0	0.0	6605.0
420	3158.1666666666665	0.0	0.0	8892.0
430	3960.5	0.0	0.0	12822.0
440	3952.6666666666665	0.0	0.0	10622.0
450	3473.3333333333335	0.0	0.0	10422.0
460	3519.1666666666665	0.0	0.0	9094.0
470	3089.5	0.0	0.0	10590.0
480	3342.8333333333335	0.0	0.0	12763.0
490	3120.0	0.0	0.0	9232.0
500	3658.3333333333335	0.0	0.0	9542.0
510	3767.8333333333335	0.0	0.0	10093.0
520	3676.0	0.0	0.0	10451.0
530	3915.0	0.0	0.0	14852.0
540	3528.8333333333335	0.0	0.0	11049.0
550	3772.0	0.0	0.0	11096.0
560	3748.5	0.0	0.0	8595.0
570	3991.0	0.0	0.0	8859.0
580	3514.8333333333335	0.0	0.0	11741.0
590	3781.1666666666665	0.0	0.0	11959.0
600	3572.1666666666665	0.0	0.0	7650.0
610	3754.5	0.0	0.0	11118.0
620	3899.6666666666665	0.0	0.0	7594.0
630	3888.8333333333335	0.0	0.0	7525.0
640	3627.3333333333335	0.0	0.0	9857.0
650	4007.3333333333335	0.0	0.0	11645.0
660	3590.0	0.0	0.0	9760.0
670	3705.8333333333335	0.0	0.0	8875.0
680	3798.8333333333335	0.0	0.0	10364.0
690	3507.3333333333335	0.0	0.0	8927.0
700	3558.3333333333335	0.0	0.0	11818.0
710	3930.6666666666665	0.0	0.0	12876.0
720	3989.0	0.0	0.0	12068.0
730	3792.5	0.0	0.0	9886.0
740	3668.3333333333335	0.0	0.0	8203.0
750	3845.6666666666665	0.0	0.0	6534.0
760	3855.3333333333335	0.0	0.0	9420.0
770	3662.1666666666665	0.0	0.0	8819.0
780	3365.6666666666665	0.0	0.0	6969.0
790	3565.5	0.0	0.0	10446.0
800	3928.6666666666665	0.0	0.0	9953.0
