0	2378.5	0.0	0.0	0.0
10	2105.5	120.0	6158.0	9503.0
20	2385.25	160.0	7685.0	11234.0
30	2448.75	63.0	7391.0	10754.0
40	2417.75	213.0	8920.0	14121.0
50	2687.5	95.0	5999.0	9464.0
60	2632.5	59.0	7051.0	11485.0
70	2376.5	125.0	8571.0	13022.0
80	2376.75	105.0	8295.0	13095.0
90	2656.0	74.0	6199.0	9848.0
100	2730.25	46.0	7188.0	11473.0
110	2775.5	79.0	6726.0	11585.0
120	3356.25	96.0	6949.0	10922.0
130	3071.0	54.0	6108.0	9579.0
140	2775.0	22.0	6029.0	10743.0
150	2919.75	49.0	6545.0	10951.0
160	2700.5	56.0	7382.0	12402.0
170	3251.5	55.0	11000.0	16140.0
180	3806.0	28.0	5074.0	8150.0
190	3302.25	43.0	8822.0	13349.0
200	3260.0	27.0	7609.0	11368.0
210	3478.75	31.0	8077.0	12591.0
220	3472.75	53.0	8694.0	12684.0
230	3432.5	36.0	8460.0	12211.0
240	3643.0	34.0	7545.0	11940.0
250	3794.25	40.0	6631.0	9980.0
260	3604.75	35.0	8859.0	13217.0
270	3287.0	24.0	6240.0	10797.0
280	3800.75	14.0	3308.0	6925.0
290	3575.75	37.0	6958.0	13232.0
300	3146.5	26.0	6169.0	9665.0
310	3094.0	42.0	8559.0	12491.0
320	3460.75	35.0	8227.0	12248.0
330	3269.25	28.0	6625.0	10895.0
340	4234.5	25.0	7494.0	11773.0
350	3830.0	28.0	6887.0	9984.0
360	3525.0	32.0	9103.0	14147.0
370	3892.75	17.0	6362.0	10582.0
380	2929.75	29.0	8392.0	13145.0
390	3407.5	25.0	8304.0	13361.0
400	3791.5	24.0	7643.0	11521.0
410	3530.75	35.0	9004.0	13616.0
420	3933.25	29.0	7426.0	9979.0
430	4074.75	21.0	5676.0	7922.0
440	3378.25	18.0	7564.0	11134.0
450	3762.75	30.0	6726.0	9808.0
460	4064.25	33.0	7676.0	12058.0
470	3910.0	29.0	8859.0	12846.0
480	4227.5	41.0	8144.0	11326.0
490	3804.5	29.0	9366.0	12784.0
500	3960.25	28.0	8308.0	11971.0
510	4042.0	32.0	8440.0	11233.0
520	3864.75	18.0	6876.0	9750.0
530	3547.75	30.0	8377.0	12693.0
540	3994.0	23.0	7074.0	10655.0
550	3668.0	29.0	6749.0	9804.0
560	3586.25	34.0	7640.0	10934.0
570	3699.25	32.0	7152.0	10126.0
580	3984.0	33.0	7286.0	11204.0
590	4039.75	36.0	7845.0	10976.0
600	3903.75	34.0	8980.0	12306.0
610	3492.5	50.0	9555.0	12921.0
620	3885.5	27.0	7560.0	10043.0
630	3779.25	32.0	9502.0	13037.0
640	3414.75	26.0	8913.0	12848.0
650	3694.5	36.0	8890.0	11631.0
660	3567.0	24.0	8258.0	10909.0
670	4017.5	32.0	9427.0	12602.0
680	3808.5	36.0	9155.0	13250.0
690	3794.25	22.0	7534.0	10052.0
700	3572.5	26.0	8609.0	11883.0
710	3942.0	35.0	7576.0	9908.0
720	3915.75	33.0	9694.0	12727.0
730	3630.0	23.0	7958.0	11082.0
740	3622.75	36.0	7659.0	10126.0
750	3706.5	26.0	9981.0	13089.0
760	3654.5	30.0	7910.0	10330.0
770	3911.75	31.0	9370.0	12061.0
780	3676.75	24.0	8130.0	10212.0
790	3941.75	26.0	6907.0	9271.0
800	3595.0	25.0	7164.0	9063.0
