0	264.0	0.0	0.0	0.0
10	2042.5	1000.0	1000.0	7817.0
20	2164.75	0.0	0.0	6976.0
30	1972.25	0.0	0.0	8293.0
40	1959.75	0.0	0.0	8725.0
50	2017.5	0.0	0.0	6713.0
60	2302.75	0.0	0.0	8078.0
70	2011.0	0.0	0.0	8916.0
80	2260.5	0.0	0.0	9860.0
90	2177.25	0.0	0.0	10369.0
100	2140.5	0.0	0.0	8646.0
110	2045.5	0.0	0.0	7296.0
120	2301.0	0.0	0.0	6817.0
130	2343.75	0.0	0.0	9813.0
140	2331.5	0.0	0.0	12563.0
150	2419.0	0.0	0.0	9736.0
160	2417.25	0.0	0.0	7479.0
170	2533.25	0.0	0.0	7824.0
180	2751.25	0.0	0.0	8174.0
190	2543.5	0.0	0.0	10356.0
200	2372.0	0.0	0.0	11216.0
210	2311.0	0.0	0.0	8718.0
220	2623.75	0.0	0.0	7921.0
230	2570.0	0.0	0.0	7713.0
240	2491.75	0.0	0.0	8806.0
250	2491.75	0.0	0.0	9665.0
260	2253.75	0.0	0.0	9444.0
270	2703.75	0.0	0.0	6655.0
280	2671.0	0.0	0.0	8324.0
290	2581.5	0.0	0.0	7874.0
300	2466.25	0.0	0.0	6246.0
310	2422.5	0.0	0.0	8333.0
320	2749.5	0.0	0.0	6542.0
330	2309.25	0.0	0.0	10477.0
340	2575.75	0.0	0.0	8815.0
350	2364.75	0.0	0.0	9421.0
360	2552.25	0.0	0.0	13318.0
370	2830.25	0.0	0.0	7462.0
380	2641.0	0.0	0.0	7426.0
390	2767.0	0.0	0.0	10180.0
400	2594.5	0.0	0.0	9322.0
410	2865.0	0.0	0.0	9696.0
420	3305.25	0.0	0.0	6346.0
430	3152.0	0.0	0.0	7495.0
440	2582.0	0.0	0.0	7230.0
450	2860.75	0.0	0.0	10899.0
460	3161.75	0.0	0.0	11213.0
470	2854.0	0.0	0.0	7599.0
480	3082.5	0.0	0.0	7035.0
490	3045.75	0.0	0.0	9167.0
500	3269.75	0.0	0.0	11326.0
510	2982.25	0.0	0.0	10880.0
520	3109.75	0.0	0.0	11580.0
530	3684.75	0.0	0.0	8013.0
540	3592.0	0.0	0.0	8128.0
550	3254.0	0.0	0.0	9414.0
560	2718.25	0.0	0.0	11752.0
570	3560.75	0.0	0.0	8627.0
580	2969.5	0.0	0.0	11873.0
590	3682.25	0.0	0.0	10706.0
600	3768.5	0.0	0.0	11362.0
610	3270.5	0.0	0.0	8924.0
620	3072.0	0.0	0.0	8861.0
630	3823.75	0.0	0.0	9644.0
640	3100.75	0.0	0.0	9111.0
650	3208.25	0.0	0.0	9394.0
660	3539.0	0.0	0.0	10560.0
670	3602.0	0.0	0.0	11885.0
680	3693.25	0.0	0.0	12192.0
690	3349.75	0.0	0.0	8960.0
700	2886.5	0.0	0.0	9167.0
710	3462.75	0.0	0.0	9738.0
720	3458.75	0.0	0.0	11009.0
730	3539.0	0.0	0.0	9665.0
740	3681.25	0.0	0.0	14126.0
750	3436.25	0.0	0.0	10699.0
760	3351.25	0.0	0.0	13699.0
770	3394.5	0.0	0.0	8428.0
780	3618.75	0.0	0.0	14310.0
790	3733.25	0.0	0.0	11288.0
800	3547.0	0.0	0.0	8140.0
810	3370.75	0.0	0.0	9965.0
820	3915.25	0.0	0.0	13277.0
830	3170.0	0.0	0.0	9835.0
840	3982.25	0.0	0.0	11124.0
850	3712.5	0.0	0.0	9069.0
860	3925.25	0.0	0.0	11132.0
870	3913.5	0.0	0.0	11326.0
880	3022.0	0.0	0.0	10093.0
890	3168.0	0.0	0.0	11689.0
900	3500.75	0.0	0.0	11583.0
910	3842.0	0.0	0.0	11717.0
920	3703.25	0.0	0.0	9549.0
930	4020.75	0.0	0.0	9477.0
940	3825.75	0.0	0.0	11853.0
950	3919.0	0.0	0.0	10261.0
960	3802.75	0.0	0.0	13173.0
970	3793.5	0.0	0.0	11573.0
980	3714.25	0.0	0.0	8284.0
990	3719.75	0.0	0.0	11340.0
1000	3998.5	0.0	0.0	7526.0
