0	271.0	0.0	0.0	0.0
10	2149.25	1000.0	1000.0	9242.0
20	2138.75	0.0	0.0	9589.0
30	1951.0	0.0	0.0	10306.0
40	2192.75	0.0	0.0	9483.0
50	2004.0	0.0	0.0	8475.0
60	2216.5	0.0	0.0	11035.0
70	2133.5	0.0	0.0	7312.0
80	2311.0	0.0	0.0	11472.0
90	2224.0	0.0	0.0	10263.0
100	2413.25	0.0	0.0	8715.0
110	2322.75	0.0	0.0	6291.0
120	2410.75	0.0	0.0	8857.0
130	2449.5	0.0	0.0	6672.0
140	2527.75	0.0	0.0	10758.0
150	2684.25	0.0	0.0	12117.0
160	2579.25	0.0	0.0	10871.0
170	2519.25	0.0	0.0	10299.0
180	2400.5	0.0	0.0	12550.0
190	2503.75	0.0	0.0	5471.0
200	2817.0	0.0	0.0	9176.0
210	3082.25	0.0	0.0	7842.0
220	2431.25	0.0	0.0	9777.0
230	2197.75	0.0	0.0	9556.0
240	2034.75	0.0	0.0	8313.0
250	2942.5	0.0	0.0	11498.0
260	2967.5	0.0	0.0	11413.0
270	2787.75	0.0	0.0	5625.0
280	2794.5	0.0	0.0	9872.0
290	2820.5	0.0	0.0	7624.0
300	2730.5	0.0	0.0	9090.0
310	2853.5	0.0	0.0	9421.0
320	3335.75	0.0	0.0	11324.0
330	2860.5	0.0	0.0	11870.0
340	2842.75	0.0	0.0	9953.0
350	2970.0	0.0	0.0	13330.0
360	3482.5	0.0	0.0	5560.0
370	3331.5	0.0	0.0	15990.0
380	3349.25	0.0	0.0	9820.0
390	2884.0	0.0	0.0	13331.0
400	3546.5	0.0	0.0	10977.0
410	3344.5	0.0	0.0	10922.0
420	3208.75	0.0	0.0	8596.0
430	2974.0	0.0	0.0	8121.0
440	3254.0	0.0	0.0	6878.0
450	3850.5	0.0	0.0	12273.0
460	3408.5	0.0	0.0	12189.0
470	3545.25	0.0	0.0	8733.0
480	3755.0	0.0	0.0	12552.0
490	3329.25	0.0	0.0	13346.0
500	3447.25	0.0	0.0	10123.0
510	2804.25	0.0	0.0	10198.0
520	3673.5	0.0	0.0	11034.0
530	3260.25	0.0	0.0	8728.0
540	2708.25	0.0	0.0	13433.0
550	3663.5	0.0	0.0	11085.0
560	3827.75	0.0	0.0	7944.0
570	3633.0	0.0	0.0	9549.0
580	3868.5	0.0	0.0	10431.0
590	3836.0	0.0	0.0	13235.0
600	3638.25	0.0	0.0	10443.0
610	3577.5	0.0	0.0	8298.0
620	3745.75	0.0	0.0	10317.0
630	3733.25	0.0	0.0	10072.0
640	3770.0	0.0	0.0	12115.0
650	3878.25	0.0	0.0	12617.0
660	3552.75	0.0	0.0	9502.0
670	4142.25	0.0	0.0	7756.0
680	4100.75	0.0	0.0	9408.0
690	3835.5	0.0	0.0	9799.0
700	4088.25	0.0	0.0	10409.0
710	3982.25	0.0	0.0	8741.0
720	3567.25	0.0	0.0	8646.0
730	3747.0	0.0	0.0	7750.0
740	3804.0	0.0	0.0	11770.0
750	3948.25	0.0	0.0	7825.0
760	3879.0	0.0	0.0	8609.0
770	4025.75	0.0	0.0	10435.0
780	3872.25	0.0	0.0	8093.0
790	3577.75	0.0	0.0	10572.0
800	3773.75	0.0	0.0	10926.0
810	3955.0	0.0	0.0	9028.0
820	3613.0	0.0	0.0	12926.0
830	3810.25	0.0	0.0	8204.0
840	4001.75	0.0	0.0	9332.0
850	3315.25	0.0	0.0	11327.0
860	3639.75	0.0	0.0	11348.0
870	3919.0	0.0	0.0	9385.0
880	3335.25	0.0	0.0	12756.0
890	3972.0	0.0	0.0	10038.0
900	3925.5	0.0	0.0	11352.0
910	3666.5	0.0	0.0	10298.0
920	4076.75	0.0	0.0	8891.0
930	3212.25	0.0	0.0	12261.0
940	3824.0	0.0	0.0	12063.0
950	4030.75	0.0	0.0	8810.0
960	3739.5	0.0	0.0	10528.0
970	4162.25	0.0	0.0	9883.0
980	3250.0	0.0	0.0	10694.0
990	4264.5	0.0	0.0	10077.0
1000	3657.75	0.0	0.0	9382.0
