0	268.5	0.0	0.0	0.0
10	1964.25	633.0	9471.0	9471.0
20	2121.75	367.0	4643.0	9504.0
30	1886.0	0.0	0.0	9620.0
40	2008.5	0.0	0.0	6255.0
50	2252.25	0.0	0.0	9717.0
60	2253.5	0.0	0.0	9618.0
70	2244.5	0.0	0.0	8143.0
80	2376.0	0.0	0.0	10112.0
90	2826.75	0.0	0.0	10371.0
100	2510.0	0.0	0.0	8628.0
110	2467.75	0.0	0.0	9736.0
120	2333.25	0.0	0.0	7204.0
130	2746.0	0.0	0.0	10013.0
140	2689.0	0.0	0.0	9757.0
150	2441.5	0.0	0.0	6923.0
160	2679.0	0.0	0.0	10084.0
170	2663.0	0.0	0.0	9788.0
180	2943.5	0.0	0.0	6765.0
190	3117.5	0.0	0.0	4456.0
200	2526.25	0.0	0.0	12511.0
210	2788.75	0.0	0.0	9465.0
220	2650.0	0.0	0.0	8767.0
230	2472.5	0.0	0.0	8898.0
240	2903.75	0.0	0.0	7352.0
250	2736.5	0.0	0.0	9878.0
260	2776.0	0.0	0.0	12551.0
270	2703.75	0.0	0.0	7016.0
280	3145.5	0.0	0.0	9026.0
290	2447.75	0.0	0.0	9636.0
300	2948.5	0.0	0.0	8458.0
310	3077.25	0.0	0.0	11919.0
320	3659.75	0.0	0.0	7044.0
330	2950.0	0.0	0.0	8156.0
340	3266.0	0.0	0.0	12560.0
350	3377.75	0.0	0.0	8875.0
360	3193.75	0.0	0.0	12224.0
370	2278.75	0.0	0.0	8840.0
380	3383.25	0.0	0.0	11451.0
390	3159.25	0.0	0.0	9875.0
400	3421.75	0.0	0.0	9656.0
410	3504.25	0.0	0.0	8339.0
420	2896.5	0.0	0.0	9886.0
430	3857.0	0.0	0.0	10513.0
440	3243.25	0.0	0.0	10682.0
450	3607.75	0.0	0.0	11313.0
460	3865.5	0.0	0.0	11506.0
470	2910.5	0.0	0.0	10507.0
480	2925.0	0.0	0.0	9983.0
490	3528.75	0.0	0.0	12084.0
500	3523.5	0.0	0.0	12377.0
510	2990.75	0.0	0.0	13939.0
520	3974.25	0.0	0.0	12080.0
530	3426.5	0.0	0.0	9171.0
540	3808.25	0.0	0.0	11032.0
550	3109.75	0.0	0.0	13139.0
560	3985.0	0.0	0.0	9493.0
570	3886.25	0.0	0.0	12252.0
580	3839.0	0.0	0.0	12043.0
590	3494.5	0.0	0.0	10214.0
600	3218.75	0.0	0.0	13132.0
610	3176.5	0.0	0.0	10647.0
620	4014.25	0.0	0.0	8989.0
630	3839.5	0.0	0.0	11902.0
640	3764.5	0.0	0.0	11998.0
650	4001.25	0.0	0.0	11899.0
660	3419.0	0.0	0.0	9283.0
670	4214.0	0.0	0.0	7590.0
680	3888.25	0.0	0.0	7872.0
690	3448.5	0.0	0.0	10831.0
700	3876.5	0.0	0.0	8092.0
710	3895.5	0.0	0.0	12457.0
720	3821.75	0.0	0.0	9957.0
730	3849.5	0.0	0.0	10878.0
740	3669.75	0.0	0.0	10103.0
750	3912.75	0.0	0.0	8406.0
760	3873.5	0.0	0.0	11090.0
770	3854.75	0.0	0.0	10757.0
780	3946.25	0.0	0.0	10778.0
790	4018.25	0.0	0.0	10343.0
800	3620.25	0.0	0.0	11707.0
810	3492.25	0.0	0.0	6441.0
820	3908.5	0.0	0.0	12048.0
830	3967.5	0.0	0.0	12631.0
840	3875.25	0.0	0.0	11411.0
850	3827.75	0.0	0.0	10923.0
860	3564.25	0.0	0.0	12280.0
870	3787.5	0.0	0.0	7854.0
880	3961.75	0.0	0.0	8007.0
890	3563.25	0.0	0.0	9796.0
900	3687.75	0.0	0.0	10782.0
910	3603.75	0.0	0.0	12077.0
920	3579.0	0.0	0.0	12069.0
930	3869.75	0.0	0.0	10843.0
940	4282.5	0.0	0.0	10949.0
950	3790.25	0.0	0.0	9529.0
960	3410.25	0.0	0.0	8177.0
970	3742.25	0.0	0.0	10217.0
980	3854.25	0.0	0.0	11860.0
990	3894.0	0.0	0.0	10136.0
1000	4027.75	0.0	0.0	9737.0
