0	2729.0	0.0	0.0	0.0
10	2472.8333333333335	1000.0	1000.0	9996.0
20	2587.3333333333335	0.0	0.0	6342.0
30	2651.0	0.0	0.0	7555.0
40	3035.0	0.0	0.0	7671.0
50	2825.8333333333335	0.0	0.0	10256.0
60	3055.8333333333335	0.0	0.0	8105.0
70	2536.3333333333335	0.0	0.0	6002.0
80	2759.1666666666665	0.0	0.0	8940.0
90	3165.1666666666665	0.0	0.0	8285.0
100	2923.1666666666665	0.0	0.0	9402.0
110	2940.1666666666665	0.0	0.0	7299.0
120	2705.6666666666665	0.0	0.0	9971.0
130	3101.0	0.0	0.0	8372.0
140	2902.1666666666665	0.0	0.0	6493.0
150	3535.0	0.0	0.0	8990.0
160	3598.3333333333335	0.0	0.0	11321.0
170	3125.0	0.0	0.0	11199.0
180	3342.1666666666665	0.0	0.0	8889.0
190	3318.5	0.0	0.0	8148.0
200	3362.5	0.0	0.0	8929.0
210	3649.1666666666665	0.0	0.0	11664.0
220	3175.3333333333335	0.0	0.0	9128.0
230	3564.3333333333335	0.0	0.0	10600.0
240	3753.1666666666665	0.0	0.0	9083.0
250	3571.8333333333335	0.0	0.0	8473.0
260	3331.8333333333335	0.0	0.0	10551.0
270	3664.0	0.0	0.0	9920.0
280	3062.8333333333335	0.0	0.0	8980.0
290	3029.0	0.0	0.0	10267.0
300	3144.6666666666665	0.0	0.0	12482.0
310	3191.6666666666665	0.0	0.0	10288.0
320	3414.0	0.0	0.0	9900.0
330	3394.0	0.0	0.0	9839.0
340	3380.3333333333335	0.0	0.0	12087.0
350	3389.0	0.0	0.0	9043.0
360	3378.8333333333335	0.0	0.0	10334.0
370	3837.5	0.0	0.0	12540.0
380	3676.1666666666665	0.0	0.0	11809.0
390	3907.0	0.0	0.0	12277.0
400	3802.8333333333335	0.0	0.0	13124.0
410	3676.0	0.0	0.0	12670.0
420	3712.6666666666665	0.0	0.0	11417.0
430	3615.1666666666665	0.0	0.0	10630.0
440	3867.1666666666665	0.0	0.0	8744.0
450	4039.6666666666665	0.0	0.0	12930.0
460	3341.1666666666665	0.0	0.0	10352.0
470	3564.1666666666665	0.0	0.0	10580.0
480	3957.6666666666665	0.0	0.0	12010.0
490	3828.5	0.0	0.0	9656.0
500	3799.0	0.0	0.0	10265.0
510	3710.6666666666665	0.0	0.0	10326.0
520	3567.0	0.0	0.0	12126.0
530	3406.8333333333335	0.0	0.0	10681.0
540	4075.1666666666665	0.0	0.0	8377.0
550	3892.6666666666665	0.0	0.0	11209.0
560	3775.1666666666665	0.0	0.0	9902.0
570	3918.6666666666665	0.0	0.0	14917.0
580	3959.6666666666665	0.0	0.0	10504.0
590	3815.3333333333335	0.0	0.0	8851.0
600	4048.1666666666665	0.0	0.0	9692.0
