0	2354.3333333333335	0.0	0.0	0.0
10	2295.3333333333335	1000.0	1000.0	7764.0
20	2358.6666666666665	0.0	0.0	9052.0
30	2715.1666666666665	0.0	0.0	9881.0
40	2766.8333333333335	0.0	0.0	8026.0
50	2742.3333333333335	0.0	0.0	7671.0
60	3288.0	0.0	0.0	8102.0
70	2576.8333333333335	0.0	0.0	10926.0
80	2278.6666666666665	0.0	0.0	6225.0
90	3155.5	0.0	0.0	10233.0
100	2845.3333333333335	0.0	0.0	8981.0
110	3030.5	0.0	0.0	10065.0
120	3491.6666666666665	0.0	0.0	10567.0
130	3143.0	0.0	0.0	11213.0
140	3283.1666666666665	0.0	0.0	10750.0
150	3226.0	0.0	0.0	11411.0
160	3298.8333333333335	0.0	0.0	9524.0
170	3664.5	0.0	0.0	9508.0
180	3273.8333333333335	0.0	0.0	8699.0
190	3567.5	0.0	0.0	9413.0
200	3042.1666666666665	0.0	0.0	12830.0
210	3765.6666666666665	0.0	0.0	13202.0
220	3342.0	0.0	0.0	8586.0
230	3598.5	0.0	0.0	11220.0
240	3291.5	0.0	0.0	9878.0
250	3148.0	0.0	0.0	8880.0
260	2704.6666666666665	0.0	0.0	11939.0
270	3310.5	0.0	0.0	10266.0
280	3617.1666666666665	0.0	0.0	11018.0
290	3836.1666666666665	0.0	0.0	10611.0
300	3783.3333333333335	0.0	0.0	12669.0
310	3569.3333333333335	0.0	0.0	11834.0
320	3483.6666666666665	0.0	0.0	9759.0
330	3733.8333333333335	0.0	0.0	9475.0
340	3937.8333333333335	0.0	0.0	7867.0
350	3755.6666666666665	0.0	0.0	11632.0
360	3914.0	0.0	0.0	8851.0
370	3706.1666666666665	0.0	0.0	8264.0
380	3821.8333333333335	0.0	0.0	7909.0
390	3833.3333333333335	0.0	0.0	12737.0
400	3816.1666666666665	0.0	0.0	11950.0
410	3730.0	0.0	0.0	10545.0
420	3376.6666666666665	0.0	0.0	12574.0
430	3642.8333333333335	0.0	0.0	10462.0
440	4007.0	0.0	0.0	8586.0
450	3684.6666666666665	0.0	0.0	12608.0
460	3868.6666666666665	0.0	0.0	10379.0
470	4073.6666666666665	0.0	0.0	11085.0
480	3511.3333333333335	0.0	0.0	12456.0
490	3838.6666666666665	0.0	0.0	6878.0
500	3906.8333333333335	0.0	0.0	9919.0
510	3960.8333333333335	0.0	0.0	11663.0
520	3804.5	0.0	0.0	10935.0
530	3440.8333333333335	0.0	0.0	11520.0
540	3742.8333333333335	0.0	0.0	8394.0
550	3397.0	0.0	0.0	8635.0
560	3856.5	0.0	0.0	11776.0
570	3950.5	0.0	0.0	9754.0
580	3575.3333333333335	0.0	0.0	10095.0
590	3564.5	0.0	0.0	12786.0
600	3909.6666666666665	0.0	0.0	8688.0
