0	2371.8333333333335	0.0	0.0	0.0
10	2351.3333333333335	15843.0	15843.0	15843.0
20	2388.6666666666665	13367.0	13367.0	13367.0
30	2318.3333333333335	18506.0	18506.0	18506.0
40	3188.0	14272.0	14272.0	14272.0
50	2606.0	16383.0	16383.0	16383.0
60	3046.8333333333335	16749.0	16749.0	16749.0
70	3019.3333333333335	18993.0	18993.0	18993.0
80	3148.1666666666665	15668.0	15668.0	15668.0
90	3408.0	17499.0	17499.0	17499.0
100	3703.1666666666665	16309.0	16309.0	17102.0
110	3789.8333333333335	0.0	0.0	6634.0
120	3975.6666666666665	0.0	0.0	11871.0
130	3839.0	0.0	0.0	10562.0
140	3738.0	0.0	0.0	11149.0
150	3565.1666666666665	0.0	0.0	12900.0
160	3599.6666666666665	0.0	0.0	9568.0
170	3896.1666666666665	0.0	0.0	9017.0
180	3885.3333333333335	0.0	0.0	10040.0
190	3562.0	0.0	0.0	12156.0
200	3815.0	0.0	0.0	8923.0
210	3715.6666666666665	0.0	0.0	12439.0
220	3656.1666666666665	0.0	0.0	8660.0
230	3822.8333333333335	0.0	0.0	7596.0
240	3819.0	0.0	0.0	10934.0
250	3631.1666666666665	0.0	0.0	7628.0
260	3774.5	0.0	0.0	9652.0
270	3689.8333333333335	0.0	0.0	11371.0
280	3582.1666666666665	0.0	0.0	10222.0
290	3604.5	0.0	0.0	11962.0
300	3750.6666666666665	0.0	0.0	9430.0
310	2686.6666666666665	0.0	0.0	11444.0
320	3925.0	0.0	0.0	7441.0
330	3770.0	0.0	0.0	14556.0
340	3264.8333333333335	0.0	0.0	11029.0
350	3265.3333333333335	0.0	0.0	11376.0
360	3536.5	0.0	0.0	9525.0
370	3619.8333333333335	0.0	0.0	9441.0
380	3719.8333333333335	0.0	0.0	11425.0
390	3868.0	0.0	0.0	10642.0
400	3819.5	0.0	0.0	9618.0
410	3603.5	0.0	0.0	13089.0
420	3877.3333333333335	0.0	0.0	8340.0
430	3567.6666666666665	0.0	0.0	12046.0
440	3786.8333333333335	0.0	0.0	11159.0
450	3654.8333333333335	0.0	0.0	11087.0
460	3793.8333333333335	0.0	0.0	9072.0
470	3411.5	0.0	0.0	8927.0
480	3707.3333333333335	0.0	0.0	13407.0
490	3748.5	0.0	0.0	9702.0
500	3251.6666666666665	0.0	0.0	10084.0
510	3762.0	0.0	0.0	10398.0
520	3660.5	0.0	0.0	7538.0
530	3968.5	0.0	0.0	9380.0
540	3727.5	0.0	0.0	9826.0
550	3524.6666666666665	0.0	0.0	10351.0
560	3785.0	0.0	0.0	12371.0
570	3459.6666666666665	0.0	0.0	11419.0
580	4035.5	0.0	0.0	13902.0
590	3774.5	0.0	0.0	11086.0
600	3828.3333333333335	0.0	0.0	9627.0
610	3400.5	0.0	0.0	9846.0
620	3873.6666666666665	0.0	0.0	7370.0
630	3468.0	0.0	0.0	11831.0
640	3696.1666666666665	0.0	0.0	10554.0
650	3568.6666666666665	0.0	0.0	11225.0
660	3790.8333333333335	0.0	0.0	10733.0
670	3898.6666666666665	0.0	0.0	9060.0
680	3718.3333333333335	0.0	0.0	10963.0
690	3665.6666666666665	0.0	0.0	8670.0
700	3883.1666666666665	0.0	0.0	11813.0
710	3688.8333333333335	0.0	0.0	9389.0
720	3778.0	0.0	0.0	8646.0
730	3897.0	0.0	0.0	11720.0
740	3362.6666666666665	0.0	0.0	5425.0
750	3484.3333333333335	0.0	0.0	9633.0
760	3466.8333333333335	0.0	0.0	11736.0
770	3806.6666666666665	0.0	0.0	8789.0
780	3853.0	0.0	0.0	11661.0
790	3766.6666666666665	0.0	0.0	9192.0
800	4041.5	0.0	0.0	12489.0
810	3953.3333333333335	0.0	0.0	10135.0
820	3509.1666666666665	0.0	0.0	8150.0
830	4018.6666666666665	0.0	0.0	9543.0
840	3799.3333333333335	0.0	0.0	9957.0
850	3939.6666666666665	0.0	0.0	7807.0
860	4074.1666666666665	0.0	0.0	11003.0
870	3620.3333333333335	0.0	0.0	8811.0
880	3724.1666666666665	0.0	0.0	10593.0
890	3974.6666666666665	0.0	0.0	7285.0
900	4171.166666666667	0.0	0.0	10102.0
910	3579.5	0.0	0.0	12121.0
920	4000.6666666666665	0.0	0.0	9268.0
930	3644.6666666666665	0.0	0.0	8661.0
940	3934.0	0.0	0.0	9981.0
950	3679.5	0.0	0.0	9487.0
960	3654.1666666666665	0.0	0.0	10995.0
970	3926.6666666666665	0.0	0.0	11179.0
980	3825.3333333333335	0.0	0.0	11493.0
990	4178.5	0.0	0.0	10753.0
1000	3797.1666666666665	0.0	0.0	8551.0
