0	2637.8333333333335	0.0	0.0	0.0
10	2102.3333333333335	17460.0	17460.0	17460.0
20	2460.8333333333335	16959.0	16959.0	16959.0
30	2983.5	17539.0	17539.0	17539.0
40	3225.1666666666665	15306.0	15306.0	15306.0
50	3125.1666666666665	15063.0	15063.0	15063.0
60	2854.6666666666665	12764.0	12764.0	12764.0
70	2881.6666666666665	15604.0	15604.0	15604.0
80	3638.5	16819.0	16819.0	16819.0
90	3581.1666666666665	16185.0	16185.0	16185.0
100	3571.1666666666665	16919.0	16919.0	16919.0
110	3478.8333333333335	2971.0	2971.0	14013.0
120	3880.1666666666665	0.0	0.0	11476.0
130	4073.6666666666665	0.0	0.0	9778.0
140	3864.3333333333335	0.0	0.0	12698.0
150	3756.1666666666665	0.0	0.0	8964.0
160	3843.3333333333335	0.0	0.0	12567.0
170	3945.8333333333335	0.0	0.0	14276.0
180	3824.3333333333335	0.0	0.0	12229.0
190	3693.8333333333335	0.0	0.0	11768.0
200	3454.6666666666665	0.0	0.0	7835.0
210	2820.5	0.0	0.0	11444.0
220	3908.8333333333335	0.0	0.0	10352.0
230	3523.3333333333335	0.0	0.0	9749.0
240	3373.0	0.0	0.0	11120.0
250	3831.0	0.0	0.0	9098.0
260	3806.6666666666665	0.0	0.0	8256.0
270	3815.5	0.0	0.0	10617.0
280	3753.3333333333335	0.0	0.0	13907.0
290	3801.5	0.0	0.0	10460.0
300	3324.1666666666665	0.0	0.0	12763.0
310	3880.5	0.0	0.0	9828.0
320	3889.5	0.0	0.0	8345.0
330	3998.0	0.0	0.0	9525.0
340	3159.5	0.0	0.0	10133.0
350	3885.0	0.0	0.0	9986.0
360	3523.5	0.0	0.0	11427.0
370	3668.3333333333335	0.0	0.0	12545.0
380	3188.5	0.0	0.0	13224.0
390	3227.6666666666665	0.0	0.0	10400.0
400	3747.6666666666665	0.0	0.0	9471.0
410	3652.0	0.0	0.0	11896.0
420	3583.0	0.0	0.0	9211.0
430	3644.1666666666665	0.0	0.0	11136.0
440	3779.1666666666665	0.0	0.0	11186.0
450	3515.8333333333335	0.0	0.0	9741.0
460	4093.0	0.0	0.0	10935.0
470	4130.5	0.0	0.0	9578.0
480	3700.6666666666665	0.0	0.0	10712.0
490	3744.6666666666665	0.0	0.0	9580.0
500	3559.8333333333335	0.0	0.0	10537.0
510	3703.3333333333335	0.0	0.0	9834.0
520	3736.0	0.0	0.0	8649.0
530	3635.1666666666665	0.0	0.0	8529.0
540	3789.0	0.0	0.0	12866.0
550	3778.3333333333335	0.0	0.0	9931.0
560	3799.1666666666665	0.0	0.0	9020.0
570	3772.8333333333335	0.0	0.0	9153.0
580	3663.6666666666665	0.0	0.0	8507.0
590	3886.3333333333335	0.0	0.0	9823.0
600	3910.8333333333335	0.0	0.0	10897.0
610	3688.6666666666665	0.0	0.0	11987.0
620	4127.5	0.0	0.0	10057.0
630	3659.5	0.0	0.0	14338.0
640	3948.6666666666665	0.0	0.0	12634.0
650	3855.1666666666665	0.0	0.0	11240.0
660	3793.6666666666665	0.0	0.0	10715.0
670	3670.1666666666665	0.0	0.0	8540.0
680	3600.5	0.0	0.0	8773.0
690	3794.5	0.0	0.0	10725.0
700	3767.6666666666665	0.0	0.0	7136.0
710	3851.1666666666665	0.0	0.0	10228.0
720	3836.0	0.0	0.0	10680.0
730	3765.1666666666665	0.0	0.0	11898.0
740	3871.1666666666665	0.0	0.0	9622.0
750	3661.1666666666665	0.0	0.0	8515.0
760	3091.3333333333335	0.0	0.0	9941.0
770	3829.1666666666665	0.0	0.0	9916.0
780	4017.5	0.0	0.0	9759.0
790	3628.6666666666665	0.0	0.0	12235.0
800	4000.3333333333335	0.0	0.0	9408.0
810	3949.5	0.0	0.0	10925.0
820	3802.8333333333335	0.0	0.0	8370.0
830	3692.3333333333335	0.0	0.0	10859.0
840	4114.666666666667	0.0	0.0	9679.0
850	3641.6666666666665	0.0	0.0	9538.0
860	3707.3333333333335	0.0	0.0	6566.0
870	3746.1666666666665	0.0	0.0	10196.0
880	3744.8333333333335	0.0	0.0	10437.0
890	3819.8333333333335	0.0	0.0	10873.0
900	3821.6666666666665	0.0	0.0	8919.0
910	3538.3333333333335	0.0	0.0	9250.0
920	3841.3333333333335	0.0	0.0	8366.0
930	3869.5	0.0	0.0	9752.0
940	3879.5	0.0	0.0	11560.0
950	3667.1666666666665	0.0	0.0	10603.0
960	3712.0	0.0	0.0	8458.0
970	3967.6666666666665	0.0	0.0	8506.0
980	3792.5	0.0	0.0	8480.0
990	3504.6666666666665	0.0	0.0	8460.0
1000	3936.8333333333335	0.0	0.0	12748.0
