0	2500.0	0.0	0.0	0.0
10	2350.0	16323.0	16323.0	16323.0
20	2457.75	15273.0	15273.0	15273.0
30	2605.25	18501.0	18501.0	18501.0
40	2882.25	15545.0	15545.0	15545.0
50	2400.0	12329.0	12329.0	12329.0
60	3141.0	14535.0	14535.0	14535.0
70	3303.25	13734.0	13734.0	13734.0
80	3526.25	14880.0	14880.0	14880.0
90	3260.75	12087.0	12087.0	12087.0
100	3281.75	16760.0	16760.0	16760.0
110	3303.25	15039.0	15039.0	15039.0
120	3282.0	17284.0	17284.0	17284.0
130	3704.0	16312.0	16312.0	16312.0
140	3831.75	13450.0	13450.0	13450.0
150	4089.25	17870.0	17870.0	17870.0
160	3928.0	16607.0	16607.0	16607.0
170	3628.75	16580.0	16580.0	16580.0
180	3735.25	16142.0	16142.0	16142.0
190	3923.0	16565.0	16565.0	16565.0
200	3576.25	14920.0	14920.0	14920.0
210	3465.25	17099.0	17099.0	17099.0
220	3766.5	16605.0	16605.0	16605.0
230	3940.75	13904.0	13904.0	13904.0
240	3771.0	14722.0	14722.0	14722.0
250	3984.0	16129.0	16129.0	16129.0
260	3988.0	16601.0	16601.0	16601.0
270	3403.75	14157.0	14157.0	14157.0
280	3366.25	18492.0	18492.0	18492.0
290	3307.0	18698.0	18698.0	18698.0
300	3700.25	14683.0	14683.0	14683.0
310	4076.0	13864.0	13864.0	13864.0
320	3720.5	14801.0	14801.0	14801.0
330	4052.75	14477.0	14477.0	14477.0
340	3966.5	16348.0	16348.0	16348.0
350	4167.75	17246.0	17246.0	17246.0
360	3770.75	16885.0	16885.0	16885.0
370	3526.0	17462.0	17462.0	17462.0
380	4020.25	16902.0	16902.0	16902.0
390	4033.25	16090.0	16090.0	16090.0
400	3767.25	14457.0	14457.0	14457.0
410	3731.0	16324.0	16324.0	16324.0
420	4255.75	14941.0	14941.0	14941.0
430	3658.5	16737.0	16737.0	16737.0
440	4187.75	13117.0	13117.0	13117.0
450	4038.5	15789.0	15789.0	15789.0
460	4014.75	13624.0	13624.0	13624.0
470	3626.75	14374.0	14374.0	14374.0
480	3706.75	13688.0	13688.0	13688.0
490	3913.0	15855.0	15855.0	15855.0
500	4066.25	13490.0	13490.0	13490.0
510	3623.25	15127.0	15127.0	15127.0
520	3684.25	14827.0	14827.0	14827.0
530	3225.25	13417.0	13417.0	13417.0
540	3850.5	16664.0	16664.0	16664.0
550	3777.75	15048.0	15048.0	15048.0
560	3892.25	14213.0	14213.0	14213.0
570	3831.5	15553.0	15553.0	15553.0
580	4058.5	15129.0	15129.0	15129.0
590	3887.5	16328.0	16328.0	16328.0
600	3530.5	16913.0	16913.0	16913.0
610	3627.5	16126.0	16126.0	16126.0
620	3524.5	17923.0	17923.0	17923.0
630	4079.75	15726.0	15726.0	15726.0
640	3957.75	17577.0	17577.0	17577.0
650	3662.25	15847.0	15847.0	15847.0
660	3701.75	14428.0	14428.0	14428.0
670	3552.0	15415.0	15415.0	15415.0
680	3330.25	17395.0	17395.0	17395.0
690	3435.75	13671.0	13671.0	13671.0
700	3959.0	14666.0	14666.0	14666.0
710	3883.75	11880.0	11880.0	11880.0
720	3998.75	16194.0	16194.0	16194.0
730	3758.0	13360.0	13360.0	13360.0
740	3603.5	17698.0	17698.0	17698.0
750	3699.75	14892.0	14892.0	14892.0
760	4041.75	15353.0	15353.0	15353.0
770	3675.0	17222.0	17222.0	17222.0
780	3666.5	14664.0	14664.0	14664.0
790	3594.5	17460.0	17460.0	17460.0
800	3710.0	18531.0	18531.0	18531.0
