0	2727.8333333333335	0.0	0.0	0.0
10	2482.1666666666665	14228.0	14228.0	14228.0
20	2378.0	17308.0	17308.0	17308.0
30	2505.3333333333335	16015.0	16015.0	16015.0
40	2810.5	14613.0	14613.0	14613.0
50	2790.6666666666665	13558.0	13558.0	13558.0
60	3209.0	17553.0	17553.0	17553.0
70	3670.8333333333335	15834.0	15834.0	15834.0
80	3396.5	15388.0	15388.0	15388.0
90	3679.8333333333335	16235.0	16235.0	16235.0
100	3368.8333333333335	13898.0	13898.0	13898.0
110	3489.6666666666665	8959.0	8959.0	12865.0
120	4061.1666666666665	0.0	0.0	9009.0
130	3569.1666666666665	0.0	0.0	10641.0
140	3910.3333333333335	0.0	0.0	13193.0
150	3330.0	0.0	0.0	11647.0
160	3500.5	0.0	0.0	11363.0
170	3392.3333333333335	0.0	0.0	8383.0
180	3430.5	0.0	0.0	11657.0
190	3557.8333333333335	0.0	0.0	11724.0
200	3244.0	0.0	0.0	11774.0
210	3491.3333333333335	0.0	0.0	9504.0
220	3670.6666666666665	0.0	0.0	7082.0
230	3535.5	0.0	0.0	6966.0
240	3496.6666666666665	0.0	0.0	11528.0
250	3730.0	0.0	0.0	12257.0
260	3480.3333333333335	0.0	0.0	11411.0
270	3304.6666666666665	0.0	0.0	9732.0
280	3445.6666666666665	0.0	0.0	11101.0
290	3859.1666666666665	0.0	0.0	10191.0
300	3669.8333333333335	0.0	0.0	10369.0
310	2838.0	0.0	0.0	9869.0
320	3410.3333333333335	0.0	0.0	11566.0
330	3707.8333333333335	0.0	0.0	9061.0
340	3693.6666666666665	0.0	0.0	9692.0
350	3686.3333333333335	0.0	0.0	10347.0
360	3296.3333333333335	0.0	0.0	8382.0
370	3258.3333333333335	0.0	0.0	10435.0
380	3389.1666666666665	0.0	0.0	11051.0
390	4165.5	0.0	0.0	12496.0
400	3676.0	0.0	0.0	10500.0
410	3494.0	0.0	0.0	9268.0
420	3236.8333333333335	0.0	0.0	11022.0
430	3790.1666666666665	0.0	0.0	13310.0
440	4162.333333333333	0.0	0.0	10666.0
450	3706.1666666666665	0.0	0.0	10371.0
460	3873.5	0.0	0.0	8233.0
470	3213.3333333333335	0.0	0.0	9320.0
480	3823.5	0.0	0.0	11069.0
490	3837.3333333333335	0.0	0.0	8206.0
500	3307.5	0.0	0.0	10180.0
510	3604.1666666666665	0.0	0.0	8118.0
520	3849.3333333333335	0.0	0.0	9794.0
530	4029.1666666666665	0.0	0.0	11506.0
540	3950.8333333333335	0.0	0.0	12795.0
550	3995.8333333333335	0.0	0.0	9182.0
560	3631.3333333333335	0.0	0.0	7690.0
570	3662.6666666666665	0.0	0.0	10539.0
580	4133.0	0.0	0.0	7552.0
590	3784.3333333333335	0.0	0.0	10123.0
600	3963.6666666666665	0.0	0.0	11950.0
610	3155.0	0.0	0.0	9077.0
620	3860.6666666666665	0.0	0.0	10168.0
630	3646.0	0.0	0.0	11754.0
640	3485.3333333333335	0.0	0.0	12766.0
650	3922.3333333333335	0.0	0.0	8227.0
660	3799.0	0.0	0.0	12140.0
670	3615.8333333333335	0.0	0.0	10455.0
680	3891.6666666666665	0.0	0.0	10879.0
690	3550.6666666666665	0.0	0.0	11197.0
700	3543.1666666666665	0.0	0.0	8563.0
710	3791.6666666666665	0.0	0.0	9126.0
720	3865.3333333333335	0.0	0.0	9303.0
730	3776.5	0.0	0.0	6456.0
740	3924.1666666666665	0.0	0.0	11090.0
750	3638.3333333333335	0.0	0.0	7977.0
760	3762.0	0.0	0.0	12232.0
770	3810.8333333333335	0.0	0.0	13359.0
780	3795.1666666666665	0.0	0.0	7516.0
790	3795.5	0.0	0.0	10904.0
800	3729.6666666666665	0.0	0.0	10877.0
810	3921.8333333333335	0.0	0.0	11974.0
820	3445.1666666666665	0.0	0.0	9478.0
830	3585.0	0.0	0.0	10053.0
840	3867.8333333333335	0.0	0.0	12210.0
850	3748.1666666666665	0.0	0.0	9970.0
860	4012.0	0.0	0.0	7349.0
870	3734.8333333333335	0.0	0.0	12623.0
880	3878.5	0.0	0.0	8432.0
890	3882.3333333333335	0.0	0.0	9220.0
900	3925.8333333333335	0.0	0.0	8583.0
910	3577.0	0.0	0.0	12054.0
920	3644.6666666666665	0.0	0.0	11636.0
930	3962.3333333333335	0.0	0.0	11089.0
940	3371.6666666666665	0.0	0.0	12816.0
950	3639.1666666666665	0.0	0.0	14289.0
960	3651.6666666666665	0.0	0.0	10208.0
970	3544.1666666666665	0.0	0.0	9453.0
980	3688.5	0.0	0.0	8825.0
990	3344.5	0.0	0.0	9226.0
1000	3868.5	0.0	0.0	13942.0
