0	2766.3333333333335	0.0	0.0	0.0
10	2393.1666666666665	15882.0	15882.0	15882.0
20	2416.8333333333335	17645.0	17645.0	17645.0
30	2679.1666666666665	15122.0	15122.0	15122.0
40	2391.0	15337.0	15337.0	15337.0
50	2569.1666666666665	14939.0	14939.0	14939.0
60	3177.0	15852.0	15852.0	15852.0
70	2923.8333333333335	14936.0	14936.0	14936.0
80	3469.3333333333335	18083.0	18083.0	18083.0
90	3416.1666666666665	13955.0	13955.0	13955.0
100	3350.3333333333335	14920.0	14920.0	14920.0
110	3733.0	6918.0	6918.0	12337.0
120	3997.6666666666665	0.0	0.0	8427.0
130	3633.6666666666665	0.0	0.0	6975.0
140	3347.6666666666665	0.0	0.0	10911.0
150	3746.5	0.0	0.0	12438.0
160	3146.3333333333335	0.0	0.0	9803.0
170	3833.6666666666665	0.0	0.0	9485.0
180	3830.0	0.0	0.0	12233.0
190	3754.0	0.0	0.0	11380.0
200	3327.3333333333335	0.0	0.0	10912.0
210	3570.6666666666665	0.0	0.0	7835.0
220	3664.3333333333335	0.0	0.0	13965.0
230	3840.8333333333335	0.0	0.0	11472.0
240	3259.8333333333335	0.0	0.0	9913.0
250	3530.5	0.0	0.0	9156.0
260	3730.1666666666665	0.0	0.0	9174.0
270	3332.6666666666665	0.0	0.0	9236.0
280	3630.8333333333335	0.0	0.0	13910.0
290	3610.6666666666665	0.0	0.0	10671.0
300	3595.6666666666665	0.0	0.0	11989.0
310	3916.3333333333335	0.0	0.0	10893.0
320	3635.1666666666665	0.0	0.0	10977.0
330	3639.6666666666665	0.0	0.0	9664.0
340	3649.1666666666665	0.0	0.0	11991.0
350	3790.8333333333335	0.0	0.0	9227.0
360	3915.3333333333335	0.0	0.0	9231.0
370	3714.0	0.0	0.0	11776.0
380	3830.3333333333335	0.0	0.0	8159.0
390	3771.3333333333335	0.0	0.0	9379.0
400	3666.6666666666665	0.0	0.0	12951.0
410	3679.5	0.0	0.0	10776.0
420	3688.3333333333335	0.0	0.0	8683.0
430	3832.8333333333335	0.0	0.0	9146.0
440	3797.5	0.0	0.0	11697.0
450	3895.5	0.0	0.0	11895.0
460	4003.1666666666665	0.0	0.0	10725.0
470	3832.5	0.0	0.0	12193.0
480	3870.0	0.0	0.0	10416.0
490	3793.5	0.0	0.0	9271.0
500	3888.1666666666665	0.0	0.0	9323.0
510	3846.6666666666665	0.0	0.0	11386.0
520	3873.6666666666665	0.0	0.0	11065.0
530	3564.8333333333335	0.0	0.0	10596.0
540	3451.3333333333335	0.0	0.0	8533.0
550	3916.0	0.0	0.0	7539.0
560	3802.8333333333335	0.0	0.0	10797.0
570	3815.8333333333335	0.0	0.0	10755.0
580	3430.8333333333335	0.0	0.0	14478.0
590	3497.5	0.0	0.0	9130.0
600	3921.3333333333335	0.0	0.0	10366.0
610	3839.1666666666665	0.0	0.0	13531.0
620	3842.8333333333335	0.0	0.0	8562.0
630	3879.8333333333335	0.0	0.0	10115.0
640	3936.6666666666665	0.0	0.0	11221.0
650	3919.8333333333335	0.0	0.0	11719.0
660	3554.8333333333335	0.0	0.0	9913.0
670	3952.0	0.0	0.0	11568.0
680	3720.6666666666665	0.0	0.0	11604.0
690	3897.6666666666665	0.0	0.0	10603.0
700	3500.5	0.0	0.0	11373.0
710	4057.5	0.0	0.0	11017.0
720	3798.8333333333335	0.0	0.0	10942.0
730	3702.1666666666665	0.0	0.0	10000.0
740	3797.0	0.0	0.0	11556.0
750	4075.6666666666665	0.0	0.0	9634.0
760	3772.1666666666665	0.0	0.0	8689.0
770	3687.1666666666665	0.0	0.0	10299.0
780	3636.5	0.0	0.0	10221.0
790	3478.8333333333335	0.0	0.0	8943.0
800	3884.5	0.0	0.0	10954.0
810	3938.6666666666665	0.0	0.0	7603.0
820	3755.8333333333335	0.0	0.0	7915.0
830	3773.6666666666665	0.0	0.0	9669.0
840	3737.8333333333335	0.0	0.0	12674.0
850	3830.5	0.0	0.0	9518.0
860	3849.6666666666665	0.0	0.0	9842.0
870	3950.8333333333335	0.0	0.0	11346.0
880	3529.3333333333335	0.0	0.0	10787.0
890	3672.1666666666665	0.0	0.0	10525.0
900	3933.5	0.0	0.0	9091.0
910	3885.8333333333335	0.0	0.0	11348.0
920	3797.8333333333335	0.0	0.0	10733.0
930	3973.3333333333335	0.0	0.0	9586.0
940	3533.0	0.0	0.0	10085.0
950	3524.6666666666665	0.0	0.0	9445.0
960	3712.5	0.0	0.0	9880.0
970	3946.5	0.0	0.0	9452.0
980	3525.6666666666665	0.0	0.0	12193.0
990	3797.5	0.0	0.0	7833.0
1000	3706.5	0.0	0.0	12483.0
