0	678.0	0.0	0.0	0.0
10	768.5	9.0	63.0	4421.0
20	496.3333333333333	0.0	0.0	3248.0
30	844.0	4.0	26.0	3972.0
40	1305.3333333333333	6.0	49.0	7023.0
50	1653.1666666666667	1.0	79.0	5143.0
60	2055.3333333333335	2.0	141.0	6601.0
70	1617.3333333333333	15.0	190.0	8167.0
80	1616.8333333333333	14.0	323.0	7900.0
90	1842.5	27.0	363.0	9006.0
100	2506.8333333333335	19.0	523.0	9076.0
110	1927.8333333333333	23.0	403.0	9540.0
120	2013.6666666666667	32.0	213.0	8554.0
130	2075.3333333333335	39.0	372.0	9202.0
140	1475.3333333333333	34.0	442.0	7920.0
150	1990.3333333333333	30.0	413.0	9971.0
160	1453.0	20.0	235.0	7160.0
170	1989.3333333333333	12.0	552.0	6619.0
180	2181.8333333333335	7.0	269.0	8425.0
190	2029.5	19.0	312.0	10579.0
200	2295.6666666666665	9.0	443.0	9878.0
210	2249.6666666666665	13.0	364.0	8386.0
220	2116.1666666666665	14.0	537.0	7962.0
230	1926.5	9.0	299.0	11492.0
240	1588.1666666666667	21.0	438.0	8405.0
250	1581.0	4.0	171.0	5418.0
260	1826.8333333333333	26.0	454.0	7256.0
270	1521.5	10.0	208.0	5752.0
280	1890.0	11.0	308.0	8126.0
290	1566.1666666666667	13.0	201.0	8711.0
300	1747.5	11.0	75.0	8339.0
310	1531.3333333333333	10.0	262.0	7430.0
320	2036.6666666666667	35.0	414.0	10342.0
330	2146.0	8.0	405.0	7138.0
340	2299.0	28.0	510.0	8792.0
350	2168.0	17.0	310.0	9519.0
360	1805.0	36.0	258.0	11048.0
370	2386.3333333333335	13.0	394.0	8645.0
380	2223.0	22.0	453.0	9619.0
390	2655.8333333333335	23.0	382.0	12137.0
400	2322.6666666666665	15.0	292.0	7257.0
410	2403.3333333333335	15.0	326.0	9173.0
420	2539.6666666666665	21.0	319.0	10907.0
430	2346.0	13.0	303.0	9379.0
440	2456.0	42.0	437.0	10677.0
450	2322.0	3.0	242.0	6735.0
460	2515.0	10.0	405.0	8025.0
470	2260.3333333333335	13.0	282.0	8581.0
480	2581.5	16.0	471.0	9616.0
490	2022.3333333333333	27.0	346.0	11122.0
500	1729.5	12.0	108.0	8493.0
510	1995.1666666666667	14.0	89.0	8127.0
520	1880.8333333333333	14.0	337.0	9633.0
530	1826.8333333333333	16.0	340.0	8775.0
540	2111.0	18.0	312.0	7731.0
550	1908.6666666666667	10.0	281.0	10559.0
560	1981.8333333333333	19.0	135.0	10403.0
570	2252.0	29.0	320.0	9351.0
580	2188.6666666666665	18.0	508.0	9175.0
590	1793.0	10.0	233.0	8921.0
600	1883.8333333333333	10.0	289.0	9656.0
610	2108.5	9.0	82.0	9596.0
620	2549.6666666666665	0.0	0.0	9282.0
630	2615.6666666666665	0.0	0.0	7771.0
640	2449.0	0.0	0.0	8312.0
650	1865.6666666666667	0.0	0.0	8769.0
660	2184.6666666666665	0.0	0.0	9768.0
670	2102.8333333333335	0.0	0.0	10677.0
680	2022.0	0.0	0.0	8392.0
690	1872.6666666666667	0.0	0.0	9795.0
700	2474.3333333333335	0.0	0.0	10966.0
710	2210.0	0.0	0.0	8816.0
720	2389.1666666666665	0.0	0.0	8864.0
730	2360.6666666666665	0.0	0.0	8433.0
740	2419.0	0.0	0.0	8844.0
750	2468.6666666666665	0.0	0.0	7304.0
760	2328.6666666666665	0.0	0.0	7768.0
770	2511.3333333333335	0.0	0.0	8641.0
780	2449.8333333333335	0.0	0.0	8638.0
790	2418.3333333333335	0.0	0.0	7390.0
800	2400.3333333333335	0.0	0.0	6851.0
810	2008.3333333333333	0.0	0.0	9054.0
820	2208.5	0.0	0.0	8331.0
830	2491.1666666666665	0.0	0.0	9706.0
840	2424.6666666666665	0.0	0.0	7407.0
850	2595.5	0.0	0.0	8757.0
860	2244.3333333333335	0.0	0.0	9491.0
870	2476.0	0.0	0.0	9205.0
880	2005.3333333333333	0.0	0.0	9425.0
890	2458.0	0.0	0.0	7209.0
900	2328.5	0.0	0.0	12797.0
910	2292.3333333333335	0.0	0.0	9061.0
920	1939.0	0.0	0.0	8767.0
930	1863.8333333333333	0.0	0.0	9306.0
940	2085.1666666666665	0.0	0.0	8410.0
950	1794.8333333333333	0.0	0.0	10038.0
960	2172.3333333333335	0.0	0.0	7179.0
970	2092.1666666666665	0.0	0.0	9581.0
980	2162.6666666666665	0.0	0.0	10574.0
990	1888.0	0.0	0.0	11826.0
1000	2327.3333333333335	0.0	0.0	11051.0
