0	280.0	0.0	0.0
10	1917.1666666666667	540.0	10395.0
20	2067.6666666666665	460.0	11695.0
30	2094.5	0.0	7497.0
40	2340.6666666666665	0.0	8034.0
50	2104.3333333333335	0.0	12647.0
60	2388.8333333333335	0.0	8429.0
70	2762.5	0.0	8594.0
80	2811.0	0.0	9184.0
90	2626.8333333333335	0.0	11330.0
100	2669.1666666666665	0.0	8855.0
110	2496.3333333333335	0.0	10934.0
120	2458.5	0.0	8966.0
130	2684.5	0.0	9458.0
140	2653.5	0.0	9917.0
150	2803.8333333333335	0.0	12444.0
160	2863.6666666666665	0.0	11481.0
170	2780.6666666666665	0.0	8153.0
180	2724.3333333333335	0.0	12187.0
190	2889.5	0.0	7603.0
200	2624.6666666666665	0.0	10085.0
210	2531.0	0.0	6202.0
220	2882.3333333333335	0.0	10209.0
230	2191.5	0.0	13866.0
240	2736.8333333333335	0.0	9061.0
250	2808.6666666666665	0.0	8061.0
260	2540.3333333333335	0.0	13703.0
270	2579.1666666666665	0.0	10527.0
280	2844.5	0.0	12277.0
290	3333.5	0.0	6825.0
300	3247.6666666666665	0.0	10624.0
310	2645.8333333333335	0.0	7784.0
320	2850.3333333333335	0.0	9488.0
330	2594.5	0.0	11863.0
340	3541.6666666666665	0.0	11359.0
350	3461.8333333333335	0.0	10815.0
360	2936.5	0.0	10843.0
370	3464.8333333333335	0.0	9250.0
380	3290.5	0.0	10113.0
390	3405.8333333333335	0.0	7338.0
400	3340.1666666666665	0.0	13646.0
410	3383.8333333333335	0.0	11525.0
420	3472.1666666666665	0.0	9507.0
430	3569.3333333333335	0.0	10067.0
440	3725.8333333333335	0.0	10412.0
450	3463.0	0.0	8636.0
460	3399.6666666666665	0.0	8704.0
470	3627.6666666666665	0.0	11157.0
480	3356.5	0.0	10634.0
490	3442.1666666666665	0.0	5700.0
500	2861.0	0.0	9916.0
510	3537.0	0.0	9546.0
520	3520.1666666666665	0.0	11230.0
530	3193.1666666666665	0.0	8552.0
540	3614.8333333333335	0.0	12230.0
550	3633.3333333333335	0.0	10060.0
560	3468.6666666666665	0.0	11478.0
570	3715.1666666666665	0.0	8420.0
580	3496.8333333333335	0.0	8327.0
590	3501.0	0.0	11929.0
600	3527.3333333333335	0.0	12430.0
610	3404.8333333333335	0.0	9289.0
620	4063.0	0.0	11610.0
630	3667.0	0.0	7853.0
640	3283.3333333333335	0.0	10034.0
650	3712.5	0.0	12278.0
660	3409.1666666666665	0.0	10681.0
670	3509.5	0.0	6240.0
680	3585.8333333333335	0.0	10477.0
690	3616.0	0.0	10630.0
700	3592.5	0.0	8663.0
710	3862.1666666666665	0.0	10741.0
720	3634.6666666666665	0.0	11824.0
730	3527.3333333333335	0.0	9538.0
740	3581.1666666666665	0.0	7458.0
750	3840.6666666666665	0.0	11755.0
760	3969.1666666666665	0.0	9113.0
770	3584.5	0.0	8464.0
780	3785.1666666666665	0.0	10389.0
790	3535.3333333333335	0.0	8576.0
800	3701.3333333333335	0.0	12063.0
810	3799.8333333333335	0.0	10890.0
820	3829.1666666666665	0.0	10718.0
830	3311.6666666666665	0.0	9013.0
840	3644.1666666666665	0.0	8898.0
850	3656.1666666666665	0.0	11540.0
860	3724.0	0.0	10875.0
870	3678.8333333333335	0.0	9567.0
880	3793.3333333333335	0.0	10942.0
890	3679.0	0.0	10080.0
900	3797.0	0.0	10661.0
910	3997.6666666666665	0.0	9205.0
920	3851.5	0.0	10119.0
930	3715.3333333333335	0.0	9337.0
940	3771.6666666666665	0.0	8652.0
950	3888.8333333333335	0.0	10235.0
960	3868.0	0.0	11645.0
970	3908.6666666666665	0.0	12714.0
980	4000.5	0.0	8148.0
990	3669.5	0.0	9030.0
1000	3700.3333333333335	0.0	8361.0
