0	1633.7444444444445	0.0	0.0	0.0
10	1859.6055555555554	1000.0	3638.9	9105.666666666666
20	1834.5611111111111	0.0	0.0	7563.033333333334
30	1881.9944444444448	0.0	0.0	7865.333333333333
40	1876.5500000000002	0.0	0.0	7757.433333333333
50	1907.1444444444446	0.0	0.0	8038.4
60	1894.1499999999999	0.0	0.0	7913.1
70	1898.1222222222227	0.0	0.0	8038.8
80	1887.6	0.0	0.0	7690.5
90	1902.638888888888	0.0	0.0	7984.466666666666
100	1890.622222222222	0.0	0.0	7732.9
110	1906.9	0.0	0.0	8018.866666666667
120	1869.472222222222	0.0	0.0	7737.233333333334
130	1898.0666666666664	0.0	0.0	8143.833333333333
140	1904.122222222222	0.0	0.0	7349.366666666667
150	1913.6722222222222	0.0	0.0	7931.233333333334
160	1946.8944444444448	0.0	0.0	7402.9
170	1895.3277777777778	0.0	0.0	7910.5
180	1893.1555555555556	0.0	0.0	7776.233333333334
190	1866.0833333333333	0.0	0.0	8281.533333333333
200	1903.3944444444448	0.0	0.0	7461.033333333334
210	1956.6055555555554	0.0	0.0	7780.766666666666
220	1932.3777777777782	0.0	0.0	7700.133333333333
230	1954.5500000000002	0.0	0.0	7708.9
240	1945.9777777777774	0.0	0.0	7686.766666666666
250	1987.0444444444443	0.0	0.0	7641.5
260	1955.3999999999999	0.0	0.0	6985.3
270	2014.3611111111109	0.0	0.0	7110.833333333333
280	1978.0166666666667	0.0	0.0	7330.233333333334
290	1936.6888888888889	0.0	0.0	7541.033333333334
300	1960.6333333333337	0.0	0.0	7660.666666666667
310	1965.9166666666667	0.0	0.0	7312.066666666667
320	1941.3222222222219	0.0	0.0	7409.933333333333
330	1980.738888888889	0.0	0.0	7942.466666666666
340	2004.0722222222223	0.0	0.0	7405.733333333334
350	2001.1833333333332	0.0	0.0	7453.9
360	2002.3555555555554	0.0	0.0	7207.733333333334
370	1991.6611111111115	0.0	0.0	7590.8
380	2045.3388888888883	0.0	0.0	7220.833333333333
390	2090.0722222222225	0.0	0.0	7593.933333333333
400	2066.911111111111	0.0	0.0	7744.566666666667
410	2102.483333333333	0.0	0.0	7433.233333333334
420	2122.888888888889	0.0	0.0	7864.166666666667
430	2142.8277777777776	0.0	0.0	7808.266666666666
440	2192.4444444444443	0.0	0.0	8126.033333333334
450	2166.027777777778	0.0	0.0	8099.566666666667
460	2204.711111111111	0.0	0.0	7436.466666666666
470	2209.977777777778	0.0	0.0	7786.7
480	2158.0666666666666	0.0	0.0	7864.266666666666
490	2190.1111111111113	0.0	0.0	7243.0
500	2161.3444444444444	0.0	0.0	7680.866666666667
510	2215.266666666667	0.0	0.0	7598.466666666666
520	2165.8722222222223	0.0	0.0	8645.6
530	2209.5611111111116	0.0	0.0	7573.233333333334
540	2314.244444444444	0.0	0.0	8234.3
550	2257.85	0.0	0.0	8393.066666666668
560	2298.0722222222225	0.0	0.0	7308.533333333334
570	2351.9888888888886	0.0	0.0	7683.8
580	2379.6833333333334	0.0	0.0	7918.233333333334
590	2366.244444444444	0.0	0.0	8121.466666666666
600	2358.638888888889	0.0	0.0	8043.666666666667
610	2421.038888888889	0.0	0.0	7752.066666666667
620	2404.0555555555557	0.0	0.0	8105.833333333333
630	2374.361111111111	0.0	0.0	8211.6
640	2411.749999999999	0.0	0.0	7832.3
650	2430.677777777778	0.0	0.0	8319.033333333333
660	2435.55	0.0	0.0	8080.766666666666
670	2436.8444444444444	0.0	0.0	8187.5
680	2458.755555555556	0.0	0.0	7721.033333333334
690	2476.2333333333327	0.0	0.0	8236.633333333333
700	2506.133333333334	0.0	0.0	8386.066666666668
710	2495.005555555556	0.0	0.0	7878.233333333334
720	2440.0999999999995	0.0	0.0	8228.0
730	2483.022222222222	0.0	0.0	7889.833333333333
740	2489.6944444444443	0.0	0.0	7928.7
750	2550.244444444445	0.0	0.0	8465.0
760	2482.505555555555	0.0	0.0	8212.166666666666
770	2469.744444444445	0.0	0.0	8242.966666666667
780	2504.5444444444443	0.0	0.0	7971.5
790	2559.088888888889	0.0	0.0	7725.566666666667
800	2543.3500000000004	0.0	0.0	7571.833333333333
810	2547.4555555555557	0.0	0.0	8397.166666666666
820	2543.127777777778	0.0	0.0	8259.766666666666
830	2600.544444444444	0.0	0.0	8137.366666666667
840	2577.3944444444437	0.0	0.0	8686.3
850	2594.0666666666666	0.0	0.0	8551.066666666668
860	2523.9500000000003	0.0	0.0	8353.2
870	2557.5444444444447	0.0	0.0	8230.833333333334
880	2564.4833333333327	0.0	0.0	8164.933333333333
890	2596.5277777777765	0.0	0.0	8303.066666666668
900	2545.5944444444444	0.0	0.0	8356.333333333334
910	2524.0333333333333	0.0	0.0	8256.233333333334
920	2548.694444444445	0.0	0.0	7967.4
930	2611.772222222223	0.0	0.0	7895.733333333334
940	2554.733333333333	0.0	0.0	8306.966666666667
950	2647.8777777777777	0.0	0.0	8367.966666666667
960	2651.588888888889	0.0	0.0	7929.233333333334
970	2611.3277777777776	0.0	0.0	8148.066666666667
980	2589.883333333333	0.0	0.0	8391.9
990	2591.4888888888886	0.0	0.0	7884.933333333333
1000	2601.283333333333	0.0	0.0	7997.9
