0	1624.3333333333333	0.0	0.0	0.0
10	1458.6666666666667	52.0	357.0	8351.0
20	1793.0	110.0	352.0	8996.0
30	1647.8333333333333	142.0	479.0	8633.0
40	1650.6666666666667	32.0	206.0	5684.0
50	1827.6666666666667	0.0	13.0	5821.0
60	1747.8333333333333	79.0	366.0	5839.0
70	1429.3333333333333	112.0	519.0	11482.0
80	1786.5	74.0	131.0	6512.0
90	1591.1666666666667	35.0	188.0	7473.0
100	1652.5	145.0	553.0	9587.0
110	1767.0	27.0	312.0	7580.0
120	1727.6666666666667	185.0	565.0	8183.0
130	1920.0	7.0	46.0	7816.0
140	1761.5	0.0	0.0	6696.0
150	1640.0	0.0	0.0	9210.0
160	1562.0	0.0	0.0	9283.0
170	1700.6666666666667	0.0	0.0	6797.0
180	1662.0	0.0	0.0	7645.0
190	1580.3333333333333	0.0	0.0	6887.0
200	1811.8333333333333	0.0	0.0	4814.0
210	1538.6666666666667	0.0	0.0	5624.0
220	1413.6666666666667	0.0	0.0	5292.0
230	1493.3333333333333	0.0	0.0	7276.0
240	1790.1666666666667	0.0	0.0	4360.0
250	1395.1666666666667	0.0	0.0	4921.0
260	1644.3333333333333	0.0	0.0	6256.0
270	1681.3333333333333	0.0	0.0	8360.0
280	1516.3333333333333	0.0	0.0	7433.0
290	1704.3333333333333	0.0	0.0	6618.0
300	1518.8333333333333	0.0	0.0	6616.0
310	1385.0	0.0	0.0	6683.0
320	1355.6666666666667	0.0	0.0	5338.0
330	1378.6666666666667	0.0	0.0	5516.0
340	1473.3333333333333	0.0	0.0	5342.0
350	1145.6666666666667	0.0	0.0	6370.0
360	1433.3333333333333	0.0	0.0	6163.0
370	1261.0	0.0	0.0	6086.0
380	1408.1666666666667	0.0	0.0	6117.0
390	1328.0	0.0	0.0	6075.0
400	1319.6666666666667	0.0	0.0	5685.0
410	1330.3333333333333	0.0	0.0	6109.0
420	1518.3333333333333	0.0	0.0	5957.0
430	1260.3333333333333	0.0	0.0	7658.0
440	1322.6666666666667	0.0	0.0	4308.0
450	1300.0	0.0	0.0	4923.0
460	1425.3333333333333	0.0	0.0	6690.0
470	1522.3333333333333	0.0	0.0	6330.0
480	1413.0	0.0	0.0	6037.0
490	1355.6666666666667	0.0	0.0	7585.0
500	1206.6666666666667	0.0	0.0	5644.0
510	1558.3333333333333	0.0	0.0	5315.0
520	1405.3333333333333	0.0	0.0	7347.0
530	1275.6666666666667	0.0	0.0	5467.0
540	1375.6666666666667	0.0	0.0	5874.0
550	1308.6666666666667	0.0	0.0	5574.0
560	1326.6666666666667	0.0	0.0	5109.0
570	1494.5	0.0	0.0	4864.0
580	1483.0	0.0	0.0	5676.0
590	1412.6666666666667	0.0	0.0	7026.0
600	1285.0	0.0	0.0	7920.0
610	1345.0	0.0	0.0	4553.0
620	1267.3333333333333	0.0	0.0	6922.0
630	1505.0	0.0	0.0	6426.0
640	1353.0	0.0	0.0	7714.0
650	1372.3333333333333	0.0	0.0	4530.0
660	1332.3333333333333	0.0	0.0	4463.0
670	1300.3333333333333	0.0	0.0	5439.0
680	1227.3333333333333	0.0	0.0	3944.0
690	1296.0	0.0	0.0	5862.0
700	1291.3333333333333	0.0	0.0	5909.0
710	1257.0	0.0	0.0	5113.0
720	1265.6666666666667	0.0	0.0	6729.0
730	1301.0	0.0	0.0	6324.0
740	1316.3333333333333	0.0	0.0	5208.0
750	1451.0	0.0	0.0	6109.0
760	1318.6666666666667	0.0	0.0	6198.0
770	1283.0	0.0	0.0	4002.0
780	1085.3333333333333	0.0	0.0	6764.0
790	1350.6666666666667	0.0	0.0	4331.0
800	1252.3333333333333	0.0	0.0	5811.0
810	1258.6666666666667	0.0	0.0	5203.0
820	1443.3333333333333	0.0	0.0	5893.0
830	1296.0	0.0	0.0	6563.0
840	1239.6666666666667	0.0	0.0	5066.0
850	1157.6666666666667	0.0	0.0	6635.0
860	1353.3333333333333	0.0	0.0	5211.0
870	1184.3333333333333	0.0	0.0	6108.0
880	1338.6666666666667	0.0	0.0	5380.0
890	1188.3333333333333	0.0	0.0	4795.0
900	1273.6666666666667	0.0	0.0	6321.0
910	1176.3333333333333	0.0	0.0	4885.0
920	1242.3333333333333	0.0	0.0	6079.0
930	1321.3333333333333	0.0	0.0	5890.0
940	1079.3333333333333	0.0	0.0	4866.0
950	1190.3333333333333	0.0	0.0	6082.0
960	1178.0	0.0	0.0	4527.0
970	1124.6666666666667	0.0	0.0	6007.0
980	1206.3333333333333	0.0	0.0	5149.0
990	1211.6666666666667	0.0	0.0	4482.0
1000	1271.6666666666667	0.0	0.0	5049.0
