0	2173.5	0.0	0.0	0.0
10	2205.6666666666665	90.0	4551.0	8869.0
20	2227.5	30.0	4357.0	8698.0
30	2374.1666666666665	59.0	4417.0	8892.0
40	2322.8333333333335	65.0	4739.0	9407.0
50	2580.6666666666665	16.0	2951.0	5848.0
60	2554.5	38.0	3467.0	6770.0
70	2143.5	65.0	6084.0	11993.0
80	2041.3333333333333	61.0	3991.0	7852.0
90	2304.8333333333335	34.0	4424.0	8838.0
100	2641.8333333333335	72.0	5507.0	10901.0
110	2662.3333333333335	22.0	4047.0	7875.0
120	2657.0	40.0	4634.0	9345.0
130	2550.6666666666665	13.0	4272.0	8515.0
140	2294.5	12.0	3510.0	6943.0
150	2585.6666666666665	4.0	2877.0	5775.0
160	2476.8333333333335	42.0	4697.0	9446.0
170	2464.3333333333335	17.0	3857.0	10869.0
180	2977.5	0.0	0.0	8802.0
190	3062.5	0.0	0.0	9156.0
200	3044.8333333333335	0.0	0.0	10903.0
210	2782.3333333333335	0.0	0.0	11379.0
220	3084.6666666666665	0.0	0.0	13389.0
230	3011.1666666666665	0.0	0.0	8253.0
240	3201.8333333333335	0.0	0.0	9655.0
250	2548.3333333333335	0.0	0.0	10358.0
260	3160.1666666666665	0.0	0.0	11560.0
270	3099.6666666666665	0.0	0.0	10627.0
280	3298.5	0.0	0.0	8768.0
290	3717.0	0.0	0.0	8279.0
300	3155.6666666666665	0.0	0.0	10163.0
310	3636.3333333333335	0.0	0.0	7548.0
320	3091.6666666666665	0.0	0.0	8677.0
330	3703.1666666666665	0.0	0.0	9516.0
340	3202.1666666666665	0.0	0.0	9735.0
350	3789.8333333333335	0.0	0.0	12084.0
360	3508.6666666666665	0.0	0.0	12734.0
370	3569.0	0.0	0.0	12370.0
380	3435.5	0.0	0.0	11752.0
390	4164.333333333333	0.0	0.0	12349.0
400	3972.3333333333335	0.0	0.0	12329.0
410	3157.3333333333335	0.0	0.0	11807.0
420	3564.8333333333335	0.0	0.0	9480.0
430	3679.8333333333335	0.0	0.0	10647.0
440	3564.1666666666665	0.0	0.0	11706.0
450	3507.5	0.0	0.0	11509.0
460	3203.8333333333335	0.0	0.0	8310.0
470	3463.0	0.0	0.0	10185.0
480	3354.1666666666665	0.0	0.0	11974.0
490	3584.0	0.0	0.0	12731.0
500	3831.8333333333335	0.0	0.0	10921.0
510	3564.3333333333335	0.0	0.0	11123.0
520	3793.8333333333335	0.0	0.0	8033.0
530	3754.3333333333335	0.0	0.0	13628.0
540	3697.8333333333335	0.0	0.0	9045.0
550	3830.3333333333335	0.0	0.0	10850.0
560	3618.8333333333335	0.0	0.0	10687.0
570	3926.5	0.0	0.0	10319.0
580	3681.0	0.0	0.0	9457.0
590	3773.8333333333335	0.0	0.0	6577.0
600	3640.0	0.0	0.0	11431.0
610	3518.1666666666665	0.0	0.0	10418.0
620	3711.0	0.0	0.0	8837.0
630	3555.0	0.0	0.0	9642.0
640	3938.6666666666665	0.0	0.0	8256.0
650	3691.0	0.0	0.0	11215.0
660	3654.3333333333335	0.0	0.0	11573.0
670	3884.3333333333335	0.0	0.0	8197.0
680	3633.6666666666665	0.0	0.0	9944.0
690	3897.8333333333335	0.0	0.0	12081.0
700	3752.0	0.0	0.0	10606.0
710	3643.1666666666665	0.0	0.0	10365.0
720	3740.1666666666665	0.0	0.0	10681.0
730	3809.5	0.0	0.0	10991.0
740	3623.5	0.0	0.0	10118.0
750	3905.1666666666665	0.0	0.0	6873.0
760	3752.1666666666665	0.0	0.0	10532.0
770	3605.5	0.0	0.0	8542.0
780	3771.5	0.0	0.0	10821.0
790	3618.3333333333335	0.0	0.0	12331.0
800	3615.6666666666665	0.0	0.0	10776.0
