0	1483.3333333333333	0.0	0.0
10	2283.8333333333335	93.0	19665.0
20	2321.6666666666665	164.0	20000.0
30	2372.6666666666665	141.0	19537.0
40	2528.6666666666665	104.0	20000.0
50	2598.8333333333335	98.0	19884.0
60	2704.3333333333335	70.0	20000.0
70	2742.8333333333335	160.0	19895.0
80	2911.8333333333335	208.0	19772.0
90	2808.1666666666665	117.0	19456.0
100	3006.1666666666665	122.0	19534.0
110	3000.1666666666665	170.0	19361.0
120	3006.6666666666665	121.0	19765.0
130	3184.0	93.0	18591.0
140	3279.0	128.0	18719.0
150	3258.8333333333335	72.0	19022.0
160	3352.3333333333335	57.0	18407.0
170	3186.6666666666665	63.0	19428.0
180	3128.5	55.0	18573.0
190	3324.8333333333335	96.0	19206.0
200	3330.3333333333335	55.0	19716.0
210	2926.6666666666665	28.0	18503.0
220	3329.8333333333335	52.0	18596.0
230	3257.0	39.0	19518.0
240	3335.3333333333335	32.0	18164.0
250	3379.3333333333335	48.0	18606.0
260	3370.6666666666665	57.0	17576.0
270	3503.5	48.0	18657.0
280	3235.0	30.0	19047.0
290	3428.0	40.0	18841.0
300	3455.3333333333335	42.0	18654.0
310	3570.3333333333335	38.0	19218.0
320	3540.0	30.0	18377.0
330	3638.3333333333335	39.0	19553.0
340	3666.8333333333335	30.0	18569.0
350	3759.0	38.0	18677.0
360	3806.5	33.0	19310.0
370	3809.8333333333335	40.0	19343.0
380	3929.0	48.0	19791.0
390	3858.1666666666665	28.0	19288.0
400	3877.1666666666665	42.0	19908.0
410	3813.5	43.0	19778.0
420	4122.166666666667	37.0	19462.0
430	4068.1666666666665	33.0	19019.0
440	4161.666666666667	34.0	19538.0
450	4090.1666666666665	29.0	19894.0
460	4048.6666666666665	38.0	19408.0
470	4025.5	31.0	19622.0
480	4209.833333333333	30.0	19902.0
490	4109.166666666667	28.0	19489.0
500	4075.1666666666665	30.0	19992.0
510	3982.0	40.0	19980.0
520	4142.166666666667	34.0	20000.0
530	3972.8333333333335	43.0	20000.0
540	4056.8333333333335	45.0	20000.0
550	4023.6666666666665	37.0	19885.0
560	4242.166666666667	32.0	19922.0
570	4170.833333333333	27.0	19748.0
580	4197.333333333333	29.0	19916.0
590	4231.833333333333	26.0	20000.0
600	4161.166666666667	36.0	19845.0
610	4062.8333333333335	38.0	20000.0
620	4215.333333333333	42.0	19762.0
630	4185.833333333333	41.0	20000.0
640	4053.3333333333335	29.0	20000.0
650	4112.333333333333	42.0	19711.0
660	4125.833333333333	25.0	19963.0
670	4175.5	28.0	19726.0
680	4250.0	46.0	19530.0
690	4271.833333333333	31.0	20000.0
700	4420.666666666667	40.0	19813.0
710	4311.5	30.0	20000.0
720	4291.166666666667	48.0	19777.0
730	4319.666666666667	52.0	20000.0
740	4427.666666666667	26.0	20000.0
750	4311.833333333333	43.0	20000.0
760	4330.333333333333	35.0	20000.0
770	4363.0	49.0	20000.0
780	4447.333333333333	33.0	19793.0
790	4442.666666666667	51.0	20000.0
800	4345.666666666667	38.0	19875.0
810	4386.0	39.0	20000.0
820	4271.166666666667	46.0	20000.0
830	4169.833333333333	48.0	19969.0
840	4335.333333333333	38.0	19905.0
850	4408.0	31.0	20000.0
860	4406.166666666667	40.0	20000.0
870	4358.5	34.0	20000.0
880	4389.333333333333	32.0	20000.0
890	4367.833333333333	50.0	20000.0
900	4398.5	41.0	20000.0
910	4430.166666666667	46.0	20000.0
920	4019.8333333333335	41.0	19800.0
930	4072.5	48.0	19755.0
940	3973.6666666666665	41.0	20000.0
950	4018.6666666666665	58.0	20000.0
960	3835.5	46.0	20000.0
970	3880.8333333333335	53.0	19164.0
980	3850.1666666666665	35.0	19789.0
990	3821.5	53.0	19972.0
1000	3918.0	38.0	20000.0
