0	2165.1666666666665	0.0	0.0	0.0
10	2332.3333333333335	19.0	1746.0	10578.0
20	2244.1666666666665	1.0	630.0	6436.0
30	2111.3333333333335	5.0	1247.0	9887.0
40	2302.6666666666665	28.0	1643.0	12059.0
50	2238.8333333333335	1.0	1576.0	11332.0
60	2656.1666666666665	12.0	1454.0	10453.0
70	2466.0	5.0	1148.0	8524.0
80	2716.1666666666665	4.0	1444.0	12200.0
90	2544.3333333333335	22.0	1556.0	10638.0
100	2789.3333333333335	4.0	869.0	7175.0
110	2744.3333333333335	21.0	1816.0	13391.0
120	2814.3333333333335	2.0	737.0	6611.0
130	2670.3333333333335	35.0	1403.0	9050.0
140	2648.3333333333335	2.0	1319.0	11314.0
150	2790.5	0.0	1648.0	12419.0
160	2905.5	0.0	938.0	8525.0
170	2820.1666666666665	9.0	1104.0	8057.0
180	2667.3333333333335	6.0	1388.0	11266.0
190	2515.1666666666665	2.0	1094.0	8728.0
200	2453.5	19.0	787.0	5634.0
210	2675.6666666666665	5.0	1611.0	11151.0
220	2201.5	1.0	1078.0	7541.0
230	2817.5	32.0	1198.0	9581.0
240	2577.0	0.0	769.0	5947.0
250	2947.1666666666665	0.0	1201.0	9559.0
260	2620.3333333333335	0.0	1277.0	9728.0
270	2452.6666666666665	1.0	1265.0	9730.0
280	2917.5	0.0	1108.0	9127.0
290	3072.5	0.0	1366.0	10134.0
300	2966.6666666666665	0.0	971.0	7042.0
310	3254.6666666666665	0.0	1387.0	10343.0
320	3299.8333333333335	0.0	1581.0	12317.0
330	3624.5	0.0	1541.0	11648.0
340	3101.8333333333335	0.0	1443.0	10883.0
350	3047.5	3.0	1221.0	9053.0
360	3254.8333333333335	0.0	1586.0	11265.0
370	3127.5	0.0	1619.0	12235.0
380	3317.6666666666665	0.0	1563.0	11011.0
390	3274.0	0.0	1553.0	10383.0
400	3355.6666666666665	0.0	1411.0	11474.0
410	3526.6666666666665	0.0	1126.0	7982.0
420	3399.3333333333335	0.0	1302.0	9621.0
430	3133.3333333333335	0.0	1740.0	12256.0
440	3224.8333333333335	0.0	1310.0	9559.0
450	3196.5	0.0	1400.0	10765.0
460	3760.6666666666665	0.0	1641.0	12106.0
470	3478.1666666666665	0.0	1857.0	12514.0
480	3289.0	0.0	1856.0	12531.0
490	3565.6666666666665	0.0	1608.0	11243.0
500	3505.1666666666665	0.0	1326.0	9799.0
510	2990.3333333333335	0.0	1710.0	12131.0
520	3539.8333333333335	0.0	1589.0	11477.0
530	4081.8333333333335	0.0	1543.0	10500.0
540	3614.8333333333335	0.0	1136.0	7638.0
550	3205.0	0.0	1741.0	11598.0
560	3932.1666666666665	0.0	1668.0	9910.0
570	3310.5	0.0	1231.0	7713.0
580	4087.6666666666665	0.0	1932.0	11581.0
590	3704.5	0.0	1357.0	8120.0
600	3685.1666666666665	0.0	1976.0	12674.0
610	3633.6666666666665	0.0	1799.0	10313.0
620	3793.5	0.0	1492.0	8284.0
630	3381.0	0.0	1468.0	9048.0
640	3705.8333333333335	0.0	1738.0	10933.0
650	3779.5	0.0	1635.0	11702.0
660	3888.6666666666665	0.0	1573.0	10304.0
670	3761.5	0.0	1429.0	10286.0
680	3573.5	0.0	1373.0	8656.0
690	3805.1666666666665	0.0	1677.0	11843.0
700	3811.8333333333335	0.0	2034.0	12817.0
710	3577.3333333333335	0.0	1668.0	11706.0
720	3878.6666666666665	0.0	1219.0	7702.0
730	3724.8333333333335	0.0	1280.0	9655.0
740	3983.6666666666665	0.0	1433.0	10121.0
750	3845.3333333333335	0.0	1596.0	9370.0
760	3813.3333333333335	0.0	1443.0	10040.0
770	3704.6666666666665	0.0	1292.0	9214.0
780	3948.3333333333335	0.0	1936.0	12334.0
790	3910.1666666666665	0.0	1509.0	10992.0
800	3822.0	0.0	1500.0	10051.0
