0	2177.5	0.0	0.0	0.0
10	2278.6666666666665	1.0	94.0	8035.0
20	2210.0	0.0	31.0	9146.0
30	2239.8333333333335	0.0	55.0	5915.0
40	1985.3333333333333	0.0	19.0	7053.0
50	2366.8333333333335	0.0	107.0	9212.0
60	2253.5	0.0	86.0	11637.0
70	2596.0	0.0	41.0	7825.0
80	2492.3333333333335	0.0	24.0	9083.0
90	2674.8333333333335	0.0	44.0	10689.0
100	2370.1666666666665	0.0	14.0	8303.0
110	2606.0	0.0	28.0	7291.0
120	2665.6666666666665	0.0	25.0	10582.0
130	2538.1666666666665	0.0	24.0	10793.0
140	2038.3333333333333	0.0	45.0	9323.0
150	2506.3333333333335	0.0	64.0	6961.0
160	2672.8333333333335	0.0	18.0	10013.0
170	2929.3333333333335	0.0	76.0	12363.0
180	2692.0	0.0	40.0	14729.0
190	2625.6666666666665	0.0	19.0	9431.0
200	2334.5	0.0	51.0	8625.0
210	2304.5	0.0	32.0	8003.0
220	2590.6666666666665	0.0	46.0	9768.0
230	2372.3333333333335	0.0	25.0	10114.0
240	2619.0	0.0	17.0	9173.0
250	2640.1666666666665	0.0	45.0	10079.0
260	2795.0	0.0	23.0	8203.0
270	2495.0	0.0	82.0	13022.0
280	2492.0	0.0	48.0	6650.0
290	2850.0	0.0	47.0	7235.0
300	2758.3333333333335	0.0	51.0	8658.0
310	3521.3333333333335	0.0	22.0	5971.0
320	2326.6666666666665	0.0	57.0	6315.0
330	2620.5	0.0	54.0	13813.0
340	2928.5	0.0	68.0	9593.0
350	3095.8333333333335	0.0	86.0	7166.0
360	3294.8333333333335	0.0	82.0	10461.0
370	3091.0	0.0	15.0	12691.0
380	3390.0	0.0	67.0	6744.0
390	3284.3333333333335	0.0	66.0	9860.0
400	3702.0	0.0	75.0	6794.0
410	3720.5	0.0	11.0	6963.0
420	2941.1666666666665	0.0	37.0	10574.0
430	2841.6666666666665	0.0	127.0	11749.0
440	3275.0	0.0	61.0	11545.0
450	3108.0	0.0	11.0	9904.0
460	3476.5	0.0	84.0	14207.0
470	3243.6666666666665	0.0	113.0	11195.0
480	3564.8333333333335	0.0	51.0	11584.0
490	4125.166666666667	0.0	10.0	10413.0
500	3398.1666666666665	0.0	59.0	10833.0
510	3454.1666666666665	0.0	44.0	12264.0
520	3785.1666666666665	0.0	25.0	7845.0
530	3503.5	0.0	30.0	8186.0
540	3436.0	0.0	63.0	11525.0
550	3551.6666666666665	0.0	46.0	9001.0
560	3560.1666666666665	0.0	49.0	8141.0
570	3737.8333333333335	0.0	69.0	13823.0
580	3719.5	0.0	100.0	11415.0
590	3602.3333333333335	0.0	36.0	8315.0
600	3693.6666666666665	0.0	73.0	11947.0
610	3398.8333333333335	0.0	14.0	8973.0
620	3168.8333333333335	0.0	52.0	9996.0
630	3736.0	0.0	30.0	7012.0
640	4073.3333333333335	0.0	16.0	10337.0
650	3995.8333333333335	0.0	18.0	11867.0
660	3823.3333333333335	0.0	110.0	12837.0
670	3354.3333333333335	0.0	73.0	13103.0
680	3696.6666666666665	0.0	56.0	9238.0
690	3521.5	0.0	84.0	11352.0
700	3227.8333333333335	0.0	13.0	8947.0
710	3576.5	0.0	70.0	11662.0
720	3885.0	0.0	24.0	8413.0
730	3663.8333333333335	0.0	56.0	9720.0
740	3784.1666666666665	0.0	57.0	10722.0
750	3697.0	0.0	55.0	8835.0
760	3748.6666666666665	0.0	33.0	9529.0
770	3818.3333333333335	0.0	71.0	10894.0
780	3754.8333333333335	0.0	74.0	10666.0
790	3984.5	0.0	38.0	9763.0
800	3656.8333333333335	0.0	70.0	11968.0
