0	2203.5	0.0	0.0	0.0
10	2034.5	6.0	3487.0	10634.0
20	2241.6666666666665	3.0	3371.0	11622.0
30	2240.6666666666665	13.0	2591.0	7799.0
40	2360.8333333333335	6.0	1915.0	10993.0
50	2232.1666666666665	7.0	1682.0	7476.0
60	2557.0	9.0	2166.0	9513.0
70	2575.3333333333335	5.0	2821.0	11400.0
80	2569.3333333333335	6.0	555.0	7987.0
90	2247.0	9.0	1356.0	9811.0
100	2399.6666666666665	2.0	1927.0	8229.0
110	2565.8333333333335	6.0	1606.0	8921.0
120	2537.8333333333335	3.0	473.0	6647.0
130	2479.3333333333335	22.0	1775.0	8916.0
140	2567.0	4.0	747.0	8283.0
150	2307.3333333333335	1.0	212.0	8841.0
160	2572.0	2.0	130.0	9119.0
170	2469.3333333333335	0.0	273.0	11511.0
180	2457.1666666666665	1.0	121.0	8671.0
190	2406.0	3.0	289.0	11122.0
200	2464.1666666666665	0.0	239.0	8191.0
210	2370.8333333333335	0.0	88.0	9159.0
220	2976.1666666666665	0.0	8.0	5497.0
230	2460.5	0.0	46.0	7193.0
240	2511.0	0.0	75.0	10187.0
250	2526.1666666666665	2.0	32.0	9301.0
260	2759.5	0.0	39.0	12282.0
270	3055.0	1.0	129.0	9555.0
280	2759.3333333333335	0.0	119.0	9373.0
290	2648.6666666666665	3.0	161.0	11094.0
300	2830.6666666666665	0.0	70.0	6380.0
310	3407.1666666666665	3.0	166.0	8876.0
320	2511.1666666666665	4.0	272.0	11595.0
330	2972.3333333333335	5.0	389.0	8089.0
340	3020.8333333333335	3.0	341.0	10240.0
350	3648.1666666666665	5.0	274.0	10168.0
360	2497.1666666666665	1.0	246.0	11818.0
370	3037.0	1.0	180.0	12005.0
380	2859.6666666666665	3.0	604.0	10268.0
390	3563.1666666666665	2.0	415.0	9230.0
400	3179.1666666666665	11.0	591.0	13589.0
410	3612.6666666666665	3.0	449.0	10100.0
420	3475.0	2.0	315.0	9543.0
430	3992.3333333333335	3.0	509.0	9307.0
440	3277.3333333333335	5.0	408.0	9727.0
450	3388.1666666666665	7.0	661.0	11478.0
460	3190.5	9.0	812.0	12854.0
470	3247.6666666666665	9.0	1129.0	12151.0
480	3674.6666666666665	6.0	1134.0	8979.0
490	3258.1666666666665	9.0	1352.0	11379.0
500	3095.8333333333335	7.0	1280.0	12855.0
510	2946.1666666666665	9.0	1088.0	12269.0
520	3454.3333333333335	11.0	1453.0	11756.0
530	3451.5	4.0	937.0	9629.0
540	3066.3333333333335	7.0	1288.0	13009.0
550	3428.5	2.0	1141.0	9897.0
560	3944.0	5.0	824.0	8409.0
570	3882.0	6.0	1457.0	12744.0
580	3591.3333333333335	12.0	1744.0	11506.0
590	4019.0	8.0	2002.0	12531.0
600	3912.8333333333335	3.0	2064.0	11631.0
610	3089.6666666666665	10.0	1618.0	10595.0
620	3417.6666666666665	10.0	1635.0	11265.0
630	3454.5	5.0	1944.0	11861.0
640	3313.3333333333335	13.0	2383.0	11372.0
650	3593.0	4.0	1431.0	9950.0
660	3860.0	4.0	1893.0	11220.0
670	3623.8333333333335	9.0	2276.0	12912.0
680	3722.5	8.0	2091.0	10807.0
690	3734.3333333333335	6.0	2132.0	11733.0
700	3317.8333333333335	8.0	1984.0	10477.0
710	3704.1666666666665	10.0	2401.0	14330.0
720	4147.0	11.0	1974.0	10020.0
730	3950.6666666666665	14.0	1605.0	8960.0
740	3703.5	8.0	1720.0	9250.0
750	3677.8333333333335	11.0	2181.0	10917.0
760	3754.6666666666665	2.0	2257.0	9950.0
770	3871.8333333333335	11.0	2843.0	10920.0
780	3695.5	6.0	2740.0	11062.0
790	3498.3333333333335	4.0	1699.0	8906.0
800	3947.3333333333335	8.0	1488.0	7822.0
