0	2224.3333333333335	0.0	0.0	0.0
10	2273.8333333333335	17.0	3128.0	13027.0
20	2585.1666666666665	22.0	3048.0	13101.0
30	2526.1666666666665	7.0	2776.0	8056.0
40	2470.3333333333335	2.0	3118.0	9372.0
50	2630.6666666666665	9.0	2386.0	7810.0
60	2805.6666666666665	10.0	2114.0	9221.0
70	2615.8333333333335	3.0	1234.0	8434.0
80	2578.1666666666665	4.0	1398.0	15797.0
90	2476.5	6.0	288.0	4852.0
100	2810.6666666666665	0.0	93.0	10164.0
110	2592.1666666666665	9.0	431.0	10452.0
120	2752.8333333333335	5.0	328.0	10163.0
130	2722.1666666666665	0.0	121.0	9634.0
140	2240.6666666666665	1.0	75.0	8944.0
150	1962.6666666666667	4.0	201.0	13629.0
160	2883.6666666666665	2.0	230.0	8023.0
170	2579.1666666666665	1.0	212.0	10529.0
180	2616.1666666666665	1.0	58.0	6161.0
190	2669.5	1.0	160.0	13502.0
200	2396.8333333333335	1.0	128.0	11764.0
210	2561.5	2.0	187.0	9137.0
220	2614.6666666666665	2.0	122.0	11399.0
230	3031.3333333333335	0.0	190.0	12608.0
240	2872.3333333333335	0.0	131.0	7901.0
250	2927.5	0.0	126.0	8631.0
260	3603.6666666666665	2.0	209.0	7282.0
270	3287.1666666666665	5.0	129.0	10600.0
280	3454.1666666666665	3.0	259.0	10016.0
290	3004.3333333333335	3.0	332.0	12417.0
300	3354.8333333333335	0.0	241.0	9585.0
310	3419.1666666666665	3.0	327.0	9698.0
320	3020.1666666666665	8.0	884.0	12986.0
330	3291.6666666666665	9.0	457.0	12186.0
340	3049.6666666666665	7.0	405.0	10348.0
350	3470.8333333333335	14.0	992.0	13480.0
360	2973.1666666666665	8.0	906.0	11212.0
370	3258.8333333333335	12.0	1499.0	12853.0
380	3778.1666666666665	6.0	1175.0	9918.0
390	3295.0	5.0	979.0	11330.0
400	3628.0	5.0	1075.0	12135.0
410	3594.5	2.0	639.0	9643.0
420	3065.1666666666665	8.0	1358.0	10475.0
430	3601.5	16.0	2124.0	14743.0
440	3405.8333333333335	9.0	1487.0	12204.0
450	3499.0	4.0	1080.0	8591.0
460	3445.3333333333335	3.0	1315.0	9383.0
470	3521.0	3.0	1528.0	13264.0
480	3269.1666666666665	6.0	1295.0	8021.0
490	3717.8333333333335	6.0	1180.0	8123.0
500	3681.0	4.0	1207.0	7616.0
510	3349.0	13.0	1527.0	13039.0
520	3795.0	8.0	1404.0	11932.0
530	3507.0	3.0	1778.0	10048.0
540	3736.0	9.0	2120.0	11671.0
550	3705.5	6.0	2036.0	10301.0
560	3216.0	4.0	1622.0	8860.0
570	3867.1666666666665	6.0	2393.0	14827.0
580	4011.1666666666665	9.0	1915.0	10201.0
590	4026.3333333333335	6.0	1813.0	9547.0
600	3234.1666666666665	1.0	1951.0	12070.0
610	3586.6666666666665	4.0	1730.0	8535.0
620	3192.6666666666665	6.0	2016.0	11390.0
630	3678.1666666666665	3.0	2071.0	8293.0
640	3225.8333333333335	9.0	2790.0	13260.0
650	3854.3333333333335	6.0	2839.0	11426.0
660	3696.8333333333335	7.0	3229.0	12713.0
670	3514.1666666666665	4.0	2714.0	10327.0
680	3927.0	12.0	2881.0	12607.0
690	3710.1666666666665	5.0	2628.0	10043.0
700	3986.5	6.0	2812.0	11404.0
710	3865.0	7.0	1943.0	9466.0
720	3918.3333333333335	5.0	2700.0	11480.0
730	3648.5	10.0	2918.0	10473.0
740	3420.5	6.0	2945.0	11986.0
750	3708.1666666666665	8.0	2739.0	10890.0
760	4041.5	2.0	1806.0	8882.0
770	3719.6666666666665	6.0	1704.0	8367.0
780	3854.8333333333335	6.0	2472.0	9927.0
790	3880.0	13.0	2919.0	10884.0
800	3759.6666666666665	15.0	3321.0	11745.0
