0	2356.0	0.0	0.0	0.0
10	2220.5	9.0	2324.0	11311.0
20	2544.3333333333335	0.0	1797.0	10237.0
30	2324.6666666666665	15.0	1339.0	9693.0
40	2481.5	6.0	1621.0	11131.0
50	2686.5	0.0	800.0	7004.0
60	2457.3333333333335	4.0	1112.0	9123.0
70	2462.5	0.0	1723.0	8982.0
80	2605.8333333333335	0.0	683.0	7685.0
90	2579.1666666666665	3.0	2644.0	11958.0
100	2768.0	3.0	2477.0	11567.0
110	2665.3333333333335	7.0	3301.0	13994.0
120	2803.3333333333335	2.0	2194.0	10203.0
130	2578.3333333333335	30.0	1500.0	10268.0
140	2816.0	12.0	2753.0	12509.0
150	2456.0	11.0	1074.0	8683.0
160	2839.6666666666665	1.0	2376.0	10452.0
170	2828.6666666666665	11.0	1787.0	9912.0
180	2897.5	5.0	1393.0	9244.0
190	2526.5	0.0	1503.0	8571.0
200	2541.0	3.0	1331.0	7192.0
210	2810.5	7.0	1442.0	8589.0
220	2647.0	8.0	1203.0	8310.0
230	2679.6666666666665	0.0	1769.0	9596.0
240	2927.0	0.0	1725.0	9339.0
250	2603.6666666666665	10.0	1638.0	12264.0
260	2524.0	4.0	1639.0	8909.0
270	3008.6666666666665	0.0	1153.0	7714.0
280	3022.8333333333335	3.0	2412.0	13279.0
290	2897.3333333333335	0.0	1778.0	10364.0
300	2540.1666666666665	0.0	1784.0	9851.0
310	2963.0	0.0	1815.0	10960.0
320	2831.6666666666665	2.0	1735.0	12498.0
330	3477.8333333333335	0.0	1329.0	11608.0
340	3280.8333333333335	0.0	1564.0	9431.0
350	3875.1666666666665	0.0	1610.0	8479.0
360	3895.0	0.0	1956.0	10230.0
370	3545.6666666666665	0.0	1504.0	7638.0
380	3273.8333333333335	3.0	1456.0	10187.0
390	3567.8333333333335	0.0	1520.0	9676.0
400	3376.1666666666665	0.0	1862.0	13620.0
410	3316.0	0.0	1507.0	11439.0
420	3119.8333333333335	0.0	1224.0	9265.0
430	3358.6666666666665	0.0	1304.0	10020.0
440	3811.8333333333335	0.0	1256.0	9404.0
450	3350.0	0.0	1578.0	11289.0
460	3323.8333333333335	0.0	1568.0	12512.0
470	3555.0	0.0	1381.0	9773.0
480	3346.8333333333335	0.0	1348.0	10977.0
490	3674.8333333333335	0.0	1530.0	11535.0
500	3377.0	0.0	1926.0	12052.0
510	3087.3333333333335	0.0	1210.0	9993.0
520	3960.8333333333335	0.0	1771.0	12041.0
530	4146.333333333333	0.0	1146.0	8717.0
540	3048.0	0.0	783.0	7801.0
550	3457.5	0.0	1307.0	11397.0
560	3649.3333333333335	0.0	1301.0	9381.0
570	3379.8333333333335	0.0	1340.0	9419.0
580	3749.0	0.0	1632.0	10516.0
590	3626.1666666666665	0.0	1363.0	7727.0
600	3360.1666666666665	0.0	2320.0	13404.0
610	2973.6666666666665	0.0	1685.0	11423.0
620	3816.5	0.0	1680.0	11859.0
630	3779.5	0.0	1596.0	12016.0
640	4159.5	0.0	1482.0	10982.0
650	3815.1666666666665	0.0	1690.0	12047.0
660	3746.1666666666665	0.0	1515.0	9725.0
670	3365.6666666666665	0.0	2344.0	11383.0
680	3698.6666666666665	0.0	1871.0	10265.0
690	3950.3333333333335	0.0	1565.0	9929.0
700	4129.833333333333	0.0	1719.0	9756.0
710	3678.8333333333335	0.0	1497.0	9454.0
720	3944.3333333333335	0.0	1778.0	9947.0
730	4031.0	0.0	1375.0	9317.0
740	3401.8333333333335	0.0	987.0	9422.0
750	3500.1666666666665	0.0	1439.0	7891.0
760	3678.6666666666665	0.0	1765.0	11067.0
770	3780.1666666666665	0.0	1539.0	12381.0
780	3816.8333333333335	0.0	1178.0	10009.0
790	3514.6666666666665	0.0	1645.0	9685.0
800	3674.3333333333335	0.0	868.0	8879.0
810	3820.0	0.0	994.0	9454.0
820	3778.8333333333335	0.0	1096.0	9066.0
830	3870.8333333333335	0.0	1884.0	12146.0
840	3269.3333333333335	0.0	914.0	9770.0
850	3625.8333333333335	0.0	891.0	8820.0
860	3914.8333333333335	0.0	1144.0	12004.0
870	3679.3333333333335	0.0	551.0	8798.0
880	3432.5	0.0	1295.0	11797.0
890	3666.8333333333335	0.0	1147.0	13266.0
900	3779.5	0.0	910.0	8865.0
910	4048.8333333333335	0.0	1342.0	13687.0
920	3975.1666666666665	0.0	873.0	11266.0
930	4100.666666666667	0.0	1151.0	10626.0
940	4291.666666666667	0.0	1196.0	10449.0
950	3903.8333333333335	0.0	1505.0	13250.0
960	3807.3333333333335	0.0	1021.0	7405.0
970	3819.0	0.0	712.0	7403.0
980	3785.8333333333335	0.0	1881.0	14382.0
990	3745.0	0.0	921.0	11767.0
1000	3873.8333333333335	0.0	1182.0	9481.0
