0	2321.1666666666665	0.0	0.0	0.0
10	2334.8333333333335	16.0	1020.0	8606.0
20	2207.6666666666665	2.0	858.0	8592.0
30	2478.5	1.0	1467.0	10235.0
40	2503.5	26.0	1580.0	10021.0
50	2499.8333333333335	15.0	1645.0	11029.0
60	2405.1666666666665	15.0	1570.0	9055.0
70	2251.1666666666665	8.0	1044.0	8444.0
80	2348.6666666666665	26.0	1046.0	7738.0
90	2622.1666666666665	12.0	913.0	9000.0
100	2024.8333333333333	6.0	1584.0	9312.0
110	2262.6666666666665	5.0	1569.0	8378.0
120	2557.3333333333335	40.0	1994.0	11688.0
130	2000.6666666666667	33.0	1213.0	9544.0
140	2692.8333333333335	12.0	1224.0	8580.0
150	2684.5	15.0	1726.0	10295.0
160	2785.1666666666665	1.0	1378.0	8843.0
170	2727.0	0.0	2088.0	12117.0
180	2157.5	0.0	1271.0	8659.0
190	2896.1666666666665	1.0	851.0	8562.0
200	3001.3333333333335	0.0	1797.0	9826.0
210	2926.8333333333335	0.0	1430.0	7275.0
220	2944.5	1.0	1474.0	9038.0
230	3038.3333333333335	0.0	2088.0	11574.0
240	3066.5	0.0	1678.0	8734.0
250	3232.1666666666665	0.0	1553.0	8256.0
260	3568.5	0.0	1431.0	9151.0
270	3470.1666666666665	0.0	1471.0	7422.0
280	3476.5	0.0	1409.0	9484.0
290	3159.5	0.0	1275.0	10829.0
300	3448.5	0.0	965.0	6402.0
310	3429.6666666666665	0.0	1868.0	11909.0
320	3215.0	0.0	1381.0	9128.0
330	3052.5	0.0	1309.0	7329.0
340	3654.8333333333335	1.0	1695.0	10905.0
350	3596.5	1.0	1610.0	10933.0
360	3372.8333333333335	0.0	1056.0	9467.0
370	3078.0	0.0	1568.0	11314.0
380	3737.6666666666665	0.0	1654.0	9241.0
390	4028.8333333333335	0.0	1880.0	11002.0
400	2637.8333333333335	0.0	1668.0	12016.0
410	3115.6666666666665	0.0	1379.0	9181.0
420	3217.0	0.0	2057.0	14181.0
430	3057.5	0.0	1264.0	10851.0
440	3025.8333333333335	0.0	1134.0	8935.0
450	3678.8333333333335	0.0	1424.0	12025.0
460	3342.8333333333335	0.0	1179.0	9338.0
470	3725.0	0.0	1594.0	10881.0
480	3300.0	0.0	1060.0	9271.0
490	3595.8333333333335	0.0	1288.0	11172.0
500	3866.0	0.0	834.0	7479.0
510	3804.0	0.0	1503.0	12602.0
520	3672.0	0.0	725.0	8213.0
530	3693.5	0.0	1842.0	12673.0
540	3041.6666666666665	0.0	843.0	9086.0
550	3671.1666666666665	0.0	1429.0	11740.0
560	3492.3333333333335	0.0	1015.0	8856.0
570	3993.5	0.0	1704.0	12641.0
580	3663.0	0.0	2140.0	13044.0
590	3857.0	0.0	995.0	6829.0
600	3665.3333333333335	0.0	1336.0	10256.0
610	3793.8333333333335	0.0	1921.0	10268.0
620	3527.0	0.0	995.0	8475.0
630	3583.8333333333335	0.0	1291.0	12998.0
640	3832.3333333333335	0.0	1047.0	9792.0
650	3647.3333333333335	0.0	1648.0	12424.0
660	3674.1666666666665	0.0	1343.0	9083.0
670	3477.5	0.0	1869.0	11387.0
680	3842.1666666666665	0.0	1490.0	10335.0
690	3749.3333333333335	0.0	1228.0	10350.0
700	3894.0	0.0	871.0	6767.0
710	3502.8333333333335	0.0	1401.0	8619.0
720	3355.1666666666665	0.0	2032.0	11514.0
730	4157.0	0.0	1875.0	12090.0
740	3459.8333333333335	0.0	1534.0	10042.0
750	3383.8333333333335	0.0	1922.0	12359.0
760	4045.5	0.0	1424.0	11592.0
770	3965.3333333333335	0.0	1053.0	8689.0
780	3840.8333333333335	0.0	1655.0	12317.0
790	3551.1666666666665	0.0	2157.0	14257.0
800	3867.5	0.0	1374.0	8763.0
810	3864.1666666666665	0.0	1184.0	9140.0
820	3900.6666666666665	0.0	1276.0	9248.0
830	4001.6666666666665	0.0	1301.0	9476.0
840	3925.6666666666665	0.0	1034.0	9115.0
850	3993.8333333333335	0.0	1310.0	11478.0
860	3511.6666666666665	0.0	1912.0	13014.0
870	3689.5	0.0	1425.0	12429.0
880	3497.3333333333335	0.0	1506.0	12940.0
890	3848.6666666666665	0.0	1202.0	13061.0
900	3830.8333333333335	0.0	821.0	8432.0
910	3690.8333333333335	0.0	1153.0	10890.0
920	3430.6666666666665	0.0	656.0	9136.0
930	3662.0	0.0	868.0	10786.0
940	3503.3333333333335	0.0	690.0	9481.0
950	3730.3333333333335	0.0	1671.0	12369.0
960	3985.5	0.0	1889.0	12282.0
970	3557.0	0.0	1462.0	12079.0
980	3831.5	0.0	1677.0	11205.0
990	3640.5	0.0	1730.0	11170.0
1000	3841.1666666666665	0.0	1281.0	10312.0
