0	2283.5	0.0	0.0	0.0
10	2224.8333333333335	4.0	2715.0	10250.0
20	2277.3333333333335	6.0	1349.0	8437.0
30	2427.5	0.0	995.0	8703.0
40	2344.3333333333335	13.0	1135.0	8587.0
50	2344.8333333333335	0.0	2783.0	12034.0
60	2358.3333333333335	10.0	1753.0	8892.0
70	2330.1666666666665	5.0	927.0	8108.0
80	2431.6666666666665	1.0	1546.0	8029.0
90	2418.6666666666665	26.0	1384.0	11579.0
100	2391.6666666666665	19.0	1483.0	10041.0
110	2389.1666666666665	0.0	2193.0	11014.0
120	2212.1666666666665	0.0	938.0	5336.0
130	2517.5	3.0	1564.0	8365.0
140	2434.0	3.0	1365.0	8160.0
150	2563.8333333333335	10.0	2205.0	10471.0
160	2643.0	2.0	1810.0	8362.0
170	1966.8333333333333	0.0	1062.0	5965.0
180	2441.8333333333335	0.0	1489.0	8473.0
190	2896.8333333333335	14.0	2139.0	11116.0
200	2449.0	0.0	798.0	7304.0
210	2635.5	4.0	1038.0	7977.0
220	2456.0	3.0	1687.0	11033.0
230	2423.3333333333335	2.0	1614.0	9916.0
240	2600.0	6.0	1171.0	9586.0
250	2607.1666666666665	7.0	1916.0	10054.0
260	2932.3333333333335	1.0	1008.0	6524.0
270	2520.5	0.0	1508.0	9591.0
280	2988.8333333333335	0.0	939.0	5004.0
290	2760.1666666666665	1.0	1540.0	9334.0
300	2419.0	0.0	1885.0	10578.0
310	2680.3333333333335	0.0	1337.0	8407.0
320	3066.0	0.0	1449.0	8325.0
330	2620.1666666666665	0.0	1422.0	8961.0
340	2618.8333333333335	0.0	1300.0	10955.0
350	2543.5	0.0	1061.0	8091.0
360	2868.6666666666665	0.0	2048.0	10845.0
370	3230.0	0.0	1124.0	9003.0
380	2769.6666666666665	0.0	1404.0	9664.0
390	3238.1666666666665	0.0	1418.0	9096.0
400	3052.3333333333335	0.0	2482.0	13234.0
410	3001.5	0.0	1539.0	10821.0
420	3102.1666666666665	0.0	1907.0	13604.0
430	2692.3333333333335	0.0	1631.0	11942.0
440	3237.1666666666665	0.0	1249.0	10539.0
450	3424.5	0.0	1027.0	7293.0
460	3688.0	0.0	1715.0	10212.0
470	3525.0	0.0	1721.0	10459.0
480	2919.1666666666665	0.0	1185.0	9450.0
490	3682.1666666666665	0.0	1297.0	12564.0
500	3923.1666666666665	0.0	952.0	9241.0
510	3498.0	0.0	1214.0	8893.0
520	3547.6666666666665	0.0	1026.0	8584.0
530	3390.6666666666665	0.0	1621.0	11647.0
540	3247.6666666666665	0.0	1318.0	8981.0
550	3605.3333333333335	0.0	1418.0	9297.0
560	3826.6666666666665	0.0	1472.0	9811.0
570	3168.1666666666665	0.0	1254.0	8640.0
580	3866.6666666666665	0.0	1337.0	10492.0
590	3677.6666666666665	0.0	925.0	9144.0
600	3249.3333333333335	0.0	846.0	8871.0
610	3098.3333333333335	0.0	1191.0	10286.0
620	3696.8333333333335	0.0	967.0	7698.0
630	3576.0	0.0	1154.0	9833.0
640	2689.0	0.0	1442.0	10988.0
650	3797.3333333333335	0.0	1468.0	11953.0
660	3498.0	0.0	1542.0	11989.0
670	3691.5	0.0	1027.0	9099.0
680	3628.6666666666665	0.0	1177.0	10323.0
690	3693.5	0.0	980.0	12391.0
700	3922.8333333333335	0.0	1240.0	10354.0
710	3947.6666666666665	0.0	1335.0	9333.0
720	3858.6666666666665	0.0	1380.0	10705.0
730	3796.6666666666665	0.0	1560.0	11218.0
740	3363.0	0.0	2063.0	14261.0
750	3987.8333333333335	0.0	1091.0	9744.0
760	3810.6666666666665	0.0	1055.0	11640.0
770	3400.8333333333335	0.0	932.0	8944.0
780	3647.1666666666665	0.0	1312.0	8662.0
790	3870.0	0.0	800.0	7862.0
800	3505.6666666666665	0.0	863.0	9419.0
810	3845.6666666666665	0.0	977.0	10473.0
820	3620.1666666666665	0.0	1568.0	11161.0
830	3611.3333333333335	0.0	1817.0	13581.0
840	3914.3333333333335	0.0	1447.0	11871.0
850	3827.1666666666665	0.0	882.0	10543.0
860	3544.1666666666665	0.0	763.0	9616.0
870	3763.8333333333335	0.0	1264.0	10662.0
880	4050.0	0.0	1325.0	11278.0
890	3860.8333333333335	0.0	682.0	7848.0
900	3700.3333333333335	0.0	1080.0	8240.0
910	3602.1666666666665	0.0	2880.0	13099.0
920	3852.5	0.0	871.0	10115.0
930	4000.6666666666665	0.0	1616.0	11351.0
940	3191.3333333333335	0.0	1186.0	8807.0
950	3948.1666666666665	0.0	877.0	9429.0
960	3626.1666666666665	0.0	842.0	9467.0
970	3963.8333333333335	0.0	1208.0	10641.0
980	3941.6666666666665	0.0	1116.0	11480.0
990	3885.1666666666665	0.0	495.0	6644.0
1000	3817.0	0.0	1088.0	9726.0
