0	1481.5	0.0	0.0
10	2385.8333333333335	1643.0	19484.0
20	2461.6666666666665	1372.0	19821.0
30	2437.8333333333335	1278.0	20000.0
40	2621.1666666666665	1263.0	19676.0
50	2704.5	1138.0	19473.0
60	2964.8333333333335	948.0	20000.0
70	2950.8333333333335	937.0	18841.0
80	3010.0	966.0	19768.0
90	3204.3333333333335	455.0	20000.0
100	3602.5	0.0	18978.0
110	3520.3333333333335	0.0	19617.0
120	3635.8333333333335	0.0	19130.0
130	3457.0	0.0	19657.0
140	3882.6666666666665	0.0	18885.0
150	3652.0	0.0	19718.0
160	3664.0	0.0	19722.0
170	3691.1666666666665	0.0	19265.0
180	3767.5	0.0	19702.0
190	3809.1666666666665	0.0	19943.0
200	3954.1666666666665	0.0	19353.0
210	4015.8333333333335	0.0	19686.0
220	3832.1666666666665	0.0	19949.0
230	3986.3333333333335	0.0	19983.0
240	4014.1666666666665	0.0	20000.0
250	3977.8333333333335	0.0	19217.0
260	4036.1666666666665	0.0	20000.0
270	4102.833333333333	0.0	20000.0
280	4040.6666666666665	0.0	20000.0
290	4183.833333333333	0.0	20000.0
300	3992.3333333333335	0.0	19767.0
310	4090.5	0.0	19702.0
320	4012.3333333333335	0.0	19893.0
330	4148.666666666667	0.0	20000.0
340	4263.333333333333	0.0	19735.0
350	4208.0	0.0	20000.0
360	4180.666666666667	0.0	19672.0
370	4147.666666666667	0.0	20000.0
380	4170.333333333333	0.0	20000.0
390	4274.833333333333	0.0	20000.0
400	4148.333333333333	0.0	20000.0
410	4331.0	0.0	19411.0
420	4334.0	0.0	19666.0
430	4316.166666666667	0.0	20000.0
440	4337.666666666667	0.0	19796.0
450	4355.666666666667	0.0	19811.0
460	4384.5	0.0	20000.0
470	4365.0	0.0	19856.0
480	4302.5	0.0	19925.0
490	4321.166666666667	0.0	20000.0
500	4337.166666666667	0.0	20000.0
510	4332.833333333333	0.0	19925.0
520	4300.833333333333	0.0	20000.0
530	4340.833333333333	0.0	19877.0
540	4415.833333333333	0.0	20000.0
550	4345.0	0.0	20000.0
560	3934.0	0.0	20000.0
570	4006.6666666666665	0.0	20000.0
580	3602.0	0.0	19634.0
590	3868.6666666666665	0.0	19844.0
600	3648.5	0.0	19276.0
610	3781.1666666666665	0.0	19782.0
620	3723.0	0.0	19735.0
630	3635.5	0.0	20000.0
640	3786.0	0.0	19252.0
650	3711.3333333333335	0.0	19689.0
660	3507.6666666666665	0.0	20000.0
670	3625.5	0.0	20000.0
680	3700.6666666666665	0.0	20000.0
690	3515.0	0.0	20000.0
700	3674.8333333333335	0.0	19638.0
710	3793.8333333333335	0.0	19864.0
720	3777.6666666666665	0.0	19685.0
730	3872.8333333333335	0.0	19521.0
740	3650.8333333333335	0.0	19609.0
750	3784.3333333333335	0.0	19646.0
760	3664.3333333333335	0.0	19977.0
770	3773.3333333333335	0.0	19617.0
780	3922.6666666666665	0.0	19804.0
790	3943.8333333333335	0.0	19843.0
800	3734.8333333333335	0.0	20000.0
810	3793.8333333333335	0.0	20000.0
820	3830.8333333333335	0.0	20000.0
830	3691.8333333333335	0.0	20000.0
840	3911.0	0.0	20000.0
850	3843.0	0.0	19456.0
860	3785.0	0.0	19659.0
870	3734.5	0.0	19658.0
880	3731.8333333333335	0.0	19858.0
890	3862.5	0.0	20000.0
900	3562.5	0.0	20000.0
910	3722.3333333333335	0.0	19660.0
920	3830.3333333333335	0.0	19471.0
930	3664.1666666666665	0.0	19668.0
940	3849.8333333333335	0.0	20000.0
950	3891.5	0.0	19444.0
960	3724.1666666666665	0.0	20000.0
970	3907.8333333333335	0.0	19757.0
980	3811.5	0.0	20000.0
990	3917.0	0.0	20000.0
1000	3714.1666666666665	0.0	20000.0
