0	2205.366666666667	0.0	0.0	0.0
10	2231.2	205.73333333333332	802.8333333333334	8452.333333333334
20	2238.2944444444443	187.6	717.4333333333333	8101.866666666667
30	2250.1166666666663	186.43333333333334	719.2333333333333	8622.266666666666
40	2287.916666666666	171.06666666666666	703.4	9024.8
50	2332.1	121.73333333333333	483.73333333333335	8870.833333333334
60	2367.033333333333	69.4	279.6333333333333	8881.0
70	2397.6444444444446	37.766666666666666	157.9	8716.433333333332
80	2423.9611111111108	17.7	81.53333333333333	8974.333333333334
90	2392.294444444444	1.5333333333333334	7.9	8959.566666666668
100	2470.7611111111105	1.0333333333333334	5.233333333333333	8299.7
110	2413.1333333333328	0.0	0.0	8585.0
120	2411.1833333333334	0.0	0.0	8834.0
130	2450.5277777777783	0.0	0.0	8521.966666666667
140	2496.177777777778	0.0	0.0	8936.8
150	2427.5166666666673	0.0	0.0	8106.733333333334
160	2523.2722222222224	0.0	0.0	8942.233333333334
170	2489.4444444444443	0.0	0.0	9114.066666666668
180	2521.0611111111116	0.0	0.0	8686.233333333334
190	2566.7166666666667	0.0	0.0	9234.2
200	2556.811111111111	0.0	0.0	8743.9
210	2621.8888888888887	0.0	0.0	9160.633333333333
220	2608.15	0.0	0.0	8670.8
230	2592.649999999999	0.0	0.0	9656.833333333334
240	2575.4611111111108	0.0	0.0	8733.166666666666
250	2671.4666666666667	0.0	0.0	9207.866666666667
260	2689.5388888888892	0.0	0.0	8883.766666666666
270	2657.755555555556	0.0	0.0	8252.266666666666
280	2752.45	0.0	0.0	9305.033333333333
290	2811.6777777777775	0.0	0.0	9214.066666666668
300	2834.2722222222233	0.0	0.0	9230.433333333332
310	2814.9777777777776	0.0	0.0	9553.933333333332
320	2877.1277777777773	0.0	0.0	8686.9
330	2954.0333333333338	0.0	0.0	9626.133333333333
340	2980.5	0.0	0.0	9580.466666666667
350	3027.4166666666665	0.0	0.0	9321.666666666666
360	3079.0111111111114	0.0	0.0	9422.233333333334
370	3189.327777777777	0.0	0.0	10175.733333333334
380	3126.988888888889	0.0	0.0	9553.2
390	3247.572222222222	0.0	0.0	9659.1
400	3231.327777777778	0.0	0.0	9499.333333333334
410	3276.9833333333327	0.0	0.0	9596.3
420	3311.95	0.0	0.0	10229.5
430	3237.2722222222214	0.0	0.0	10477.366666666667
440	3354.7055555555557	0.0	0.0	9393.8
450	3361.938888888889	0.0	0.0	9499.033333333333
460	3395.4777777777776	0.0	0.0	10437.366666666667
470	3327.8166666666666	0.0	0.0	10555.933333333332
480	3351.0555555555557	0.0	0.0	9848.766666666666
490	3305.6888888888884	0.0	0.0	9703.7
500	3447.2166666666662	0.0	0.0	10007.666666666666
510	3519.233333333333	0.0	0.0	10326.766666666666
520	3482.438888888889	0.0	0.0	10611.0
530	3464.811111111111	0.0	0.0	9683.066666666668
540	3373.7833333333333	0.0	0.0	10346.433333333332
550	3526.2277777777776	0.0	0.0	10669.966666666667
560	3522.2666666666673	0.0	0.0	9865.1
570	3565.605555555556	0.0	0.0	10348.933333333332
580	3589.4888888888886	0.0	0.0	10689.766666666666
590	3497.1666666666656	0.0	0.0	9804.7
600	3655.750000000001	0.0	0.0	10524.0
610	3596.7888888888892	0.0	0.0	10290.833333333334
620	3643.833333333333	0.0	0.0	10739.7
630	3643.5611111111107	0.0	0.0	10274.666666666666
640	3613.811111111111	0.0	0.0	10122.866666666667
650	3628.761111111111	0.0	0.0	10620.933333333332
660	3638.4222222222224	0.0	0.0	10366.5
670	3673.483333333334	0.0	0.0	10280.966666666667
680	3651.550000000001	0.0	0.0	10394.0
690	3653.394444444444	0.0	0.0	10644.433333333332
700	3622.6166666666672	0.0	0.0	9972.733333333334
710	3755.094444444445	0.0	0.0	10642.0
720	3664.677777777777	0.0	0.0	10215.566666666668
730	3679.822222222223	0.0	0.0	10835.033333333333
740	3765.6333333333328	0.0	0.0	11046.6
750	3710.211111111111	0.0	0.0	10139.7
760	3635.5499999999997	0.0	0.0	10112.466666666667
770	3717.0555555555557	0.0	0.0	10450.733333333334
780	3757.8222222222225	0.0	0.0	10792.0
790	3704.9277777777784	0.0	0.0	10884.933333333332
800	3673.9944444444436	0.0	0.0	10421.266666666666
810	3740.011111111111	0.0	0.0	10543.7
820	3809.194444444445	0.0	0.0	10661.466666666667
830	3709.644444444444	0.0	0.0	10799.133333333333
840	3791.061111111111	0.0	0.0	10168.566666666668
850	3824.8555555555554	0.0	0.0	10281.866666666667
860	3716.711111111111	0.0	0.0	10440.066666666668
870	3732.9388888888893	0.0	0.0	10032.333333333334
880	3774.9611111111103	0.0	0.0	10258.033333333333
890	3736.522222222222	0.0	0.0	10318.5
900	3806.8888888888887	0.0	0.0	10685.233333333334
910	3765.416666666666	0.0	0.0	10491.333333333334
920	3759.6611111111124	0.0	0.0	10223.6
930	3669.8722222222227	0.0	0.0	10379.833333333334
940	3764.7000000000003	0.0	0.0	10446.133333333333
950	3732.8777777777786	0.0	0.0	10053.666666666666
960	3798.9500000000003	0.0	0.0	10545.266666666666
970	3688.2111111111108	0.0	0.0	10285.5
980	3792.7222222222217	0.0	0.0	10086.466666666667
990	3820.1055555555554	0.0	0.0	10451.366666666667
1000	3846.7388888888895	0.0	0.0	10334.6
