0	2105.1666666666665	0.0	0.0	0.0
10	2166.8333333333335	56.0	492.0	7052.0
20	2161.8333333333335	401.0	1126.0	9406.0
30	2239.6666666666665	184.0	502.0	6058.0
40	2237.6666666666665	252.0	1429.0	11127.0
50	2557.6666666666665	107.0	347.0	13139.0
60	2360.1666666666665	0.0	0.0	8458.0
70	2380.8333333333335	0.0	0.0	9467.0
80	2411.5	0.0	0.0	5196.0
90	2432.0	0.0	0.0	11231.0
100	2654.1666666666665	0.0	0.0	8872.0
110	2506.0	0.0	0.0	6955.0
120	2498.3333333333335	0.0	0.0	7406.0
130	2539.1666666666665	0.0	0.0	10733.0
140	2652.5	0.0	0.0	6414.0
150	2378.3333333333335	0.0	0.0	6829.0
160	2673.5	0.0	0.0	10115.0
170	2498.8333333333335	0.0	0.0	8353.0
180	2110.6666666666665	0.0	0.0	5066.0
190	2467.6666666666665	0.0	0.0	5920.0
200	2367.6666666666665	0.0	0.0	9976.0
210	2410.8333333333335	0.0	0.0	10351.0
220	2535.0	0.0	0.0	8383.0
230	2333.0	0.0	0.0	10825.0
240	2517.3333333333335	0.0	0.0	7090.0
250	3112.1666666666665	0.0	0.0	10653.0
260	3019.0	0.0	0.0	8820.0
270	3016.3333333333335	0.0	0.0	8496.0
280	2600.0	0.0	0.0	8041.0
290	2695.0	0.0	0.0	9233.0
300	2744.1666666666665	0.0	0.0	10067.0
310	2813.3333333333335	0.0	0.0	10415.0
320	2841.8333333333335	0.0	0.0	7761.0
330	2860.1666666666665	0.0	0.0	9492.0
340	3351.0	0.0	0.0	8785.0
350	3048.0	0.0	0.0	11766.0
360	3059.0	0.0	0.0	11249.0
370	2447.6666666666665	0.0	0.0	15075.0
380	3139.5	0.0	0.0	6464.0
390	2952.8333333333335	0.0	0.0	11277.0
400	3432.6666666666665	0.0	0.0	7224.0
410	3064.8333333333335	0.0	0.0	8448.0
420	3286.6666666666665	0.0	0.0	13275.0
430	3300.8333333333335	0.0	0.0	12309.0
440	3475.8333333333335	0.0	0.0	9119.0
450	3251.8333333333335	0.0	0.0	8304.0
460	3568.8333333333335	0.0	0.0	12100.0
470	3198.1666666666665	0.0	0.0	9957.0
480	3291.3333333333335	0.0	0.0	8883.0
490	3413.1666666666665	0.0	0.0	11336.0
500	3154.8333333333335	0.0	0.0	10991.0
510	3559.0	0.0	0.0	10136.0
520	3362.6666666666665	0.0	0.0	10405.0
530	3760.1666666666665	0.0	0.0	8080.0
540	3694.1666666666665	0.0	0.0	9512.0
550	3562.8333333333335	0.0	0.0	11449.0
560	3241.0	0.0	0.0	9787.0
570	3394.1666666666665	0.0	0.0	10365.0
580	3391.1666666666665	0.0	0.0	9653.0
590	3702.0	0.0	0.0	10484.0
600	3948.0	0.0	0.0	11518.0
610	3799.5	0.0	0.0	11840.0
620	3617.1666666666665	0.0	0.0	10404.0
630	3765.8333333333335	0.0	0.0	8166.0
640	3768.6666666666665	0.0	0.0	10338.0
650	3935.5	0.0	0.0	11091.0
660	3661.1666666666665	0.0	0.0	10790.0
670	3769.3333333333335	0.0	0.0	9902.0
680	3714.6666666666665	0.0	0.0	14460.0
690	3872.5	0.0	0.0	9674.0
700	3497.3333333333335	0.0	0.0	8284.0
710	3347.0	0.0	0.0	12593.0
720	3225.1666666666665	0.0	0.0	12880.0
730	3629.6666666666665	0.0	0.0	11286.0
740	4102.833333333333	0.0	0.0	12045.0
750	3418.0	0.0	0.0	14484.0
760	3493.0	0.0	0.0	9258.0
770	3909.6666666666665	0.0	0.0	11532.0
780	3645.0	0.0	0.0	10348.0
790	3237.3333333333335	0.0	0.0	11439.0
800	3624.8333333333335	0.0	0.0	11378.0
810	4092.1666666666665	0.0	0.0	12020.0
820	3795.0	0.0	0.0	8358.0
830	3874.3333333333335	0.0	0.0	11239.0
840	3931.1666666666665	0.0	0.0	13681.0
850	3885.5	0.0	0.0	13057.0
860	3680.8333333333335	0.0	0.0	11035.0
870	3872.3333333333335	0.0	0.0	9973.0
880	3631.5	0.0	0.0	9207.0
890	3771.8333333333335	0.0	0.0	9499.0
900	4112.333333333333	0.0	0.0	15084.0
910	4316.5	0.0	0.0	11328.0
920	3740.6666666666665	0.0	0.0	8997.0
930	3294.6666666666665	0.0	0.0	10603.0
940	3772.6666666666665	0.0	0.0	12731.0
950	3846.1666666666665	0.0	0.0	10446.0
960	3829.0	0.0	0.0	8806.0
970	3963.8333333333335	0.0	0.0	11276.0
980	3723.3333333333335	0.0	0.0	8988.0
990	3975.8333333333335	0.0	0.0	9461.0
1000	3682.3333333333335	0.0	0.0	7977.0
