0	2280.3333333333335	0.0	0.0	0.0
10	2073.8333333333335	357.0	1778.0	12356.0
20	2231.0	140.0	518.0	7678.0
30	2211.0	154.0	615.0	8513.0
40	2434.6666666666665	252.0	746.0	9707.0
50	2587.0	97.0	240.0	11259.0
60	2666.6666666666665	0.0	0.0	6325.0
70	2576.1666666666665	0.0	0.0	12609.0
80	2547.0	0.0	0.0	10698.0
90	2666.1666666666665	0.0	0.0	9992.0
100	2740.1666666666665	0.0	0.0	8514.0
110	2556.6666666666665	0.0	0.0	10341.0
120	2634.3333333333335	0.0	0.0	11955.0
130	2638.3333333333335	0.0	0.0	10156.0
140	2881.3333333333335	0.0	0.0	10642.0
150	2612.3333333333335	0.0	0.0	12477.0
160	2817.1666666666665	0.0	0.0	9212.0
170	2520.0	0.0	0.0	8650.0
180	2957.3333333333335	0.0	0.0	8636.0
190	2740.1666666666665	0.0	0.0	13003.0
200	2662.6666666666665	0.0	0.0	9353.0
210	2778.1666666666665	0.0	0.0	7607.0
220	3050.1666666666665	0.0	0.0	8795.0
230	2980.6666666666665	0.0	0.0	9871.0
240	2830.1666666666665	0.0	0.0	7018.0
250	2844.3333333333335	0.0	0.0	8186.0
260	2558.3333333333335	0.0	0.0	10018.0
270	2826.3333333333335	0.0	0.0	9623.0
280	2653.3333333333335	0.0	0.0	9054.0
290	2752.8333333333335	0.0	0.0	6528.0
300	2985.8333333333335	0.0	0.0	8880.0
310	2717.3333333333335	0.0	0.0	9694.0
320	2876.0	0.0	0.0	11958.0
330	3386.5	0.0	0.0	10682.0
340	3563.6666666666665	0.0	0.0	11949.0
350	3957.8333333333335	0.0	0.0	8699.0
360	3467.6666666666665	0.0	0.0	11813.0
370	3179.6666666666665	0.0	0.0	12543.0
380	3259.5	0.0	0.0	8845.0
390	3191.0	0.0	0.0	10082.0
400	3492.1666666666665	0.0	0.0	11208.0
410	3098.0	0.0	0.0	7920.0
420	3753.0	0.0	0.0	12202.0
430	2724.1666666666665	0.0	0.0	9270.0
440	3532.8333333333335	0.0	0.0	9540.0
450	3203.5	0.0	0.0	8641.0
460	2888.8333333333335	0.0	0.0	8174.0
470	3108.3333333333335	0.0	0.0	12785.0
480	3630.8333333333335	0.0	0.0	10605.0
490	3250.8333333333335	0.0	0.0	7700.0
500	3526.5	0.0	0.0	10140.0
510	3511.8333333333335	0.0	0.0	7544.0
520	3867.1666666666665	0.0	0.0	9955.0
530	3688.1666666666665	0.0	0.0	7426.0
540	3327.0	0.0	0.0	12793.0
550	3451.8333333333335	0.0	0.0	10133.0
560	3607.3333333333335	0.0	0.0	11803.0
570	3705.1666666666665	0.0	0.0	9926.0
580	3790.3333333333335	0.0	0.0	9696.0
590	3650.8333333333335	0.0	0.0	9353.0
600	3615.3333333333335	0.0	0.0	9320.0
610	3657.3333333333335	0.0	0.0	11379.0
620	4125.333333333333	0.0	0.0	8785.0
630	3560.5	0.0	0.0	8483.0
640	3691.3333333333335	0.0	0.0	11322.0
650	4078.3333333333335	0.0	0.0	11208.0
660	3828.0	0.0	0.0	11772.0
670	3830.3333333333335	0.0	0.0	10524.0
680	3811.5	0.0	0.0	12700.0
690	3640.0	0.0	0.0	8767.0
700	3683.3333333333335	0.0	0.0	12510.0
710	3393.1666666666665	0.0	0.0	10765.0
720	3454.3333333333335	0.0	0.0	11499.0
730	3714.8333333333335	0.0	0.0	11455.0
740	3388.3333333333335	0.0	0.0	11151.0
750	3679.0	0.0	0.0	9415.0
760	3644.1666666666665	0.0	0.0	10705.0
770	4048.3333333333335	0.0	0.0	10908.0
780	3556.3333333333335	0.0	0.0	8040.0
790	3438.3333333333335	0.0	0.0	9133.0
800	3479.6666666666665	0.0	0.0	9533.0
810	3683.3333333333335	0.0	0.0	11113.0
820	3807.3333333333335	0.0	0.0	10333.0
830	4011.6666666666665	0.0	0.0	12373.0
840	4032.1666666666665	0.0	0.0	9265.0
850	3768.8333333333335	0.0	0.0	9296.0
860	3406.3333333333335	0.0	0.0	11573.0
870	4005.0	0.0	0.0	7788.0
880	4008.5	0.0	0.0	9594.0
890	3491.3333333333335	0.0	0.0	9634.0
900	3741.0	0.0	0.0	12861.0
910	4019.0	0.0	0.0	9677.0
920	3651.3333333333335	0.0	0.0	12315.0
930	3534.5	0.0	0.0	9118.0
940	3853.8333333333335	0.0	0.0	11775.0
950	3909.3333333333335	0.0	0.0	9338.0
960	3922.1666666666665	0.0	0.0	11049.0
970	3684.1666666666665	0.0	0.0	13579.0
980	3831.8333333333335	0.0	0.0	7638.0
990	3554.1666666666665	0.0	0.0	9039.0
1000	3779.0	0.0	0.0	9304.0
