0	2130.6666666666665	0.0	0.0	0.0
10	2219.8333333333335	1000.0	1000.0	9191.0
20	2153.5	0.0	0.0	7283.0
30	2318.1666666666665	0.0	0.0	11759.0
40	2499.5	0.0	0.0	9618.0
50	2411.5	0.0	0.0	9904.0
60	2318.6666666666665	0.0	0.0	7827.0
70	2458.8333333333335	0.0	0.0	5911.0
80	2640.3333333333335	0.0	0.0	9377.0
90	2470.8333333333335	0.0	0.0	10287.0
100	2721.0	0.0	0.0	7044.0
110	2852.0	0.0	0.0	11026.0
120	2608.0	0.0	0.0	12170.0
130	2423.5	0.0	0.0	11325.0
140	2541.8333333333335	0.0	0.0	13056.0
150	2513.8333333333335	0.0	0.0	7295.0
160	2784.3333333333335	0.0	0.0	9616.0
170	2626.8333333333335	0.0	0.0	9981.0
180	2457.5	0.0	0.0	11739.0
190	2983.1666666666665	0.0	0.0	10157.0
200	2739.3333333333335	0.0	0.0	9226.0
210	2307.3333333333335	0.0	0.0	10691.0
220	2458.3333333333335	0.0	0.0	9395.0
230	2731.0	0.0	0.0	8062.0
240	2450.8333333333335	0.0	0.0	10311.0
250	2439.3333333333335	0.0	0.0	8421.0
260	2924.5	0.0	0.0	9514.0
270	2789.1666666666665	0.0	0.0	10288.0
280	2536.5	0.0	0.0	7870.0
290	2550.5	0.0	0.0	8094.0
300	2880.6666666666665	0.0	0.0	10186.0
310	2633.5	0.0	0.0	7226.0
320	3084.1666666666665	0.0	0.0	11769.0
330	2946.0	0.0	0.0	9190.0
340	3001.5	0.0	0.0	11702.0
350	3255.5	0.0	0.0	9924.0
360	3717.0	0.0	0.0	9545.0
370	3284.0	0.0	0.0	10190.0
380	3344.5	0.0	0.0	10603.0
390	3488.5	0.0	0.0	12265.0
400	3557.3333333333335	0.0	0.0	11552.0
410	3359.5	0.0	0.0	10538.0
420	3451.0	0.0	0.0	8163.0
430	3662.1666666666665	0.0	0.0	9472.0
440	3690.1666666666665	0.0	0.0	12824.0
450	3837.0	0.0	0.0	8805.0
460	3372.0	0.0	0.0	12842.0
470	3918.3333333333335	0.0	0.0	8820.0
480	3581.8333333333335	0.0	0.0	9399.0
490	3509.6666666666665	0.0	0.0	10758.0
500	3238.8333333333335	0.0	0.0	9282.0
510	3514.8333333333335	0.0	0.0	12705.0
520	3413.3333333333335	0.0	0.0	9719.0
530	3751.0	0.0	0.0	10056.0
540	3675.0	0.0	0.0	9502.0
550	3416.0	0.0	0.0	9179.0
560	3008.1666666666665	0.0	0.0	10667.0
570	3329.1666666666665	0.0	0.0	10331.0
580	3730.1666666666665	0.0	0.0	11479.0
590	3812.1666666666665	0.0	0.0	11614.0
600	3630.1666666666665	0.0	0.0	11560.0
610	3972.6666666666665	0.0	0.0	9309.0
620	3683.6666666666665	0.0	0.0	10660.0
630	3285.0	0.0	0.0	13130.0
640	3960.5	0.0	0.0	8871.0
650	3770.8333333333335	0.0	0.0	9499.0
660	3956.8333333333335	0.0	0.0	9756.0
670	3570.3333333333335	0.0	0.0	11671.0
680	4009.6666666666665	0.0	0.0	9910.0
690	3673.6666666666665	0.0	0.0	9374.0
700	3949.1666666666665	0.0	0.0	10845.0
710	3823.8333333333335	0.0	0.0	9448.0
720	3604.8333333333335	0.0	0.0	8103.0
730	3550.1666666666665	0.0	0.0	11319.0
740	3168.1666666666665	0.0	0.0	10359.0
750	3430.1666666666665	0.0	0.0	9871.0
760	3823.3333333333335	0.0	0.0	10865.0
770	4210.0	0.0	0.0	10308.0
780	3508.1666666666665	0.0	0.0	11499.0
790	3314.0	0.0	0.0	12761.0
800	3712.0	0.0	0.0	12847.0
