0	263.0	0.0	0.0	0.0
10	1993.0	5.0	67.0	7741.0
20	2048.5	909.0	5148.0	14479.0
30	2185.0	86.0	786.0	8376.0
40	2057.75	0.0	0.0	9747.0
50	2138.25	0.0	0.0	6759.0
60	2259.75	0.0	0.0	9494.0
70	2344.75	0.0	0.0	7510.0
80	2577.5	0.0	0.0	9474.0
90	1898.5	0.0	0.0	6313.0
100	2361.25	0.0	0.0	6152.0
110	2232.25	0.0	0.0	9351.0
120	2015.75	0.0	0.0	9171.0
130	2364.0	0.0	0.0	4321.0
140	2463.5	0.0	0.0	8405.0
150	2334.5	0.0	0.0	13920.0
160	2798.75	0.0	0.0	7053.0
170	2820.75	0.0	0.0	8732.0
180	2674.75	0.0	0.0	9677.0
190	2711.0	0.0	0.0	10374.0
200	2887.5	0.0	0.0	11274.0
210	2940.0	0.0	0.0	11235.0
220	2619.0	0.0	0.0	9927.0
230	2969.0	0.0	0.0	10722.0
240	2995.0	0.0	0.0	8173.0
250	2991.75	0.0	0.0	9613.0
260	3349.0	0.0	0.0	9704.0
270	3011.75	0.0	0.0	7391.0
280	2790.25	0.0	0.0	11426.0
290	2872.0	0.0	0.0	8693.0
300	2703.75	0.0	0.0	8462.0
310	2756.25	0.0	0.0	8005.0
320	3251.25	0.0	0.0	10279.0
330	2577.75	0.0	0.0	10982.0
340	3105.75	0.0	0.0	10103.0
350	2804.0	0.0	0.0	11208.0
360	3200.75	0.0	0.0	9432.0
370	3280.25	0.0	0.0	11628.0
380	2999.5	0.0	0.0	13166.0
390	3148.0	0.0	0.0	10169.0
400	3443.25	0.0	0.0	10637.0
410	4014.25	0.0	0.0	9758.0
420	3153.0	0.0	0.0	8081.0
430	3651.0	0.0	0.0	6774.0
440	3301.5	0.0	0.0	12631.0
450	2991.5	0.0	0.0	10721.0
460	3709.5	0.0	0.0	8172.0
470	3087.75	0.0	0.0	11773.0
480	3129.0	0.0	0.0	11623.0
490	3362.75	0.0	0.0	11633.0
500	3328.75	0.0	0.0	9230.0
510	3707.25	0.0	0.0	11144.0
520	3913.75	0.0	0.0	6453.0
530	3698.0	0.0	0.0	12694.0
540	3497.25	0.0	0.0	9429.0
550	3369.0	0.0	0.0	10261.0
560	3255.25	0.0	0.0	11117.0
570	3209.5	0.0	0.0	9057.0
580	3671.25	0.0	0.0	9267.0
590	3971.75	0.0	0.0	10257.0
600	4090.25	0.0	0.0	10137.0
610	3849.5	0.0	0.0	7434.0
620	3452.75	0.0	0.0	11016.0
630	3958.0	0.0	0.0	10541.0
640	3636.5	0.0	0.0	10766.0
650	4149.5	0.0	0.0	9394.0
660	3893.75	0.0	0.0	6715.0
670	4069.5	0.0	0.0	8406.0
680	3478.0	0.0	0.0	9998.0
690	4021.5	0.0	0.0	8861.0
700	3504.0	0.0	0.0	12553.0
710	3350.0	0.0	0.0	9578.0
720	3953.5	0.0	0.0	8489.0
730	3535.5	0.0	0.0	10702.0
740	3561.5	0.0	0.0	11222.0
750	3840.5	0.0	0.0	9231.0
760	3443.5	0.0	0.0	9949.0
770	3394.5	0.0	0.0	11029.0
780	3968.75	0.0	0.0	8860.0
790	3813.75	0.0	0.0	8383.0
800	3480.5	0.0	0.0	8663.0
810	3348.25	0.0	0.0	9166.0
820	3331.25	0.0	0.0	10337.0
830	4015.0	0.0	0.0	10388.0
840	3540.75	0.0	0.0	11977.0
850	4174.5	0.0	0.0	11117.0
860	3965.75	0.0	0.0	12207.0
870	3502.0	0.0	0.0	9661.0
880	3956.75	0.0	0.0	14657.0
890	3832.5	0.0	0.0	11600.0
900	4100.75	0.0	0.0	11542.0
910	3821.0	0.0	0.0	9458.0
920	3651.5	0.0	0.0	10032.0
930	3856.25	0.0	0.0	10864.0
940	3858.5	0.0	0.0	12303.0
950	3836.75	0.0	0.0	11142.0
960	3703.0	0.0	0.0	12195.0
970	3399.25	0.0	0.0	10499.0
980	3960.5	0.0	0.0	10506.0
990	3878.75	0.0	0.0	7458.0
1000	3905.5	0.0	0.0	11904.0
