0	263.0	0.0	0.0	0.0
10	1867.75	9.0	158.0	9307.0
20	2043.5	887.0	4782.0	16451.0
30	2228.25	104.0	467.0	10988.0
40	2084.25	0.0	0.0	7710.0
50	2350.5	0.0	0.0	10577.0
60	2449.0	0.0	0.0	7711.0
70	2670.5	0.0	0.0	8380.0
80	2595.5	0.0	0.0	6422.0
90	3021.75	0.0	0.0	12247.0
100	2593.0	0.0	0.0	6474.0
110	2635.75	0.0	0.0	8837.0
120	2698.25	0.0	0.0	8617.0
130	2763.5	0.0	0.0	8738.0
140	2191.25	0.0	0.0	9211.0
150	2502.0	0.0	0.0	9115.0
160	2686.0	0.0	0.0	8903.0
170	2768.25	0.0	0.0	11945.0
180	2831.75	0.0	0.0	7298.0
190	2666.25	0.0	0.0	12856.0
200	2842.5	0.0	0.0	9133.0
210	3120.75	0.0	0.0	9422.0
220	2727.0	0.0	0.0	8576.0
230	2610.25	0.0	0.0	6944.0
240	2872.75	0.0	0.0	8222.0
250	2819.5	0.0	0.0	10450.0
260	2672.25	0.0	0.0	6186.0
270	2663.25	0.0	0.0	9602.0
280	2945.75	0.0	0.0	9008.0
290	2989.5	0.0	0.0	8513.0
300	3072.25	0.0	0.0	10758.0
310	3035.0	0.0	0.0	6442.0
320	3140.25	0.0	0.0	9351.0
330	2963.5	0.0	0.0	8460.0
340	2834.75	0.0	0.0	7869.0
350	3329.25	0.0	0.0	6047.0
360	2770.5	0.0	0.0	7933.0
370	2622.25	0.0	0.0	12076.0
380	2707.75	0.0	0.0	7500.0
390	2569.5	0.0	0.0	9884.0
400	3232.75	0.0	0.0	9351.0
410	2954.75	0.0	0.0	11041.0
420	3553.5	0.0	0.0	10607.0
430	3168.0	0.0	0.0	9398.0
440	3288.25	0.0	0.0	10429.0
450	2847.75	0.0	0.0	11095.0
460	3709.0	0.0	0.0	11947.0
470	2991.5	0.0	0.0	6788.0
480	3382.75	0.0	0.0	9001.0
490	3916.25	0.0	0.0	6603.0
500	3580.0	0.0	0.0	8481.0
510	3951.75	0.0	0.0	10478.0
520	3398.25	0.0	0.0	9133.0
530	3793.25	0.0	0.0	10673.0
540	3596.75	0.0	0.0	7945.0
550	3027.75	0.0	0.0	10966.0
560	3796.75	0.0	0.0	11402.0
570	3393.0	0.0	0.0	12227.0
580	3248.75	0.0	0.0	9905.0
590	3548.75	0.0	0.0	7505.0
600	3373.25	0.0	0.0	10303.0
610	3677.5	0.0	0.0	9211.0
620	3623.25	0.0	0.0	10815.0
630	3641.25	0.0	0.0	9376.0
640	3689.5	0.0	0.0	11870.0
650	3722.25	0.0	0.0	10379.0
660	3888.5	0.0	0.0	8765.0
670	3778.25	0.0	0.0	10562.0
680	3524.75	0.0	0.0	10911.0
690	3645.25	0.0	0.0	8769.0
700	3503.25	0.0	0.0	10416.0
710	3717.5	0.0	0.0	13009.0
720	3139.75	0.0	0.0	7401.0
730	3301.5	0.0	0.0	10446.0
740	3729.5	0.0	0.0	12210.0
750	3939.75	0.0	0.0	11344.0
760	3905.25	0.0	0.0	9561.0
770	3440.5	0.0	0.0	12294.0
780	3702.25	0.0	0.0	7094.0
790	3847.25	0.0	0.0	10145.0
800	4231.0	0.0	0.0	10358.0
810	3480.5	0.0	0.0	14094.0
820	3634.25	0.0	0.0	10317.0
830	3634.75	0.0	0.0	11625.0
840	3660.75	0.0	0.0	9617.0
850	3606.5	0.0	0.0	7699.0
860	3430.75	0.0	0.0	10314.0
870	3691.5	0.0	0.0	7063.0
880	3656.0	0.0	0.0	10331.0
890	3686.75	0.0	0.0	9313.0
900	3498.25	0.0	0.0	10562.0
910	4072.25	0.0	0.0	12739.0
920	4061.75	0.0	0.0	11170.0
930	3806.5	0.0	0.0	9772.0
940	4026.25	0.0	0.0	9346.0
950	3644.75	0.0	0.0	8748.0
960	4060.25	0.0	0.0	11575.0
970	3806.5	0.0	0.0	7297.0
980	4085.25	0.0	0.0	8506.0
990	3599.0	0.0	0.0	10400.0
1000	3674.5	0.0	0.0	12893.0
