0	2695.8333333333335	0.0	0.0	0.0
10	2544.5	1000.0	1000.0	8610.0
20	2314.1666666666665	0.0	0.0	8578.0
30	2589.3333333333335	0.0	0.0	8227.0
40	2459.6666666666665	0.0	0.0	8137.0
50	2267.8333333333335	0.0	0.0	10508.0
60	2556.8333333333335	0.0	0.0	7764.0
70	2623.3333333333335	0.0	0.0	7268.0
80	2018.1666666666667	0.0	0.0	11937.0
90	2572.1666666666665	0.0	0.0	6438.0
100	2776.1666666666665	0.0	0.0	6849.0
110	2546.5	0.0	0.0	14165.0
120	2376.0	0.0	0.0	11243.0
130	2932.1666666666665	0.0	0.0	9921.0
140	2735.5	0.0	0.0	9300.0
150	2688.5	0.0	0.0	9122.0
160	2678.0	0.0	0.0	8334.0
170	3101.5	0.0	0.0	9254.0
180	3133.5	0.0	0.0	12421.0
190	2965.3333333333335	0.0	0.0	8390.0
200	3194.6666666666665	0.0	0.0	8637.0
210	2964.5	0.0	0.0	8332.0
220	3296.6666666666665	0.0	0.0	10856.0
230	3801.1666666666665	0.0	0.0	11278.0
240	3266.0	0.0	0.0	11906.0
250	3711.1666666666665	0.0	0.0	10395.0
260	3333.0	0.0	0.0	8987.0
270	3613.8333333333335	0.0	0.0	12170.0
280	3293.8333333333335	0.0	0.0	7330.0
290	3513.0	0.0	0.0	5898.0
300	3503.1666666666665	0.0	0.0	8476.0
310	3683.1666666666665	0.0	0.0	10535.0
320	3919.3333333333335	0.0	0.0	12280.0
330	3314.3333333333335	0.0	0.0	10594.0
340	3593.8333333333335	0.0	0.0	9497.0
350	3472.3333333333335	0.0	0.0	11663.0
360	3449.1666666666665	0.0	0.0	8516.0
370	3498.5	0.0	0.0	8203.0
380	3412.8333333333335	0.0	0.0	11548.0
390	3540.5	0.0	0.0	9604.0
400	3850.3333333333335	0.0	0.0	12400.0
410	3574.6666666666665	0.0	0.0	11310.0
420	3814.8333333333335	0.0	0.0	12030.0
430	3603.0	0.0	0.0	10783.0
440	3454.8333333333335	0.0	0.0	10203.0
450	3069.8333333333335	0.0	0.0	11834.0
460	4060.5	0.0	0.0	10268.0
470	3942.3333333333335	0.0	0.0	10344.0
480	3800.8333333333335	0.0	0.0	11964.0
490	3840.5	0.0	0.0	13387.0
500	4010.8333333333335	0.0	0.0	10521.0
510	3854.0	0.0	0.0	12497.0
520	4153.666666666667	0.0	0.0	10959.0
530	3767.8333333333335	0.0	0.0	8119.0
540	3809.3333333333335	0.0	0.0	10614.0
550	3658.3333333333335	0.0	0.0	7750.0
560	3772.8333333333335	0.0	0.0	10045.0
570	3764.3333333333335	0.0	0.0	9084.0
580	3655.0	0.0	0.0	5848.0
590	3629.1666666666665	0.0	0.0	11405.0
600	3115.3333333333335	0.0	0.0	9828.0
610	3857.1666666666665	0.0	0.0	9967.0
620	4000.5	0.0	0.0	9927.0
630	3794.8333333333335	0.0	0.0	10618.0
640	3466.6666666666665	0.0	0.0	9366.0
650	3685.8333333333335	0.0	0.0	10975.0
660	3806.1666666666665	0.0	0.0	9069.0
670	3928.0	0.0	0.0	9889.0
680	3530.0	0.0	0.0	8441.0
690	3609.8333333333335	0.0	0.0	11057.0
700	3619.1666666666665	0.0	0.0	14679.0
710	3717.6666666666665	0.0	0.0	7367.0
720	3465.5	0.0	0.0	9462.0
730	3843.3333333333335	0.0	0.0	8402.0
740	4047.3333333333335	0.0	0.0	11093.0
750	3523.3333333333335	0.0	0.0	11431.0
760	3710.8333333333335	0.0	0.0	10460.0
770	3994.0	0.0	0.0	9853.0
780	4055.3333333333335	0.0	0.0	13239.0
790	3389.8333333333335	0.0	0.0	9377.0
800	3856.6666666666665	0.0	0.0	11681.0
