0	2344.5	0.0	0.0	0.0
10	2714.5	1000.0	1000.0	10361.0
20	2843.0	0.0	0.0	7940.0
30	2874.5	0.0	0.0	11416.0
40	2709.8333333333335	0.0	0.0	10040.0
50	2905.8333333333335	0.0	0.0	11619.0
60	2587.0	0.0	0.0	8813.0
70	2259.8333333333335	0.0	0.0	9887.0
80	2414.8333333333335	0.0	0.0	5595.0
90	2306.5	0.0	0.0	6890.0
100	2324.6666666666665	0.0	0.0	7746.0
110	2698.1666666666665	0.0	0.0	12040.0
120	2802.6666666666665	0.0	0.0	7331.0
130	2717.3333333333335	0.0	0.0	6806.0
140	2736.0	0.0	0.0	9391.0
150	2863.8333333333335	0.0	0.0	12796.0
160	2740.3333333333335	0.0	0.0	7088.0
170	2822.0	0.0	0.0	13270.0
180	2626.5	0.0	0.0	7487.0
190	3361.6666666666665	0.0	0.0	8467.0
200	2766.0	0.0	0.0	12321.0
210	2838.6666666666665	0.0	0.0	11870.0
220	3240.1666666666665	0.0	0.0	8896.0
230	3144.6666666666665	0.0	0.0	10076.0
240	3545.3333333333335	0.0	0.0	13588.0
250	3374.0	0.0	0.0	10568.0
260	3193.6666666666665	0.0	0.0	11321.0
270	3209.3333333333335	0.0	0.0	9069.0
280	3086.8333333333335	0.0	0.0	11035.0
290	3415.0	0.0	0.0	10740.0
300	3225.6666666666665	0.0	0.0	9780.0
310	2946.6666666666665	0.0	0.0	12360.0
320	3577.5	0.0	0.0	11173.0
330	3645.1666666666665	0.0	0.0	9873.0
340	3514.0	0.0	0.0	10852.0
350	3618.1666666666665	0.0	0.0	9633.0
360	3537.0	0.0	0.0	10519.0
370	3432.0	0.0	0.0	10505.0
380	3759.3333333333335	0.0	0.0	13660.0
390	3688.0	0.0	0.0	10035.0
400	3072.8333333333335	0.0	0.0	6827.0
410	3623.3333333333335	0.0	0.0	14221.0
420	3813.5	0.0	0.0	8621.0
430	3372.1666666666665	0.0	0.0	10330.0
440	3835.1666666666665	0.0	0.0	8518.0
450	3147.6666666666665	0.0	0.0	10206.0
460	3823.0	0.0	0.0	11879.0
470	3619.6666666666665	0.0	0.0	12344.0
480	3951.1666666666665	0.0	0.0	6930.0
490	3852.3333333333335	0.0	0.0	12176.0
500	3751.0	0.0	0.0	8051.0
510	3448.8333333333335	0.0	0.0	10847.0
520	3784.1666666666665	0.0	0.0	10704.0
530	3641.6666666666665	0.0	0.0	6495.0
540	3991.3333333333335	0.0	0.0	12048.0
550	3743.1666666666665	0.0	0.0	7862.0
560	3417.0	0.0	0.0	10382.0
570	3839.3333333333335	0.0	0.0	8992.0
580	3772.6666666666665	0.0	0.0	8830.0
590	3603.3333333333335	0.0	0.0	8091.0
600	3326.1666666666665	0.0	0.0	8345.0
610	3774.8333333333335	0.0	0.0	9197.0
620	3769.5	0.0	0.0	9181.0
630	3472.0	0.0	0.0	10795.0
640	3835.3333333333335	0.0	0.0	10122.0
650	3490.6666666666665	0.0	0.0	8942.0
660	3739.0	0.0	0.0	11340.0
670	3520.1666666666665	0.0	0.0	10673.0
680	3687.8333333333335	0.0	0.0	8299.0
690	3590.0	0.0	0.0	9687.0
700	3990.8333333333335	0.0	0.0	12879.0
710	3540.0	0.0	0.0	11765.0
720	3695.0	0.0	0.0	9631.0
730	3667.5	0.0	0.0	9510.0
740	3692.1666666666665	0.0	0.0	11416.0
750	3569.6666666666665	0.0	0.0	9116.0
760	3456.8333333333335	0.0	0.0	10616.0
770	4079.8333333333335	0.0	0.0	11263.0
780	3626.0	0.0	0.0	7009.0
790	3789.8333333333335	0.0	0.0	11900.0
800	3562.1666666666665	0.0	0.0	10847.0
