0	275.0	0.0	0.0	0.0
10	2021.5	67.0	2965.0	6676.0
20	2045.0	119.0	4725.0	10430.0
30	2159.0	52.0	4442.0	9235.0
40	1966.25	85.0	4431.0	9514.0
50	2170.5	45.0	4407.0	9008.0
60	2403.5	85.0	5077.0	10335.0
70	2482.0	19.0	3802.0	8001.0
80	1585.75	32.0	2937.0	6145.0
90	2414.25	30.0	3307.0	6859.0
100	1873.75	58.0	4701.0	9547.0
110	2189.0	73.0	3742.0	7702.0
120	2587.5	38.0	3811.0	8300.0
130	1984.5	59.0	4014.0	8446.0
140	2364.5	58.0	4919.0	9723.0
150	2120.25	75.0	5700.0	11556.0
160	2185.75	37.0	4655.0	9279.0
170	2627.0	26.0	3746.0	7578.0
180	2666.25	16.0	4381.0	9055.0
190	2829.5	14.0	5121.0	10047.0
200	2850.75	12.0	2087.0	9718.0
210	2942.0	0.0	0.0	7832.0
220	2913.5	0.0	0.0	10617.0
230	2398.25	0.0	0.0	7988.0
240	2700.5	0.0	0.0	11824.0
250	2466.25	0.0	0.0	9320.0
260	3293.0	0.0	0.0	8725.0
270	3443.75	0.0	0.0	6591.0
280	2819.0	0.0	0.0	7859.0
290	2736.25	0.0	0.0	12222.0
300	2787.75	0.0	0.0	9143.0
310	2782.5	0.0	0.0	12922.0
320	3429.25	0.0	0.0	12433.0
330	3465.5	0.0	0.0	8915.0
340	3717.25	0.0	0.0	8857.0
350	2832.25	0.0	0.0	11159.0
360	3186.5	0.0	0.0	12069.0
370	3092.25	0.0	0.0	12014.0
380	3460.5	0.0	0.0	9151.0
390	3360.75	0.0	0.0	8739.0
400	3168.25	0.0	0.0	7897.0
410	3667.25	0.0	0.0	9983.0
420	3404.25	0.0	0.0	14976.0
430	3496.0	0.0	0.0	11120.0
440	3667.5	0.0	0.0	13862.0
450	3769.75	0.0	0.0	10957.0
460	3769.75	0.0	0.0	10420.0
470	3785.0	0.0	0.0	10175.0
480	4098.25	0.0	0.0	9437.0
490	4054.0	0.0	0.0	11726.0
500	3779.0	0.0	0.0	8665.0
510	3607.5	0.0	0.0	10491.0
520	3776.0	0.0	0.0	11746.0
530	3376.5	0.0	0.0	12360.0
540	3913.75	0.0	0.0	10602.0
550	3457.75	0.0	0.0	10108.0
560	3883.75	0.0	0.0	10169.0
570	3772.0	0.0	0.0	9460.0
580	3580.25	0.0	0.0	12104.0
590	3223.75	0.0	0.0	12052.0
600	3889.75	0.0	0.0	10036.0
610	3546.25	0.0	0.0	8755.0
620	4039.25	0.0	0.0	8038.0
630	3836.25	0.0	0.0	11988.0
640	3856.75	0.0	0.0	11154.0
650	3725.25	0.0	0.0	8982.0
660	3913.5	0.0	0.0	8662.0
670	3011.5	0.0	0.0	12104.0
680	3625.0	0.0	0.0	10676.0
690	3302.25	0.0	0.0	11490.0
700	4129.75	0.0	0.0	10989.0
710	3616.5	0.0	0.0	10262.0
720	3589.0	0.0	0.0	9593.0
730	3470.5	0.0	0.0	9875.0
740	3590.75	0.0	0.0	7504.0
750	3349.25	0.0	0.0	11217.0
760	3530.75	0.0	0.0	10147.0
770	3312.5	0.0	0.0	12251.0
780	3830.25	0.0	0.0	9605.0
790	3956.0	0.0	0.0	9630.0
800	3437.75	0.0	0.0	10450.0
810	3389.5	0.0	0.0	12140.0
820	3430.25	0.0	0.0	12300.0
830	3358.0	0.0	0.0	10288.0
840	3517.75	0.0	0.0	11324.0
850	4102.75	0.0	0.0	11334.0
860	3523.75	0.0	0.0	9361.0
870	3917.5	0.0	0.0	11311.0
880	3710.5	0.0	0.0	12751.0
890	3627.75	0.0	0.0	9014.0
900	3307.0	0.0	0.0	9237.0
910	3942.25	0.0	0.0	8914.0
920	3605.75	0.0	0.0	10012.0
930	3794.0	0.0	0.0	8939.0
940	3686.75	0.0	0.0	9946.0
950	3809.0	0.0	0.0	12528.0
960	3807.75	0.0	0.0	9810.0
970	3655.0	0.0	0.0	9535.0
980	3498.5	0.0	0.0	8937.0
990	3781.25	0.0	0.0	13587.0
1000	3994.5	0.0	0.0	12300.0
