0	1718.8333333333333	0.0	0.0	0.0
10	1583.6666666666667	532.0	2972.0	8092.0
20	1896.3333333333333	468.0	2429.0	6567.0
30	1626.0	0.0	0.0	6365.0
40	1729.3333333333333	0.0	0.0	7912.0
50	1632.3333333333333	0.0	0.0	6208.0
60	1801.0	0.0	0.0	5997.0
70	1556.3333333333333	0.0	0.0	3973.0
80	1612.3333333333333	0.0	0.0	7483.0
90	1662.6666666666667	0.0	0.0	7005.0
100	1686.0	0.0	0.0	7589.0
110	1677.3333333333333	0.0	0.0	6495.0
120	1699.0	0.0	0.0	7993.0
130	1751.3333333333333	0.0	0.0	8720.0
140	1591.8333333333333	0.0	0.0	7191.0
150	1775.6666666666667	0.0	0.0	9951.0
160	1596.6666666666667	0.0	0.0	7291.0
170	1649.6666666666667	0.0	0.0	7471.0
180	1624.0	0.0	0.0	7515.0
190	1606.3333333333333	0.0	0.0	5984.0
200	1481.3333333333333	0.0	0.0	7829.0
210	1566.0	0.0	0.0	5620.0
220	1455.6666666666667	0.0	0.0	4697.0
230	1587.3333333333333	0.0	0.0	6521.0
240	1483.0	0.0	0.0	7649.0
250	1407.0	0.0	0.0	4850.0
260	1516.3333333333333	0.0	0.0	6665.0
270	1376.3333333333333	0.0	0.0	6556.0
280	1548.6666666666667	0.0	0.0	5716.0
290	1352.6666666666667	0.0	0.0	5972.0
300	1358.3333333333333	0.0	0.0	7603.0
310	1514.0	0.0	0.0	7723.0
320	1330.0	0.0	0.0	7300.0
330	1435.6666666666667	0.0	0.0	5283.0
340	1410.3333333333333	0.0	0.0	3766.0
350	1450.3333333333333	0.0	0.0	6010.0
360	1357.6666666666667	0.0	0.0	6822.0
370	1404.8333333333333	0.0	0.0	7438.0
380	1339.3333333333333	0.0	0.0	6299.0
390	1376.0	0.0	0.0	5913.0
400	1399.3333333333333	0.0	0.0	7546.0
410	1225.3333333333333	0.0	0.0	7068.0
420	1194.0	0.0	0.0	5144.0
430	1317.8333333333333	0.0	0.0	6718.0
440	1281.0	0.0	0.0	4524.0
450	1224.0	0.0	0.0	4998.0
460	1279.6666666666667	0.0	0.0	5434.0
470	1288.6666666666667	0.0	0.0	4935.0
480	1258.3333333333333	0.0	0.0	5386.0
490	1301.0	0.0	0.0	6181.0
500	1373.6666666666667	0.0	0.0	5970.0
510	1309.6666666666667	0.0	0.0	6024.0
520	1065.0	0.0	0.0	5962.0
530	1363.6666666666667	0.0	0.0	6536.0
540	1342.0	0.0	0.0	6181.0
550	1325.3333333333333	0.0	0.0	6446.0
560	1342.3333333333333	0.0	0.0	4886.0
570	1316.3333333333333	0.0	0.0	5628.0
580	1266.0	0.0	0.0	5106.0
590	1375.3333333333333	0.0	0.0	4385.0
600	1251.0	0.0	0.0	6869.0
610	1372.1666666666667	0.0	0.0	4737.0
620	1355.3333333333333	0.0	0.0	4991.0
630	1159.3333333333333	0.0	0.0	5863.0
640	1114.0	0.0	0.0	5963.0
650	1199.6666666666667	0.0	0.0	6304.0
660	1259.3333333333333	0.0	0.0	5620.0
670	1291.3333333333333	0.0	0.0	4981.0
680	1370.0	0.0	0.0	4277.0
690	1231.0	0.0	0.0	6576.0
700	1216.3333333333333	0.0	0.0	5712.0
710	1250.6666666666667	0.0	0.0	6061.0
720	1294.0	0.0	0.0	6012.0
730	1241.6666666666667	0.0	0.0	5655.0
740	1202.6666666666667	0.0	0.0	5550.0
750	1265.3333333333333	0.0	0.0	4942.0
760	1282.6666666666667	0.0	0.0	6760.0
770	1344.3333333333333	0.0	0.0	5186.0
780	1214.0	0.0	0.0	4500.0
790	1295.3333333333333	0.0	0.0	4762.0
800	1361.3333333333333	0.0	0.0	5337.0
810	1412.3333333333333	0.0	0.0	4683.0
820	1233.6666666666667	0.0	0.0	5081.0
830	1216.0	0.0	0.0	5057.0
840	1388.3333333333333	0.0	0.0	5845.0
850	1355.1666666666667	0.0	0.0	5157.0
860	1229.6666666666667	0.0	0.0	5599.0
870	1287.6666666666667	0.0	0.0	5709.0
880	1187.3333333333333	0.0	0.0	5352.0
890	1290.3333333333333	0.0	0.0	5063.0
900	1154.6666666666667	0.0	0.0	4848.0
910	1244.6666666666667	0.0	0.0	5924.0
920	1321.6666666666667	0.0	0.0	4299.0
930	1214.0	0.0	0.0	4538.0
940	1349.6666666666667	0.0	0.0	5551.0
950	1378.0	0.0	0.0	4765.0
960	1192.0	0.0	0.0	5330.0
970	1210.0	0.0	0.0	5504.0
980	1248.0	0.0	0.0	5089.0
990	1249.3333333333333	0.0	0.0	4517.0
1000	1264.6666666666667	0.0	0.0	3815.0
