0	1443.3333333333333	0.0	0.0
10	2256.1666666666665	0.0	20000.0
20	2274.5	15.0	20000.0
30	2432.5	257.0	20000.0
40	2374.1666666666665	728.0	19981.0
50	2418.5	0.0	20000.0
60	2565.5	0.0	20000.0
70	2730.8333333333335	0.0	20000.0
80	2780.3333333333335	0.0	20000.0
90	2767.5	0.0	20000.0
100	2913.3333333333335	0.0	19999.0
110	2984.3333333333335	0.0	19873.0
120	2959.6666666666665	0.0	20000.0
130	2963.6666666666665	0.0	19742.0
140	3108.3333333333335	0.0	19454.0
150	3038.3333333333335	0.0	20000.0
160	3203.8333333333335	0.0	19313.0
170	3215.6666666666665	0.0	19564.0
180	3159.6666666666665	0.0	19383.0
190	3076.1666666666665	0.0	19797.0
200	3273.6666666666665	0.0	19950.0
210	3326.1666666666665	0.0	19504.0
220	3323.8333333333335	0.0	18562.0
230	3349.5	0.0	18927.0
240	2772.6666666666665	0.0	18388.0
250	3188.1666666666665	0.0	18788.0
260	3281.0	0.0	19475.0
270	3239.6666666666665	0.0	19303.0
280	3355.8333333333335	0.0	19001.0
290	3327.3333333333335	0.0	18813.0
300	3222.3333333333335	0.0	19666.0
310	3224.3333333333335	0.0	19513.0
320	3399.5	0.0	18883.0
330	3423.8333333333335	0.0	19369.0
340	3462.1666666666665	0.0	18799.0
350	3464.1666666666665	0.0	19098.0
360	3267.0	0.0	18160.0
370	3574.6666666666665	0.0	19501.0
380	3368.3333333333335	0.0	18382.0
390	3674.1666666666665	0.0	19750.0
400	3783.1666666666665	0.0	19161.0
410	3625.6666666666665	0.0	19168.0
420	3752.0	0.0	19088.0
430	3667.8333333333335	0.0	19582.0
440	3735.6666666666665	0.0	19853.0
450	3860.6666666666665	0.0	19167.0
460	3870.8333333333335	0.0	19498.0
470	3837.3333333333335	0.0	19387.0
480	4106.5	0.0	19958.0
490	3923.0	0.0	19895.0
500	3872.1666666666665	0.0	19850.0
510	3910.3333333333335	0.0	19835.0
520	4019.8333333333335	0.0	19026.0
530	4063.5	0.0	19904.0
540	4200.5	0.0	19748.0
550	4110.333333333333	0.0	20000.0
560	4138.0	0.0	20000.0
570	4192.5	0.0	19894.0
580	3996.1666666666665	0.0	20000.0
590	4199.0	0.0	20000.0
600	4262.5	0.0	20000.0
610	4115.0	0.0	19797.0
620	4234.166666666667	0.0	19464.0
630	4365.5	0.0	20000.0
640	4223.0	0.0	19893.0
650	4314.5	0.0	20000.0
660	4228.0	0.0	19874.0
670	4334.666666666667	0.0	19912.0
680	4485.666666666667	0.0	20000.0
690	4208.5	0.0	19878.0
700	4266.0	0.0	19915.0
710	4319.0	0.0	19932.0
720	4245.333333333333	0.0	20000.0
730	4313.333333333333	0.0	20000.0
740	4386.666666666667	0.0	19772.0
750	4376.833333333333	0.0	20000.0
760	4165.333333333333	0.0	20000.0
770	4449.333333333333	0.0	20000.0
780	4459.5	0.0	19780.0
790	4325.833333333333	0.0	19905.0
800	4339.166666666667	0.0	20000.0
810	4212.166666666667	0.0	20000.0
820	4300.833333333333	0.0	19709.0
830	4392.166666666667	0.0	19738.0
840	4425.833333333333	0.0	20000.0
850	4363.833333333333	0.0	20000.0
860	4426.0	0.0	19968.0
870	4368.666666666667	0.0	20000.0
880	4432.666666666667	0.0	19927.0
890	4350.5	0.0	20000.0
900	4306.833333333333	0.0	20000.0
910	4326.166666666667	0.0	19753.0
920	4364.0	0.0	20000.0
930	4338.0	0.0	20000.0
940	4415.166666666667	0.0	19979.0
950	4417.5	0.0	20000.0
960	4427.0	0.0	19601.0
970	4427.5	0.0	20000.0
980	4409.666666666667	0.0	20000.0
990	4353.0	0.0	20000.0
1000	4332.666666666667	0.0	20000.0
