0	261.3333333333333	0.0	0.0	0.0
10	1717.5	202.0	2995.0	6992.0
20	1927.3333333333333	27.0	1302.0	7838.0
30	1730.5	85.0	1939.0	11469.0
40	2348.5	24.0	1349.0	10832.0
50	2186.8333333333335	2.0	1656.0	9630.0
60	2215.3333333333335	27.0	1139.0	8962.0
70	2354.5	0.0	296.0	5404.0
80	1955.0	13.0	985.0	8477.0
90	2168.0	28.0	1594.0	9886.0
100	2222.6666666666665	58.0	1466.0	10475.0
110	2402.6666666666665	2.0	530.0	6870.0
120	2284.1666666666665	60.0	1409.0	9950.0
130	2048.0	45.0	1534.0	10341.0
140	2372.1666666666665	16.0	1021.0	9650.0
150	2442.8333333333335	20.0	1328.0	8890.0
160	2401.6666666666665	11.0	1023.0	8372.0
170	2528.1666666666665	20.0	1486.0	9301.0
180	2513.6666666666665	14.0	799.0	7357.0
190	2475.0	25.0	914.0	6655.0
200	2611.1666666666665	11.0	1522.0	9283.0
210	2747.8333333333335	19.0	1031.0	8058.0
220	2453.3333333333335	0.0	916.0	6851.0
230	2826.1666666666665	34.0	1907.0	12779.0
240	2793.8333333333335	13.0	1514.0	10160.0
250	3047.8333333333335	7.0	1113.0	5683.0
260	3431.0	8.0	1760.0	9426.0
270	3233.8333333333335	8.0	1374.0	7817.0
280	2870.1666666666665	8.0	1253.0	9057.0
290	3158.5	1.0	1609.0	11919.0
300	3281.0	3.0	1273.0	8447.0
310	2886.0	14.0	1195.0	8250.0
320	3822.6666666666665	21.0	1423.0	9275.0
330	2863.5	5.0	1048.0	7986.0
340	3651.5	10.0	1692.0	11352.0
350	3314.0	6.0	1486.0	9875.0
360	3397.8333333333335	5.0	1638.0	10502.0
370	3304.3333333333335	5.0	2000.0	14146.0
380	3521.1666666666665	0.0	1584.0	11372.0
390	3531.5	1.0	1763.0	12403.0
400	3085.1666666666665	0.0	1280.0	8433.0
410	3599.3333333333335	0.0	1886.0	11019.0
420	3674.8333333333335	0.0	2430.0	11647.0
430	3708.8333333333335	0.0	2786.0	15323.0
440	3614.5	0.0	1949.0	11921.0
450	3129.8333333333335	0.0	1152.0	7852.0
460	3210.1666666666665	0.0	1728.0	10208.0
470	3405.3333333333335	0.0	1867.0	11508.0
480	3783.0	0.0	1310.0	7693.0
490	3672.5	0.0	2112.0	11537.0
500	3083.3333333333335	0.0	2010.0	9889.0
510	3087.1666666666665	0.0	1376.0	11204.0
520	3852.0	0.0	1848.0	10677.0
530	3115.5	0.0	2189.0	13591.0
540	3795.8333333333335	0.0	1118.0	9896.0
550	3044.1666666666665	0.0	1162.0	11618.0
560	3623.0	0.0	1114.0	8386.0
570	3222.6666666666665	0.0	1029.0	7965.0
580	3595.1666666666665	0.0	1617.0	10455.0
590	3769.0	0.0	1601.0	8528.0
600	3846.8333333333335	0.0	1638.0	12376.0
610	3626.5	0.0	980.0	9341.0
620	3580.5	0.0	1370.0	10585.0
630	3731.0	0.0	1301.0	11700.0
640	3421.5	0.0	775.0	8408.0
650	3848.1666666666665	0.0	1226.0	12057.0
660	3773.8333333333335	0.0	1522.0	11576.0
670	3775.8333333333335	0.0	688.0	7207.0
680	3525.5	0.0	915.0	8611.0
690	3770.1666666666665	0.0	1167.0	11417.0
700	3775.3333333333335	0.0	1071.0	10639.0
710	4044.1666666666665	0.0	1323.0	11096.0
720	3875.8333333333335	0.0	1165.0	7347.0
730	3829.0	0.0	2426.0	12701.0
740	3803.8333333333335	0.0	1884.0	8288.0
750	3965.8333333333335	0.0	2054.0	11356.0
760	3505.8333333333335	0.0	2005.0	10681.0
770	3791.6666666666665	0.0	1693.0	11766.0
780	3762.3333333333335	0.0	1709.0	8607.0
790	3980.6666666666665	0.0	1656.0	10727.0
800	3530.6666666666665	0.0	1098.0	8860.0
810	3697.5	0.0	1101.0	8941.0
820	3895.8333333333335	0.0	1488.0	11161.0
830	3722.6666666666665	0.0	1735.0	11574.0
840	3871.3333333333335	0.0	1460.0	10750.0
850	3843.3333333333335	0.0	1475.0	10392.0
860	3607.1666666666665	0.0	1364.0	9228.0
870	3592.5	0.0	1390.0	11059.0
880	3605.1666666666665	0.0	1947.0	10019.0
890	4069.8333333333335	0.0	1350.0	10114.0
900	3640.5	0.0	1343.0	9301.0
910	4096.333333333333	0.0	1172.0	10105.0
920	3745.8333333333335	0.0	1457.0	13422.0
930	3633.6666666666665	0.0	1185.0	12885.0
940	3447.1666666666665	0.0	1111.0	10105.0
950	4137.833333333333	0.0	891.0	8796.0
960	3858.8333333333335	0.0	778.0	8124.0
970	3796.3333333333335	0.0	1503.0	12380.0
980	3764.0	0.0	928.0	10255.0
990	3948.8333333333335	0.0	471.0	8438.0
1000	3670.8333333333335	0.0	772.0	8902.0
