0	2463.0	0.0	0.0	0.0
10	2603.5	7.0	4432.0	9211.0
20	2833.0	51.0	5830.0	11525.0
30	2640.1666666666665	14.0	5120.0	10218.0
40	2620.8333333333335	14.0	5552.0	11224.0
50	2570.5	16.0	6170.0	12540.0
60	2489.6666666666665	8.0	4175.0	8350.0
70	3106.6666666666665	5.0	3524.0	6835.0
80	2995.5	4.0	3989.0	7966.0
90	2900.3333333333335	7.0	5883.0	11605.0
100	2848.1666666666665	5.0	5446.0	10745.0
110	2898.6666666666665	5.0	6637.0	12951.0
120	2857.3333333333335	8.0	5369.0	10954.0
130	3353.5	2.0	4349.0	8153.0
140	3172.6666666666665	3.0	5788.0	11501.0
150	3222.0	7.0	3829.0	7280.0
160	3086.8333333333335	3.0	5585.0	10551.0
170	3768.3333333333335	2.0	5303.0	10302.0
180	3020.5	1.0	6727.0	13289.0
190	4007.5	0.0	3798.0	7550.0
200	3390.8333333333335	2.0	5107.0	9975.0
210	2938.8333333333335	0.0	3212.0	6568.0
220	3266.5	4.0	6656.0	13190.0
230	3115.8333333333335	0.0	4330.0	8193.0
240	3790.3333333333335	0.0	5865.0	11237.0
250	3201.1666666666665	8.0	4743.0	9403.0
260	3997.5	2.0	3744.0	7446.0
270	3631.0	1.0	4801.0	9520.0
280	3386.5	1.0	4072.0	7878.0
290	3417.3333333333335	1.0	4636.0	9122.0
300	3928.6666666666665	3.0	5214.0	10130.0
310	3595.8333333333335	0.0	7191.0	13891.0
320	3159.0	3.0	5026.0	9965.0
330	3437.1666666666665	0.0	6595.0	12596.0
340	3412.3333333333335	0.0	3898.0	7365.0
350	3744.1666666666665	2.0	5032.0	9690.0
360	3696.8333333333335	0.0	5238.0	10721.0
370	3861.3333333333335	2.0	5226.0	9986.0
380	3666.1666666666665	1.0	4011.0	7876.0
390	4030.3333333333335	1.0	5437.0	10340.0
400	3866.8333333333335	4.0	5611.0	11105.0
410	3605.8333333333335	0.0	4990.0	9880.0
420	3279.3333333333335	1.0	4845.0	9451.0
430	3291.8333333333335	0.0	2473.0	4845.0
440	3480.8333333333335	0.0	5304.0	10700.0
450	3626.3333333333335	0.0	4418.0	8464.0
460	3803.1666666666665	0.0	4640.0	8928.0
470	3996.3333333333335	4.0	5418.0	10771.0
480	3311.1666666666665	0.0	5096.0	9727.0
490	3873.1666666666665	0.0	4486.0	9001.0
500	3647.1666666666665	0.0	5383.0	10757.0
510	3617.8333333333335	1.0	4917.0	9418.0
520	3951.0	1.0	6957.0	13204.0
530	3880.3333333333335	0.0	7073.0	13550.0
540	3898.0	2.0	5909.0	11699.0
550	3930.1666666666665	4.0	5833.0	11355.0
560	4002.1666666666665	0.0	5685.0	11205.0
570	3749.8333333333335	1.0	6091.0	11691.0
580	3756.0	5.0	6658.0	12671.0
590	3999.1666666666665	1.0	4394.0	8369.0
600	3814.0	0.0	5837.0	11618.0
610	3454.8333333333335	0.0	5953.0	11172.0
620	3808.0	1.0	4292.0	8387.0
630	3872.1666666666665	0.0	5436.0	10721.0
640	4094.1666666666665	0.0	4733.0	9304.0
650	3428.8333333333335	3.0	5481.0	10930.0
660	4070.6666666666665	2.0	5466.0	10525.0
670	3666.8333333333335	3.0	5045.0	10192.0
680	3933.8333333333335	0.0	5237.0	9989.0
690	3902.0	1.0	5332.0	10040.0
700	3903.0	1.0	6120.0	12023.0
710	3893.3333333333335	0.0	6466.0	12393.0
720	3898.3333333333335	0.0	5328.0	10400.0
730	3847.6666666666665	1.0	6578.0	12305.0
740	3863.3333333333335	4.0	5711.0	11337.0
750	3777.6666666666665	1.0	5335.0	10656.0
760	4091.3333333333335	2.0	6361.0	12475.0
770	3894.0	0.0	5188.0	10147.0
780	3879.3333333333335	0.0	6276.0	12009.0
790	3348.6666666666665	0.0	4495.0	8559.0
800	3733.0	1.0	5323.0	10235.0
