0	2149.8333333333335	0.0	0.0	0.0
10	2160.0	434.0	1794.0	11246.0
20	2274.6666666666665	403.0	1401.0	8457.0
30	2377.8333333333335	163.0	571.0	5586.0
40	2270.8333333333335	0.0	0.0	6402.0
50	2494.3333333333335	0.0	0.0	8780.0
60	2230.6666666666665	0.0	0.0	8030.0
70	2521.3333333333335	0.0	0.0	10738.0
80	2423.6666666666665	0.0	0.0	9948.0
90	2557.0	0.0	0.0	10001.0
100	2755.6666666666665	0.0	0.0	8062.0
110	2202.1666666666665	0.0	0.0	8584.0
120	2202.3333333333335	0.0	0.0	7401.0
130	2179.3333333333335	0.0	0.0	6424.0
140	2175.8333333333335	0.0	0.0	7556.0
150	2269.5	0.0	0.0	10337.0
160	2562.0	0.0	0.0	7931.0
170	2772.3333333333335	0.0	0.0	9564.0
180	2401.3333333333335	0.0	0.0	9312.0
190	2523.0	0.0	0.0	8745.0
200	2602.5	0.0	0.0	8334.0
210	2476.3333333333335	0.0	0.0	10173.0
220	2631.5	0.0	0.0	4987.0
230	2219.8333333333335	0.0	0.0	7416.0
240	2359.3333333333335	0.0	0.0	9610.0
250	2412.0	0.0	0.0	7441.0
260	2930.1666666666665	0.0	0.0	7551.0
270	2536.6666666666665	0.0	0.0	7275.0
280	2645.3333333333335	0.0	0.0	8088.0
290	2826.1666666666665	0.0	0.0	6877.0
300	2484.8333333333335	0.0	0.0	10025.0
310	2558.0	0.0	0.0	7388.0
320	2568.0	0.0	0.0	9013.0
330	2788.3333333333335	0.0	0.0	12319.0
340	3211.3333333333335	0.0	0.0	10628.0
350	2504.8333333333335	0.0	0.0	8677.0
360	3160.6666666666665	0.0	0.0	11336.0
370	2654.5	0.0	0.0	7458.0
380	3247.3333333333335	0.0	0.0	8779.0
390	3128.1666666666665	0.0	0.0	10045.0
400	3309.5	0.0	0.0	8310.0
410	2892.1666666666665	0.0	0.0	12029.0
420	3118.5	0.0	0.0	7496.0
430	3560.5	0.0	0.0	8708.0
440	3197.8333333333335	0.0	0.0	10919.0
450	3462.3333333333335	0.0	0.0	14173.0
460	3483.5	0.0	0.0	4500.0
470	3531.8333333333335	0.0	0.0	10263.0
480	3047.3333333333335	0.0	0.0	9585.0
490	2955.6666666666665	0.0	0.0	9983.0
500	3081.8333333333335	0.0	0.0	9471.0
510	3602.0	0.0	0.0	10855.0
520	3236.0	0.0	0.0	13437.0
530	3639.6666666666665	0.0	0.0	13678.0
540	3905.8333333333335	0.0	0.0	8600.0
550	3421.0	0.0	0.0	10919.0
560	3733.8333333333335	0.0	0.0	10805.0
570	3559.5	0.0	0.0	10187.0
580	3745.8333333333335	0.0	0.0	12511.0
590	3534.3333333333335	0.0	0.0	8677.0
600	3211.3333333333335	0.0	0.0	7195.0
610	3640.6666666666665	0.0	0.0	10353.0
620	3807.8333333333335	0.0	0.0	11554.0
630	3408.1666666666665	0.0	0.0	10294.0
640	3278.6666666666665	0.0	0.0	9504.0
650	3326.1666666666665	0.0	0.0	12830.0
660	3721.0	0.0	0.0	10271.0
670	3748.1666666666665	0.0	0.0	11127.0
680	3585.0	0.0	0.0	11020.0
690	3635.6666666666665	0.0	0.0	8881.0
700	3621.8333333333335	0.0	0.0	8455.0
710	3998.5	0.0	0.0	9842.0
720	3458.5	0.0	0.0	11579.0
730	3633.6666666666665	0.0	0.0	12261.0
740	3903.8333333333335	0.0	0.0	10929.0
750	3573.0	0.0	0.0	8254.0
760	3155.6666666666665	0.0	0.0	8663.0
770	3464.8333333333335	0.0	0.0	12108.0
780	3831.0	0.0	0.0	12305.0
790	3931.3333333333335	0.0	0.0	11656.0
800	3392.0	0.0	0.0	8679.0
