0	2083.0	0.0	0.0	0.0
10	2385.5	357.0	1398.0	9501.0
20	2332.3333333333335	611.0	1748.0	8171.0
30	2501.5	32.0	219.0	8327.0
40	2513.8333333333335	0.0	0.0	10056.0
50	2560.1666666666665	0.0	0.0	12176.0
60	2565.3333333333335	0.0	0.0	7088.0
70	2583.5	0.0	0.0	9628.0
80	2715.5	0.0	0.0	7951.0
90	2657.1666666666665	0.0	0.0	10592.0
100	2678.1666666666665	0.0	0.0	8621.0
110	2663.0	0.0	0.0	11471.0
120	2771.1666666666665	0.0	0.0	6580.0
130	2825.6666666666665	0.0	0.0	8817.0
140	2201.0	0.0	0.0	9589.0
150	2426.1666666666665	0.0	0.0	7328.0
160	2051.6666666666665	0.0	0.0	7159.0
170	2174.8333333333335	0.0	0.0	8926.0
180	2771.6666666666665	0.0	0.0	10760.0
190	3167.0	0.0	0.0	10355.0
200	2555.5	0.0	0.0	10050.0
210	2518.3333333333335	0.0	0.0	9022.0
220	2452.8333333333335	0.0	0.0	10693.0
230	2955.5	0.0	0.0	6604.0
240	2728.1666666666665	0.0	0.0	8471.0
250	2500.0	0.0	0.0	6968.0
260	2726.5	0.0	0.0	6098.0
270	2792.1666666666665	0.0	0.0	7821.0
280	2599.3333333333335	0.0	0.0	5662.0
290	2932.0	0.0	0.0	10750.0
300	2992.5	0.0	0.0	6491.0
310	2547.8333333333335	0.0	0.0	8356.0
320	2771.5	0.0	0.0	8698.0
330	3120.8333333333335	0.0	0.0	9632.0
340	3323.1666666666665	0.0	0.0	7366.0
350	3059.5	0.0	0.0	10094.0
360	3312.5	0.0	0.0	7276.0
370	3540.8333333333335	0.0	0.0	9509.0
380	3368.1666666666665	0.0	0.0	10202.0
390	3536.1666666666665	0.0	0.0	9009.0
400	3335.0	0.0	0.0	11675.0
410	3523.0	0.0	0.0	5635.0
420	3193.0	0.0	0.0	9968.0
430	2768.6666666666665	0.0	0.0	10381.0
440	3315.0	0.0	0.0	10122.0
450	3280.1666666666665	0.0	0.0	10718.0
460	3435.5	0.0	0.0	10188.0
470	3850.3333333333335	0.0	0.0	12764.0
480	3219.6666666666665	0.0	0.0	9454.0
490	3666.1666666666665	0.0	0.0	12339.0
500	2933.5	0.0	0.0	11642.0
510	2953.6666666666665	0.0	0.0	11642.0
520	3587.8333333333335	0.0	0.0	7358.0
530	3791.3333333333335	0.0	0.0	8065.0
540	3897.3333333333335	0.0	0.0	9649.0
550	3253.8333333333335	0.0	0.0	9589.0
560	3897.0	0.0	0.0	11171.0
570	3586.6666666666665	0.0	0.0	10262.0
580	3953.0	0.0	0.0	8845.0
590	3449.0	0.0	0.0	9550.0
600	3777.8333333333335	0.0	0.0	7268.0
610	3418.8333333333335	0.0	0.0	8882.0
620	3364.5	0.0	0.0	12592.0
630	3586.0	0.0	0.0	10437.0
640	3268.0	0.0	0.0	9879.0
650	3211.1666666666665	0.0	0.0	14447.0
660	3267.6666666666665	0.0	0.0	11989.0
670	3474.0	0.0	0.0	12299.0
680	3839.6666666666665	0.0	0.0	8313.0
690	3479.6666666666665	0.0	0.0	10139.0
700	3646.0	0.0	0.0	11408.0
710	3705.1666666666665	0.0	0.0	10433.0
720	3907.5	0.0	0.0	10050.0
730	3833.3333333333335	0.0	0.0	13357.0
740	3883.1666666666665	0.0	0.0	8734.0
750	3254.3333333333335	0.0	0.0	8617.0
760	3797.6666666666665	0.0	0.0	9153.0
770	3255.8333333333335	0.0	0.0	9051.0
780	3131.1666666666665	0.0	0.0	8030.0
790	3910.1666666666665	0.0	0.0	12009.0
800	3967.0	0.0	0.0	8732.0
