0	1968.1666666666667	0.0	0.0	0.0
10	2205.0	635.0	1946.0	12624.0
20	2381.0	365.0	857.0	7010.0
30	2495.1666666666665	0.0	0.0	12830.0
40	2247.5	0.0	0.0	9070.0
50	2619.5	0.0	0.0	9201.0
60	2454.6666666666665	0.0	0.0	7891.0
70	2447.0	0.0	0.0	10991.0
80	2590.6666666666665	0.0	0.0	8605.0
90	2394.1666666666665	0.0	0.0	10827.0
100	2631.5	0.0	0.0	7187.0
110	2605.1666666666665	0.0	0.0	8532.0
120	2727.3333333333335	0.0	0.0	9392.0
130	2962.5	0.0	0.0	13229.0
140	2709.3333333333335	0.0	0.0	7566.0
150	2808.6666666666665	0.0	0.0	6848.0
160	2460.5	0.0	0.0	8267.0
170	2564.6666666666665	0.0	0.0	8126.0
180	2618.3333333333335	0.0	0.0	7022.0
190	2598.8333333333335	0.0	0.0	6548.0
200	2556.3333333333335	0.0	0.0	7603.0
210	2753.0	0.0	0.0	7624.0
220	2698.5	0.0	0.0	11824.0
230	2555.8333333333335	0.0	0.0	10761.0
240	2387.8333333333335	0.0	0.0	11319.0
250	2028.5	0.0	0.0	8313.0
260	2315.5	0.0	0.0	7503.0
270	2742.0	0.0	0.0	7261.0
280	2786.0	0.0	0.0	7965.0
290	2416.5	0.0	0.0	7867.0
300	2963.8333333333335	0.0	0.0	9472.0
310	3076.1666666666665	0.0	0.0	7698.0
320	3044.8333333333335	0.0	0.0	10414.0
330	3067.8333333333335	0.0	0.0	8893.0
340	3270.0	0.0	0.0	14138.0
350	2844.6666666666665	0.0	0.0	9621.0
360	2930.8333333333335	0.0	0.0	10724.0
370	3937.1666666666665	0.0	0.0	9987.0
380	3524.5	0.0	0.0	9973.0
390	3326.5	0.0	0.0	10752.0
400	3579.6666666666665	0.0	0.0	12190.0
410	3323.5	0.0	0.0	9706.0
420	2721.1666666666665	0.0	0.0	9465.0
430	3354.8333333333335	0.0	0.0	10287.0
440	3491.8333333333335	0.0	0.0	10276.0
450	3929.3333333333335	0.0	0.0	10180.0
460	3294.6666666666665	0.0	0.0	8049.0
470	3436.1666666666665	0.0	0.0	8926.0
480	3592.1666666666665	0.0	0.0	11142.0
490	3558.0	0.0	0.0	9965.0
500	3506.5	0.0	0.0	12448.0
510	3361.0	0.0	0.0	7537.0
520	3580.6666666666665	0.0	0.0	10586.0
530	3016.1666666666665	0.0	0.0	6709.0
540	3355.3333333333335	0.0	0.0	10922.0
550	3294.1666666666665	0.0	0.0	12852.0
560	2974.0	0.0	0.0	11805.0
570	3839.3333333333335	0.0	0.0	9554.0
580	3091.0	0.0	0.0	9486.0
590	3410.6666666666665	0.0	0.0	6833.0
600	3498.6666666666665	0.0	0.0	10369.0
610	3656.0	0.0	0.0	10164.0
620	3678.0	0.0	0.0	8927.0
630	3446.8333333333335	0.0	0.0	11841.0
640	3971.6666666666665	0.0	0.0	12454.0
650	3718.8333333333335	0.0	0.0	11100.0
660	3843.1666666666665	0.0	0.0	8372.0
670	3651.5	0.0	0.0	11423.0
680	3860.3333333333335	0.0	0.0	10988.0
690	4042.5	0.0	0.0	9837.0
700	3079.8333333333335	0.0	0.0	10728.0
710	3418.6666666666665	0.0	0.0	7836.0
720	3779.5	0.0	0.0	10328.0
730	3907.8333333333335	0.0	0.0	9316.0
740	3820.0	0.0	0.0	11670.0
750	3501.8333333333335	0.0	0.0	10867.0
760	3679.0	0.0	0.0	12612.0
770	3691.3333333333335	0.0	0.0	11580.0
780	3752.5	0.0	0.0	10374.0
790	3932.3333333333335	0.0	0.0	10684.0
800	3757.6666666666665	0.0	0.0	8472.0
