0	913.0	0.0	0.0	0.0
10	833.0	23.0	5471.0	5471.0
20	1356.5	28.0	6063.0	6063.0
30	2078.5	40.0	8159.0	8159.0
40	1876.0	40.0	8623.0	8623.0
50	2448.0	53.0	11343.0	11343.0
60	2385.5	30.0	8743.0	8743.0
70	2591.3333333333335	15.0	7450.0	7450.0
80	2571.8333333333335	17.0	7103.0	7103.0
90	2442.8333333333335	25.0	10031.0	10031.0
100	2199.8333333333335	19.0	8069.0	8069.0
110	2285.8333333333335	28.0	7950.0	7950.0
120	2604.0	29.0	7763.0	7763.0
130	2197.8333333333335	31.0	9624.0	9624.0
140	2445.3333333333335	26.0	8419.0	8419.0
150	2263.6666666666665	14.0	7556.0	7556.0
160	2586.3333333333335	20.0	7166.0	7166.0
170	2518.5	16.0	7700.0	7700.0
180	2649.1666666666665	17.0	8679.0	8679.0
190	2439.5	30.0	11208.0	11208.0
200	2523.5	21.0	8549.0	8549.0
210	2245.0	24.0	10596.0	10596.0
220	2507.6666666666665	13.0	8548.0	8548.0
230	1755.8333333333333	21.0	9118.0	9118.0
240	2373.0	29.0	9955.0	9955.0
250	2608.1666666666665	33.0	9831.0	9831.0
260	1792.5	21.0	8700.0	8700.0
270	1982.6666666666667	31.0	11031.0	11031.0
280	2505.3333333333335	26.0	10203.0	10203.0
290	2235.3333333333335	27.0	7723.0	7723.0
300	1820.5	20.0	7800.0	7800.0
310	1630.8333333333333	9.0	5126.0	5126.0
320	2494.3333333333335	25.0	9524.0	9524.0
330	2493.3333333333335	16.0	9070.0	9070.0
340	2602.8333333333335	18.0	10484.0	10484.0
350	2323.0	17.0	8995.0	8995.0
360	2482.0	24.0	10723.0	10723.0
370	2376.3333333333335	21.0	9413.0	9413.0
380	1754.1666666666667	20.0	7499.0	7499.0
390	1879.0	30.0	10574.0	10574.0
400	2019.6666666666667	11.0	6735.0	6735.0
410	2040.8333333333333	22.0	9802.0	9802.0
420	2142.3333333333335	12.0	6750.0	6750.0
430	1969.6666666666667	8.0	2261.0	8820.0
440	1760.6666666666667	0.0	0.0	8063.0
450	2007.3333333333333	0.0	0.0	8901.0
460	2143.1666666666665	0.0	0.0	11758.0
470	2129.0	0.0	0.0	7910.0
480	1835.5	0.0	0.0	8524.0
490	1999.3333333333333	0.0	0.0	8705.0
500	2115.1666666666665	0.0	0.0	8975.0
510	2418.5	0.0	0.0	10118.0
520	1837.6666666666667	0.0	0.0	7585.0
530	2551.8333333333335	0.0	0.0	9303.0
540	2131.3333333333335	0.0	0.0	9852.0
550	1567.6666666666667	0.0	0.0	10712.0
560	1794.6666666666667	0.0	0.0	8432.0
570	2068.3333333333335	0.0	0.0	10294.0
580	2485.5	0.0	0.0	8258.0
590	2748.3333333333335	0.0	0.0	8615.0
600	2301.3333333333335	0.0	0.0	9351.0
610	2340.1666666666665	0.0	0.0	8232.0
620	2337.0	0.0	0.0	8996.0
630	2301.0	0.0	0.0	8596.0
640	1958.6666666666667	0.0	0.0	9194.0
650	2632.8333333333335	0.0	0.0	9101.0
660	2551.3333333333335	0.0	0.0	10224.0
670	2412.3333333333335	0.0	0.0	10962.0
680	2374.3333333333335	0.0	0.0	7777.0
690	2321.3333333333335	0.0	0.0	10932.0
700	2427.3333333333335	0.0	0.0	8865.0
710	2241.3333333333335	0.0	0.0	9187.0
720	2437.6666666666665	0.0	0.0	8706.0
730	2730.6666666666665	0.0	0.0	9256.0
740	2067.3333333333335	0.0	0.0	9830.0
750	1691.3333333333333	0.0	0.0	8536.0
760	1439.3333333333333	0.0	0.0	7731.0
770	2578.3333333333335	0.0	0.0	7589.0
780	2527.5	0.0	0.0	8082.0
790	2589.3333333333335	0.0	0.0	10249.0
800	1740.3333333333333	0.0	0.0	10567.0
810	1719.6666666666667	0.0	0.0	10164.0
820	1829.5	0.0	0.0	10934.0
830	2010.1666666666667	0.0	0.0	8462.0
840	1844.3333333333333	0.0	0.0	10246.0
850	2058.5	0.0	0.0	7523.0
860	1929.1666666666667	0.0	0.0	9066.0
870	1430.5	0.0	0.0	7440.0
880	1488.0	0.0	0.0	7434.0
890	1879.3333333333333	0.0	0.0	10452.0
900	1992.3333333333333	0.0	0.0	11478.0
910	1885.3333333333333	0.0	0.0	8110.0
920	2432.3333333333335	0.0	0.0	8692.0
930	1725.8333333333333	0.0	0.0	8330.0
940	2258.6666666666665	0.0	0.0	8618.0
950	2486.1666666666665	0.0	0.0	9209.0
960	2207.3333333333335	0.0	0.0	7577.0
970	2654.6666666666665	0.0	0.0	9299.0
980	2230.0	0.0	0.0	7639.0
990	2390.8333333333335	0.0	0.0	8864.0
1000	2507.6666666666665	0.0	0.0	8639.0
