0	2707.8333333333335	0.0	0.0	0.0
10	2785.1666666666665	1000.0	1000.0	8066.0
20	2503.0	0.0	0.0	6321.0
30	2692.0	0.0	0.0	10829.0
40	2857.0	0.0	0.0	7661.0
50	2525.3333333333335	0.0	0.0	11217.0
60	2650.1666666666665	0.0	0.0	10107.0
70	2187.5	0.0	0.0	9922.0
80	2642.6666666666665	0.0	0.0	6931.0
90	2723.1666666666665	0.0	0.0	8322.0
100	2425.5	0.0	0.0	9984.0
110	3098.0	0.0	0.0	9377.0
120	2806.1666666666665	0.0	0.0	9009.0
130	2713.5	0.0	0.0	8886.0
140	2856.0	0.0	0.0	9552.0
150	2404.5	0.0	0.0	7539.0
160	3133.3333333333335	0.0	0.0	8123.0
170	3034.6666666666665	0.0	0.0	8792.0
180	3022.8333333333335	0.0	0.0	11329.0
190	2765.5	0.0	0.0	14225.0
200	3416.3333333333335	0.0	0.0	7469.0
210	3735.1666666666665	0.0	0.0	7689.0
220	3296.3333333333335	0.0	0.0	10123.0
230	3547.5	0.0	0.0	10733.0
240	3527.3333333333335	0.0	0.0	12404.0
250	3284.0	0.0	0.0	10324.0
260	3312.1666666666665	0.0	0.0	9901.0
270	3513.3333333333335	0.0	0.0	12925.0
280	3299.6666666666665	0.0	0.0	11625.0
290	2872.0	0.0	0.0	6233.0
300	3496.8333333333335	0.0	0.0	10131.0
310	3642.5	0.0	0.0	14811.0
320	3754.0	0.0	0.0	11874.0
330	3642.3333333333335	0.0	0.0	11754.0
340	4024.0	0.0	0.0	9150.0
350	3751.6666666666665	0.0	0.0	12181.0
360	3562.8333333333335	0.0	0.0	9669.0
370	3609.6666666666665	0.0	0.0	7208.0
380	3846.1666666666665	0.0	0.0	13328.0
390	2806.1666666666665	0.0	0.0	10047.0
400	3420.3333333333335	0.0	0.0	11028.0
410	3155.0	0.0	0.0	8552.0
420	3974.8333333333335	0.0	0.0	9894.0
430	3462.6666666666665	0.0	0.0	12401.0
440	3309.6666666666665	0.0	0.0	8980.0
450	3992.1666666666665	0.0	0.0	10257.0
460	3719.5	0.0	0.0	12673.0
470	3661.5	0.0	0.0	9725.0
480	3710.3333333333335	0.0	0.0	7809.0
490	3315.6666666666665	0.0	0.0	10500.0
500	3658.8333333333335	0.0	0.0	7465.0
510	3564.0	0.0	0.0	9428.0
520	3382.8333333333335	0.0	0.0	10784.0
530	3922.8333333333335	0.0	0.0	11847.0
540	3676.3333333333335	0.0	0.0	11516.0
550	3913.8333333333335	0.0	0.0	10220.0
560	3804.0	0.0	0.0	7402.0
570	3905.0	0.0	0.0	10654.0
580	3771.6666666666665	0.0	0.0	10207.0
590	3701.1666666666665	0.0	0.0	9527.0
600	3831.5	0.0	0.0	9951.0
610	3883.3333333333335	0.0	0.0	10337.0
620	4117.0	0.0	0.0	8830.0
630	3904.6666666666665	0.0	0.0	11257.0
640	3726.0	0.0	0.0	12101.0
650	3588.5	0.0	0.0	12110.0
660	3791.5	0.0	0.0	9519.0
670	3670.3333333333335	0.0	0.0	9255.0
680	3540.3333333333335	0.0	0.0	12036.0
690	3897.0	0.0	0.0	8899.0
700	3902.6666666666665	0.0	0.0	11679.0
710	4039.1666666666665	0.0	0.0	8960.0
720	4139.666666666667	0.0	0.0	9843.0
730	3870.5	0.0	0.0	8788.0
740	4115.5	0.0	0.0	11090.0
750	3494.3333333333335	0.0	0.0	11716.0
760	3606.1666666666665	0.0	0.0	11146.0
770	3762.3333333333335	0.0	0.0	10508.0
780	3401.5	0.0	0.0	13028.0
790	3851.1666666666665	0.0	0.0	11958.0
800	3394.6666666666665	0.0	0.0	12342.0
810	3794.5	0.0	0.0	10416.0
820	3675.0	0.0	0.0	10773.0
830	3935.5	0.0	0.0	8441.0
840	3773.1666666666665	0.0	0.0	8526.0
850	4009.1666666666665	0.0	0.0	9202.0
860	3210.5	0.0	0.0	10037.0
870	3759.5	0.0	0.0	11109.0
880	3746.5	0.0	0.0	8739.0
890	3828.6666666666665	0.0	0.0	12349.0
900	3152.0	0.0	0.0	8692.0
910	3912.0	0.0	0.0	11642.0
920	3756.0	0.0	0.0	10999.0
930	3873.1666666666665	0.0	0.0	7958.0
940	3789.0	0.0	0.0	9779.0
950	3998.8333333333335	0.0	0.0	12269.0
960	3876.1666666666665	0.0	0.0	11190.0
970	3442.1666666666665	0.0	0.0	9932.0
980	3580.6666666666665	0.0	0.0	11285.0
990	3938.3333333333335	0.0	0.0	9325.0
1000	3920.1666666666665	0.0	0.0	9825.0
