0	2456.75	0.0	0.0	0.0
10	2048.0	939.0	6959.0	6959.0
20	2169.0	61.0	383.0	10310.0
30	2739.0	0.0	0.0	10983.0
40	2361.25	0.0	0.0	6392.0
50	2540.0	0.0	0.0	11045.0
60	2734.25	0.0	0.0	9076.0
70	2541.25	0.0	0.0	9196.0
80	2479.0	0.0	0.0	9614.0
90	2519.0	0.0	0.0	11651.0
100	2755.5	0.0	0.0	9037.0
110	2307.0	0.0	0.0	7955.0
120	2204.5	0.0	0.0	9195.0
130	2430.5	0.0	0.0	8589.0
140	2477.25	0.0	0.0	7841.0
150	2596.0	0.0	0.0	5369.0
160	2388.25	0.0	0.0	9718.0
170	2467.0	0.0	0.0	11405.0
180	2554.75	0.0	0.0	7918.0
190	2773.75	0.0	0.0	11906.0
200	2386.25	0.0	0.0	8970.0
210	2632.5	0.0	0.0	11366.0
220	2805.25	0.0	0.0	9214.0
230	2895.75	0.0	0.0	9468.0
240	3028.25	0.0	0.0	11018.0
250	3480.0	0.0	0.0	8242.0
260	3228.5	0.0	0.0	7100.0
270	3349.25	0.0	0.0	7125.0
280	3659.5	0.0	0.0	9669.0
290	3136.75	0.0	0.0	11460.0
300	2953.25	0.0	0.0	10109.0
310	2912.0	0.0	0.0	9737.0
320	3115.5	0.0	0.0	12420.0
330	3246.5	0.0	0.0	6966.0
340	2745.5	0.0	0.0	11979.0
350	2725.25	0.0	0.0	9590.0
360	3681.75	0.0	0.0	6385.0
370	3309.25	0.0	0.0	11503.0
380	3234.25	0.0	0.0	9004.0
390	3487.5	0.0	0.0	7608.0
400	3497.0	0.0	0.0	8918.0
410	3464.75	0.0	0.0	11449.0
420	3155.25	0.0	0.0	10726.0
430	3161.25	0.0	0.0	10173.0
440	3759.5	0.0	0.0	6892.0
450	2680.5	0.0	0.0	8634.0
460	3505.25	0.0	0.0	10760.0
470	3681.0	0.0	0.0	12057.0
480	3268.0	0.0	0.0	11555.0
490	3355.75	0.0	0.0	10506.0
500	3288.75	0.0	0.0	11554.0
510	3847.5	0.0	0.0	12460.0
520	3472.75	0.0	0.0	12257.0
530	3790.25	0.0	0.0	10568.0
540	3579.0	0.0	0.0	11346.0
550	3244.0	0.0	0.0	10826.0
560	3454.5	0.0	0.0	8074.0
570	3519.25	0.0	0.0	10447.0
580	3677.75	0.0	0.0	11069.0
590	3480.0	0.0	0.0	7486.0
600	3705.25	0.0	0.0	11669.0
610	3452.0	0.0	0.0	11089.0
620	3801.25	0.0	0.0	11122.0
630	3436.75	0.0	0.0	11853.0
640	3230.75	0.0	0.0	10084.0
650	3701.5	0.0	0.0	8677.0
660	3644.75	0.0	0.0	10466.0
670	3542.75	0.0	0.0	9775.0
680	3793.0	0.0	0.0	9174.0
690	3825.25	0.0	0.0	11525.0
700	4016.75	0.0	0.0	11946.0
710	3642.75	0.0	0.0	10927.0
720	3521.75	0.0	0.0	9728.0
730	3992.5	0.0	0.0	13073.0
740	3586.0	0.0	0.0	9140.0
750	3224.75	0.0	0.0	7478.0
760	3677.5	0.0	0.0	7343.0
770	3848.0	0.0	0.0	8076.0
780	4077.75	0.0	0.0	9071.0
790	3709.5	0.0	0.0	12636.0
800	3565.75	0.0	0.0	8159.0
