0	2332.0	0.0	0.0	0.0
10	2167.0	1000.0	6331.0	12046.0
20	2431.0	0.0	0.0	6475.0
30	2171.25	0.0	0.0	8308.0
40	2627.75	0.0	0.0	8059.0
50	2481.75	0.0	0.0	9497.0
60	2652.25	0.0	0.0	9863.0
70	2350.25	0.0	0.0	10460.0
80	2192.0	0.0	0.0	7358.0
90	2261.0	0.0	0.0	8711.0
100	2519.25	0.0	0.0	5268.0
110	2496.5	0.0	0.0	8987.0
120	2448.75	0.0	0.0	8670.0
130	2645.25	0.0	0.0	8850.0
140	2641.0	0.0	0.0	11355.0
150	2503.0	0.0	0.0	9887.0
160	2564.75	0.0	0.0	5382.0
170	2874.25	0.0	0.0	11939.0
180	2553.0	0.0	0.0	6387.0
190	2807.5	0.0	0.0	6290.0
200	2705.75	0.0	0.0	6363.0
210	2508.0	0.0	0.0	8052.0
220	2412.5	0.0	0.0	10090.0
230	2709.25	0.0	0.0	9284.0
240	2173.5	0.0	0.0	10633.0
250	2185.5	0.0	0.0	7052.0
260	2409.0	0.0	0.0	6156.0
270	2651.0	0.0	0.0	6752.0
280	2807.75	0.0	0.0	9198.0
290	2995.25	0.0	0.0	9122.0
300	2772.75	0.0	0.0	8862.0
310	2428.0	0.0	0.0	10836.0
320	2641.5	0.0	0.0	11726.0
330	3228.25	0.0	0.0	8318.0
340	2822.5	0.0	0.0	8389.0
350	3241.0	0.0	0.0	8329.0
360	2754.25	0.0	0.0	13719.0
370	3014.5	0.0	0.0	12861.0
380	3187.0	0.0	0.0	11724.0
390	2689.75	0.0	0.0	11212.0
400	3385.75	0.0	0.0	8439.0
410	3164.25	0.0	0.0	12295.0
420	3171.25	0.0	0.0	10528.0
430	2943.0	0.0	0.0	9687.0
440	3437.25	0.0	0.0	9716.0
450	2955.5	0.0	0.0	10859.0
460	3508.75	0.0	0.0	8254.0
470	3158.25	0.0	0.0	10434.0
480	4237.5	0.0	0.0	11733.0
490	3372.25	0.0	0.0	7889.0
500	3648.0	0.0	0.0	9523.0
510	3742.25	0.0	0.0	10536.0
520	3291.25	0.0	0.0	11037.0
530	3837.25	0.0	0.0	9784.0
540	3525.25	0.0	0.0	9608.0
550	3580.75	0.0	0.0	10997.0
560	3664.75	0.0	0.0	9615.0
570	3355.75	0.0	0.0	10426.0
580	3495.25	0.0	0.0	8069.0
590	3424.75	0.0	0.0	10292.0
600	3556.5	0.0	0.0	9209.0
610	3106.5	0.0	0.0	10260.0
620	3399.0	0.0	0.0	11651.0
630	3407.75	0.0	0.0	9291.0
640	3604.75	0.0	0.0	12781.0
650	3851.25	0.0	0.0	11338.0
660	4095.75	0.0	0.0	9667.0
670	3602.75	0.0	0.0	9444.0
680	3827.25	0.0	0.0	11313.0
690	3710.25	0.0	0.0	10839.0
700	3938.25	0.0	0.0	6232.0
710	3644.25	0.0	0.0	14144.0
720	3824.25	0.0	0.0	11828.0
730	3622.75	0.0	0.0	10476.0
740	3669.75	0.0	0.0	12575.0
750	3621.25	0.0	0.0	9534.0
760	3512.0	0.0	0.0	9124.0
770	4056.5	0.0	0.0	12519.0
780	3872.0	0.0	0.0	11246.0
790	3997.25	0.0	0.0	9968.0
800	3698.5	0.0	0.0	8821.0
