0	2156.5	0.0	0.0	0.0
10	2272.0	1000.0	8123.0	11645.0
20	2329.0	0.0	0.0	8120.0
30	2453.25	0.0	0.0	9137.0
40	2275.0	0.0	0.0	8776.0
50	2688.75	0.0	0.0	6876.0
60	2295.0	0.0	0.0	11249.0
70	2268.75	0.0	0.0	10988.0
80	2711.25	0.0	0.0	10899.0
90	2749.75	0.0	0.0	7924.0
100	2354.5	0.0	0.0	10321.0
110	2770.0	0.0	0.0	12230.0
120	2875.5	0.0	0.0	10621.0
130	2328.75	0.0	0.0	12262.0
140	2948.25	0.0	0.0	9993.0
150	2938.75	0.0	0.0	10638.0
160	2865.5	0.0	0.0	11253.0
170	2343.5	0.0	0.0	8717.0
180	2676.75	0.0	0.0	6158.0
190	2518.5	0.0	0.0	7525.0
200	2926.0	0.0	0.0	7632.0
210	2570.75	0.0	0.0	7686.0
220	3201.75	0.0	0.0	10585.0
230	3039.5	0.0	0.0	11460.0
240	3044.0	0.0	0.0	10606.0
250	2888.0	0.0	0.0	9715.0
260	3174.75	0.0	0.0	10757.0
270	2814.5	0.0	0.0	10016.0
280	3211.25	0.0	0.0	10045.0
290	3265.5	0.0	0.0	8616.0
300	3201.25	0.0	0.0	11657.0
310	2744.0	0.0	0.0	11559.0
320	2985.0	0.0	0.0	7920.0
330	3121.5	0.0	0.0	11193.0
340	2891.5	0.0	0.0	9014.0
350	3660.5	0.0	0.0	8704.0
360	3144.5	0.0	0.0	10337.0
370	3548.0	0.0	0.0	11208.0
380	3968.25	0.0	0.0	7128.0
390	3272.75	0.0	0.0	12166.0
400	3743.5	0.0	0.0	11395.0
410	3763.75	0.0	0.0	13227.0
420	4013.0	0.0	0.0	11911.0
430	3325.25	0.0	0.0	12158.0
440	3490.0	0.0	0.0	11144.0
450	3897.75	0.0	0.0	9989.0
460	3719.0	0.0	0.0	11175.0
470	3610.5	0.0	0.0	9580.0
480	3111.0	0.0	0.0	9849.0
490	3448.25	0.0	0.0	7984.0
500	3620.5	0.0	0.0	7158.0
510	3258.0	0.0	0.0	8548.0
520	3368.5	0.0	0.0	13452.0
530	3602.5	0.0	0.0	8372.0
540	3373.5	0.0	0.0	7673.0
550	3392.25	0.0	0.0	9651.0
560	3067.75	0.0	0.0	13501.0
570	3688.75	0.0	0.0	11138.0
580	3994.5	0.0	0.0	9782.0
590	3679.0	0.0	0.0	10035.0
600	3992.5	0.0	0.0	8256.0
610	3876.0	0.0	0.0	8259.0
620	3768.5	0.0	0.0	8829.0
630	3691.5	0.0	0.0	8277.0
640	3779.75	0.0	0.0	9410.0
650	3954.5	0.0	0.0	11508.0
660	3944.75	0.0	0.0	10258.0
670	3923.0	0.0	0.0	11234.0
680	3595.0	0.0	0.0	9368.0
690	3898.75	0.0	0.0	9683.0
700	3200.75	0.0	0.0	9546.0
710	3799.5	0.0	0.0	9064.0
720	3884.5	0.0	0.0	9395.0
730	3757.5	0.0	0.0	9610.0
740	3775.75	0.0	0.0	9898.0
750	3603.0	0.0	0.0	11684.0
760	3767.5	0.0	0.0	10414.0
770	3654.5	0.0	0.0	9785.0
780	3837.0	0.0	0.0	10611.0
790	3291.75	0.0	0.0	12195.0
800	3690.25	0.0	0.0	11224.0
