0	2343.25	0.0	0.0	0.0
10	2310.75	1000.0	9128.0	10663.0
20	2371.5	0.0	0.0	11309.0
30	2294.75	0.0	0.0	11642.0
40	2363.75	0.0	0.0	7403.0
50	2428.75	0.0	0.0	7926.0
60	2637.75	0.0	0.0	9669.0
70	2538.5	0.0	0.0	8298.0
80	2937.5	0.0	0.0	11999.0
90	2865.0	0.0	0.0	10162.0
100	2810.25	0.0	0.0	7779.0
110	2587.0	0.0	0.0	6589.0
120	2480.5	0.0	0.0	11346.0
130	2812.75	0.0	0.0	10028.0
140	2629.25	0.0	0.0	8598.0
150	2463.0	0.0	0.0	11768.0
160	2963.75	0.0	0.0	10017.0
170	2331.75	0.0	0.0	6686.0
180	2360.75	0.0	0.0	7925.0
190	2848.25	0.0	0.0	11365.0
200	2648.75	0.0	0.0	6904.0
210	2862.5	0.0	0.0	11130.0
220	2822.75	0.0	0.0	7445.0
230	2758.0	0.0	0.0	11642.0
240	3073.25	0.0	0.0	7459.0
250	2947.25	0.0	0.0	8833.0
260	2747.5	0.0	0.0	9605.0
270	2524.0	0.0	0.0	8830.0
280	2879.25	0.0	0.0	11718.0
290	3383.25	0.0	0.0	8553.0
300	3104.25	0.0	0.0	9430.0
310	3111.5	0.0	0.0	9993.0
320	3251.0	0.0	0.0	11618.0
330	3479.0	0.0	0.0	11923.0
340	3575.75	0.0	0.0	9566.0
350	3359.5	0.0	0.0	10372.0
360	3586.25	0.0	0.0	11422.0
370	2881.75	0.0	0.0	11980.0
380	3328.0	0.0	0.0	11068.0
390	2558.75	0.0	0.0	10884.0
400	3030.25	0.0	0.0	8165.0
410	3735.25	0.0	0.0	8097.0
420	3366.0	0.0	0.0	9992.0
430	3793.0	0.0	0.0	11836.0
440	3409.5	0.0	0.0	9650.0
450	3462.75	0.0	0.0	11443.0
460	3902.75	0.0	0.0	8055.0
470	3706.5	0.0	0.0	7851.0
480	3126.0	0.0	0.0	14728.0
490	3499.0	0.0	0.0	11562.0
500	3391.25	0.0	0.0	12640.0
510	3987.0	0.0	0.0	10270.0
520	3978.5	0.0	0.0	8868.0
530	3626.75	0.0	0.0	7639.0
540	3726.75	0.0	0.0	11886.0
550	3931.25	0.0	0.0	10420.0
560	3819.0	0.0	0.0	7878.0
570	3974.25	0.0	0.0	9489.0
580	4333.25	0.0	0.0	9067.0
590	3741.75	0.0	0.0	12823.0
600	2702.0	0.0	0.0	9226.0
610	3674.5	0.0	0.0	8460.0
620	3779.25	0.0	0.0	12000.0
630	3717.0	0.0	0.0	8996.0
640	3841.25	0.0	0.0	9889.0
650	4132.25	0.0	0.0	6870.0
660	3759.5	0.0	0.0	10540.0
670	3584.5	0.0	0.0	10146.0
680	3642.0	0.0	0.0	8760.0
690	3666.75	0.0	0.0	8436.0
700	3867.25	0.0	0.0	10157.0
710	3568.75	0.0	0.0	13645.0
720	3811.0	0.0	0.0	9606.0
730	3856.75	0.0	0.0	10676.0
740	4145.0	0.0	0.0	11953.0
750	3664.5	0.0	0.0	10273.0
760	3612.25	0.0	0.0	12164.0
770	3695.5	0.0	0.0	11043.0
780	3848.75	0.0	0.0	9350.0
790	3769.0	0.0	0.0	12352.0
800	3274.25	0.0	0.0	10677.0
