0	279.3333333333333	0.0	0.0	0.0
10	2033.0	0.0	0.0	7039.0
20	2021.3333333333333	0.0	0.0	9491.0
30	1980.0	0.0	0.0	9000.0
40	2113.6666666666665	0.0	0.0	8605.0
50	2344.0	0.0	0.0	6927.0
60	1964.0	0.0	0.0	12142.0
70	2337.6666666666665	0.0	0.0	6194.0
80	2198.6666666666665	0.0	0.0	9257.0
90	2529.3333333333335	0.0	0.0	8066.0
100	2717.6666666666665	0.0	0.0	10768.0
110	2740.0	0.0	0.0	12853.0
120	2608.6666666666665	0.0	0.0	10423.0
130	1713.6666666666667	0.0	0.0	5929.0
140	2310.6666666666665	0.0	0.0	9033.0
150	2223.3333333333335	0.0	0.0	10275.0
160	2405.3333333333335	0.0	0.0	13194.0
170	2362.3333333333335	0.0	0.0	8123.0
180	2944.6666666666665	0.0	0.0	13328.0
190	2970.0	0.0	0.0	8889.0
200	2772.6666666666665	0.0	0.0	6522.0
210	2658.3333333333335	0.0	0.0	8927.0
220	2558.3333333333335	0.0	0.0	6459.0
230	2513.3333333333335	0.0	0.0	9712.0
240	2711.0	0.0	0.0	9152.0
250	2741.3333333333335	0.0	0.0	11905.0
260	3055.3333333333335	0.0	0.0	11202.0
270	3059.6666666666665	0.0	0.0	11732.0
280	2409.0	0.0	0.0	5837.0
290	3136.6666666666665	0.0	0.0	12691.0
300	3210.6666666666665	0.0	0.0	10940.0
