0	2638.75	0.0	0.0	0.0
10	2249.25	1000.0	6105.0	13754.0
20	2617.0	0.0	0.0	7917.0
30	2654.25	0.0	0.0	9864.0
40	2741.5	0.0	0.0	9245.0
50	2540.75	0.0	0.0	7622.0
60	2615.25	0.0	0.0	10236.0
70	2726.25	0.0	0.0	10615.0
80	2517.75	0.0	0.0	9414.0
90	2371.5	0.0	0.0	10176.0
100	2785.0	0.0	0.0	11314.0
110	3142.75	0.0	0.0	10018.0
120	3156.5	0.0	0.0	5785.0
130	3293.25	0.0	0.0	11388.0
140	3091.0	0.0	0.0	7540.0
150	2728.75	0.0	0.0	7210.0
160	2973.0	0.0	0.0	10980.0
170	2698.75	0.0	0.0	9708.0
180	2820.0	0.0	0.0	8760.0
190	3558.75	0.0	0.0	10619.0
200	3305.5	0.0	0.0	10973.0
210	3206.5	0.0	0.0	8816.0
220	3403.0	0.0	0.0	10211.0
230	3025.0	0.0	0.0	11168.0
240	3796.75	0.0	0.0	10132.0
250	3558.0	0.0	0.0	7620.0
260	3117.25	0.0	0.0	10101.0
270	3834.75	0.0	0.0	9898.0
280	3420.0	0.0	0.0	12484.0
290	3527.5	0.0	0.0	8725.0
300	3177.75	0.0	0.0	10836.0
310	3263.75	0.0	0.0	9491.0
320	3807.5	0.0	0.0	8944.0
330	3180.75	0.0	0.0	8172.0
340	3207.5	0.0	0.0	10448.0
350	3157.25	0.0	0.0	9727.0
360	3449.75	0.0	0.0	9759.0
370	3176.5	0.0	0.0	8796.0
380	3455.0	0.0	0.0	11125.0
390	3878.75	0.0	0.0	9205.0
400	3213.5	0.0	0.0	9025.0
410	3789.5	0.0	0.0	10133.0
420	3301.5	0.0	0.0	12771.0
430	3286.5	0.0	0.0	8436.0
440	4226.5	0.0	0.0	9621.0
450	3115.0	0.0	0.0	9816.0
460	3738.75	0.0	0.0	9966.0
470	3916.25	0.0	0.0	11750.0
480	3735.25	0.0	0.0	10620.0
490	3215.75	0.0	0.0	8636.0
500	4002.75	0.0	0.0	9472.0
510	3657.25	0.0	0.0	14455.0
520	3638.0	0.0	0.0	10965.0
530	3787.0	0.0	0.0	13101.0
540	3670.75	0.0	0.0	8011.0
550	3561.0	0.0	0.0	12428.0
560	3755.5	0.0	0.0	10464.0
570	3394.25	0.0	0.0	10929.0
580	3600.5	0.0	0.0	8910.0
590	3699.25	0.0	0.0	10035.0
600	3685.5	0.0	0.0	10017.0
610	3835.75	0.0	0.0	7412.0
620	3987.0	0.0	0.0	10916.0
630	3618.5	0.0	0.0	10477.0
640	3491.5	0.0	0.0	9383.0
650	3871.0	0.0	0.0	6693.0
660	3555.5	0.0	0.0	9785.0
670	3814.5	0.0	0.0	9735.0
680	3657.25	0.0	0.0	11613.0
690	3601.25	0.0	0.0	8717.0
700	4022.25	0.0	0.0	9171.0
710	3819.25	0.0	0.0	10768.0
720	3802.25	0.0	0.0	8606.0
730	4007.5	0.0	0.0	8279.0
740	4029.25	0.0	0.0	12838.0
750	3292.25	0.0	0.0	11340.0
760	3121.25	0.0	0.0	9112.0
770	3815.0	0.0	0.0	8717.0
780	3866.0	0.0	0.0	12268.0
790	3924.75	0.0	0.0	7818.0
800	4034.5	0.0	0.0	9256.0
