0	2428.5	0.0	0.0	0.0
10	2469.5	1000.0	5383.0	16246.0
20	2717.5	0.0	0.0	9175.0
30	2708.5	0.0	0.0	9904.0
40	2544.0	0.0	0.0	8324.0
50	2165.25	0.0	0.0	7520.0
60	2960.0	0.0	0.0	7672.0
70	2696.25	0.0	0.0	7952.0
80	2856.0	0.0	0.0	8415.0
90	2853.5	0.0	0.0	9335.0
100	2724.75	0.0	0.0	9540.0
110	2577.75	0.0	0.0	8346.0
120	3349.0	0.0	0.0	8650.0
130	3284.0	0.0	0.0	12057.0
140	3117.0	0.0	0.0	12232.0
150	3308.5	0.0	0.0	12449.0
160	3203.75	0.0	0.0	8791.0
170	3321.5	0.0	0.0	11497.0
180	3473.75	0.0	0.0	10448.0
190	3187.5	0.0	0.0	13388.0
200	2941.25	0.0	0.0	13000.0
210	3363.75	0.0	0.0	9747.0
220	3090.0	0.0	0.0	9879.0
230	3227.5	0.0	0.0	9586.0
240	3339.0	0.0	0.0	12633.0
250	3333.75	0.0	0.0	11681.0
260	3198.25	0.0	0.0	9345.0
270	3821.25	0.0	0.0	12674.0
280	3811.5	0.0	0.0	11793.0
290	3995.75	0.0	0.0	9926.0
300	3628.75	0.0	0.0	10194.0
310	3749.25	0.0	0.0	12219.0
320	3478.5	0.0	0.0	10282.0
330	2718.25	0.0	0.0	10495.0
340	4032.5	0.0	0.0	13512.0
350	3875.25	0.0	0.0	9792.0
360	3609.25	0.0	0.0	10453.0
370	3203.75	0.0	0.0	10095.0
380	3423.75	0.0	0.0	10525.0
390	2908.75	0.0	0.0	9560.0
400	3220.25	0.0	0.0	11153.0
410	3186.75	0.0	0.0	11867.0
420	3935.25	0.0	0.0	10479.0
430	3743.0	0.0	0.0	10434.0
440	4061.0	0.0	0.0	10720.0
450	3917.0	0.0	0.0	8950.0
460	4029.75	0.0	0.0	10607.0
470	3768.25	0.0	0.0	14705.0
480	3079.5	0.0	0.0	10891.0
490	3262.25	0.0	0.0	9812.0
500	3552.25	0.0	0.0	10975.0
510	3835.25	0.0	0.0	11369.0
520	3835.25	0.0	0.0	12603.0
530	3763.75	0.0	0.0	9324.0
540	3744.5	0.0	0.0	11861.0
550	3701.0	0.0	0.0	13789.0
560	3923.75	0.0	0.0	11563.0
570	3588.25	0.0	0.0	9998.0
580	3615.25	0.0	0.0	9241.0
590	3588.5	0.0	0.0	11767.0
600	3500.75	0.0	0.0	9916.0
610	3744.25	0.0	0.0	10933.0
620	3576.25	0.0	0.0	12524.0
630	3823.25	0.0	0.0	9762.0
640	3974.75	0.0	0.0	9154.0
650	3896.5	0.0	0.0	13161.0
660	4054.0	0.0	0.0	9241.0
670	3704.25	0.0	0.0	12109.0
680	3924.25	0.0	0.0	8878.0
690	4133.25	0.0	0.0	11067.0
700	3700.0	0.0	0.0	11132.0
710	3583.25	0.0	0.0	8832.0
720	3826.0	0.0	0.0	9933.0
730	3720.25	0.0	0.0	10631.0
740	3597.75	0.0	0.0	11055.0
750	3756.25	0.0	0.0	8664.0
760	4118.0	0.0	0.0	10859.0
770	4103.75	0.0	0.0	10558.0
780	4120.25	0.0	0.0	10655.0
790	4148.0	0.0	0.0	11852.0
800	3636.25	0.0	0.0	9682.0
