0	2237.8333333333335	0.0	0.0	0.0
10	2056.5	108.0	625.0	5706.0
20	2368.1666666666665	223.0	920.0	9049.0
30	2466.8333333333335	370.0	1424.0	10634.0
40	2167.0	155.0	785.0	9183.0
50	2243.5	111.0	601.0	7442.0
60	2620.0	33.0	145.0	9701.0
70	2625.6666666666665	0.0	0.0	13093.0
80	2169.3333333333335	0.0	0.0	8265.0
90	2493.0	0.0	0.0	9088.0
100	2380.1666666666665	0.0	0.0	14333.0
110	2334.3333333333335	0.0	0.0	7457.0
120	2502.5	0.0	0.0	8392.0
130	2672.8333333333335	0.0	0.0	7239.0
140	2187.1666666666665	0.0	0.0	6289.0
150	2462.8333333333335	0.0	0.0	12199.0
160	2468.3333333333335	0.0	0.0	11095.0
170	2368.3333333333335	0.0	0.0	8436.0
180	2351.0	0.0	0.0	8994.0
190	2269.0	0.0	0.0	8651.0
200	2007.8333333333333	0.0	0.0	10288.0
210	3064.0	0.0	0.0	10790.0
220	2838.5	0.0	0.0	6551.0
230	2802.6666666666665	0.0	0.0	9319.0
240	2958.8333333333335	0.0	0.0	9118.0
250	2930.8333333333335	0.0	0.0	9317.0
260	3009.5	0.0	0.0	9212.0
270	3393.6666666666665	0.0	0.0	10735.0
280	3179.6666666666665	0.0	0.0	10419.0
290	3441.0	0.0	0.0	10117.0
300	3242.3333333333335	0.0	0.0	12226.0
310	3113.6666666666665	0.0	0.0	10876.0
320	3489.0	0.0	0.0	12145.0
330	3664.6666666666665	0.0	0.0	10224.0
340	3487.5	0.0	0.0	13007.0
350	3744.8333333333335	0.0	0.0	11316.0
360	3851.0	0.0	0.0	9243.0
370	2924.6666666666665	0.0	0.0	11114.0
380	3193.3333333333335	0.0	0.0	10704.0
390	3224.8333333333335	0.0	0.0	10360.0
400	3865.5	0.0	0.0	11081.0
410	3382.6666666666665	0.0	0.0	12643.0
420	3209.1666666666665	0.0	0.0	8191.0
430	3529.1666666666665	0.0	0.0	11192.0
440	4139.0	0.0	0.0	13272.0
450	3303.1666666666665	0.0	0.0	13252.0
460	3751.6666666666665	0.0	0.0	10544.0
470	3355.6666666666665	0.0	0.0	10466.0
480	3720.3333333333335	0.0	0.0	10718.0
490	3670.3333333333335	0.0	0.0	11715.0
500	3295.6666666666665	0.0	0.0	10815.0
510	3832.3333333333335	0.0	0.0	10532.0
520	3257.6666666666665	0.0	0.0	9934.0
530	3501.8333333333335	0.0	0.0	10439.0
540	3383.1666666666665	0.0	0.0	10297.0
550	3557.1666666666665	0.0	0.0	7449.0
560	3046.3333333333335	0.0	0.0	13218.0
570	3949.8333333333335	0.0	0.0	14052.0
580	3953.0	0.0	0.0	10858.0
590	3940.0	0.0	0.0	9864.0
600	3591.1666666666665	0.0	0.0	9170.0
610	3896.5	0.0	0.0	9614.0
620	3859.1666666666665	0.0	0.0	9227.0
630	3473.6666666666665	0.0	0.0	11660.0
640	3772.0	0.0	0.0	7739.0
650	3756.0	0.0	0.0	8481.0
660	3755.0	0.0	0.0	10244.0
670	3731.0	0.0	0.0	7739.0
680	3702.8333333333335	0.0	0.0	11809.0
690	3988.5	0.0	0.0	11169.0
700	3395.6666666666665	0.0	0.0	10858.0
710	3889.3333333333335	0.0	0.0	11387.0
720	3627.0	0.0	0.0	9958.0
730	3911.5	0.0	0.0	10534.0
740	3714.3333333333335	0.0	0.0	11707.0
750	3938.5	0.0	0.0	12848.0
760	3915.5	0.0	0.0	9754.0
770	3620.1666666666665	0.0	0.0	12187.0
780	4045.6666666666665	0.0	0.0	12598.0
790	3422.6666666666665	0.0	0.0	11941.0
800	3930.6666666666665	0.0	0.0	9087.0
810	3992.6666666666665	0.0	0.0	10625.0
820	3898.3333333333335	0.0	0.0	10006.0
830	3668.0	0.0	0.0	12019.0
840	3739.1666666666665	0.0	0.0	11211.0
850	3575.1666666666665	0.0	0.0	13718.0
860	3777.3333333333335	0.0	0.0	14002.0
870	3909.0	0.0	0.0	10632.0
880	3836.0	0.0	0.0	14818.0
890	3774.8333333333335	0.0	0.0	11422.0
900	3756.3333333333335	0.0	0.0	6479.0
910	3896.5	0.0	0.0	10644.0
920	3707.6666666666665	0.0	0.0	10455.0
930	3604.1666666666665	0.0	0.0	9558.0
940	3654.8333333333335	0.0	0.0	8102.0
950	3776.6666666666665	0.0	0.0	10570.0
960	3929.8333333333335	0.0	0.0	10974.0
970	3817.6666666666665	0.0	0.0	9990.0
980	3742.0	0.0	0.0	9057.0
990	4003.3333333333335	0.0	0.0	10292.0
1000	3605.1666666666665	0.0	0.0	8353.0
