0	251.66666666666666	0.0	0.0
10	1873.0	43.0	10645.0
20	1771.0	35.0	8504.0
30	1795.8333333333333	46.0	11144.0
40	2020.3333333333333	51.0	10494.0
50	2243.3333333333335	28.0	10371.0
60	1987.0	38.0	11148.0
70	1902.5	37.0	7088.0
80	2272.8333333333335	42.0	10772.0
90	2014.6666666666667	50.0	10725.0
100	2246.8333333333335	34.0	9905.0
110	2089.5	15.0	10078.0
120	2367.3333333333335	21.0	9058.0
130	2250.0	30.0	10367.0
140	2073.3333333333335	29.0	9389.0
150	2422.3333333333335	43.0	12716.0
160	2300.1666666666665	28.0	12461.0
170	2232.3333333333335	39.0	11612.0
180	2428.0	20.0	11142.0
190	2661.0	34.0	7146.0
200	2338.0	33.0	10521.0
210	2639.6666666666665	74.0	11889.0
220	2581.5	32.0	10797.0
230	2621.0	44.0	14387.0
240	2616.1666666666665	19.0	10868.0
250	2511.8333333333335	61.0	12867.0
260	2549.6666666666665	32.0	12001.0
270	2511.8333333333335	59.0	12920.0
280	2665.3333333333335	43.0	9268.0
290	2580.5	17.0	6954.0
300	2623.0	33.0	8987.0
310	2757.0	30.0	11425.0
320	2651.1666666666665	56.0	11778.0
330	2838.0	38.0	9919.0
340	2883.8333333333335	35.0	11342.0
350	2682.8333333333335	70.0	10581.0
360	2961.8333333333335	21.0	6751.0
370	2686.6666666666665	9.0	10504.0
380	2546.6666666666665	19.0	7606.0
390	2975.1666666666665	27.0	8282.0
400	2918.1666666666665	47.0	12429.0
410	2851.5	49.0	15555.0
420	3081.1666666666665	37.0	10514.0
430	3240.3333333333335	21.0	12885.0
440	3180.3333333333335	20.0	8942.0
450	3104.0	14.0	10351.0
460	3145.0	12.0	10636.0
470	2899.1666666666665	30.0	13796.0
480	3017.5	16.0	9481.0
490	2881.1666666666665	25.0	13447.0
500	2647.0	23.0	12260.0
510	3105.1666666666665	17.0	11358.0
520	3007.3333333333335	25.0	13378.0
530	3188.6666666666665	31.0	12017.0
540	3164.0	13.0	9942.0
550	3014.3333333333335	19.0	11577.0
560	2972.6666666666665	19.0	10931.0
570	3119.3333333333335	16.0	9911.0
580	3045.5	30.0	8632.0
590	2871.3333333333335	7.0	9910.0
600	3209.1666666666665	8.0	11251.0
610	3140.3333333333335	18.0	13918.0
620	3048.1666666666665	19.0	9662.0
630	3194.0	13.0	11230.0
640	3359.3333333333335	20.0	10103.0
650	3310.6666666666665	12.0	9259.0
660	2868.1666666666665	20.0	14073.0
670	3183.5	18.0	12796.0
680	3331.0	21.0	9596.0
690	3315.6666666666665	13.0	9888.0
700	3100.6666666666665	29.0	11889.0
710	3372.6666666666665	29.0	9888.0
720	3089.1666666666665	13.0	10295.0
730	3391.3333333333335	6.0	7889.0
740	3186.0	20.0	8703.0
750	3314.0	19.0	9337.0
760	3227.5	18.0	10908.0
770	3166.6666666666665	21.0	11736.0
780	3293.8333333333335	23.0	13368.0
790	3388.6666666666665	15.0	7147.0
800	3386.0	21.0	10630.0
810	3346.5	19.0	10182.0
820	3237.8333333333335	20.0	11526.0
830	3337.0	9.0	10482.0
840	3465.6666666666665	21.0	10946.0
850	3355.1666666666665	21.0	12787.0
860	3607.5	16.0	12822.0
870	3381.6666666666665	13.0	9894.0
880	3265.1666666666665	5.0	10745.0
890	3348.3333333333335	24.0	11670.0
900	3349.1666666666665	23.0	11477.0
910	3140.5	11.0	8002.0
920	3730.6666666666665	15.0	13230.0
930	3645.0	8.0	10611.0
940	3317.5	16.0	13135.0
950	3141.3333333333335	12.0	10918.0
960	3684.3333333333335	14.0	10230.0
970	3225.8333333333335	19.0	11313.0
980	3383.6666666666665	21.0	9192.0
990	3678.0	22.0	7801.0
1000	3659.1666666666665	26.0	12346.0
