0	280.6666666666667	0.0	0.0
10	1943.3333333333333	25.0	5221.0
20	1949.6666666666667	35.0	12153.0
30	1974.6666666666667	44.0	9135.0
40	2085.1666666666665	19.0	8357.0
50	2002.8333333333333	35.0	13817.0
60	2109.0	21.0	10127.0
70	2022.1666666666667	44.0	12809.0
80	2197.8333333333335	68.0	12226.0
90	2395.5	45.0	13032.0
100	2347.1666666666665	28.0	11573.0
110	2239.8333333333335	28.0	8420.0
120	2172.3333333333335	26.0	10273.0
130	2245.8333333333335	18.0	9880.0
140	2496.6666666666665	53.0	10594.0
150	2563.6666666666665	35.0	9970.0
160	2573.6666666666665	28.0	6230.0
170	2334.3333333333335	33.0	9327.0
180	2403.8333333333335	56.0	14739.0
190	2189.8333333333335	27.0	10784.0
200	2516.0	30.0	6954.0
210	2303.3333333333335	29.0	9907.0
220	2403.5	51.0	7668.0
230	2633.8333333333335	21.0	11402.0
240	2633.5	36.0	14072.0
250	2570.8333333333335	29.0	9072.0
260	2727.3333333333335	31.0	13300.0
270	2747.3333333333335	6.0	7253.0
280	2718.1666666666665	14.0	10563.0
290	2527.8333333333335	29.0	11759.0
300	2575.1666666666665	18.0	9746.0
310	2888.6666666666665	32.0	12554.0
320	2838.5	68.0	13664.0
330	2572.3333333333335	12.0	7872.0
340	2941.5	15.0	10270.0
350	2839.6666666666665	30.0	9562.0
360	2676.1666666666665	14.0	11009.0
370	2802.0	26.0	12264.0
380	3021.0	54.0	11830.0
390	2714.1666666666665	42.0	11813.0
400	2908.0	14.0	9353.0
410	2871.3333333333335	19.0	8509.0
420	3169.1666666666665	38.0	11530.0
430	2761.5	35.0	10377.0
440	3063.0	34.0	11203.0
450	2854.1666666666665	17.0	10148.0
460	3015.6666666666665	28.0	10201.0
470	2873.3333333333335	22.0	11502.0
480	3058.1666666666665	13.0	9108.0
490	3081.6666666666665	42.0	10454.0
500	2933.1666666666665	23.0	11450.0
510	2995.6666666666665	17.0	14466.0
520	2887.1666666666665	17.0	10502.0
530	3154.3333333333335	14.0	11113.0
540	3156.0	23.0	11544.0
550	3300.0	20.0	11595.0
560	3382.8333333333335	32.0	14397.0
570	3208.0	17.0	10226.0
580	3022.1666666666665	31.0	10600.0
590	3170.8333333333335	17.0	12653.0
600	3059.1666666666665	38.0	11271.0
610	3372.6666666666665	11.0	9257.0
620	3314.5	15.0	9017.0
630	2926.8333333333335	20.0	8729.0
640	3255.0	27.0	12907.0
650	3261.1666666666665	22.0	13577.0
660	3394.6666666666665	12.0	8377.0
670	3343.1666666666665	14.0	11147.0
680	3618.5	21.0	9596.0
690	3457.3333333333335	12.0	8130.0
700	3330.6666666666665	41.0	13714.0
710	3178.6666666666665	17.0	9648.0
720	3156.3333333333335	28.0	10685.0
730	3409.8333333333335	7.0	6959.0
740	3466.0	9.0	11184.0
750	3273.5	13.0	9573.0
760	3021.8333333333335	24.0	11070.0
770	3181.3333333333335	15.0	11794.0
780	3161.5	15.0	12961.0
790	3492.6666666666665	18.0	12205.0
800	3524.6666666666665	22.0	10391.0
810	3380.3333333333335	28.0	12561.0
820	3315.0	19.0	12619.0
830	3620.3333333333335	19.0	13231.0
840	3281.3333333333335	12.0	10384.0
850	3459.1666666666665	16.0	11105.0
860	3777.8333333333335	3.0	7590.0
870	3464.3333333333335	16.0	10536.0
880	3342.0	17.0	14108.0
890	3526.1666666666665	12.0	10369.0
900	3331.1666666666665	25.0	10413.0
910	3384.5	10.0	9829.0
920	3804.5	25.0	11501.0
930	3407.5	18.0	15021.0
940	3123.5	19.0	11652.0
950	3451.5	10.0	9372.0
960	3664.6666666666665	16.0	13290.0
970	3513.3333333333335	11.0	9676.0
980	3437.6666666666665	23.0	11735.0
990	3571.3333333333335	17.0	9537.0
1000	3374.6666666666665	19.0	10348.0
