0	262.0	0.0	0.0
10	1904.0	35.0	7575.0
20	1996.3333333333333	20.0	4785.0
30	1923.5	61.0	10950.0
40	1907.6666666666667	27.0	12636.0
50	2175.1666666666665	61.0	7627.0
60	2109.3333333333335	37.0	8026.0
70	1953.8333333333333	52.0	10988.0
80	2216.1666666666665	35.0	8669.0
90	2243.0	71.0	10738.0
100	2431.3333333333335	13.0	6509.0
110	2313.8333333333335	79.0	9447.0
120	2319.3333333333335	53.0	14615.0
130	2485.1666666666665	14.0	9527.0
140	2335.6666666666665	45.0	10054.0
150	2437.5	27.0	10183.0
160	2308.5	34.0	12327.0
170	2387.3333333333335	134.0	8516.0
180	2346.1666666666665	19.0	9963.0
190	2379.6666666666665	31.0	8752.0
200	2598.3333333333335	40.0	13180.0
210	2390.5	33.0	10296.0
220	2467.8333333333335	64.0	9681.0
230	2440.5	34.0	11230.0
240	2665.8333333333335	52.0	9934.0
250	2499.6666666666665	33.0	7694.0
260	2876.0	32.0	7958.0
270	2859.1666666666665	22.0	10557.0
280	2649.1666666666665	23.0	7544.0
290	2914.5	34.0	7342.0
300	2459.6666666666665	18.0	7678.0
310	2583.0	34.0	10099.0
320	2701.3333333333335	23.0	9832.0
330	2610.3333333333335	42.0	11742.0
340	2670.6666666666665	38.0	12323.0
350	2803.1666666666665	54.0	13983.0
360	2835.8333333333335	77.0	13294.0
370	2965.3333333333335	28.0	11466.0
380	2939.1666666666665	24.0	9508.0
390	2760.3333333333335	29.0	11004.0
400	2920.1666666666665	24.0	12613.0
410	3125.0	22.0	12664.0
420	2826.0	30.0	11165.0
430	3022.0	47.0	12829.0
440	2906.5	20.0	11877.0
450	2603.3333333333335	17.0	10008.0
460	2852.3333333333335	28.0	10074.0
470	2940.8333333333335	21.0	8691.0
480	2924.8333333333335	23.0	9191.0
490	2957.6666666666665	25.0	9908.0
500	2984.1666666666665	24.0	10816.0
510	2829.0	40.0	12201.0
520	2885.5	13.0	9902.0
530	3173.3333333333335	27.0	9788.0
540	3030.3333333333335	22.0	10043.0
550	2980.3333333333335	21.0	8959.0
560	3120.8333333333335	8.0	8186.0
570	2785.3333333333335	25.0	12596.0
580	3268.3333333333335	21.0	8190.0
590	3127.6666666666665	18.0	8650.0
600	3619.3333333333335	26.0	11098.0
610	2750.3333333333335	13.0	10887.0
620	3635.8333333333335	31.0	11616.0
630	3329.1666666666665	28.0	6282.0
640	3298.1666666666665	21.0	9317.0
650	3149.0	22.0	10271.0
660	3284.3333333333335	13.0	12866.0
670	3384.1666666666665	28.0	11793.0
680	3173.5	12.0	6866.0
690	3463.3333333333335	22.0	12313.0
700	3389.6666666666665	22.0	9994.0
710	3206.8333333333335	15.0	9464.0
720	3229.5	19.0	12575.0
730	3501.6666666666665	13.0	11497.0
740	3060.6666666666665	18.0	8782.0
750	3559.8333333333335	19.0	10436.0
760	3534.5	23.0	11953.0
770	3164.8333333333335	25.0	11740.0
780	3058.3333333333335	19.0	12665.0
790	3208.8333333333335	16.0	11515.0
800	3361.1666666666665	15.0	11591.0
810	3247.0	21.0	10920.0
820	3337.5	19.0	10444.0
830	3573.1666666666665	13.0	9599.0
840	3522.3333333333335	8.0	7255.0
850	3561.3333333333335	19.0	11325.0
860	3446.8333333333335	14.0	9015.0
870	3355.8333333333335	24.0	10674.0
880	3082.3333333333335	18.0	10916.0
890	3388.1666666666665	16.0	12817.0
900	3521.5	12.0	10818.0
910	3642.5	26.0	11004.0
920	3422.6666666666665	19.0	9073.0
930	3412.0	23.0	10531.0
940	3760.1666666666665	11.0	11259.0
950	3383.5	15.0	9811.0
960	3785.0	15.0	13636.0
970	3496.5	25.0	9677.0
980	3574.5	15.0	12913.0
990	3800.3333333333335	12.0	9537.0
1000	3498.6666666666665	10.0	9941.0
