0	255.0	0.0	0.0	0.0
10	1861.5	1000.0	3843.0	9995.0
20	1533.5	0.0	0.0	5998.0
30	2124.75	0.0	0.0	6416.0
40	2055.5	0.0	0.0	7172.0
50	2050.25	0.0	0.0	5041.0
60	2161.0	0.0	0.0	6764.0
70	1850.5	0.0	0.0	4329.0
80	1943.0	0.0	0.0	9854.0
90	2150.0	0.0	0.0	9330.0
100	2463.5	0.0	0.0	8292.0
110	2514.75	0.0	0.0	9446.0
120	2642.25	0.0	0.0	10592.0
130	2525.0	0.0	0.0	12737.0
140	2719.75	0.0	0.0	9953.0
150	2715.5	0.0	0.0	10047.0
160	2566.5	0.0	0.0	10255.0
170	2541.25	0.0	0.0	8702.0
180	2595.75	0.0	0.0	8848.0
190	2522.75	0.0	0.0	11335.0
200	3117.0	0.0	0.0	11790.0
210	2409.0	0.0	0.0	6716.0
220	2201.5	0.0	0.0	9302.0
230	2129.5	0.0	0.0	10992.0
240	2365.0	0.0	0.0	9343.0
250	2192.5	0.0	0.0	8887.0
260	2127.75	0.0	0.0	10276.0
270	2984.75	0.0	0.0	5241.0
280	2810.75	0.0	0.0	8314.0
290	2537.25	0.0	0.0	8633.0
300	2874.5	0.0	0.0	11085.0
310	3284.0	0.0	0.0	11264.0
320	2655.25	0.0	0.0	11206.0
330	3009.75	0.0	0.0	12836.0
340	3032.75	0.0	0.0	11882.0
350	3196.75	0.0	0.0	8694.0
360	3514.5	0.0	0.0	11882.0
370	3315.0	0.0	0.0	7804.0
380	3199.5	0.0	0.0	10663.0
390	2663.0	0.0	0.0	10712.0
400	3149.0	0.0	0.0	9464.0
410	3221.5	0.0	0.0	13382.0
420	3378.75	0.0	0.0	8285.0
430	3782.0	0.0	0.0	10593.0
440	3275.25	0.0	0.0	7529.0
450	3721.25	0.0	0.0	11356.0
460	3212.0	0.0	0.0	7796.0
470	3539.5	0.0	0.0	8835.0
480	3376.25	0.0	0.0	11069.0
490	3366.25	0.0	0.0	9499.0
500	3988.75	0.0	0.0	9036.0
510	3576.75	0.0	0.0	9918.0
520	3379.0	0.0	0.0	10975.0
530	3965.0	0.0	0.0	11527.0
540	3447.75	0.0	0.0	8782.0
550	4037.0	0.0	0.0	8067.0
560	4008.5	0.0	0.0	6146.0
570	3228.5	0.0	0.0	12436.0
580	3573.25	0.0	0.0	10223.0
590	3879.25	0.0	0.0	8512.0
600	3107.5	0.0	0.0	11197.0
610	4003.5	0.0	0.0	8631.0
620	3119.25	0.0	0.0	10380.0
630	3728.25	0.0	0.0	12199.0
640	3917.25	0.0	0.0	10779.0
650	3790.0	0.0	0.0	7898.0
660	3450.5	0.0	0.0	13379.0
670	3904.0	0.0	0.0	10678.0
680	3984.25	0.0	0.0	10625.0
690	3467.75	0.0	0.0	6416.0
700	4217.5	0.0	0.0	8159.0
710	3928.25	0.0	0.0	10563.0
720	4023.5	0.0	0.0	7599.0
730	3789.75	0.0	0.0	8762.0
740	3142.25	0.0	0.0	8420.0
750	3820.5	0.0	0.0	11127.0
760	3661.0	0.0	0.0	12898.0
770	3764.25	0.0	0.0	8779.0
780	3786.5	0.0	0.0	9697.0
790	3734.75	0.0	0.0	9085.0
800	3452.5	0.0	0.0	7873.0
810	3626.25	0.0	0.0	9807.0
820	3537.25	0.0	0.0	9663.0
830	3588.25	0.0	0.0	9532.0
840	3452.5	0.0	0.0	13813.0
850	3646.75	0.0	0.0	8900.0
860	4113.5	0.0	0.0	8916.0
870	3631.25	0.0	0.0	12433.0
880	4100.75	0.0	0.0	12777.0
890	3762.0	0.0	0.0	8809.0
900	3896.0	0.0	0.0	11103.0
910	3970.0	0.0	0.0	8064.0
920	3956.75	0.0	0.0	12516.0
930	3219.25	0.0	0.0	8842.0
940	3915.75	0.0	0.0	7835.0
950	3580.25	0.0	0.0	9189.0
960	3716.75	0.0	0.0	6587.0
970	3973.0	0.0	0.0	9489.0
980	4060.0	0.0	0.0	9707.0
990	3813.0	0.0	0.0	9537.0
1000	3802.75	0.0	0.0	8567.0
