0	266.0	0.0	0.0
10	1757.3333333333333	13.0	10867.0
20	2090.3333333333335	18.0	8027.0
30	2090.1666666666665	7.0	8199.0
40	2091.8333333333335	6.0	7679.0
50	2064.1666666666665	8.0	5488.0
60	2027.1666666666667	7.0	8995.0
70	2001.3333333333333	9.0	9307.0
80	2132.5	7.0	6179.0
90	2201.8333333333335	3.0	6769.0
100	2186.5	9.0	8900.0
110	2156.3333333333335	17.0	10164.0
120	2330.6666666666665	8.0	8800.0
130	2223.1666666666665	6.0	8357.0
140	2208.6666666666665	8.0	7540.0
150	2170.0	17.0	11571.0
160	2382.3333333333335	11.0	8631.0
170	2286.0	6.0	9430.0
180	2356.6666666666665	9.0	7592.0
190	2299.1666666666665	15.0	8408.0
200	2366.1666666666665	7.0	7868.0
210	2334.0	6.0	8465.0
220	2324.3333333333335	9.0	10206.0
230	2367.3333333333335	27.0	9584.0
240	2378.5	3.0	7354.0
250	2406.5	7.0	7089.0
260	2527.3333333333335	14.0	13250.0
270	2523.6666666666665	15.0	6723.0
280	2477.3333333333335	5.0	8028.0
290	2503.3333333333335	24.0	12075.0
300	2554.3333333333335	10.0	8004.0
310	2272.0	11.0	7981.0
320	2476.8333333333335	9.0	7959.0
330	2785.1666666666665	10.0	10549.0
340	2607.1666666666665	8.0	8508.0
350	2286.6666666666665	12.0	5936.0
360	2356.8333333333335	17.0	10264.0
370	2494.5	8.0	8239.0
380	2632.8333333333335	13.0	11095.0
390	2487.5	24.0	9993.0
400	2642.8333333333335	2.0	7877.0
410	2264.1666666666665	17.0	8289.0
420	2372.6666666666665	11.0	7366.0
430	2368.6666666666665	14.0	12185.0
440	2652.1666666666665	10.0	8220.0
450	2657.6666666666665	17.0	10965.0
460	2691.0	11.0	7538.0
470	2656.1666666666665	6.0	9432.0
480	2679.6666666666665	2.0	6495.0
490	2724.3333333333335	1.0	9720.0
500	2890.5	8.0	9328.0
510	2640.1666666666665	8.0	8912.0
520	2490.1666666666665	7.0	10408.0
530	2787.5	20.0	10991.0
540	2725.8333333333335	18.0	9202.0
550	2701.6666666666665	12.0	9008.0
560	2574.6666666666665	8.0	10014.0
570	2750.1666666666665	1.0	7748.0
580	2877.0	7.0	9555.0
590	3101.6666666666665	16.0	10009.0
600	2765.0	12.0	10868.0
610	2616.6666666666665	5.0	11338.0
620	2983.0	1.0	7961.0
630	2949.3333333333335	15.0	11503.0
640	2842.1666666666665	3.0	8288.0
650	2895.0	12.0	9477.0
660	2808.8333333333335	11.0	10839.0
670	2815.6666666666665	9.0	8952.0
680	3125.5	12.0	11298.0
690	3042.5	6.0	10848.0
700	2869.0	10.0	11583.0
710	2799.5	5.0	9083.0
720	3072.6666666666665	7.0	12732.0
730	3033.5	5.0	8174.0
740	3041.8333333333335	7.0	8672.0
750	2999.8333333333335	4.0	7430.0
760	2770.5	6.0	9814.0
770	2781.6666666666665	7.0	8817.0
780	2990.8333333333335	6.0	9686.0
790	3084.3333333333335	14.0	12932.0
800	2989.3333333333335	20.0	10431.0
810	3155.8333333333335	15.0	12318.0
820	3050.0	13.0	13344.0
830	3178.8333333333335	8.0	11784.0
840	3337.0	7.0	9957.0
850	3185.0	6.0	12669.0
860	3057.3333333333335	11.0	13174.0
870	3211.0	3.0	8244.0
880	3012.1666666666665	9.0	9319.0
890	3342.5	5.0	8433.0
900	3012.8333333333335	10.0	12537.0
910	3061.8333333333335	5.0	10380.0
920	3276.6666666666665	7.0	10413.0
930	3079.6666666666665	17.0	11111.0
940	3133.5	4.0	10121.0
950	3110.3333333333335	9.0	9072.0
960	3051.5	12.0	13093.0
970	3142.5	15.0	12615.0
980	3442.3333333333335	16.0	10140.0
990	3127.6666666666665	7.0	9956.0
1000	2851.8333333333335	7.0	9148.0
