0	236.66666666666666	0.0	0.0
10	2067.0	13.0	8087.0
20	2072.5	8.0	8155.0
30	2006.1666666666667	8.0	7930.0
40	2022.8333333333333	11.0	7753.0
50	1897.5	29.0	9412.0
60	2063.0	21.0	12001.0
70	1945.3333333333333	10.0	9689.0
80	2243.3333333333335	11.0	8241.0
90	2188.3333333333335	7.0	10142.0
100	2177.3333333333335	29.0	10538.0
110	2201.6666666666665	2.0	5828.0
120	2075.6666666666665	14.0	9268.0
130	2132.8333333333335	14.0	9149.0
140	2181.6666666666665	8.0	5987.0
150	2248.5	7.0	8975.0
160	2157.5	3.0	8116.0
170	2282.1666666666665	15.0	11706.0
180	2214.3333333333335	7.0	7024.0
190	2448.1666666666665	5.0	8429.0
200	2322.1666666666665	9.0	10037.0
210	2251.0	31.0	10070.0
220	2389.3333333333335	15.0	10215.0
230	2275.5	7.0	8045.0
240	2233.6666666666665	14.0	8941.0
250	2347.1666666666665	1.0	6855.0
260	2428.1666666666665	5.0	5657.0
270	2546.8333333333335	3.0	8805.0
280	2370.3333333333335	15.0	8771.0
290	2362.3333333333335	5.0	8236.0
300	2528.8333333333335	11.0	9489.0
310	2418.3333333333335	16.0	10370.0
320	2601.1666666666665	6.0	7947.0
330	2558.3333333333335	7.0	12197.0
340	2577.8333333333335	6.0	7232.0
350	2545.3333333333335	21.0	9400.0
360	2520.6666666666665	3.0	8486.0
370	2679.0	8.0	7740.0
380	2505.5	12.0	6054.0
390	2805.8333333333335	9.0	11030.0
400	2540.3333333333335	6.0	7243.0
410	2575.5	17.0	7267.0
420	2711.3333333333335	8.0	11139.0
430	2581.8333333333335	11.0	7970.0
440	2651.5	11.0	10066.0
450	2682.6666666666665	8.0	8251.0
460	2407.3333333333335	2.0	4939.0
470	2924.5	17.0	13733.0
480	2637.1666666666665	6.0	7815.0
490	2689.5	15.0	9789.0
500	2634.8333333333335	35.0	11450.0
510	2518.6666666666665	18.0	11427.0
520	2456.5	10.0	11688.0
530	2714.1666666666665	5.0	8871.0
540	2977.1666666666665	6.0	6160.0
550	2542.1666666666665	8.0	8951.0
560	2633.1666666666665	14.0	9519.0
570	2833.8333333333335	10.0	7124.0
580	2587.8333333333335	11.0	11333.0
590	2884.6666666666665	6.0	10500.0
600	2651.5	2.0	5728.0
610	2472.5	6.0	8839.0
620	2777.6666666666665	16.0	11127.0
630	2809.0	8.0	12613.0
640	2516.5	2.0	9411.0
650	2938.1666666666665	9.0	9143.0
660	2832.8333333333335	8.0	8636.0
670	2995.1666666666665	1.0	7929.0
680	2661.8333333333335	8.0	10241.0
690	2790.0	6.0	9928.0
700	2601.6666666666665	6.0	9970.0
710	2752.0	2.0	6556.0
720	2765.3333333333335	19.0	11828.0
730	2855.1666666666665	5.0	10682.0
740	2805.6666666666665	9.0	11618.0
750	3042.3333333333335	2.0	8198.0
760	2698.8333333333335	12.0	10626.0
770	2891.8333333333335	11.0	7915.0
780	2918.8333333333335	5.0	8577.0
790	2976.8333333333335	10.0	9976.0
800	2813.8333333333335	11.0	11806.0
810	2988.3333333333335	6.0	8406.0
820	3009.5	5.0	11419.0
830	3111.5	10.0	10503.0
840	2785.3333333333335	14.0	11055.0
850	2885.6666666666665	10.0	12366.0
860	3024.5	4.0	9193.0
870	2859.1666666666665	10.0	10723.0
880	2956.3333333333335	8.0	11963.0
890	3083.0	4.0	9724.0
900	2773.1666666666665	5.0	10869.0
910	3085.0	6.0	9395.0
920	2795.5	14.0	10131.0
930	2927.3333333333335	9.0	11039.0
940	3393.3333333333335	13.0	13399.0
950	3023.3333333333335	4.0	13331.0
960	3162.8333333333335	3.0	12108.0
970	3305.5	9.0	10019.0
980	3162.3333333333335	17.0	11433.0
990	3237.0	9.0	12184.0
1000	3158.1666666666665	11.0	12051.0
