0	2074.0	0.0	0.0	0.0
10	2196.5	28.0	2628.0	8167.0
20	2380.5	65.0	3689.0	11691.0
30	2322.5	42.0	3066.0	8740.0
40	2329.3333333333335	76.0	4069.0	12099.0
50	2490.1666666666665	27.0	3818.0	10732.0
60	2473.0	89.0	3767.0	11258.0
70	2758.5	81.0	3467.0	10823.0
80	2934.8333333333335	114.0	4357.0	12663.0
90	2615.0	51.0	4661.0	12724.0
100	2310.3333333333335	18.0	2526.0	7108.0
110	2925.3333333333335	19.0	3447.0	9822.0
120	2877.6666666666665	6.0	2013.0	5705.0
130	2793.6666666666665	9.0	3926.0	11513.0
140	3021.0	16.0	4576.0	12509.0
150	2822.0	17.0	3342.0	8551.0
160	2581.5	9.0	3440.0	7769.0
170	2737.3333333333335	11.0	3362.0	7792.0
180	2951.6666666666665	13.0	3804.0	8923.0
190	2574.5	20.0	4466.0	12739.0
200	3001.3333333333335	20.0	3826.0	8467.0
210	3386.8333333333335	12.0	3992.0	9017.0
220	3044.5	21.0	5070.0	11653.0
230	3214.8333333333335	12.0	3532.0	7650.0
240	2933.5	26.0	4664.0	10048.0
250	2750.3333333333335	20.0	4089.0	9210.0
260	3011.0	34.0	4498.0	9762.0
270	3010.1666666666665	27.0	5287.0	11480.0
280	3408.8333333333335	16.0	5804.0	12168.0
290	2938.3333333333335	19.0	5878.0	12723.0
300	3494.1666666666665	26.0	4741.0	9317.0
310	3488.0	18.0	6204.0	14263.0
320	3463.8333333333335	12.0	4007.0	8994.0
330	3418.0	11.0	4833.0	10354.0
340	3761.3333333333335	5.0	3271.0	6494.0
350	3025.8333333333335	9.0	5260.0	10422.0
360	2766.1666666666665	1.0	1046.0	10311.0
370	3978.5	0.0	0.0	10048.0
380	3721.5	0.0	0.0	7080.0
390	3221.6666666666665	0.0	0.0	7123.0
400	3795.8333333333335	0.0	0.0	8731.0
410	3568.5	0.0	0.0	10960.0
420	3430.6666666666665	0.0	0.0	10498.0
430	3015.6666666666665	0.0	0.0	12033.0
440	3459.6666666666665	0.0	0.0	13273.0
450	3828.1666666666665	0.0	0.0	8864.0
460	3315.5	0.0	0.0	10570.0
470	3109.0	0.0	0.0	10222.0
480	3707.8333333333335	0.0	0.0	10330.0
490	3491.5	0.0	0.0	7731.0
500	3408.1666666666665	0.0	0.0	10724.0
510	3273.6666666666665	0.0	0.0	12413.0
520	3245.1666666666665	0.0	0.0	9061.0
530	3362.3333333333335	0.0	0.0	13000.0
540	3369.6666666666665	0.0	0.0	11951.0
550	4120.666666666667	0.0	0.0	9065.0
560	3564.0	0.0	0.0	11271.0
570	3286.5	0.0	0.0	9918.0
580	3944.8333333333335	0.0	0.0	9033.0
590	3694.0	0.0	0.0	9634.0
600	4108.0	0.0	0.0	8529.0
610	4063.5	0.0	0.0	10640.0
620	3534.3333333333335	0.0	0.0	12739.0
630	3781.8333333333335	0.0	0.0	8829.0
640	3827.1666666666665	0.0	0.0	11671.0
650	3727.1666666666665	0.0	0.0	9826.0
660	3625.1666666666665	0.0	0.0	10421.0
670	3844.6666666666665	0.0	0.0	9012.0
680	3744.1666666666665	0.0	0.0	9752.0
690	3552.0	0.0	0.0	9350.0
700	3923.0	0.0	0.0	9925.0
710	3878.1666666666665	0.0	0.0	12535.0
720	4070.8333333333335	0.0	0.0	10630.0
730	3772.5	0.0	0.0	9621.0
740	3822.6666666666665	0.0	0.0	8838.0
750	3748.8333333333335	0.0	0.0	11794.0
760	3718.8333333333335	0.0	0.0	10585.0
770	3763.6666666666665	0.0	0.0	12476.0
780	3702.0	0.0	0.0	8755.0
790	3708.6666666666665	0.0	0.0	10542.0
800	3664.1666666666665	0.0	0.0	9940.0
