0	2580.1666666666665	0.0	0.0	0.0
10	2497.1666666666665	440.0	16022.0	16022.0
20	2541.8333333333335	310.0	14059.0	14059.0
30	2916.3333333333335	250.0	9771.0	11526.0
40	3338.5	0.0	0.0	9106.0
50	3052.5	0.0	0.0	8077.0
60	2542.6666666666665	0.0	0.0	10173.0
70	3186.0	0.0	0.0	10341.0
80	3162.3333333333335	0.0	0.0	10059.0
90	3522.0	0.0	0.0	10454.0
100	3469.5	0.0	0.0	9688.0
110	3891.6666666666665	0.0	0.0	7451.0
120	3107.8333333333335	0.0	0.0	9000.0
130	3109.6666666666665	0.0	0.0	11738.0
140	3197.0	0.0	0.0	9471.0
150	3511.0	0.0	0.0	10614.0
160	3621.3333333333335	0.0	0.0	13358.0
170	3489.0	0.0	0.0	11754.0
180	3403.0	0.0	0.0	11883.0
190	3319.3333333333335	0.0	0.0	10396.0
200	3674.5	0.0	0.0	11927.0
210	3569.5	0.0	0.0	7987.0
220	3191.8333333333335	0.0	0.0	11068.0
230	3391.8333333333335	0.0	0.0	12036.0
240	3192.0	0.0	0.0	8418.0
250	3120.5	0.0	0.0	8961.0
260	3204.8333333333335	0.0	0.0	9254.0
270	4000.1666666666665	0.0	0.0	11950.0
280	3379.5	0.0	0.0	12845.0
290	3300.1666666666665	0.0	0.0	11391.0
300	3737.1666666666665	0.0	0.0	11281.0
310	3764.1666666666665	0.0	0.0	8731.0
320	3153.6666666666665	0.0	0.0	11009.0
330	3609.5	0.0	0.0	13565.0
340	3860.3333333333335	0.0	0.0	8897.0
350	3522.1666666666665	0.0	0.0	12463.0
360	3902.6666666666665	0.0	0.0	12029.0
370	3565.5	0.0	0.0	11504.0
380	3831.0	0.0	0.0	10459.0
390	3935.1666666666665	0.0	0.0	10803.0
400	3814.5	0.0	0.0	6962.0
410	3160.0	0.0	0.0	9507.0
420	3693.5	0.0	0.0	8753.0
430	3723.8333333333335	0.0	0.0	8310.0
440	3997.5	0.0	0.0	12711.0
450	3605.3333333333335	0.0	0.0	10249.0
460	3769.1666666666665	0.0	0.0	9691.0
470	3402.5	0.0	0.0	10529.0
480	3783.1666666666665	0.0	0.0	9810.0
490	3651.8333333333335	0.0	0.0	10358.0
500	3522.1666666666665	0.0	0.0	9481.0
510	3623.3333333333335	0.0	0.0	10444.0
520	3379.0	0.0	0.0	9109.0
530	3965.6666666666665	0.0	0.0	10248.0
540	3867.5	0.0	0.0	12165.0
550	3318.8333333333335	0.0	0.0	10000.0
560	3964.6666666666665	0.0	0.0	9962.0
570	4065.1666666666665	0.0	0.0	10570.0
580	3711.5	0.0	0.0	10855.0
590	3845.5	0.0	0.0	10466.0
600	4175.833333333333	0.0	0.0	9298.0
