0	2345.5	0.0	0.0	0.0
10	2259.1666666666665	152.0	4277.0	11286.0
20	2451.5	138.0	3087.0	9809.0
30	2209.8333333333335	270.0	3923.0	10236.0
40	2490.8333333333335	271.0	4491.0	12903.0
50	2565.1666666666665	169.0	2574.0	10110.0
60	2875.1666666666665	0.0	0.0	10372.0
70	2673.0	0.0	0.0	8727.0
80	2771.0	0.0	0.0	4038.0
90	2153.8333333333335	0.0	0.0	7091.0
100	2683.0	0.0	0.0	9357.0
110	2457.0	0.0	0.0	8189.0
120	2211.0	0.0	0.0	9141.0
130	2495.5	0.0	0.0	10709.0
140	2336.3333333333335	0.0	0.0	10861.0
150	2379.3333333333335	0.0	0.0	11017.0
160	2225.6666666666665	0.0	0.0	10650.0
170	2278.5	0.0	0.0	11108.0
180	2726.6666666666665	0.0	0.0	8323.0
190	2481.6666666666665	0.0	0.0	8542.0
200	2462.8333333333335	0.0	0.0	10730.0
210	3073.0	0.0	0.0	8414.0
220	3243.8333333333335	0.0	0.0	13637.0
230	2519.0	0.0	0.0	9175.0
240	3170.0	0.0	0.0	7881.0
250	3604.3333333333335	0.0	0.0	8353.0
260	2549.5	0.0	0.0	8878.0
270	3222.5	0.0	0.0	10774.0
280	3499.1666666666665	0.0	0.0	7110.0
290	2985.3333333333335	0.0	0.0	11949.0
300	3169.1666666666665	0.0	0.0	11199.0
310	3297.1666666666665	0.0	0.0	12922.0
320	3539.1666666666665	0.0	0.0	12736.0
330	3291.5	0.0	0.0	11148.0
340	2775.3333333333335	0.0	0.0	9767.0
350	3022.0	0.0	0.0	10680.0
360	3025.8333333333335	0.0	0.0	11825.0
370	3838.3333333333335	0.0	0.0	11814.0
380	3827.1666666666665	0.0	0.0	10893.0
390	3433.1666666666665	0.0	0.0	9242.0
400	3654.8333333333335	0.0	0.0	10642.0
410	2890.0	0.0	0.0	10440.0
420	3946.8333333333335	0.0	0.0	10699.0
430	3371.8333333333335	0.0	0.0	10258.0
440	3210.0	0.0	0.0	12520.0
450	3310.6666666666665	0.0	0.0	8278.0
460	4056.3333333333335	0.0	0.0	12292.0
470	3530.3333333333335	0.0	0.0	10665.0
480	3265.5	0.0	0.0	10192.0
490	3691.6666666666665	0.0	0.0	9638.0
500	3637.3333333333335	0.0	0.0	9536.0
510	3679.1666666666665	0.0	0.0	10425.0
520	3643.0	0.0	0.0	11318.0
530	3423.0	0.0	0.0	10557.0
540	4143.166666666667	0.0	0.0	13104.0
550	3924.6666666666665	0.0	0.0	11438.0
560	3837.6666666666665	0.0	0.0	11666.0
570	3638.6666666666665	0.0	0.0	8864.0
580	3822.1666666666665	0.0	0.0	11944.0
590	3887.5	0.0	0.0	11896.0
600	3160.8333333333335	0.0	0.0	10899.0
610	3583.1666666666665	0.0	0.0	13316.0
620	3234.1666666666665	0.0	0.0	9362.0
630	3537.0	0.0	0.0	10740.0
640	3998.0	0.0	0.0	12070.0
650	3927.1666666666665	0.0	0.0	9178.0
660	3994.6666666666665	0.0	0.0	10180.0
670	3512.6666666666665	0.0	0.0	13107.0
680	4052.6666666666665	0.0	0.0	12706.0
690	3760.6666666666665	0.0	0.0	10375.0
700	3510.6666666666665	0.0	0.0	12117.0
710	3934.0	0.0	0.0	9811.0
720	3398.3333333333335	0.0	0.0	9948.0
730	3837.8333333333335	0.0	0.0	10763.0
740	3791.6666666666665	0.0	0.0	11276.0
750	3907.3333333333335	0.0	0.0	11493.0
760	4064.0	0.0	0.0	12219.0
770	4052.3333333333335	0.0	0.0	7958.0
780	3819.3333333333335	0.0	0.0	12321.0
790	3935.3333333333335	0.0	0.0	9877.0
800	3990.8333333333335	0.0	0.0	12764.0
