0	1600.0	0.0	0.0	0.0
10	1603.6666666666667	91.0	709.0	8935.0
20	1615.6666666666667	8.0	268.0	6889.0
30	1676.6666666666667	81.0	959.0	6225.0
40	1590.8333333333333	27.0	835.0	5916.0
50	1707.1666666666667	0.0	141.0	5279.0
60	1723.8333333333333	28.0	501.0	6078.0
70	1622.3333333333333	71.0	275.0	6373.0
80	1684.0	50.0	1259.0	8504.0
90	1671.0	69.0	941.0	9789.0
100	1545.3333333333333	18.0	315.0	7559.0
110	1659.0	10.0	348.0	5996.0
120	1499.0	65.0	867.0	7249.0
130	1565.0	4.0	376.0	6416.0
140	1283.0	0.0	93.0	4018.0
150	1762.0	26.0	273.0	6991.0
160	1681.3333333333333	24.0	590.0	5914.0
170	1578.5	22.0	1379.0	9626.0
180	1577.8333333333333	25.0	292.0	6222.0
190	1550.8333333333333	4.0	583.0	6955.0
200	1546.6666666666667	13.0	521.0	8003.0
210	1632.5	22.0	284.0	6297.0
220	1581.6666666666667	55.0	309.0	8169.0
230	1507.0	24.0	680.0	8948.0
240	1611.0	29.0	437.0	6614.0
250	1566.1666666666667	0.0	354.0	6064.0
260	1343.3333333333333	51.0	538.0	8617.0
270	1404.6666666666667	42.0	979.0	12947.0
280	1500.6666666666667	40.0	328.0	9029.0
290	1498.6666666666667	0.0	204.0	4669.0
300	1598.3333333333333	50.0	536.0	6994.0
310	1538.0	1.0	155.0	6001.0
320	1359.6666666666667	4.0	195.0	5172.0
330	1610.8333333333333	23.0	803.0	6678.0
340	1367.0	1.0	123.0	4985.0
350	1381.3333333333333	22.0	261.0	6516.0
360	1362.0	0.0	0.0	6791.0
370	1537.3333333333333	0.0	0.0	4203.0
380	1489.0	0.0	0.0	8183.0
390	1521.0	0.0	0.0	7073.0
400	1348.3333333333333	0.0	0.0	6891.0
410	1399.3333333333333	0.0	0.0	9087.0
420	1327.3333333333333	0.0	0.0	5262.0
430	1248.6666666666667	0.0	0.0	4951.0
440	1214.6666666666667	0.0	0.0	5584.0
450	1362.3333333333333	0.0	0.0	5806.0
460	1283.6666666666667	0.0	0.0	6419.0
470	1211.3333333333333	0.0	0.0	7468.0
480	1348.0	0.0	0.0	6048.0
490	1399.3333333333333	0.0	0.0	5934.0
500	1409.3333333333333	0.0	0.0	7274.0
510	1441.6666666666667	0.0	0.0	4899.0
520	1325.6666666666667	0.0	0.0	4786.0
530	1430.3333333333333	0.0	0.0	5665.0
540	1300.0	0.0	0.0	5151.0
550	1305.6666666666667	0.0	0.0	3388.0
560	1344.6666666666667	0.0	0.0	5399.0
570	1295.6666666666667	0.0	0.0	7340.0
580	1314.0	0.0	0.0	5292.0
590	1319.0	0.0	0.0	7182.0
600	1516.0	0.0	0.0	4608.0
610	1221.6666666666667	0.0	0.0	4941.0
620	1347.6666666666667	0.0	0.0	5606.0
630	1221.6666666666667	0.0	0.0	5487.0
640	1370.3333333333333	0.0	0.0	6471.0
650	1309.3333333333333	0.0	0.0	5257.0
660	1258.6666666666667	0.0	0.0	5518.0
670	1343.0	0.0	0.0	5104.0
680	1488.6666666666667	0.0	0.0	4818.0
690	1477.3333333333333	0.0	0.0	6990.0
700	1238.0	0.0	0.0	6701.0
710	1398.0	0.0	0.0	6422.0
720	1251.6666666666667	0.0	0.0	5619.0
730	1258.6666666666667	0.0	0.0	4305.0
740	1503.3333333333333	0.0	0.0	6051.0
750	1342.8333333333333	0.0	0.0	5290.0
760	1423.0	0.0	0.0	5955.0
770	1599.0	0.0	0.0	5191.0
780	1475.3333333333333	0.0	0.0	5540.0
790	1281.0	0.0	0.0	5578.0
800	1304.3333333333333	0.0	0.0	7776.0
810	1394.3333333333333	0.0	0.0	4813.0
820	1257.0	0.0	0.0	4641.0
830	1171.6666666666667	0.0	0.0	5462.0
840	1478.0	0.0	0.0	6696.0
850	1116.0	0.0	0.0	5037.0
860	1383.8333333333333	0.0	0.0	5141.0
870	1124.6666666666667	0.0	0.0	5932.0
880	1349.6666666666667	0.0	0.0	6557.0
890	1320.3333333333333	0.0	0.0	5811.0
900	1436.0	0.0	0.0	4952.0
910	1367.6666666666667	0.0	0.0	5704.0
920	1118.6666666666667	0.0	0.0	5844.0
930	1377.0	0.0	0.0	5849.0
940	1276.6666666666667	0.0	0.0	5712.0
950	1114.6666666666667	0.0	0.0	4976.0
960	1310.0	0.0	0.0	5127.0
970	1204.0	0.0	0.0	5788.0
980	1202.0	0.0	0.0	6084.0
990	1194.0	0.0	0.0	4432.0
1000	1203.6666666666667	0.0	0.0	5700.0
