0	1584.0	0.0	0.0	0.0
10	1453.0	88.0	1053.0	7947.0
20	1745.0	14.0	247.0	6520.0
30	1805.3333333333333	72.0	587.0	6189.0
40	1721.0	11.0	742.0	8545.0
50	1610.3333333333333	56.0	807.0	7506.0
60	1542.6666666666667	33.0	269.0	5816.0
70	1676.3333333333333	32.0	489.0	7570.0
80	1648.0	36.0	365.0	8239.0
90	1585.0	36.0	271.0	4913.0
100	1589.3333333333333	42.0	426.0	7435.0
110	1620.5	48.0	347.0	7513.0
120	1548.6666666666667	37.0	1035.0	7796.0
130	1703.0	16.0	250.0	6673.0
140	1392.6666666666667	79.0	990.0	8507.0
150	1523.6666666666667	10.0	484.0	6958.0
160	1604.5	9.0	197.0	6996.0
170	1684.6666666666667	42.0	751.0	8752.0
180	1657.3333333333333	19.0	387.0	4891.0
190	1689.3333333333333	3.0	162.0	7592.0
200	1458.3333333333333	44.0	372.0	7129.0
210	1525.3333333333333	2.0	824.0	8322.0
220	1536.3333333333333	20.0	735.0	7535.0
230	1430.6666666666667	0.0	92.0	6554.0
240	1643.6666666666667	19.0	637.0	6576.0
250	1341.0	7.0	172.0	5507.0
260	1121.3333333333333	2.0	250.0	6201.0
270	1481.3333333333333	9.0	672.0	6749.0
280	1497.1666666666667	19.0	529.0	7307.0
290	1527.3333333333333	9.0	548.0	7243.0
300	1526.0	11.0	622.0	6735.0
310	1440.3333333333333	12.0	386.0	6527.0
320	1227.0	23.0	363.0	7069.0
330	1178.3333333333333	11.0	402.0	6454.0
340	1593.8333333333333	0.0	315.0	6499.0
350	1547.5	4.0	613.0	8008.0
360	1306.0	18.0	336.0	5701.0
370	1525.6666666666667	9.0	320.0	5855.0
380	1524.3333333333333	0.0	416.0	6276.0
390	1506.6666666666667	25.0	689.0	8614.0
400	1423.3333333333333	2.0	264.0	6963.0
410	1725.6666666666667	5.0	812.0	9004.0
420	1650.0	2.0	1242.0	10771.0
430	1515.0	11.0	256.0	7496.0
440	1501.3333333333333	1.0	325.0	5465.0
450	1475.3333333333333	34.0	476.0	5898.0
460	1559.1666666666667	18.0	220.0	4952.0
470	1468.3333333333333	0.0	0.0	5762.0
480	1378.3333333333333	0.0	0.0	7002.0
490	1392.6666666666667	0.0	0.0	5891.0
500	1330.6666666666667	0.0	0.0	6112.0
510	1331.3333333333333	0.0	0.0	6851.0
520	1526.8333333333333	0.0	0.0	6454.0
530	1148.0	0.0	0.0	5190.0
540	1372.0	0.0	0.0	5535.0
550	1413.6666666666667	0.0	0.0	6780.0
560	1292.0	0.0	0.0	5521.0
570	1223.3333333333333	0.0	0.0	5941.0
580	1244.3333333333333	0.0	0.0	5820.0
590	1271.6666666666667	0.0	0.0	7763.0
600	1479.5	0.0	0.0	7121.0
610	1488.0	0.0	0.0	6674.0
620	1419.0	0.0	0.0	3785.0
630	1629.6666666666667	0.0	0.0	6864.0
640	1303.6666666666667	0.0	0.0	6518.0
650	1343.0	0.0	0.0	7910.0
660	1360.6666666666667	0.0	0.0	6948.0
670	1278.0	0.0	0.0	5282.0
680	1377.3333333333333	0.0	0.0	6219.0
690	1305.3333333333333	0.0	0.0	6249.0
700	1244.6666666666667	0.0	0.0	5823.0
710	1186.3333333333333	0.0	0.0	7075.0
720	1227.6666666666667	0.0	0.0	4999.0
730	1325.0	0.0	0.0	5118.0
740	1332.0	0.0	0.0	6047.0
750	1207.6666666666667	0.0	0.0	6705.0
760	1257.3333333333333	0.0	0.0	5258.0
770	1347.6666666666667	0.0	0.0	5197.0
780	1206.3333333333333	0.0	0.0	4863.0
790	1254.3333333333333	0.0	0.0	4995.0
800	1217.5	0.0	0.0	4977.0
810	1234.6666666666667	0.0	0.0	4482.0
820	1277.3333333333333	0.0	0.0	6152.0
830	1379.0	0.0	0.0	5222.0
840	1342.6666666666667	0.0	0.0	5512.0
850	1304.0	0.0	0.0	5070.0
860	1277.6666666666667	0.0	0.0	5504.0
870	1183.0	0.0	0.0	5896.0
880	1278.0	0.0	0.0	6568.0
890	1224.5	0.0	0.0	4578.0
900	1207.6666666666667	0.0	0.0	4693.0
910	1334.6666666666667	0.0	0.0	4855.0
920	1358.0	0.0	0.0	5936.0
930	1152.3333333333333	0.0	0.0	5143.0
940	1195.0	0.0	0.0	4014.0
950	1243.6666666666667	0.0	0.0	5275.0
960	1248.6666666666667	0.0	0.0	5717.0
970	1358.3333333333333	0.0	0.0	6128.0
980	1276.0	0.0	0.0	7842.0
990	1185.3333333333333	0.0	0.0	6186.0
1000	1306.3333333333333	0.0	0.0	5550.0
