0	1437.3333333333333	0.0	0.0	0.0
10	1864.6666666666667	52.0	542.0	8573.0
20	1527.3333333333333	8.0	123.0	4766.0
30	1604.3333333333333	0.0	297.0	7091.0
40	1707.8333333333333	1.0	624.0	5246.0
50	1444.6666666666667	32.0	587.0	8135.0
60	1564.6666666666667	19.0	1016.0	8729.0
70	1637.6666666666667	35.0	1062.0	9121.0
80	1684.3333333333333	98.0	1182.0	8738.0
90	1640.6666666666667	19.0	787.0	10439.0
100	1747.3333333333333	5.0	460.0	6441.0
110	1725.3333333333333	1.0	132.0	4608.0
120	1517.6666666666667	3.0	305.0	7217.0
130	1660.1666666666667	76.0	556.0	6290.0
140	1407.6666666666667	45.0	699.0	9749.0
150	1573.0	0.0	77.0	7278.0
160	1555.3333333333333	53.0	398.0	7665.0
170	1641.0	10.0	318.0	5974.0
180	1507.0	7.0	376.0	7561.0
190	1549.0	22.0	520.0	5005.0
200	1246.3333333333333	1.0	543.0	7934.0
210	1473.0	25.0	516.0	6065.0
220	1458.0	7.0	689.0	8389.0
230	1517.0	27.0	316.0	5604.0
240	1553.5	10.0	665.0	8747.0
250	1479.6666666666667	19.0	677.0	7329.0
260	1474.0	0.0	168.0	5410.0
270	1227.0	0.0	263.0	6492.0
280	1425.3333333333333	0.0	93.0	6172.0
290	1418.0	0.0	98.0	5694.0
300	1288.6666666666667	0.0	47.0	5648.0
310	1312.6666666666667	12.0	224.0	5962.0
320	1469.0	0.0	72.0	5543.0
330	1343.6666666666667	1.0	311.0	5945.0
340	1441.0	4.0	447.0	6619.0
350	1319.6666666666667	0.0	75.0	4306.0
360	1148.6666666666667	6.0	214.0	6518.0
370	1525.6666666666667	3.0	240.0	6553.0
380	1514.3333333333333	39.0	359.0	6355.0
390	1387.0	4.0	202.0	7233.0
400	1360.0	0.0	173.0	5143.0
410	1329.3333333333333	16.0	361.0	7796.0
420	1439.6666666666667	9.0	182.0	6366.0
430	1273.3333333333333	31.0	154.0	7377.0
440	1533.0	0.0	29.0	6665.0
450	1491.6666666666667	2.0	82.0	5907.0
460	1446.3333333333333	7.0	205.0	6042.0
470	1357.6666666666667	0.0	77.0	5048.0
480	1352.0	3.0	185.0	7229.0
490	1395.3333333333333	1.0	272.0	6651.0
500	1451.6666666666667	8.0	219.0	5545.0
510	1646.6666666666667	6.0	289.0	5486.0
520	1299.6666666666667	0.0	80.0	4537.0
530	1423.0	20.0	668.0	6286.0
540	1371.0	0.0	338.0	7458.0
550	1322.6666666666667	2.0	145.0	5728.0
560	1309.0	1.0	288.0	5052.0
570	1366.6666666666667	9.0	443.0	5974.0
580	1300.6666666666667	0.0	28.0	4108.0
590	1419.6666666666667	0.0	232.0	7194.0
600	1299.6666666666667	16.0	224.0	5780.0
610	1365.0	4.0	97.0	5483.0
620	1270.3333333333333	0.0	292.0	6039.0
630	1343.3333333333333	2.0	679.0	5779.0
640	1218.0	0.0	243.0	6261.0
650	1316.3333333333333	1.0	168.0	6933.0
660	1290.6666666666667	3.0	187.0	5987.0
670	1402.6666666666667	2.0	297.0	5765.0
680	1259.6666666666667	0.0	37.0	5076.0
690	1335.0	0.0	133.0	4158.0
700	1295.0	13.0	471.0	8472.0
710	1062.3333333333333	2.0	104.0	5923.0
720	1247.0	16.0	172.0	5635.0
730	1387.6666666666667	1.0	158.0	5979.0
740	1178.3333333333333	1.0	105.0	5090.0
750	1338.6666666666667	9.0	148.0	4829.0
760	1255.3333333333333	4.0	612.0	7299.0
770	1344.3333333333333	7.0	411.0	7452.0
780	1332.6666666666667	14.0	187.0	4868.0
790	1454.6666666666667	0.0	205.0	6088.0
800	1155.0	12.0	134.0	4927.0
810	1358.3333333333333	2.0	126.0	6983.0
820	1196.3333333333333	1.0	164.0	5937.0
830	1240.6666666666667	2.0	228.0	6475.0
840	1218.6666666666667	2.0	116.0	4890.0
850	1116.3333333333333	0.0	76.0	4955.0
860	1290.0	0.0	120.0	6103.0
870	1434.0	0.0	43.0	5702.0
880	1428.6666666666667	0.0	128.0	5163.0
890	1226.6666666666667	1.0	69.0	5595.0
900	1269.8333333333333	20.0	113.0	6419.0
910	1138.3333333333333	6.0	280.0	7024.0
920	1210.3333333333333	0.0	28.0	5568.0
930	1367.3333333333333	4.0	115.0	4014.0
940	1243.0	21.0	101.0	5629.0
950	1233.3333333333333	1.0	155.0	5864.0
960	1295.6666666666667	0.0	181.0	5520.0
970	1274.0	4.0	252.0	5261.0
980	1196.3333333333333	3.0	168.0	5923.0
990	1438.6666666666667	1.0	261.0	6656.0
1000	1420.0	3.0	272.0	6718.0
