0	1695.8333333333333	0.0	0.0	0.0
10	1516.8333333333333	30.0	829.0	6611.0
20	1798.6666666666667	74.0	677.0	7071.0
30	1665.3333333333333	46.0	631.0	7976.0
40	1730.0	15.0	395.0	5743.0
50	1537.5	14.0	306.0	5647.0
60	1728.6666666666667	3.0	111.0	4434.0
70	1566.0	40.0	1090.0	8607.0
80	1748.0	13.0	207.0	6047.0
90	1722.0	24.0	558.0	8171.0
100	1527.0	9.0	619.0	8181.0
110	1578.6666666666667	0.0	100.0	5567.0
120	1476.3333333333333	28.0	343.0	6404.0
130	1579.3333333333333	2.0	264.0	5869.0
140	1715.8333333333333	48.0	1200.0	10273.0
150	1523.6666666666667	44.0	1263.0	9900.0
160	1620.5	3.0	472.0	8476.0
170	1698.3333333333333	1.0	678.0	7267.0
180	1635.0	73.0	967.0	9172.0
190	1543.6666666666667	4.0	154.0	6567.0
200	1608.3333333333333	7.0	460.0	6024.0
210	1921.3333333333333	60.0	630.0	9739.0
220	1622.1666666666667	11.0	443.0	6378.0
230	1589.1666666666667	1.0	114.0	5166.0
240	1457.6666666666667	0.0	357.0	5456.0
250	1779.0	27.0	345.0	6150.0
260	1679.5	15.0	502.0	7645.0
270	1743.3333333333333	23.0	1082.0	9596.0
280	1401.0	12.0	620.0	6983.0
290	1473.1666666666667	1.0	464.0	7639.0
300	1628.0	5.0	311.0	6541.0
310	1323.0	0.0	85.0	4810.0
320	1585.6666666666667	2.0	235.0	6550.0
330	1423.6666666666667	9.0	561.0	9242.0
340	1499.6666666666667	14.0	333.0	5654.0
350	1436.5	1.0	285.0	7602.0
360	1532.6666666666667	6.0	418.0	7142.0
370	1447.6666666666667	103.0	1150.0	9942.0
380	1670.0	2.0	722.0	8883.0
390	1575.8333333333333	2.0	563.0	9126.0
400	1686.0	4.0	624.0	8698.0
410	1493.6666666666667	0.0	239.0	6466.0
420	1486.0	0.0	459.0	8549.0
430	1586.3333333333333	7.0	448.0	5265.0
440	1511.0	0.0	178.0	6413.0
450	1161.6666666666667	0.0	127.0	4906.0
460	1433.0	4.0	375.0	5964.0
470	1413.6666666666667	6.0	460.0	7928.0
480	1478.6666666666667	7.0	281.0	5823.0
490	1261.6666666666667	0.0	146.0	7549.0
500	1483.1666666666667	4.0	282.0	6110.0
510	1443.0	0.0	110.0	6298.0
520	1442.0	34.0	187.0	5954.0
530	1582.0	0.0	227.0	5866.0
540	1434.3333333333333	0.0	272.0	5921.0
550	1384.6666666666667	2.0	196.0	4718.0
560	1507.6666666666667	10.0	483.0	6841.0
570	1692.0	0.0	48.0	5143.0
580	1394.6666666666667	37.0	369.0	8164.0
590	1520.3333333333333	0.0	38.0	5405.0
600	1264.3333333333333	0.0	87.0	5048.0
610	1408.6666666666667	0.0	293.0	5557.0
620	1377.6666666666667	3.0	485.0	7856.0
630	1261.3333333333333	0.0	289.0	5710.0
640	1420.3333333333333	16.0	378.0	6465.0
650	1541.3333333333333	1.0	81.0	4483.0
660	1349.0	0.0	193.0	4169.0
670	1378.3333333333333	3.0	362.0	9062.0
680	1327.6666666666667	1.0	305.0	8303.0
690	1435.0	3.0	317.0	8054.0
700	1396.0	4.0	382.0	6155.0
710	1375.3333333333333	2.0	225.0	5738.0
720	1301.0	0.0	236.0	5408.0
730	1353.0	4.0	308.0	7618.0
740	1303.6666666666667	2.0	195.0	6194.0
750	1307.6666666666667	17.0	278.0	5334.0
760	1469.0	11.0	137.0	5578.0
770	1388.3333333333333	4.0	317.0	5133.0
780	1295.6666666666667	0.0	80.0	4926.0
790	1313.0	3.0	299.0	6920.0
800	1413.6666666666667	5.0	155.0	8227.0
810	1335.6666666666667	3.0	226.0	6413.0
820	1207.0	6.0	125.0	6003.0
830	1269.3333333333333	0.0	82.0	5422.0
840	1429.3333333333333	17.0	294.0	5619.0
850	1481.0	0.0	300.0	6297.0
860	1253.6666666666667	1.0	197.0	4881.0
870	1400.6666666666667	1.0	303.0	6792.0
880	1188.3333333333333	0.0	78.0	5607.0
890	1331.6666666666667	6.0	10.0	5189.0
900	1248.3333333333333	0.0	0.0	6546.0
910	1262.0	0.0	0.0	5435.0
920	1361.6666666666667	0.0	0.0	7108.0
930	1137.0	0.0	0.0	5155.0
940	1265.6666666666667	0.0	0.0	6431.0
950	1345.6666666666667	0.0	0.0	5149.0
960	1112.3333333333333	0.0	0.0	6148.0
970	1238.0	0.0	0.0	6557.0
980	1273.6666666666667	0.0	0.0	6722.0
990	1255.0	0.0	0.0	6237.0
1000	1344.3333333333333	0.0	0.0	6186.0
