0	2683.6666666666665	0.0	0.0	0.0
10	2451.5	292.0	1813.0	6549.0
20	2774.8333333333335	354.0	2498.0	10091.0
30	2785.5	354.0	822.0	4729.0
40	2637.6666666666665	0.0	0.0	8389.0
50	2684.1666666666665	0.0	0.0	8033.0
60	2765.5	0.0	0.0	6696.0
70	2468.1666666666665	0.0	0.0	8024.0
80	2498.0	0.0	0.0	8810.0
90	2939.8333333333335	0.0	0.0	11162.0
100	2592.1666666666665	0.0	0.0	8168.0
110	2918.0	0.0	0.0	9859.0
120	2906.1666666666665	0.0	0.0	8303.0
130	2830.1666666666665	0.0	0.0	9399.0
140	3425.1666666666665	0.0	0.0	7921.0
150	3372.1666666666665	0.0	0.0	10173.0
160	3041.6666666666665	0.0	0.0	9681.0
170	2957.8333333333335	0.0	0.0	9661.0
180	3023.3333333333335	0.0	0.0	7557.0
190	3779.8333333333335	0.0	0.0	10123.0
200	3656.1666666666665	0.0	0.0	11564.0
210	3354.3333333333335	0.0	0.0	10966.0
220	3407.6666666666665	0.0	0.0	10522.0
230	3123.3333333333335	0.0	0.0	9680.0
240	3192.5	0.0	0.0	5910.0
250	3335.3333333333335	0.0	0.0	10679.0
260	3077.6666666666665	0.0	0.0	10853.0
270	3699.6666666666665	0.0	0.0	12100.0
280	3891.1666666666665	0.0	0.0	11697.0
290	4105.0	0.0	0.0	9670.0
300	3450.0	0.0	0.0	10946.0
310	3414.6666666666665	0.0	0.0	10817.0
320	3676.3333333333335	0.0	0.0	10464.0
330	3475.8333333333335	0.0	0.0	11760.0
340	3935.0	0.0	0.0	10766.0
350	4359.0	0.0	0.0	12140.0
360	3410.0	0.0	0.0	10260.0
370	3755.1666666666665	0.0	0.0	12271.0
380	3986.8333333333335	0.0	0.0	8318.0
390	3722.3333333333335	0.0	0.0	9423.0
400	3260.8333333333335	0.0	0.0	13297.0
410	3848.8333333333335	0.0	0.0	12234.0
420	3993.5	0.0	0.0	9568.0
430	4080.5	0.0	0.0	12086.0
440	3571.3333333333335	0.0	0.0	10550.0
450	3595.8333333333335	0.0	0.0	11865.0
460	3816.1666666666665	0.0	0.0	10684.0
470	3684.1666666666665	0.0	0.0	10190.0
480	3864.1666666666665	0.0	0.0	11360.0
490	3380.6666666666665	0.0	0.0	13090.0
500	3637.0	0.0	0.0	10466.0
510	4080.5	0.0	0.0	9179.0
520	3660.3333333333335	0.0	0.0	9302.0
530	3731.8333333333335	0.0	0.0	9740.0
540	3635.6666666666665	0.0	0.0	11802.0
550	3630.3333333333335	0.0	0.0	12996.0
560	3849.3333333333335	0.0	0.0	11498.0
570	3911.1666666666665	0.0	0.0	10477.0
580	3922.6666666666665	0.0	0.0	11166.0
590	3449.0	0.0	0.0	11241.0
600	3784.0	0.0	0.0	9682.0
610	3509.1666666666665	0.0	0.0	11053.0
620	3924.0	0.0	0.0	12243.0
630	3816.6666666666665	0.0	0.0	8601.0
640	4078.5	0.0	0.0	11090.0
650	3726.1666666666665	0.0	0.0	9606.0
660	3777.8333333333335	0.0	0.0	12127.0
670	3894.5	0.0	0.0	9671.0
680	4036.5	0.0	0.0	9605.0
690	3528.3333333333335	0.0	0.0	9051.0
700	3732.3333333333335	0.0	0.0	13119.0
710	3539.0	0.0	0.0	11196.0
720	3760.8333333333335	0.0	0.0	10095.0
730	4006.3333333333335	0.0	0.0	9885.0
740	3587.5	0.0	0.0	11123.0
750	3766.5	0.0	0.0	9734.0
760	3941.1666666666665	0.0	0.0	12530.0
770	3760.0	0.0	0.0	10142.0
780	4030.8333333333335	0.0	0.0	7198.0
790	4162.666666666667	0.0	0.0	9058.0
800	3876.0	0.0	0.0	8523.0
