0	670.3333333333334	0.0	0.0	0.0
10	603.6666666666666	8.0	22.0	5622.0
20	1389.3333333333333	3.0	33.0	3581.0
30	1358.3333333333333	6.0	139.0	5546.0
40	1001.3333333333334	3.0	110.0	6621.0
50	1379.3333333333333	5.0	245.0	8100.0
60	2313.0	30.0	527.0	10024.0
70	1752.6666666666667	27.0	266.0	8986.0
80	2038.0	11.0	382.0	7863.0
90	2273.0	13.0	349.0	9228.0
100	2712.5	19.0	402.0	9417.0
110	2588.6666666666665	32.0	354.0	10514.0
120	2424.0	4.0	363.0	7680.0
130	2260.1666666666665	21.0	449.0	8986.0
140	2384.0	10.0	238.0	8463.0
150	2287.0	11.0	477.0	8233.0
160	2441.0	15.0	196.0	8251.0
170	2447.6666666666665	14.0	400.0	8854.0
180	2175.6666666666665	12.0	306.0	8821.0
190	2063.8333333333335	16.0	233.0	9133.0
200	1440.3333333333333	6.0	177.0	4799.0
210	1988.3333333333333	2.0	149.0	6087.0
220	1646.1666666666667	1.0	152.0	6253.0
230	1427.0	8.0	349.0	7430.0
240	1891.0	19.0	262.0	9239.0
250	2047.5	5.0	335.0	6715.0
260	2000.0	7.0	287.0	8145.0
270	2083.0	18.0	281.0	10033.0
280	2027.3333333333333	10.0	416.0	7232.0
290	1982.3333333333333	12.0	294.0	7851.0
300	2395.0	14.0	525.0	8124.0
310	1947.3333333333333	24.0	255.0	10392.0
320	2152.5	12.0	204.0	10377.0
330	2100.6666666666665	16.0	393.0	10045.0
340	2528.6666666666665	8.0	234.0	8128.0
350	1813.0	14.0	432.0	10712.0
360	1290.3333333333333	6.0	163.0	6798.0
370	2522.0	19.0	424.0	10258.0
380	2349.3333333333335	17.0	320.0	9626.0
390	2652.1666666666665	7.0	165.0	9921.0
400	2413.0	12.0	205.0	7693.0
410	2133.3333333333335	11.0	148.0	8199.0
420	2494.3333333333335	21.0	207.0	9194.0
430	2469.3333333333335	16.0	256.0	8785.0
440	2326.0	1.0	176.0	8263.0
450	2560.5	2.0	257.0	8060.0
460	2468.3333333333335	14.0	182.0	10722.0
470	2467.3333333333335	8.0	209.0	8696.0
480	2424.0	4.0	89.0	7764.0
490	2476.0	13.0	197.0	8874.0
500	2472.5	7.0	284.0	9084.0
510	2345.0	13.0	342.0	9465.0
520	2522.8333333333335	8.0	221.0	8326.0
530	2210.0	10.0	286.0	8533.0
540	2667.8333333333335	16.0	419.0	8879.0
550	2426.6666666666665	32.0	291.0	8529.0
560	2576.8333333333335	10.0	340.0	9630.0
570	2547.5	26.0	367.0	10081.0
580	2319.5	16.0	248.0	8455.0
590	2558.6666666666665	10.0	144.0	8104.0
600	2496.0	13.0	195.0	9579.0
610	2344.3333333333335	9.0	333.0	8798.0
620	2443.6666666666665	11.0	240.0	7518.0
630	2243.0	18.0	358.0	9479.0
640	2425.0	26.0	207.0	10982.0
650	2532.5	14.0	313.0	9010.0
660	2670.0	10.0	339.0	9070.0
670	1742.3333333333333	4.0	154.0	7422.0
680	1935.6666666666667	7.0	216.0	8820.0
690	1895.8333333333333	10.0	227.0	9807.0
700	1887.5	11.0	330.0	8923.0
710	2055.6666666666665	14.0	199.0	9047.0
720	1708.3333333333333	16.0	201.0	9849.0
730	2231.1666666666665	4.0	178.0	7436.0
740	2211.8333333333335	8.0	223.0	7768.0
750	2050.1666666666665	17.0	416.0	9446.0
760	1966.6666666666667	13.0	453.0	8810.0
770	2180.1666666666665	10.0	312.0	7619.0
780	2239.3333333333335	17.0	280.0	9698.0
790	2110.8333333333335	8.0	324.0	7869.0
800	2010.8333333333333	25.0	315.0	9827.0
810	2087.6666666666665	0.0	0.0	9165.0
820	2249.1666666666665	0.0	0.0	9945.0
830	1725.3333333333333	0.0	0.0	8380.0
840	2390.6666666666665	0.0	0.0	9778.0
850	2221.8333333333335	0.0	0.0	9450.0
860	2222.1666666666665	0.0	0.0	7901.0
870	2409.3333333333335	0.0	0.0	9176.0
880	2449.6666666666665	0.0	0.0	8852.0
890	2590.6666666666665	0.0	0.0	6450.0
900	2213.6666666666665	0.0	0.0	8309.0
910	2578.3333333333335	0.0	0.0	10437.0
920	2261.3333333333335	0.0	0.0	8668.0
930	2446.5	0.0	0.0	9332.0
940	2488.8333333333335	0.0	0.0	8820.0
950	2436.3333333333335	0.0	0.0	9428.0
960	2407.3333333333335	0.0	0.0	9660.0
970	2406.3333333333335	0.0	0.0	9241.0
980	2501.3333333333335	0.0	0.0	9747.0
990	2362.3333333333335	0.0	0.0	11190.0
1000	2427.3333333333335	0.0	0.0	10265.0
