0	2005.8333333333333	0.0	0.0	0.0
10	2064.8333333333335	5.0	7749.0	7749.0
20	2118.3333333333335	0.0	7774.0	7774.0
30	1975.5	3.0	7782.0	7782.0
40	2198.3333333333335	16.0	9840.0	9840.0
50	2210.5	2.0	9700.0	9700.0
60	2269.1666666666665	7.0	9245.0	9245.0
70	2264.1666666666665	7.0	8137.0	8137.0
80	2334.8333333333335	2.0	9587.0	9587.0
90	2453.8333333333335	0.0	8071.0	8071.0
100	2486.3333333333335	1.0	9083.0	9083.0
110	2149.1666666666665	2.0	6596.0	6596.0
120	2353.3333333333335	4.0	10111.0	10111.0
130	2681.0	0.0	7947.0	7947.0
140	2384.5	4.0	8511.0	8511.0
150	2485.1666666666665	7.0	9041.0	9041.0
160	2607.1666666666665	1.0	7394.0	7394.0
170	2634.0	0.0	8181.0	8181.0
180	2468.5	6.0	10289.0	10289.0
190	2362.0	0.0	6012.0	6012.0
200	2864.8333333333335	2.0	8468.0	8468.0
210	2306.5	0.0	6838.0	6838.0
220	2447.1666666666665	2.0	8392.0	8392.0
230	2629.0	0.0	10507.0	10507.0
240	2342.6666666666665	1.0	7357.0	7357.0
250	2516.5	1.0	7699.0	7699.0
260	2647.1666666666665	7.0	9974.0	9974.0
270	2551.1666666666665	2.0	10482.0	10482.0
280	3066.0	10.0	8289.0	8289.0
290	2942.1666666666665	3.0	8320.0	8320.0
300	2747.5	5.0	14909.0	14909.0
310	3119.6666666666665	3.0	9833.0	9833.0
320	3324.3333333333335	1.0	9821.0	9821.0
330	3376.1666666666665	0.0	10842.0	10842.0
340	2711.8333333333335	2.0	11261.0	11261.0
350	3217.6666666666665	5.0	8088.0	8088.0
360	3206.1666666666665	4.0	5283.0	5283.0
370	3452.8333333333335	7.0	12299.0	12299.0
380	2973.6666666666665	5.0	9159.0	9159.0
390	3457.6666666666665	3.0	11391.0	11391.0
400	3097.8333333333335	7.0	8584.0	8584.0
410	3168.3333333333335	1.0	9744.0	9744.0
420	3124.3333333333335	10.0	10535.0	10535.0
430	3808.5	6.0	10535.0	10535.0
440	3847.6666666666665	16.0	14260.0	14260.0
450	3369.0	11.0	12162.0	12162.0
460	3518.0	4.0	10426.0	10426.0
470	3752.6666666666665	14.0	11226.0	11226.0
480	3152.8333333333335	8.0	9426.0	9426.0
490	3259.3333333333335	19.0	14269.0	14269.0
500	3590.6666666666665	25.0	11285.0	11285.0
510	3542.5	24.0	12081.0	12081.0
520	3524.1666666666665	20.0	8179.0	8179.0
530	3360.6666666666665	24.0	9801.0	9801.0
540	3566.5	27.0	9402.0	9402.0
550	3929.8333333333335	29.0	12569.0	12569.0
560	3679.3333333333335	35.0	12542.0	12542.0
570	3801.8333333333335	24.0	14205.0	14205.0
580	3373.1666666666665	37.0	12018.0	12018.0
590	3776.3333333333335	45.0	13406.0	13406.0
600	3520.0	27.0	9449.0	9449.0
610	3901.0	30.0	8948.0	8948.0
620	3470.0	36.0	11329.0	11329.0
630	3824.3333333333335	57.0	12379.0	12379.0
640	3948.1666666666665	33.0	11924.0	11924.0
650	3729.1666666666665	41.0	11602.0	11602.0
660	3641.0	58.0	15044.0	15044.0
670	3584.1666666666665	49.0	11768.0	11768.0
680	3903.1666666666665	55.0	13294.0	13294.0
690	3587.1666666666665	33.0	9461.0	9461.0
700	3561.8333333333335	36.0	10719.0	10719.0
