0	1994.8333333333333	0.0	0.0	0.0
10	2221.5	1000.0	4314.0	11436.0
20	2374.0	0.0	0.0	8845.0
30	2472.8333333333335	0.0	0.0	4916.0
40	2259.5	0.0	0.0	7511.0
50	2381.5	0.0	0.0	10860.0
60	2674.1666666666665	0.0	0.0	11024.0
70	2416.8333333333335	0.0	0.0	12219.0
80	2674.8333333333335	0.0	0.0	10458.0
90	2796.6666666666665	0.0	0.0	12017.0
100	2778.6666666666665	0.0	0.0	6099.0
110	2383.3333333333335	0.0	0.0	6856.0
120	2824.6666666666665	0.0	0.0	11433.0
130	2498.3333333333335	0.0	0.0	10449.0
140	3014.0	0.0	0.0	8542.0
150	2709.6666666666665	0.0	0.0	12265.0
160	2976.6666666666665	0.0	0.0	11932.0
170	2600.3333333333335	0.0	0.0	8376.0
180	2421.3333333333335	0.0	0.0	8848.0
190	2796.6666666666665	0.0	0.0	10097.0
200	2768.0	0.0	0.0	10686.0
210	2652.5	0.0	0.0	6014.0
220	3129.8333333333335	0.0	0.0	9659.0
230	2550.3333333333335	0.0	0.0	10411.0
240	2821.0	0.0	0.0	10240.0
250	3228.5	0.0	0.0	9752.0
260	2735.6666666666665	0.0	0.0	7102.0
270	2782.0	0.0	0.0	9200.0
280	2935.5	0.0	0.0	11551.0
290	2668.8333333333335	0.0	0.0	11488.0
300	3273.8333333333335	0.0	0.0	9641.0
310	3151.1666666666665	0.0	0.0	7493.0
320	3025.5	0.0	0.0	6904.0
330	3146.6666666666665	0.0	0.0	9544.0
340	3061.5	0.0	0.0	14201.0
350	3259.3333333333335	0.0	0.0	7493.0
360	3486.6666666666665	0.0	0.0	9032.0
370	2940.3333333333335	0.0	0.0	14710.0
380	3634.3333333333335	0.0	0.0	7212.0
390	3591.3333333333335	0.0	0.0	11150.0
400	3028.6666666666665	0.0	0.0	10340.0
410	3492.8333333333335	0.0	0.0	9555.0
420	3393.3333333333335	0.0	0.0	8533.0
430	2971.0	0.0	0.0	6866.0
440	3197.0	0.0	0.0	6922.0
450	3507.5	0.0	0.0	8999.0
460	3304.1666666666665	0.0	0.0	8645.0
470	3235.6666666666665	0.0	0.0	10158.0
480	3591.0	0.0	0.0	11159.0
490	3439.0	0.0	0.0	9578.0
500	3582.8333333333335	0.0	0.0	8729.0
510	3323.5	0.0	0.0	11732.0
520	3433.3333333333335	0.0	0.0	9688.0
530	3540.3333333333335	0.0	0.0	6906.0
540	3658.0	0.0	0.0	9594.0
550	3096.1666666666665	0.0	0.0	5732.0
560	3567.0	0.0	0.0	9314.0
570	3647.0	0.0	0.0	10444.0
580	3746.3333333333335	0.0	0.0	12703.0
590	3890.1666666666665	0.0	0.0	11898.0
600	3620.5	0.0	0.0	9291.0
610	3676.5	0.0	0.0	10922.0
620	3868.0	0.0	0.0	9507.0
630	3810.0	0.0	0.0	12568.0
640	3492.5	0.0	0.0	12624.0
650	3696.1666666666665	0.0	0.0	11557.0
660	3797.1666666666665	0.0	0.0	10424.0
670	4082.1666666666665	0.0	0.0	10551.0
680	3596.6666666666665	0.0	0.0	8772.0
690	3883.5	0.0	0.0	11746.0
700	3919.0	0.0	0.0	11329.0
710	3979.8333333333335	0.0	0.0	8741.0
720	3718.1666666666665	0.0	0.0	8219.0
730	3699.3333333333335	0.0	0.0	9812.0
740	3719.3333333333335	0.0	0.0	9229.0
750	3802.3333333333335	0.0	0.0	11072.0
760	3762.3333333333335	0.0	0.0	11893.0
770	3753.5	0.0	0.0	9377.0
780	3755.8333333333335	0.0	0.0	12827.0
790	3838.6666666666665	0.0	0.0	11315.0
800	3356.6666666666665	0.0	0.0	7618.0
