0	2257.1666666666665	0.0	0.0	0.0
10	2156.6666666666665	1000.0	4156.0	11297.0
20	2304.5	0.0	0.0	10851.0
30	2343.1666666666665	0.0	0.0	5808.0
40	2605.5	0.0	0.0	9566.0
50	2247.5	0.0	0.0	10800.0
60	2081.1666666666665	0.0	0.0	7355.0
70	2507.8333333333335	0.0	0.0	9138.0
80	2401.3333333333335	0.0	0.0	9163.0
90	2825.6666666666665	0.0	0.0	10427.0
100	2517.0	0.0	0.0	9701.0
110	2589.6666666666665	0.0	0.0	8945.0
120	2671.5	0.0	0.0	8472.0
130	2543.8333333333335	0.0	0.0	9435.0
140	2258.3333333333335	0.0	0.0	9640.0
150	2648.6666666666665	0.0	0.0	11222.0
160	1974.8333333333333	0.0	0.0	8442.0
170	2632.8333333333335	0.0	0.0	8900.0
180	2828.0	0.0	0.0	8578.0
190	2345.6666666666665	0.0	0.0	10734.0
200	2472.5	0.0	0.0	7396.0
210	2721.0	0.0	0.0	8275.0
220	2425.6666666666665	0.0	0.0	9773.0
230	2540.3333333333335	0.0	0.0	8560.0
240	3120.1666666666665	0.0	0.0	11860.0
250	2619.3333333333335	0.0	0.0	9997.0
260	3094.1666666666665	0.0	0.0	9531.0
270	2729.8333333333335	0.0	0.0	8276.0
280	3236.3333333333335	0.0	0.0	7520.0
290	3523.3333333333335	0.0	0.0	9035.0
300	3113.8333333333335	0.0	0.0	11511.0
310	2677.1666666666665	0.0	0.0	11684.0
320	2811.5	0.0	0.0	9547.0
330	3105.1666666666665	0.0	0.0	10981.0
340	3338.8333333333335	0.0	0.0	9672.0
350	2860.8333333333335	0.0	0.0	7423.0
360	3327.0	0.0	0.0	12659.0
370	3675.6666666666665	0.0	0.0	10019.0
380	3446.3333333333335	0.0	0.0	10370.0
390	3289.1666666666665	0.0	0.0	9455.0
400	2641.3333333333335	0.0	0.0	9580.0
410	3220.3333333333335	0.0	0.0	11567.0
420	3563.0	0.0	0.0	8994.0
430	3141.8333333333335	0.0	0.0	12925.0
440	3357.8333333333335	0.0	0.0	10198.0
450	3614.0	0.0	0.0	10958.0
460	3338.8333333333335	0.0	0.0	9595.0
470	3406.1666666666665	0.0	0.0	8770.0
480	3227.5	0.0	0.0	6098.0
490	3192.6666666666665	0.0	0.0	9419.0
500	3449.1666666666665	0.0	0.0	9432.0
510	2893.0	0.0	0.0	13981.0
520	3445.1666666666665	0.0	0.0	10775.0
530	3352.6666666666665	0.0	0.0	10005.0
540	3450.5	0.0	0.0	8917.0
550	3476.8333333333335	0.0	0.0	11185.0
560	3702.8333333333335	0.0	0.0	8690.0
570	3500.8333333333335	0.0	0.0	8767.0
580	3537.3333333333335	0.0	0.0	12209.0
590	4013.8333333333335	0.0	0.0	11485.0
600	3876.0	0.0	0.0	10439.0
610	3445.3333333333335	0.0	0.0	11152.0
620	3572.5	0.0	0.0	13423.0
630	3722.8333333333335	0.0	0.0	8566.0
640	3526.0	0.0	0.0	8374.0
650	3912.8333333333335	0.0	0.0	14991.0
660	3942.1666666666665	0.0	0.0	11572.0
670	3406.1666666666665	0.0	0.0	8315.0
680	3090.0	0.0	0.0	8484.0
690	3902.3333333333335	0.0	0.0	10428.0
700	3271.1666666666665	0.0	0.0	10951.0
710	2870.0	0.0	0.0	11385.0
720	3386.5	0.0	0.0	10778.0
730	3576.6666666666665	0.0	0.0	9798.0
740	4238.166666666667	0.0	0.0	11810.0
750	3580.0	0.0	0.0	9105.0
760	3581.0	0.0	0.0	10186.0
770	4027.1666666666665	0.0	0.0	8263.0
780	3746.1666666666665	0.0	0.0	9673.0
790	3683.3333333333335	0.0	0.0	10214.0
800	4001.3333333333335	0.0	0.0	12521.0
