0	2389.8333333333335	0.0	0.0	0.0
10	2724.3333333333335	1000.0	11022.0	13344.0
20	3089.6666666666665	0.0	0.0	7161.0
30	2734.3333333333335	0.0	0.0	12595.0
40	2968.8333333333335	0.0	0.0	7146.0
50	2661.8333333333335	0.0	0.0	7668.0
60	3045.8333333333335	0.0	0.0	7788.0
70	3133.3333333333335	0.0	0.0	8933.0
80	3242.6666666666665	0.0	0.0	11160.0
90	3324.6666666666665	0.0	0.0	6900.0
100	3502.6666666666665	0.0	0.0	7032.0
110	2776.3333333333335	0.0	0.0	11654.0
120	3257.0	0.0	0.0	10391.0
130	3183.6666666666665	0.0	0.0	8126.0
140	3378.1666666666665	0.0	0.0	7511.0
150	3703.8333333333335	0.0	0.0	10077.0
160	3179.6666666666665	0.0	0.0	8656.0
170	2780.8333333333335	0.0	0.0	10756.0
180	3351.5	0.0	0.0	13172.0
190	2969.0	0.0	0.0	7629.0
200	3122.0	0.0	0.0	8604.0
210	2989.3333333333335	0.0	0.0	12502.0
220	3198.5	0.0	0.0	13374.0
230	2790.6666666666665	0.0	0.0	9000.0
240	3392.8333333333335	0.0	0.0	10574.0
250	3722.6666666666665	0.0	0.0	8012.0
260	3963.5	0.0	0.0	9037.0
270	3312.1666666666665	0.0	0.0	11680.0
280	3583.0	0.0	0.0	12602.0
290	3525.3333333333335	0.0	0.0	10261.0
300	3296.6666666666665	0.0	0.0	13826.0
310	4020.5	0.0	0.0	11509.0
320	3742.0	0.0	0.0	13491.0
330	3547.1666666666665	0.0	0.0	14113.0
340	3343.3333333333335	0.0	0.0	7919.0
350	3047.6666666666665	0.0	0.0	11663.0
360	3443.1666666666665	0.0	0.0	13746.0
370	3423.8333333333335	0.0	0.0	11716.0
380	3797.6666666666665	0.0	0.0	10370.0
390	3418.3333333333335	0.0	0.0	9019.0
400	3591.0	0.0	0.0	9570.0
410	3902.8333333333335	0.0	0.0	12728.0
420	3979.3333333333335	0.0	0.0	11057.0
430	4289.333333333333	0.0	0.0	10520.0
440	3533.5	0.0	0.0	8934.0
450	3953.3333333333335	0.0	0.0	9404.0
460	3688.3333333333335	0.0	0.0	9714.0
470	3624.5	0.0	0.0	7699.0
480	3660.5	0.0	0.0	12182.0
490	3672.8333333333335	0.0	0.0	10452.0
500	3575.3333333333335	0.0	0.0	7835.0
510	3699.1666666666665	0.0	0.0	11877.0
520	4035.1666666666665	0.0	0.0	11846.0
530	3512.0	0.0	0.0	9916.0
540	4040.3333333333335	0.0	0.0	12548.0
550	3834.6666666666665	0.0	0.0	9493.0
560	3794.1666666666665	0.0	0.0	9817.0
570	3547.6666666666665	0.0	0.0	11238.0
580	3637.8333333333335	0.0	0.0	9358.0
590	3844.5	0.0	0.0	10521.0
600	3780.1666666666665	0.0	0.0	8692.0
610	3569.6666666666665	0.0	0.0	8292.0
620	3705.5	0.0	0.0	9959.0
630	3566.0	0.0	0.0	12090.0
640	3555.1666666666665	0.0	0.0	9183.0
650	3726.1666666666665	0.0	0.0	10722.0
660	3763.3333333333335	0.0	0.0	10975.0
670	3588.5	0.0	0.0	11313.0
680	3929.0	0.0	0.0	9624.0
690	3657.3333333333335	0.0	0.0	8401.0
700	3672.6666666666665	0.0	0.0	9359.0
710	3842.6666666666665	0.0	0.0	9456.0
720	4096.166666666667	0.0	0.0	8933.0
730	3595.8333333333335	0.0	0.0	10917.0
740	3658.5	0.0	0.0	8035.0
750	3820.5	0.0	0.0	10084.0
760	3888.6666666666665	0.0	0.0	9241.0
770	3850.5	0.0	0.0	11322.0
780	3866.3333333333335	0.0	0.0	9630.0
790	3757.5	0.0	0.0	10590.0
800	3795.8333333333335	0.0	0.0	11550.0
