0	2234.5	0.0	0.0	0.0
10	2458.1666666666665	474.0	9115.0	9115.0
20	2267.1666666666665	526.0	7053.0	11858.0
30	2852.1666666666665	0.0	0.0	7006.0
40	3119.0	0.0	0.0	7067.0
50	2668.6666666666665	0.0	0.0	12718.0
60	2906.6666666666665	0.0	0.0	8555.0
70	3231.3333333333335	0.0	0.0	10110.0
80	2735.0	0.0	0.0	12193.0
90	3073.3333333333335	0.0	0.0	10577.0
100	3179.1666666666665	0.0	0.0	10531.0
110	3172.3333333333335	0.0	0.0	12794.0
120	3773.1666666666665	0.0	0.0	6259.0
130	3368.3333333333335	0.0	0.0	10474.0
140	3006.6666666666665	0.0	0.0	11536.0
150	3260.0	0.0	0.0	12807.0
160	3503.8333333333335	0.0	0.0	11292.0
170	3055.1666666666665	0.0	0.0	11568.0
180	3518.5	0.0	0.0	10189.0
190	3240.3333333333335	0.0	0.0	10320.0
200	3213.1666666666665	0.0	0.0	7660.0
210	3637.3333333333335	0.0	0.0	13078.0
220	3798.3333333333335	0.0	0.0	11830.0
230	3265.3333333333335	0.0	0.0	10095.0
240	3267.6666666666665	0.0	0.0	11304.0
250	3510.3333333333335	0.0	0.0	10695.0
260	3243.1666666666665	0.0	0.0	11439.0
270	3244.5	0.0	0.0	9589.0
280	2920.8333333333335	0.0	0.0	8557.0
290	3360.8333333333335	0.0	0.0	9587.0
300	3727.3333333333335	0.0	0.0	8657.0
310	3647.8333333333335	0.0	0.0	9817.0
320	3590.6666666666665	0.0	0.0	12075.0
330	3800.1666666666665	0.0	0.0	10739.0
340	4092.8333333333335	0.0	0.0	12460.0
350	4074.1666666666665	0.0	0.0	9264.0
360	3615.8333333333335	0.0	0.0	11136.0
370	3834.6666666666665	0.0	0.0	11845.0
380	3311.8333333333335	0.0	0.0	10066.0
390	3802.8333333333335	0.0	0.0	10795.0
400	3822.1666666666665	0.0	0.0	8984.0
410	4013.0	0.0	0.0	10618.0
420	3568.8333333333335	0.0	0.0	11030.0
430	3689.1666666666665	0.0	0.0	10797.0
440	3511.0	0.0	0.0	10345.0
450	3595.1666666666665	0.0	0.0	9963.0
460	3912.8333333333335	0.0	0.0	10134.0
470	3843.5	0.0	0.0	10888.0
480	3819.5	0.0	0.0	10566.0
490	3950.8333333333335	0.0	0.0	10187.0
500	3744.0	0.0	0.0	12427.0
510	3819.0	0.0	0.0	11495.0
520	4085.5	0.0	0.0	9876.0
530	3788.3333333333335	0.0	0.0	7234.0
540	3816.3333333333335	0.0	0.0	9055.0
550	3753.3333333333335	0.0	0.0	10008.0
560	3629.5	0.0	0.0	10128.0
570	3829.8333333333335	0.0	0.0	9709.0
580	3952.8333333333335	0.0	0.0	8855.0
590	3736.0	0.0	0.0	8979.0
600	3503.8333333333335	0.0	0.0	11058.0
610	3974.8333333333335	0.0	0.0	9080.0
620	3683.0	0.0	0.0	10531.0
630	3774.5	0.0	0.0	11081.0
640	3214.3333333333335	0.0	0.0	12350.0
650	3220.1666666666665	0.0	0.0	11867.0
660	3944.3333333333335	0.0	0.0	11874.0
670	3520.5	0.0	0.0	8197.0
680	3654.6666666666665	0.0	0.0	10263.0
690	3652.8333333333335	0.0	0.0	9524.0
700	3648.8333333333335	0.0	0.0	9947.0
710	3665.8333333333335	0.0	0.0	10302.0
720	3726.6666666666665	0.0	0.0	8828.0
730	3847.3333333333335	0.0	0.0	12173.0
740	3669.0	0.0	0.0	11110.0
750	3702.0	0.0	0.0	6468.0
760	3452.8333333333335	0.0	0.0	9818.0
770	3792.3333333333335	0.0	0.0	8853.0
780	3205.5	0.0	0.0	10349.0
790	3496.8333333333335	0.0	0.0	12839.0
800	3797.5	0.0	0.0	10236.0
