0	250.66666666666666	0.0	0.0	0.0
10	2027.0	0.0	0.0	7858.0
20	1999.0	0.0	0.0	8488.0
30	2270.0	0.0	0.0	6865.0
40	2033.3333333333333	0.0	0.0	8576.0
50	2290.0	0.0	0.0	9961.0
60	2328.3333333333335	0.0	0.0	7018.0
70	2349.0	0.0	0.0	7117.0
80	2348.0	0.0	0.0	14003.0
90	2280.0	0.0	0.0	8084.0
100	2643.3333333333335	0.0	0.0	9484.0
110	2483.0	0.0	0.0	11652.0
120	2450.3333333333335	0.0	0.0	8153.0
130	2644.0	0.0	0.0	5191.0
140	2042.3333333333333	0.0	0.0	8038.0
150	2369.3333333333335	0.0	0.0	8741.0
160	1951.0	0.0	0.0	9871.0
170	2257.0	0.0	0.0	9603.0
180	2203.3333333333335	0.0	0.0	6394.0
190	2225.6666666666665	0.0	0.0	8502.0
200	2498.6666666666665	0.0	0.0	7532.0
