0	2293.3333333333335	0.0	0.0	0.0
10	2382.5	66.0	653.0	8124.0
20	2266.0	46.0	821.0	10826.0
30	2355.6666666666665	30.0	492.0	6028.0
40	2325.6666666666665	2.0	647.0	7413.0
50	2360.1666666666665	0.0	264.0	6451.0
60	2435.3333333333335	126.0	1023.0	10441.0
70	2249.0	106.0	918.0	9253.0
80	2514.6666666666665	63.0	655.0	8965.0
90	2335.5	20.0	570.0	8633.0
100	2672.5	16.0	886.0	9653.0
110	2278.5	9.0	744.0	9331.0
120	2817.0	54.0	888.0	10624.0
130	2614.8333333333335	0.0	512.0	7695.0
140	2259.5	41.0	640.0	7293.0
150	2498.3333333333335	35.0	765.0	9467.0
160	2338.3333333333335	2.0	643.0	7729.0
170	2149.1666666666665	2.0	559.0	9350.0
180	2189.5	23.0	569.0	8950.0
190	2624.3333333333335	24.0	586.0	8564.0
200	2855.3333333333335	30.0	812.0	11191.0
210	2301.0	24.0	661.0	9384.0
220	2958.5	48.0	571.0	7502.0
230	2820.3333333333335	75.0	900.0	12008.0
240	2977.5	41.0	479.0	8653.0
250	2717.5	44.0	688.0	9494.0
260	2635.5	0.0	430.0	5897.0
270	3244.1666666666665	22.0	728.0	10228.0
280	2690.5	8.0	806.0	12442.0
290	3189.5	15.0	826.0	10827.0
300	3185.1666666666665	0.0	771.0	12200.0
310	3388.8333333333335	0.0	719.0	10483.0
320	3466.1666666666665	0.0	798.0	10866.0
330	3306.6666666666665	8.0	847.0	9719.0
340	3013.8333333333335	0.0	810.0	11243.0
350	2852.6666666666665	0.0	707.0	12497.0
360	3161.5	0.0	658.0	9182.0
370	3388.3333333333335	0.0	811.0	9785.0
380	3071.6666666666665	20.0	95.0	7823.0
390	3432.5	0.0	0.0	13592.0
400	3362.1666666666665	0.0	0.0	12342.0
410	3207.6666666666665	0.0	0.0	10950.0
420	3226.8333333333335	0.0	0.0	11455.0
430	2939.5	0.0	0.0	12043.0
440	3166.3333333333335	0.0	0.0	9820.0
450	3069.6666666666665	0.0	0.0	11745.0
460	3215.3333333333335	0.0	0.0	13864.0
470	3423.6666666666665	0.0	0.0	10704.0
480	3641.5	0.0	0.0	7812.0
490	3528.8333333333335	0.0	0.0	10221.0
500	3818.0	0.0	0.0	8794.0
510	3852.5	0.0	0.0	8813.0
520	3176.6666666666665	0.0	0.0	12933.0
530	3420.6666666666665	0.0	0.0	10468.0
540	3207.1666666666665	0.0	0.0	10144.0
550	3462.8333333333335	0.0	0.0	8711.0
560	3861.5	0.0	0.0	13286.0
570	3588.3333333333335	0.0	0.0	10769.0
580	3152.1666666666665	0.0	0.0	10208.0
590	3214.0	0.0	0.0	13727.0
600	3736.8333333333335	0.0	0.0	12294.0
610	3911.1666666666665	0.0	0.0	9873.0
620	3860.1666666666665	0.0	0.0	9952.0
630	3907.1666666666665	0.0	0.0	9923.0
640	4170.5	0.0	0.0	12182.0
650	3884.6666666666665	0.0	0.0	9880.0
660	3321.8333333333335	0.0	0.0	8292.0
670	3501.0	0.0	0.0	10285.0
680	3317.3333333333335	0.0	0.0	10161.0
690	3585.3333333333335	0.0	0.0	12358.0
700	4047.8333333333335	0.0	0.0	11823.0
710	3727.5	0.0	0.0	10103.0
720	3956.0	0.0	0.0	9655.0
730	3696.8333333333335	0.0	0.0	10033.0
740	3774.6666666666665	0.0	0.0	11638.0
750	3636.0	0.0	0.0	8597.0
760	3774.1666666666665	0.0	0.0	8853.0
770	3520.6666666666665	0.0	0.0	10870.0
780	3758.0	0.0	0.0	12647.0
790	3913.5	0.0	0.0	8645.0
800	3783.8333333333335	0.0	0.0	11987.0
