0	2257.3333333333335	0.0	0.0	0.0
10	2301.0	14.0	523.0	8549.0
20	2290.6666666666665	54.0	460.0	8267.0
30	2244.6666666666665	0.0	634.0	8308.0
40	2212.1666666666665	60.0	937.0	11685.0
50	2318.8333333333335	27.0	705.0	9147.0
60	2488.6666666666665	35.0	214.0	5546.0
70	2332.1666666666665	5.0	810.0	10109.0
80	2598.5	25.0	777.0	10301.0
90	2429.0	14.0	590.0	8753.0
100	2426.3333333333335	41.0	414.0	7145.0
110	2506.3333333333335	0.0	522.0	7993.0
120	2517.8333333333335	49.0	849.0	9480.0
130	2382.6666666666665	30.0	458.0	6924.0
140	2540.1666666666665	11.0	487.0	7164.0
150	2198.5	0.0	263.0	4533.0
160	2238.1666666666665	25.0	537.0	8792.0
170	2068.6666666666665	0.0	368.0	5031.0
180	2247.5	47.0	914.0	9475.0
190	2071.6666666666665	2.0	607.0	8717.0
200	2314.8333333333335	67.0	643.0	8258.0
210	2130.6666666666665	0.0	418.0	6092.0
220	2201.6666666666665	9.0	352.0	4564.0
230	2463.3333333333335	62.0	583.0	7557.0
240	2129.8333333333335	53.0	629.0	8755.0
250	2541.6666666666665	23.0	521.0	9055.0
260	2365.5	0.0	647.0	9719.0
270	2195.6666666666665	77.0	763.0	10659.0
280	2211.3333333333335	35.0	607.0	9800.0
290	2574.0	137.0	797.0	10768.0
300	2402.8333333333335	75.0	569.0	8016.0
310	2392.1666666666665	23.0	513.0	11865.0
320	2819.3333333333335	0.0	0.0	9120.0
330	2820.6666666666665	0.0	0.0	6627.0
340	2646.1666666666665	0.0	0.0	9818.0
350	2627.5	0.0	0.0	8631.0
360	2907.8333333333335	0.0	0.0	7423.0
370	3027.3333333333335	0.0	0.0	10228.0
380	2969.5	0.0	0.0	11358.0
390	3087.8333333333335	0.0	0.0	9277.0
400	2981.3333333333335	0.0	0.0	10405.0
410	3136.5	0.0	0.0	12463.0
420	2738.6666666666665	0.0	0.0	8961.0
430	2695.3333333333335	0.0	0.0	10236.0
440	3548.6666666666665	0.0	0.0	9726.0
450	3305.1666666666665	0.0	0.0	10702.0
460	3219.8333333333335	0.0	0.0	13714.0
470	3199.3333333333335	0.0	0.0	9853.0
480	3441.3333333333335	0.0	0.0	7533.0
490	4002.5	0.0	0.0	8594.0
500	3344.3333333333335	0.0	0.0	8906.0
510	3430.8333333333335	0.0	0.0	10736.0
520	2864.3333333333335	0.0	0.0	11924.0
530	3928.0	0.0	0.0	9786.0
540	3789.8333333333335	0.0	0.0	11652.0
550	3292.8333333333335	0.0	0.0	10254.0
560	3265.5	0.0	0.0	9402.0
570	3766.0	0.0	0.0	10833.0
580	3421.0	0.0	0.0	9525.0
590	3816.1666666666665	0.0	0.0	10388.0
600	3989.0	0.0	0.0	12921.0
610	3752.5	0.0	0.0	11171.0
620	3016.6666666666665	0.0	0.0	11235.0
630	3689.5	0.0	0.0	12949.0
640	3496.8333333333335	0.0	0.0	12783.0
650	3584.6666666666665	0.0	0.0	9851.0
660	3613.8333333333335	0.0	0.0	10442.0
670	3334.6666666666665	0.0	0.0	9229.0
680	3879.6666666666665	0.0	0.0	10251.0
690	3490.3333333333335	0.0	0.0	8738.0
700	3671.5	0.0	0.0	9058.0
710	3912.6666666666665	0.0	0.0	10591.0
720	3643.0	0.0	0.0	9317.0
730	3655.3333333333335	0.0	0.0	9084.0
740	3627.3333333333335	0.0	0.0	7273.0
750	3821.0	0.0	0.0	11141.0
760	3531.8333333333335	0.0	0.0	10093.0
770	3007.3333333333335	0.0	0.0	10549.0
780	3886.1666666666665	0.0	0.0	11569.0
790	3224.8333333333335	0.0	0.0	9457.0
800	3129.3333333333335	0.0	0.0	12510.0
