0	2662.0	0.0	0.0	0.0
10	2526.5	1.0	140.0	8828.0
20	2658.0	1.0	100.0	11496.0
30	2801.8333333333335	3.0	85.0	6901.0
40	2534.0	0.0	54.0	7302.0
50	2251.5	0.0	31.0	6599.0
60	2382.6666666666665	1.0	66.0	8600.0
70	2724.0	0.0	25.0	10812.0
80	2639.3333333333335	1.0	72.0	10398.0
90	2605.3333333333335	0.0	15.0	7288.0
100	2524.6666666666665	0.0	92.0	10774.0
110	2441.6666666666665	0.0	65.0	9362.0
120	2410.8333333333335	0.0	51.0	9485.0
130	2559.3333333333335	0.0	23.0	11591.0
140	3028.0	0.0	38.0	11253.0
150	2712.0	0.0	63.0	9193.0
160	2894.8333333333335	1.0	56.0	7707.0
170	2633.5	0.0	76.0	8799.0
180	2484.6666666666665	0.0	41.0	9826.0
190	3267.3333333333335	0.0	16.0	5559.0
200	2871.0	0.0	23.0	12585.0
210	2846.8333333333335	0.0	49.0	8335.0
220	3120.1666666666665	0.0	26.0	7964.0
230	2997.5	0.0	59.0	10541.0
240	3095.3333333333335	0.0	94.0	8806.0
250	3225.8333333333335	0.0	79.0	12824.0
260	3517.5	0.0	35.0	11163.0
270	3445.5	0.0	106.0	7739.0
280	2803.1666666666665	0.0	25.0	10112.0
290	3217.5	0.0	53.0	9890.0
300	3812.1666666666665	2.0	66.0	10544.0
310	3026.6666666666665	0.0	61.0	7426.0
320	3638.1666666666665	0.0	43.0	10406.0
330	3593.0	0.0	37.0	10947.0
340	3929.0	0.0	76.0	8981.0
350	3377.0	0.0	32.0	10944.0
360	3233.0	0.0	58.0	11186.0
370	3614.5	0.0	68.0	10245.0
380	3537.5	0.0	43.0	8715.0
390	3869.6666666666665	0.0	91.0	9852.0
400	4076.1666666666665	0.0	19.0	8073.0
410	3660.6666666666665	0.0	77.0	10521.0
420	3724.5	0.0	45.0	7430.0
430	3301.6666666666665	0.0	86.0	8293.0
440	3817.6666666666665	0.0	26.0	10804.0
450	3967.6666666666665	0.0	72.0	10526.0
460	3750.5	0.0	69.0	7637.0
470	3644.6666666666665	0.0	89.0	12223.0
480	3930.0	0.0	34.0	8105.0
490	3517.5	0.0	93.0	14589.0
500	3805.0	0.0	86.0	12693.0
510	3922.0	0.0	44.0	12777.0
520	3664.0	0.0	53.0	8946.0
530	3874.3333333333335	0.0	69.0	10063.0
540	4050.0	0.0	50.0	11278.0
550	3555.5	0.0	87.0	9868.0
560	3474.3333333333335	0.0	29.0	10393.0
570	3778.5	0.0	44.0	9467.0
580	3461.5	0.0	36.0	11201.0
590	3621.0	0.0	29.0	11341.0
600	4044.5	0.0	60.0	10925.0
610	3665.6666666666665	0.0	91.0	11608.0
620	3714.1666666666665	0.0	111.0	9835.0
630	3519.0	0.0	22.0	11874.0
640	3690.3333333333335	0.0	28.0	8508.0
650	3878.1666666666665	0.0	55.0	12263.0
660	3712.3333333333335	0.0	79.0	10177.0
670	3908.5	0.0	23.0	11950.0
680	3855.0	0.0	40.0	9933.0
690	3937.3333333333335	0.0	64.0	13248.0
700	3470.1666666666665	0.0	38.0	8358.0
710	3864.1666666666665	0.0	52.0	11509.0
720	3678.6666666666665	0.0	93.0	9165.0
730	3745.6666666666665	0.0	59.0	11100.0
740	3610.5	0.0	85.0	9039.0
750	3759.3333333333335	0.0	50.0	10846.0
760	3862.1666666666665	0.0	38.0	8768.0
770	4067.1666666666665	0.0	56.0	12880.0
780	3945.8333333333335	0.0	66.0	7807.0
790	3045.5	0.0	127.0	11231.0
800	3618.5	0.0	40.0	9825.0
