0	2742.0	0.0	0.0	0.0
10	2118.8333333333335	0.0	179.0	9456.0
20	2923.6666666666665	1.0	181.0	9486.0
30	2346.3333333333335	0.0	19.0	7381.0
40	2505.0	3.0	51.0	10929.0
50	2489.1666666666665	0.0	67.0	9183.0
60	2701.1666666666665	0.0	28.0	7663.0
70	2442.5	0.0	19.0	6959.0
80	2202.5	0.0	35.0	10253.0
90	1898.5	0.0	41.0	6728.0
100	2290.3333333333335	0.0	25.0	8290.0
110	2259.0	0.0	28.0	8475.0
120	2677.8333333333335	0.0	96.0	11411.0
130	2882.1666666666665	0.0	48.0	9146.0
140	2649.5	0.0	30.0	8882.0
150	2613.1666666666665	0.0	62.0	11338.0
160	2899.1666666666665	0.0	61.0	9930.0
170	2914.8333333333335	0.0	55.0	6940.0
180	3237.1666666666665	0.0	32.0	10405.0
190	3092.0	0.0	68.0	8744.0
200	2835.0	0.0	47.0	9443.0
210	3123.1666666666665	0.0	40.0	7704.0
220	2678.1666666666665	0.0	43.0	8193.0
230	3194.5	0.0	25.0	9201.0
240	2925.5	0.0	74.0	8431.0
250	3382.6666666666665	0.0	35.0	10037.0
260	3495.0	0.0	47.0	9736.0
270	2929.3333333333335	0.0	52.0	11821.0
280	3579.6666666666665	0.0	75.0	9414.0
290	3308.3333333333335	0.0	56.0	8548.0
300	3135.1666666666665	0.0	148.0	9438.0
310	3106.5	0.0	28.0	8432.0
320	3222.1666666666665	0.0	30.0	7166.0
330	3595.6666666666665	0.0	72.0	11309.0
340	3335.1666666666665	0.0	52.0	10052.0
350	3376.5	0.0	79.0	7892.0
360	3020.1666666666665	0.0	111.0	9894.0
370	3463.0	0.0	58.0	7307.0
380	3097.6666666666665	0.0	37.0	8672.0
390	3129.6666666666665	0.0	33.0	8674.0
400	3359.6666666666665	0.0	30.0	9415.0
410	3591.0	0.0	59.0	8991.0
420	3247.3333333333335	0.0	49.0	12551.0
430	3537.1666666666665	0.0	59.0	8132.0
440	3982.0	0.0	20.0	12441.0
450	3271.3333333333335	0.0	27.0	12062.0
460	3309.0	0.0	76.0	10290.0
470	4045.8333333333335	0.0	51.0	8408.0
480	4094.0	0.0	70.0	9018.0
490	3952.0	0.0	122.0	11040.0
500	3833.8333333333335	0.0	80.0	11320.0
510	4059.1666666666665	0.0	91.0	11542.0
520	3674.8333333333335	0.0	79.0	11181.0
530	4024.0	0.0	37.0	9825.0
540	3931.1666666666665	0.0	47.0	13681.0
550	3954.3333333333335	0.0	66.0	12178.0
560	3885.0	0.0	31.0	12465.0
570	3965.1666666666665	0.0	55.0	9519.0
580	3796.0	0.0	105.0	10221.0
590	3369.5	0.0	56.0	9475.0
600	3697.0	0.0	32.0	12419.0
610	4008.0	0.0	38.0	11356.0
620	3648.3333333333335	0.0	30.0	12328.0
630	3915.1666666666665	0.0	59.0	10246.0
640	4013.3333333333335	0.0	70.0	10169.0
650	3704.8333333333335	0.0	110.0	8120.0
660	3789.1666666666665	0.0	107.0	11801.0
670	3963.5	0.0	83.0	9859.0
680	3692.6666666666665	0.0	44.0	7383.0
690	3888.0	0.0	105.0	11304.0
700	3860.5	0.0	31.0	9758.0
710	3491.5	0.0	66.0	9574.0
720	3590.8333333333335	0.0	51.0	9406.0
730	3703.8333333333335	0.0	45.0	8582.0
740	3480.8333333333335	0.0	43.0	10359.0
750	4024.5	0.0	67.0	14597.0
760	3886.0	0.0	106.0	11776.0
770	3636.1666666666665	0.0	83.0	10483.0
780	4057.6666666666665	0.0	115.0	10638.0
790	3632.0	0.0	51.0	9748.0
800	3711.1666666666665	0.0	78.0	10485.0
