0	275.0	0.0	0.0	0.0
10	1886.0	33.0	2091.0	8450.0
20	1779.5	144.0	4858.0	8468.0
30	1888.6666666666667	64.0	5788.0	8673.0
40	2198.6666666666665	141.0	6367.0	8505.0
50	2032.3333333333333	133.0	5717.0	8829.0
60	2334.8333333333335	151.0	6753.0	10990.0
70	2475.6666666666665	56.0	5992.0	9091.0
80	2517.5	104.0	7481.0	12304.0
90	2509.0	158.0	6544.0	9996.0
100	2103.6666666666665	16.0	2346.0	6949.0
110	2529.6666666666665	0.0	0.0	6961.0
120	2484.1666666666665	0.0	0.0	8419.0
130	2396.3333333333335	0.0	0.0	8494.0
140	2786.1666666666665	0.0	0.0	8512.0
150	2544.0	0.0	0.0	7383.0
160	2752.0	0.0	0.0	13414.0
170	2684.3333333333335	0.0	0.0	9319.0
180	2444.5	0.0	0.0	7059.0
190	2666.0	0.0	0.0	8324.0
200	2610.1666666666665	0.0	0.0	8315.0
210	2764.1666666666665	0.0	0.0	9829.0
220	2634.3333333333335	0.0	0.0	8052.0
230	2427.6666666666665	0.0	0.0	6384.0
240	2785.8333333333335	0.0	0.0	6581.0
250	2684.0	0.0	0.0	9706.0
260	2255.5	0.0	0.0	10476.0
270	2605.6666666666665	0.0	0.0	6812.0
280	2719.8333333333335	0.0	0.0	10145.0
290	2673.1666666666665	0.0	0.0	10172.0
300	2837.6666666666665	0.0	0.0	10113.0
310	2814.3333333333335	0.0	0.0	10045.0
320	2970.8333333333335	0.0	0.0	12899.0
330	3583.0	0.0	0.0	10084.0
340	3218.5	0.0	0.0	10201.0
350	3213.1666666666665	0.0	0.0	13287.0
360	2954.8333333333335	0.0	0.0	11934.0
370	3196.1666666666665	0.0	0.0	11264.0
380	3501.5	0.0	0.0	10692.0
390	3410.1666666666665	0.0	0.0	10045.0
400	3559.5	0.0	0.0	12328.0
410	3314.5	0.0	0.0	9035.0
420	3492.3333333333335	0.0	0.0	10545.0
430	3116.3333333333335	0.0	0.0	9887.0
440	3329.5	0.0	0.0	7117.0
450	3294.5	0.0	0.0	9608.0
460	3739.6666666666665	0.0	0.0	10082.0
470	3544.0	0.0	0.0	9823.0
480	3436.3333333333335	0.0	0.0	10095.0
490	3941.6666666666665	0.0	0.0	10979.0
500	3370.6666666666665	0.0	0.0	8800.0
510	3192.8333333333335	0.0	0.0	7747.0
520	3646.5	0.0	0.0	10220.0
530	3418.6666666666665	0.0	0.0	9169.0
540	3522.5	0.0	0.0	11022.0
550	3448.5	0.0	0.0	8947.0
560	2891.6666666666665	0.0	0.0	11983.0
570	3199.1666666666665	0.0	0.0	10128.0
580	3332.1666666666665	0.0	0.0	9100.0
590	3881.8333333333335	0.0	0.0	9662.0
600	3753.8333333333335	0.0	0.0	8384.0
610	3551.3333333333335	0.0	0.0	14597.0
620	3768.5	0.0	0.0	9781.0
630	3566.8333333333335	0.0	0.0	11681.0
640	3819.0	0.0	0.0	9965.0
650	3762.8333333333335	0.0	0.0	12180.0
660	3867.0	0.0	0.0	11651.0
670	4174.0	0.0	0.0	9523.0
680	3549.3333333333335	0.0	0.0	10013.0
690	3773.6666666666665	0.0	0.0	10197.0
700	3766.0	0.0	0.0	11674.0
710	3615.0	0.0	0.0	9023.0
720	3988.6666666666665	0.0	0.0	9732.0
730	3847.5	0.0	0.0	11075.0
740	3672.8333333333335	0.0	0.0	9328.0
750	3692.6666666666665	0.0	0.0	7769.0
760	3672.1666666666665	0.0	0.0	9466.0
770	3955.0	0.0	0.0	10053.0
780	3791.3333333333335	0.0	0.0	10604.0
790	3840.8333333333335	0.0	0.0	10157.0
800	3655.6666666666665	0.0	0.0	11082.0
810	3775.1666666666665	0.0	0.0	9601.0
820	3928.0	0.0	0.0	9664.0
830	3728.8333333333335	0.0	0.0	10308.0
840	3727.0	0.0	0.0	9708.0
850	3703.1666666666665	0.0	0.0	8996.0
860	3904.3333333333335	0.0	0.0	11164.0
870	3826.6666666666665	0.0	0.0	11387.0
880	3594.8333333333335	0.0	0.0	9107.0
890	3913.3333333333335	0.0	0.0	13276.0
900	3771.1666666666665	0.0	0.0	13765.0
910	4010.1666666666665	0.0	0.0	13264.0
920	3628.0	0.0	0.0	12090.0
930	3560.1666666666665	0.0	0.0	11325.0
940	3495.1666666666665	0.0	0.0	9094.0
950	3814.8333333333335	0.0	0.0	10673.0
960	3793.8333333333335	0.0	0.0	10591.0
970	3883.1666666666665	0.0	0.0	10282.0
980	3675.1666666666665	0.0	0.0	12649.0
990	3783.1666666666665	0.0	0.0	8840.0
1000	3890.0	0.0	0.0	9526.0
