0	1661.8333333333333	0.0	0.0	0.0
10	1718.0	293.0	1831.0	6389.0
20	1744.6666666666667	110.0	1179.0	6414.0
30	1608.6666666666667	353.0	1877.0	7908.0
40	1718.3333333333333	244.0	1662.0	7697.0
50	1683.3333333333333	0.0	0.0	6482.0
60	1792.1666666666667	0.0	0.0	7428.0
70	1654.6666666666667	0.0	0.0	5597.0
80	1680.3333333333333	0.0	0.0	8211.0
90	1493.0	0.0	0.0	7736.0
100	1518.1666666666667	0.0	0.0	6561.0
110	1723.0	0.0	0.0	6479.0
120	1583.3333333333333	0.0	0.0	8122.0
130	1761.3333333333333	0.0	0.0	9945.0
140	1662.3333333333333	0.0	0.0	5954.0
150	1608.0	0.0	0.0	7975.0
160	1623.6666666666667	0.0	0.0	5465.0
170	1613.0	0.0	0.0	4675.0
180	1541.3333333333333	0.0	0.0	5921.0
190	1513.0	0.0	0.0	8853.0
200	1713.3333333333333	0.0	0.0	9030.0
210	1575.6666666666667	0.0	0.0	7159.0
220	1545.5	0.0	0.0	7631.0
230	1582.6666666666667	0.0	0.0	7269.0
240	1630.3333333333333	0.0	0.0	5737.0
250	1507.6666666666667	0.0	0.0	5914.0
260	1426.3333333333333	0.0	0.0	7446.0
270	1406.3333333333333	0.0	0.0	6632.0
280	1466.6666666666667	0.0	0.0	4747.0
290	1463.3333333333333	0.0	0.0	4858.0
300	1578.0	0.0	0.0	7263.0
310	1376.3333333333333	0.0	0.0	7647.0
320	1429.5	0.0	0.0	7775.0
330	1387.6666666666667	0.0	0.0	6947.0
340	1366.8333333333333	0.0	0.0	7028.0
350	1264.3333333333333	0.0	0.0	8010.0
360	1280.6666666666667	0.0	0.0	6251.0
370	1431.3333333333333	0.0	0.0	6207.0
380	1183.0	0.0	0.0	5286.0
390	1548.6666666666667	0.0	0.0	6562.0
400	1548.3333333333333	0.0	0.0	5390.0
410	1435.6666666666667	0.0	0.0	5215.0
420	1494.6666666666667	0.0	0.0	5865.0
430	1267.3333333333333	0.0	0.0	4488.0
440	1373.0	0.0	0.0	9236.0
450	1466.3333333333333	0.0	0.0	5659.0
460	1374.3333333333333	0.0	0.0	8409.0
470	1335.0	0.0	0.0	5166.0
480	1400.3333333333333	0.0	0.0	6410.0
490	1370.0	0.0	0.0	4965.0
500	1466.0	0.0	0.0	5926.0
510	1363.3333333333333	0.0	0.0	6161.0
520	1405.0	0.0	0.0	6964.0
530	1352.6666666666667	0.0	0.0	5576.0
540	1394.6666666666667	0.0	0.0	5586.0
550	1418.3333333333333	0.0	0.0	4258.0
560	1535.0	0.0	0.0	6568.0
570	1326.0	0.0	0.0	7069.0
580	1347.1666666666667	0.0	0.0	7061.0
590	1386.3333333333333	0.0	0.0	6758.0
600	1328.6666666666667	0.0	0.0	4140.0
610	1382.6666666666667	0.0	0.0	6535.0
620	1397.0	0.0	0.0	6420.0
630	1317.3333333333333	0.0	0.0	6292.0
640	1431.0	0.0	0.0	5045.0
650	1460.6666666666667	0.0	0.0	5384.0
660	1370.0	0.0	0.0	8437.0
670	1508.6666666666667	0.0	0.0	7906.0
680	1529.6666666666667	0.0	0.0	5181.0
690	1310.1666666666667	0.0	0.0	6056.0
700	1355.6666666666667	0.0	0.0	5452.0
710	1552.6666666666667	0.0	0.0	4981.0
720	1378.0	0.0	0.0	6793.0
730	1354.6666666666667	0.0	0.0	5570.0
740	1371.6666666666667	0.0	0.0	6689.0
750	1292.1666666666667	0.0	0.0	8004.0
760	1415.0	0.0	0.0	6308.0
770	1302.0	0.0	0.0	6075.0
780	1417.0	0.0	0.0	5681.0
790	1375.6666666666667	0.0	0.0	6536.0
800	1416.0	0.0	0.0	6345.0
810	1279.0	0.0	0.0	4199.0
820	1451.6666666666667	0.0	0.0	6578.0
830	1341.3333333333333	0.0	0.0	5428.0
840	1398.6666666666667	0.0	0.0	5825.0
850	1299.6666666666667	0.0	0.0	6257.0
860	1432.3333333333333	0.0	0.0	7859.0
870	1117.3333333333333	0.0	0.0	6025.0
880	1474.6666666666667	0.0	0.0	5007.0
890	1355.6666666666667	0.0	0.0	7094.0
900	1353.6666666666667	0.0	0.0	3877.0
910	1148.6666666666667	0.0	0.0	4547.0
920	1271.6666666666667	0.0	0.0	6251.0
930	1417.0	0.0	0.0	6049.0
940	1285.6666666666667	0.0	0.0	6484.0
950	1480.6666666666667	0.0	0.0	4717.0
960	1340.6666666666667	0.0	0.0	6343.0
970	1211.3333333333333	0.0	0.0	4350.0
980	1157.0	0.0	0.0	4881.0
990	1090.0	0.0	0.0	5934.0
1000	1452.0	0.0	0.0	5629.0
