0	1699.8333333333333	0.0	0.0	0.0
10	1594.6666666666667	561.0	2128.0	8582.0
20	1663.6666666666667	439.0	1942.0	8610.0
30	2024.3333333333333	0.0	0.0	8352.0
40	2043.3333333333333	0.0	0.0	8491.0
50	1880.0	0.0	0.0	9452.0
60	1930.6666666666667	0.0	0.0	5563.0
70	1757.6666666666667	0.0	0.0	7887.0
80	1898.5	0.0	0.0	7146.0
90	2100.8333333333335	0.0	0.0	7591.0
100	2292.6666666666665	0.0	0.0	7915.0
110	2022.3333333333333	0.0	0.0	10103.0
120	2176.6666666666665	0.0	0.0	6763.0
130	1869.0	0.0	0.0	5569.0
140	1834.1666666666667	0.0	0.0	6966.0
150	1996.6666666666667	0.0	0.0	8837.0
160	2068.1666666666665	0.0	0.0	5951.0
170	1871.3333333333333	0.0	0.0	6847.0
180	2064.5	0.0	0.0	7670.0
190	2031.3333333333333	0.0	0.0	9894.0
200	2283.1666666666665	0.0	0.0	5391.0
210	2075.0	0.0	0.0	9158.0
220	2047.8333333333333	0.0	0.0	12947.0
230	2555.5	0.0	0.0	9740.0
240	2219.5	0.0	0.0	8278.0
250	2432.6666666666665	0.0	0.0	8104.0
260	2204.3333333333335	0.0	0.0	5713.0
270	2533.0	0.0	0.0	6921.0
280	2291.6666666666665	0.0	0.0	6151.0
290	2377.8333333333335	0.0	0.0	5555.0
300	2272.6666666666665	0.0	0.0	8663.0
310	2151.5	0.0	0.0	6334.0
320	2173.5	0.0	0.0	8808.0
330	2566.0	0.0	0.0	11982.0
340	2621.6666666666665	0.0	0.0	7579.0
350	2486.5	0.0	0.0	8336.0
360	2619.6666666666665	0.0	0.0	9488.0
370	2606.0	0.0	0.0	8577.0
380	2575.0	0.0	0.0	7576.0
390	2099.3333333333335	0.0	0.0	8643.0
400	2659.6666666666665	0.0	0.0	9335.0
410	2675.3333333333335	0.0	0.0	5492.0
420	2926.1666666666665	0.0	0.0	7114.0
430	2558.0	0.0	0.0	7523.0
440	2613.3333333333335	0.0	0.0	9296.0
450	2830.1666666666665	0.0	0.0	9327.0
460	3181.1666666666665	0.0	0.0	8432.0
470	3131.0	0.0	0.0	9054.0
480	2513.5	0.0	0.0	11871.0
490	3288.6666666666665	0.0	0.0	14231.0
500	3226.1666666666665	0.0	0.0	9869.0
510	3305.0	0.0	0.0	9256.0
520	3765.6666666666665	0.0	0.0	9992.0
530	3146.6666666666665	0.0	0.0	9047.0
540	3351.6666666666665	0.0	0.0	8918.0
550	3668.6666666666665	0.0	0.0	10330.0
560	3824.6666666666665	0.0	0.0	10308.0
570	3250.1666666666665	0.0	0.0	11435.0
580	3589.6666666666665	0.0	0.0	7449.0
590	3268.0	0.0	0.0	12192.0
600	3721.5	0.0	0.0	12278.0
610	3602.3333333333335	0.0	0.0	9372.0
620	3520.8333333333335	0.0	0.0	8817.0
630	3313.8333333333335	0.0	0.0	10776.0
640	3389.5	0.0	0.0	8110.0
650	3495.1666666666665	0.0	0.0	8453.0
660	3302.5	0.0	0.0	9280.0
670	3062.0	0.0	0.0	11230.0
680	3552.8333333333335	0.0	0.0	12427.0
690	3424.3333333333335	0.0	0.0	10733.0
700	3579.6666666666665	0.0	0.0	9051.0
710	3684.5	0.0	0.0	13146.0
720	3847.1666666666665	0.0	0.0	10126.0
730	3854.0	0.0	0.0	6803.0
740	3950.3333333333335	0.0	0.0	8054.0
750	3624.8333333333335	0.0	0.0	10938.0
760	3281.3333333333335	0.0	0.0	10837.0
770	3870.5	0.0	0.0	10791.0
780	3659.1666666666665	0.0	0.0	9850.0
790	3428.5	0.0	0.0	10115.0
800	3586.0	0.0	0.0	10503.0
810	3560.6666666666665	0.0	0.0	11933.0
820	4000.6666666666665	0.0	0.0	10997.0
830	3014.0	0.0	0.0	10366.0
840	3468.8333333333335	0.0	0.0	10993.0
850	3462.1666666666665	0.0	0.0	9359.0
860	3398.5	0.0	0.0	7608.0
870	3401.5	0.0	0.0	9846.0
880	3993.5	0.0	0.0	11389.0
890	3799.8333333333335	0.0	0.0	11463.0
900	3869.8333333333335	0.0	0.0	6561.0
910	3902.0	0.0	0.0	9851.0
920	3500.1666666666665	0.0	0.0	8083.0
930	4060.6666666666665	0.0	0.0	8199.0
940	3685.8333333333335	0.0	0.0	12241.0
950	4020.6666666666665	0.0	0.0	8828.0
960	3839.6666666666665	0.0	0.0	10239.0
970	3727.0	0.0	0.0	12145.0
980	3488.0	0.0	0.0	9274.0
990	3921.8333333333335	0.0	0.0	11419.0
1000	3598.1666666666665	0.0	0.0	9977.0
