0	1558.3333333333333	0.0	0.0	0.0
10	1710.3333333333333	76.0	1273.0	7260.0
20	1733.0	188.0	1302.0	7890.0
30	1721.5	279.0	1809.0	6969.0
40	1753.1666666666667	204.0	1186.0	5413.0
50	1563.0	253.0	1519.0	8597.0
60	1674.0	0.0	0.0	5820.0
70	1644.3333333333333	0.0	0.0	7754.0
80	1799.3333333333333	0.0	0.0	6357.0
90	1549.6666666666667	0.0	0.0	8668.0
100	1757.1666666666667	0.0	0.0	8043.0
110	1469.3333333333333	0.0	0.0	4966.0
120	1684.3333333333333	0.0	0.0	7583.0
130	1799.6666666666667	0.0	0.0	5936.0
140	1750.1666666666667	0.0	0.0	6849.0
150	1594.6666666666667	0.0	0.0	6095.0
160	1533.0	0.0	0.0	8454.0
170	1613.0	0.0	0.0	7864.0
180	1827.0	0.0	0.0	8355.0
190	1639.3333333333333	0.0	0.0	8032.0
200	1587.6666666666667	0.0	0.0	8016.0
210	1634.0	0.0	0.0	5958.0
220	1628.0	0.0	0.0	5682.0
230	1521.0	0.0	0.0	5443.0
240	1532.6666666666667	0.0	0.0	7718.0
250	1585.0	0.0	0.0	8630.0
260	1395.3333333333333	0.0	0.0	8496.0
270	1420.6666666666667	0.0	0.0	6680.0
280	1682.0	0.0	0.0	5951.0
290	1551.6666666666667	0.0	0.0	5649.0
300	1465.0	0.0	0.0	6725.0
310	1463.6666666666667	0.0	0.0	7494.0
320	1516.3333333333333	0.0	0.0	7829.0
330	1672.3333333333333	0.0	0.0	7822.0
340	1445.3333333333333	0.0	0.0	5096.0
350	1384.0	0.0	0.0	8552.0
360	1544.0	0.0	0.0	6419.0
370	1338.5	0.0	0.0	9388.0
380	1439.6666666666667	0.0	0.0	6672.0
390	1413.6666666666667	0.0	0.0	6529.0
400	1422.0	0.0	0.0	7894.0
410	1515.3333333333333	0.0	0.0	5108.0
420	1407.1666666666667	0.0	0.0	9545.0
430	1401.6666666666667	0.0	0.0	4594.0
440	1349.0	0.0	0.0	6412.0
450	1363.6666666666667	0.0	0.0	5363.0
460	1499.3333333333333	0.0	0.0	7141.0
470	1525.6666666666667	0.0	0.0	6320.0
480	1427.3333333333333	0.0	0.0	7474.0
490	1395.0	0.0	0.0	6699.0
500	1423.6666666666667	0.0	0.0	6944.0
510	1327.0	0.0	0.0	7339.0
520	1436.0	0.0	0.0	6820.0
530	1431.3333333333333	0.0	0.0	5791.0
540	1387.6666666666667	0.0	0.0	5393.0
550	1449.0	0.0	0.0	6909.0
560	1332.6666666666667	0.0	0.0	5507.0
570	1362.3333333333333	0.0	0.0	5383.0
580	1334.0	0.0	0.0	4958.0
590	1508.6666666666667	0.0	0.0	7313.0
600	1325.0	0.0	0.0	6759.0
610	1288.3333333333333	0.0	0.0	4619.0
620	1285.6666666666667	0.0	0.0	5900.0
630	1388.3333333333333	0.0	0.0	7479.0
640	1254.0	0.0	0.0	3869.0
650	1421.6666666666667	0.0	0.0	7201.0
660	1406.0	0.0	0.0	6461.0
670	1315.0	0.0	0.0	7150.0
680	1499.6666666666667	0.0	0.0	7392.0
690	1264.0	0.0	0.0	5401.0
700	1220.0	0.0	0.0	5605.0
710	1349.3333333333333	0.0	0.0	5737.0
720	1362.0	0.0	0.0	4929.0
730	1365.3333333333333	0.0	0.0	6885.0
740	1215.0	0.0	0.0	5840.0
750	1228.0	0.0	0.0	6751.0
760	1302.0	0.0	0.0	4679.0
770	1316.0	0.0	0.0	5423.0
780	1441.0	0.0	0.0	5956.0
790	1328.6666666666667	0.0	0.0	6866.0
800	1348.0	0.0	0.0	6431.0
810	1352.6666666666667	0.0	0.0	4823.0
820	1383.0	0.0	0.0	6908.0
830	1470.0	0.0	0.0	5691.0
840	1414.0	0.0	0.0	5007.0
850	1344.0	0.0	0.0	6299.0
860	1316.6666666666667	0.0	0.0	5908.0
870	1318.3333333333333	0.0	0.0	5220.0
880	1220.6666666666667	0.0	0.0	4773.0
890	1320.3333333333333	0.0	0.0	5785.0
900	1257.6666666666667	0.0	0.0	6537.0
910	1273.3333333333333	0.0	0.0	6199.0
920	1464.6666666666667	0.0	0.0	5016.0
930	1287.6666666666667	0.0	0.0	7479.0
940	1210.0	0.0	0.0	4721.0
950	1200.3333333333333	0.0	0.0	5897.0
960	1307.0	0.0	0.0	5974.0
970	1346.6666666666667	0.0	0.0	4780.0
980	1290.6666666666667	0.0	0.0	8364.0
990	1441.0	0.0	0.0	7839.0
1000	1388.3333333333333	0.0	0.0	5954.0
