0	2600.9833333333327	0.0	0.0	0.0
10	2593.983333333334	83.46666666666667	2400.2	9152.0
20	2490.8777777777777	100.36666666666666	2292.0	8652.9
30	2515.994444444445	91.96666666666667	2367.5	8912.333333333334
40	2440.7944444444447	101.83333333333333	2218.9	8491.8
50	2496.755555555556	106.8	2436.866666666667	8955.333333333334
60	2433.022222222222	103.2	2277.633333333333	8527.066666666668
70	2450.177777777778	86.33333333333333	2433.0	9056.966666666667
80	2530.122222222222	70.96666666666667	2249.633333333333	8723.7
90	2482.583333333334	57.166666666666664	2143.633333333333	8717.166666666666
100	2562.3222222222225	59.1	1913.7666666666667	8665.4
110	2604.338888888889	36.53333333333333	1546.9333333333334	8725.566666666668
120	2648.25	32.9	1292.0	9071.2
130	2712.072222222222	16.7	972.2	9042.166666666666
140	2662.394444444445	10.7	692.0333333333333	8881.866666666667
150	2675.011111111111	10.166666666666666	456.6333333333333	9237.1
160	2776.6000000000004	3.566666666666667	504.1333333333333	9579.6
170	2806.516666666667	11.1	429.7	9038.8
180	2868.2444444444436	1.2	231.53333333333333	9506.833333333334
190	2951.1833333333334	0.8	180.8	9504.833333333334
200	2977.4722222222217	1.5	202.2	9596.266666666666
210	3015.2388888888886	3.033333333333333	204.8	9713.433333333332
220	3122.683333333333	0.5333333333333333	231.93333333333334	9574.833333333334
230	3042.3055555555557	0.5333333333333333	189.16666666666666	9983.0
240	3055.45	2.7333333333333334	198.66666666666666	10395.0
250	3198.6722222222215	0.0	156.8	9456.333333333334
260	3146.75	0.6666666666666666	157.43333333333334	9703.4
270	3323.8055555555557	0.0	117.63333333333334	10098.766666666666
280	3260.5833333333335	0.13333333333333333	146.5	9724.833333333334
290	3244.516666666667	0.0	161.2	10498.0
300	3351.4666666666667	0.0	151.7	9850.666666666666
310	3422.2111111111108	0.0	151.6	10015.866666666667
320	3336.400000000001	0.0	157.0	10203.733333333334
330	3377.9555555555553	0.0	149.93333333333334	10383.366666666667
340	3456.7166666666667	0.0	153.13333333333333	10418.133333333333
350	3409.1111111111113	0.0	182.6	10161.366666666667
360	3450.8055555555547	0.0	175.43333333333334	10315.0
370	3410.8055555555557	0.0	172.73333333333332	10094.766666666666
380	3523.1722222222215	0.0	173.9	10083.833333333334
390	3479.6055555555567	0.0	157.23333333333332	10222.6
400	3482.8777777777773	0.0	148.56666666666666	10420.666666666666
410	3544.733333333333	0.0	161.36666666666667	10449.266666666666
420	3480.9222222222224	0.0	154.13333333333333	10595.233333333334
430	3468.1388888888887	0.0	126.9	10185.7
440	3543.9666666666662	0.0	168.9	10413.833333333334
450	3618.3888888888882	0.0	130.9	10268.333333333334
460	3561.349999999999	0.0	154.7	10670.433333333332
470	3536.394444444445	0.0	145.3	10802.7
480	3632.4333333333334	0.0	162.4	10509.466666666667
490	3695.977777777778	0.0	137.76666666666668	10328.7
500	3702.227777777778	0.0	159.43333333333334	10080.033333333333
510	3608.133333333333	0.0	154.56666666666666	10011.233333333334
520	3626.366666666667	0.0	147.8	10494.733333333334
530	3681.0999999999985	0.0	105.86666666666666	10129.533333333333
540	3668.25	0.0	125.56666666666666	10798.3
550	3770.7944444444443	0.0	98.46666666666667	10312.533333333333
560	3703.7444444444454	0.0	127.96666666666667	10035.1
570	3692.3611111111118	0.0	143.86666666666667	10160.066666666668
580	3672.8833333333328	0.0	142.73333333333332	10380.1
590	3741.3888888888882	0.0	122.53333333333333	10464.033333333333
600	3698.788888888889	0.0	155.5	10689.333333333334
610	3677.772222222223	0.0	126.1	10655.466666666667
620	3705.0500000000006	0.0	144.66666666666666	10295.833333333334
630	3665.7777777777787	0.0	121.46666666666667	10491.0
640	3762.255555555554	0.0	130.26666666666668	10473.566666666668
650	3687.7833333333333	0.0	118.36666666666666	10741.8
660	3724.572222222223	0.0	121.73333333333333	10358.2
670	3724.9	0.0	149.43333333333334	10619.7
680	3763.105555555556	0.0	133.53333333333333	10291.2
690	3772.077777777778	0.0	138.7	10712.9
700	3726.9055555555556	0.0	138.46666666666667	10294.8
710	3806.777777777778	0.0	182.8	10291.3
720	3791.1888888888875	0.0	151.9	10279.566666666668
730	3788.133333333334	0.0	137.76666666666668	10039.1
740	3750.799999999999	0.0	160.1	10385.8
750	3767.3388888888894	0.0	148.8	10601.833333333334
760	3808.105555555556	0.0	94.93333333333334	9840.866666666667
770	3766.2500000000005	0.0	121.8	10248.066666666668
780	3771.6666666666665	0.0	105.26666666666667	10044.966666666667
790	3782.805555555556	0.0	135.23333333333332	10126.3
800	3739.4111111111115	0.0	100.56666666666666	9991.5
