0	2765.5	0.0	0.0	0.0
10	2597.5	115.0	2408.0	10247.0
20	2611.5	118.0	1345.0	8346.0
30	2405.8333333333335	33.0	1460.0	7560.0
40	2712.5	157.0	3067.0	11139.0
50	2192.8333333333335	0.0	833.0	5408.0
60	2213.6666666666665	104.0	2640.0	9254.0
70	2761.6666666666665	37.0	2399.0	9181.0
80	2683.5	71.0	2069.0	6938.0
90	2551.5	31.0	2778.0	8763.0
100	2590.5	153.0	1995.0	7316.0
110	2774.5	0.0	1785.0	6609.0
120	2688.6666666666665	27.0	1989.0	8108.0
130	2374.6666666666665	94.0	2416.0	7645.0
140	2447.8333333333335	60.0	1998.0	9167.0
150	2616.3333333333335	0.0	0.0	9962.0
160	2669.6666666666665	0.0	0.0	9015.0
170	2647.8333333333335	0.0	0.0	7114.0
180	2889.1666666666665	0.0	0.0	10835.0
190	2835.5	0.0	0.0	6625.0
200	2960.8333333333335	0.0	0.0	11567.0
210	2653.0	0.0	0.0	7328.0
220	3418.0	0.0	0.0	10773.0
230	2746.5	0.0	0.0	9182.0
240	3453.6666666666665	0.0	0.0	10080.0
250	3588.5	0.0	0.0	12973.0
260	2905.3333333333335	0.0	0.0	10011.0
270	3529.8333333333335	0.0	0.0	10283.0
280	3277.8333333333335	0.0	0.0	7614.0
290	3320.6666666666665	0.0	0.0	10228.0
300	3431.1666666666665	0.0	0.0	8713.0
310	3050.0	0.0	0.0	8698.0
320	2593.0	0.0	0.0	9339.0
330	3547.3333333333335	0.0	0.0	8344.0
340	3389.1666666666665	0.0	0.0	10966.0
350	3335.6666666666665	0.0	0.0	7973.0
360	3762.1666666666665	0.0	0.0	8338.0
370	3490.1666666666665	0.0	0.0	9752.0
380	3393.0	0.0	0.0	10875.0
390	3741.0	0.0	0.0	9364.0
400	3390.0	0.0	0.0	5390.0
410	3347.1666666666665	0.0	0.0	11740.0
420	3044.0	0.0	0.0	9073.0
430	3414.3333333333335	0.0	0.0	11708.0
440	3323.5	0.0	0.0	11955.0
450	3090.3333333333335	0.0	0.0	10042.0
460	3735.1666666666665	0.0	0.0	9247.0
470	3599.0	0.0	0.0	11377.0
480	3424.6666666666665	0.0	0.0	11262.0
490	3677.5	0.0	0.0	10572.0
500	3786.5	0.0	0.0	8899.0
510	3614.6666666666665	0.0	0.0	10553.0
520	3580.8333333333335	0.0	0.0	12423.0
530	3617.3333333333335	0.0	0.0	11989.0
540	4008.0	0.0	0.0	11620.0
550	3850.3333333333335	0.0	0.0	9487.0
560	3855.8333333333335	0.0	0.0	9400.0
570	3962.3333333333335	0.0	0.0	9244.0
580	3932.6666666666665	0.0	0.0	11222.0
590	3673.0	0.0	0.0	12836.0
600	3847.6666666666665	0.0	0.0	9555.0
610	3434.5	0.0	0.0	10550.0
620	3853.0	0.0	0.0	8732.0
630	3323.5	0.0	0.0	12487.0
640	3618.8333333333335	0.0	0.0	9809.0
650	3693.0	0.0	0.0	11487.0
660	3617.8333333333335	0.0	0.0	12683.0
670	3860.0	0.0	0.0	12593.0
680	3805.0	0.0	0.0	6926.0
690	3812.5	0.0	0.0	11253.0
700	3968.8333333333335	0.0	0.0	10819.0
710	3916.3333333333335	0.0	0.0	10423.0
720	3563.0	0.0	0.0	10348.0
730	3677.8333333333335	0.0	0.0	14387.0
740	3627.6666666666665	0.0	0.0	9296.0
750	3577.8333333333335	0.0	0.0	9487.0
760	3805.0	0.0	0.0	9043.0
770	3734.5	0.0	0.0	11893.0
780	3665.1666666666665	0.0	0.0	9709.0
790	3817.3333333333335	0.0	0.0	6999.0
800	3961.0	0.0	0.0	9806.0
