0	2735.8333333333335	0.0	0.0	0.0
10	2159.3333333333335	81.0	3849.0	12056.0
20	2223.1666666666665	72.0	2918.0	9923.0
30	2286.8333333333335	145.0	2462.0	9012.0
40	2254.5	236.0	2224.0	9113.0
50	2534.5	146.0	2559.0	9689.0
60	2532.0	128.0	4961.0	14699.0
70	2749.8333333333335	125.0	1900.0	7594.0
80	2451.0	29.0	2342.0	7795.0
90	2542.6666666666665	11.0	1376.0	5918.0
100	2801.3333333333335	27.0	1508.0	10267.0
110	2549.5	0.0	0.0	8887.0
120	2650.3333333333335	0.0	0.0	8368.0
130	3128.0	0.0	0.0	7313.0
140	2698.3333333333335	0.0	0.0	9713.0
150	2687.3333333333335	0.0	0.0	9360.0
160	2667.8333333333335	0.0	0.0	14059.0
170	3158.6666666666665	0.0	0.0	8634.0
180	3026.5	0.0	0.0	10924.0
190	3588.5	0.0	0.0	11822.0
200	2976.1666666666665	0.0	0.0	10678.0
210	3528.5	0.0	0.0	11357.0
220	3248.0	0.0	0.0	10062.0
230	3056.3333333333335	0.0	0.0	8114.0
240	2901.3333333333335	0.0	0.0	11817.0
250	3610.6666666666665	0.0	0.0	9247.0
260	3511.3333333333335	0.0	0.0	12138.0
270	3646.3333333333335	0.0	0.0	12920.0
280	3784.5	0.0	0.0	8883.0
290	3236.8333333333335	0.0	0.0	9659.0
300	3421.0	0.0	0.0	10825.0
310	4030.0	0.0	0.0	9235.0
320	3400.3333333333335	0.0	0.0	8819.0
330	3452.3333333333335	0.0	0.0	10607.0
340	3717.5	0.0	0.0	12955.0
350	3802.1666666666665	0.0	0.0	9313.0
360	3748.0	0.0	0.0	7605.0
370	3644.1666666666665	0.0	0.0	11251.0
380	3428.8333333333335	0.0	0.0	11752.0
390	3684.8333333333335	0.0	0.0	11045.0
400	3810.5	0.0	0.0	10574.0
410	3877.8333333333335	0.0	0.0	10493.0
420	3945.0	0.0	0.0	10333.0
430	3748.1666666666665	0.0	0.0	6813.0
440	3586.8333333333335	0.0	0.0	12418.0
450	3439.6666666666665	0.0	0.0	9053.0
460	3601.0	0.0	0.0	8921.0
470	3758.0	0.0	0.0	9542.0
480	3402.0	0.0	0.0	10014.0
490	3727.8333333333335	0.0	0.0	7694.0
500	3802.0	0.0	0.0	9638.0
510	3591.0	0.0	0.0	9994.0
520	3369.8333333333335	0.0	0.0	8592.0
530	3250.3333333333335	0.0	0.0	9203.0
540	3246.3333333333335	0.0	0.0	9530.0
550	3632.3333333333335	0.0	0.0	8805.0
560	3731.3333333333335	0.0	0.0	9504.0
570	3793.6666666666665	0.0	0.0	10357.0
580	3204.6666666666665	0.0	0.0	10431.0
590	3853.0	0.0	0.0	9344.0
600	3699.3333333333335	0.0	0.0	9164.0
610	3787.5	0.0	0.0	9461.0
620	3474.6666666666665	0.0	0.0	7206.0
630	3289.5	0.0	0.0	8494.0
640	3659.0	0.0	0.0	12026.0
650	3358.5	0.0	0.0	8703.0
660	3553.3333333333335	0.0	0.0	9740.0
670	3099.5	0.0	0.0	12622.0
680	3974.6666666666665	0.0	0.0	11778.0
690	3743.1666666666665	0.0	0.0	9991.0
700	3769.8333333333335	0.0	0.0	7572.0
710	4081.0	0.0	0.0	11436.0
720	3653.1666666666665	0.0	0.0	11021.0
730	3942.8333333333335	0.0	0.0	8807.0
740	3815.1666666666665	0.0	0.0	9608.0
750	3064.3333333333335	0.0	0.0	7667.0
760	3806.8333333333335	0.0	0.0	11445.0
770	3740.6666666666665	0.0	0.0	10025.0
780	3799.5	0.0	0.0	8093.0
790	3673.0	0.0	0.0	8304.0
800	3779.1666666666665	0.0	0.0	14009.0
