0	289.6666666666667	0.0	0.0	0.0
10	2198.6666666666665	212.0	4019.0	7833.0
20	2130.3333333333335	622.0	5460.0	10303.0
30	1807.6666666666667	280.0	4670.0	9072.0
40	2102.0	690.0	5408.0	10031.0
50	2262.1666666666665	433.0	5041.0	9676.0
60	2408.5	421.0	4110.0	7738.0
70	2273.1666666666665	496.0	5389.0	10283.0
80	2097.5	326.0	3360.0	6308.0
90	2250.0	612.0	6089.0	11609.0
100	2042.6666666666667	344.0	4967.0	9516.0
110	2720.3333333333335	603.0	5801.0	11113.0
120	2745.1666666666665	419.0	4253.0	7962.0
130	2674.5	406.0	5408.0	10420.0
140	2464.0	674.0	5282.0	9933.0
150	2474.3333333333335	127.0	589.0	5520.0
160	2611.6666666666665	0.0	0.0	6461.0
170	2387.3333333333335	0.0	0.0	9933.0
180	3149.5	0.0	0.0	8647.0
190	3206.6666666666665	0.0	0.0	7712.0
200	3111.3333333333335	0.0	0.0	6886.0
210	3094.5	0.0	0.0	8715.0
220	2961.5	0.0	0.0	9294.0
230	3114.1666666666665	0.0	0.0	8400.0
240	3140.8333333333335	0.0	0.0	11464.0
250	2669.6666666666665	0.0	0.0	9706.0
260	3686.8333333333335	0.0	0.0	10332.0
270	3152.5	0.0	0.0	7956.0
280	3600.0	0.0	0.0	12432.0
290	2874.0	0.0	0.0	10748.0
300	3196.6666666666665	0.0	0.0	11557.0
310	3428.3333333333335	0.0	0.0	10969.0
320	3213.1666666666665	0.0	0.0	10038.0
330	3135.0	0.0	0.0	11706.0
340	3573.1666666666665	0.0	0.0	8698.0
350	3215.3333333333335	0.0	0.0	10108.0
360	3776.6666666666665	0.0	0.0	12745.0
370	3443.0	0.0	0.0	10181.0
380	3280.1666666666665	0.0	0.0	11185.0
390	3847.8333333333335	0.0	0.0	10156.0
400	3562.5	0.0	0.0	8103.0
410	3757.1666666666665	0.0	0.0	11210.0
420	3594.6666666666665	0.0	0.0	12011.0
430	3209.8333333333335	0.0	0.0	11142.0
440	3633.1666666666665	0.0	0.0	9771.0
450	3462.0	0.0	0.0	6770.0
460	3059.3333333333335	0.0	0.0	7258.0
470	3639.6666666666665	0.0	0.0	9263.0
480	3970.8333333333335	0.0	0.0	11097.0
490	3739.6666666666665	0.0	0.0	10687.0
500	3650.0	0.0	0.0	11060.0
510	3905.6666666666665	0.0	0.0	11128.0
520	3661.5	0.0	0.0	8257.0
530	3626.8333333333335	0.0	0.0	10583.0
540	3366.1666666666665	0.0	0.0	11061.0
550	3451.8333333333335	0.0	0.0	11616.0
560	3906.8333333333335	0.0	0.0	11934.0
570	3778.8333333333335	0.0	0.0	9136.0
580	3425.0	0.0	0.0	11228.0
590	3640.3333333333335	0.0	0.0	10095.0
600	3629.0	0.0	0.0	13032.0
610	3633.1666666666665	0.0	0.0	11035.0
620	3667.8333333333335	0.0	0.0	10364.0
630	3335.1666666666665	0.0	0.0	6586.0
640	3831.0	0.0	0.0	11635.0
650	3572.8333333333335	0.0	0.0	10412.0
660	3499.5	0.0	0.0	9270.0
670	3717.1666666666665	0.0	0.0	10824.0
680	3777.3333333333335	0.0	0.0	13171.0
690	3717.6666666666665	0.0	0.0	11512.0
700	3713.0	0.0	0.0	13007.0
710	3597.1666666666665	0.0	0.0	9070.0
720	3486.0	0.0	0.0	9913.0
730	3718.0	0.0	0.0	9445.0
740	3919.1666666666665	0.0	0.0	7217.0
750	3684.3333333333335	0.0	0.0	9717.0
760	3895.1666666666665	0.0	0.0	6519.0
770	3683.3333333333335	0.0	0.0	13707.0
780	3874.6666666666665	0.0	0.0	12873.0
790	3568.5	0.0	0.0	7177.0
800	3633.3333333333335	0.0	0.0	11803.0
810	3641.3333333333335	0.0	0.0	9508.0
820	3496.6666666666665	0.0	0.0	10337.0
830	3776.0	0.0	0.0	11767.0
840	4169.0	0.0	0.0	11023.0
850	3934.8333333333335	0.0	0.0	11893.0
860	3907.8333333333335	0.0	0.0	11220.0
870	3419.0	0.0	0.0	10156.0
880	3811.5	0.0	0.0	9783.0
890	3735.1666666666665	0.0	0.0	8845.0
900	3826.3333333333335	0.0	0.0	13259.0
910	3803.0	0.0	0.0	7490.0
920	3966.0	0.0	0.0	8630.0
930	3496.6666666666665	0.0	0.0	9363.0
940	3960.1666666666665	0.0	0.0	8310.0
950	3631.5	0.0	0.0	9701.0
960	3971.3333333333335	0.0	0.0	11615.0
970	3991.3333333333335	0.0	0.0	7239.0
980	3593.6666666666665	0.0	0.0	10048.0
990	3640.8333333333335	0.0	0.0	10812.0
1000	3519.3333333333335	0.0	0.0	10815.0
