0	2401.0	0.0	0.0	0.0
10	2169.5	167.0	5835.0	9591.0
20	2273.5	161.0	6081.0	9933.0
30	2367.5	179.0	8538.0	13907.0
40	2117.25	99.0	6532.0	10874.0
50	2479.0	117.0	7409.0	11474.0
60	2310.5	114.0	6256.0	10439.0
70	2944.5	104.0	7243.0	10768.0
80	2364.5	59.0	2871.0	10138.0
90	2688.5	0.0	0.0	10217.0
100	2426.0	0.0	0.0	6891.0
110	3218.0	0.0	0.0	8275.0
120	2861.5	0.0	0.0	9714.0
130	2544.0	0.0	0.0	9076.0
140	2981.5	0.0	0.0	8857.0
150	2992.75	0.0	0.0	8617.0
160	3028.5	0.0	0.0	5180.0
170	2486.5	0.0	0.0	8504.0
180	2742.0	0.0	0.0	8491.0
190	2907.25	0.0	0.0	11161.0
200	2749.0	0.0	0.0	9710.0
210	2984.25	0.0	0.0	9936.0
220	3197.5	0.0	0.0	10753.0
230	3152.25	0.0	0.0	9292.0
240	3386.25	0.0	0.0	10872.0
250	2962.25	0.0	0.0	10756.0
260	3215.25	0.0	0.0	10969.0
270	3468.0	0.0	0.0	12470.0
280	3046.25	0.0	0.0	12152.0
290	3806.5	0.0	0.0	12361.0
300	3555.25	0.0	0.0	8658.0
310	3582.75	0.0	0.0	8540.0
320	3108.0	0.0	0.0	9902.0
330	3881.25	0.0	0.0	12063.0
340	3457.5	0.0	0.0	9588.0
350	3086.0	0.0	0.0	10921.0
360	3354.0	0.0	0.0	12987.0
370	3786.0	0.0	0.0	9959.0
380	2935.75	0.0	0.0	11313.0
390	3508.5	0.0	0.0	13016.0
400	3203.75	0.0	0.0	11645.0
410	3762.5	0.0	0.0	8623.0
420	3745.75	0.0	0.0	9367.0
430	3087.75	0.0	0.0	14981.0
440	3851.5	0.0	0.0	9323.0
450	3194.5	0.0	0.0	8365.0
460	3660.75	0.0	0.0	11319.0
470	3575.0	0.0	0.0	11361.0
480	3853.0	0.0	0.0	14056.0
490	3927.75	0.0	0.0	11603.0
500	3892.5	0.0	0.0	9709.0
510	4163.75	0.0	0.0	10018.0
520	4001.75	0.0	0.0	10994.0
530	3595.5	0.0	0.0	9168.0
540	3788.25	0.0	0.0	10438.0
550	3802.0	0.0	0.0	11151.0
560	3442.0	0.0	0.0	12540.0
570	3714.0	0.0	0.0	12928.0
580	3937.0	0.0	0.0	7817.0
590	3785.0	0.0	0.0	9674.0
600	3693.0	0.0	0.0	9002.0
610	3803.75	0.0	0.0	10279.0
620	3861.0	0.0	0.0	11053.0
630	3707.5	0.0	0.0	10230.0
640	3504.5	0.0	0.0	8814.0
650	4042.5	0.0	0.0	10309.0
660	3770.25	0.0	0.0	10300.0
670	3169.0	0.0	0.0	10703.0
680	3669.75	0.0	0.0	9655.0
690	3808.75	0.0	0.0	10942.0
700	3875.5	0.0	0.0	9631.0
710	3621.5	0.0	0.0	10921.0
720	3826.0	0.0	0.0	8552.0
730	3746.75	0.0	0.0	8897.0
740	3389.5	0.0	0.0	11114.0
750	3540.75	0.0	0.0	10366.0
760	3855.0	0.0	0.0	10063.0
770	4162.0	0.0	0.0	8847.0
780	3226.25	0.0	0.0	9762.0
790	4000.75	0.0	0.0	9110.0
800	4089.25	0.0	0.0	8154.0
