0	2225.5	0.0	0.0	0.0
10	2290.5	196.0	6842.0	11259.0
20	2232.0	184.0	6802.0	10951.0
30	2415.0	72.0	6377.0	10497.0
40	2411.0	165.0	6411.0	10703.0
50	2251.0	195.0	6690.0	11702.0
60	2645.0	124.0	6468.0	10718.0
70	2849.0	53.0	5250.0	8451.0
80	3038.25	11.0	788.0	9506.0
90	2792.0	0.0	0.0	8279.0
100	2168.0	0.0	0.0	11349.0
110	2477.5	0.0	0.0	6283.0
120	2871.25	0.0	0.0	9266.0
130	3071.25	0.0	0.0	7397.0
140	2307.75	0.0	0.0	13410.0
150	2573.0	0.0	0.0	7743.0
160	2361.0	0.0	0.0	14031.0
170	3019.25	0.0	0.0	9885.0
180	3162.75	0.0	0.0	12555.0
190	3010.25	0.0	0.0	10284.0
200	2870.0	0.0	0.0	11390.0
210	3567.0	0.0	0.0	13302.0
220	2963.25	0.0	0.0	5833.0
230	3164.25	0.0	0.0	6549.0
240	2995.25	0.0	0.0	8793.0
250	3371.5	0.0	0.0	7857.0
260	3350.25	0.0	0.0	10472.0
270	3631.5	0.0	0.0	9336.0
280	3633.75	0.0	0.0	10079.0
290	3511.5	0.0	0.0	9556.0
300	3031.0	0.0	0.0	10095.0
310	2874.25	0.0	0.0	12944.0
320	3286.75	0.0	0.0	9843.0
330	3264.25	0.0	0.0	7391.0
340	3161.5	0.0	0.0	9349.0
350	3228.25	0.0	0.0	8419.0
360	3373.25	0.0	0.0	9308.0
370	3079.25	0.0	0.0	7945.0
380	3046.75	0.0	0.0	11843.0
390	3442.75	0.0	0.0	13907.0
400	3069.25	0.0	0.0	10969.0
410	3394.75	0.0	0.0	13545.0
420	3745.5	0.0	0.0	11048.0
430	3296.25	0.0	0.0	10715.0
440	4212.75	0.0	0.0	12234.0
450	3883.75	0.0	0.0	11997.0
460	3542.25	0.0	0.0	10253.0
470	3392.5	0.0	0.0	9487.0
480	3492.25	0.0	0.0	8171.0
490	3595.75	0.0	0.0	11402.0
500	3293.75	0.0	0.0	10565.0
510	3451.5	0.0	0.0	9803.0
520	3691.75	0.0	0.0	5049.0
530	3575.75	0.0	0.0	12548.0
540	3248.5	0.0	0.0	13137.0
550	3760.25	0.0	0.0	9082.0
560	3993.75	0.0	0.0	10710.0
570	3933.5	0.0	0.0	7328.0
580	3656.0	0.0	0.0	11468.0
590	3671.75	0.0	0.0	12187.0
600	3626.25	0.0	0.0	8144.0
610	3426.0	0.0	0.0	8573.0
620	3845.75	0.0	0.0	7796.0
630	3723.0	0.0	0.0	8713.0
640	3659.0	0.0	0.0	11693.0
650	3880.5	0.0	0.0	11027.0
660	3857.5	0.0	0.0	9218.0
670	4248.75	0.0	0.0	7641.0
680	3810.5	0.0	0.0	8381.0
690	3519.5	0.0	0.0	7857.0
700	3854.25	0.0	0.0	11097.0
710	4109.75	0.0	0.0	10149.0
720	3956.75	0.0	0.0	10231.0
730	3469.5	0.0	0.0	11526.0
740	3768.25	0.0	0.0	10800.0
750	3577.0	0.0	0.0	9437.0
760	3459.25	0.0	0.0	13106.0
770	4013.5	0.0	0.0	12605.0
780	3954.5	0.0	0.0	9750.0
790	3822.5	0.0	0.0	11349.0
800	3892.5	0.0	0.0	13016.0
