0	1998.1666666666667	0.0	0.0	0.0
10	2313.8333333333335	415.0	2470.0	7828.0
20	2256.0	221.0	1960.0	6630.0
30	2203.1666666666665	364.0	2460.0	8437.0
40	2073.8333333333335	0.0	0.0	9343.0
50	2229.8333333333335	0.0	0.0	9760.0
60	2521.6666666666665	0.0	0.0	8421.0
70	2452.3333333333335	0.0	0.0	9159.0
80	2614.3333333333335	0.0	0.0	8620.0
90	2534.3333333333335	0.0	0.0	7532.0
100	2357.5	0.0	0.0	7525.0
110	2866.8333333333335	0.0	0.0	9849.0
120	2383.3333333333335	0.0	0.0	8720.0
130	2463.3333333333335	0.0	0.0	10537.0
140	2569.0	0.0	0.0	12489.0
150	2801.5	0.0	0.0	11708.0
160	2637.6666666666665	0.0	0.0	7895.0
170	2221.8333333333335	0.0	0.0	7838.0
180	2413.8333333333335	0.0	0.0	7793.0
190	2260.0	0.0	0.0	4675.0
200	2213.1666666666665	0.0	0.0	8113.0
210	2471.1666666666665	0.0	0.0	9606.0
220	2241.3333333333335	0.0	0.0	9277.0
230	2426.5	0.0	0.0	10269.0
240	2370.6666666666665	0.0	0.0	8798.0
250	2438.3333333333335	0.0	0.0	9151.0
260	2598.3333333333335	0.0	0.0	9646.0
270	2636.8333333333335	0.0	0.0	9603.0
280	2301.3333333333335	0.0	0.0	6321.0
290	2647.5	0.0	0.0	6946.0
300	2437.3333333333335	0.0	0.0	5558.0
310	2468.8333333333335	0.0	0.0	9032.0
320	2189.8333333333335	0.0	0.0	10207.0
330	2896.8333333333335	0.0	0.0	9603.0
340	2768.0	0.0	0.0	8530.0
350	2685.8333333333335	0.0	0.0	10864.0
360	2556.0	0.0	0.0	9262.0
370	3101.3333333333335	0.0	0.0	10698.0
380	3144.3333333333335	0.0	0.0	9352.0
390	2839.6666666666665	0.0	0.0	6890.0
400	3421.0	0.0	0.0	10730.0
410	3032.8333333333335	0.0	0.0	7738.0
420	2922.0	0.0	0.0	10888.0
430	2653.0	0.0	0.0	9674.0
440	3473.8333333333335	0.0	0.0	10885.0
450	3080.3333333333335	0.0	0.0	6129.0
460	3551.8333333333335	0.0	0.0	12506.0
470	3787.3333333333335	0.0	0.0	12288.0
480	3151.0	0.0	0.0	10121.0
490	3220.0	0.0	0.0	9360.0
500	3373.1666666666665	0.0	0.0	11522.0
510	3656.6666666666665	0.0	0.0	12539.0
520	3902.5	0.0	0.0	8790.0
530	3765.3333333333335	0.0	0.0	13177.0
540	3441.3333333333335	0.0	0.0	11372.0
550	3368.3333333333335	0.0	0.0	11443.0
560	3534.6666666666665	0.0	0.0	11803.0
570	3708.5	0.0	0.0	9037.0
580	3226.3333333333335	0.0	0.0	8490.0
590	3414.3333333333335	0.0	0.0	11354.0
600	3619.3333333333335	0.0	0.0	10525.0
610	3346.0	0.0	0.0	9510.0
620	3719.5	0.0	0.0	8783.0
630	3307.6666666666665	0.0	0.0	11334.0
640	3583.8333333333335	0.0	0.0	10256.0
650	3779.8333333333335	0.0	0.0	10646.0
660	3316.3333333333335	0.0	0.0	9302.0
670	3656.8333333333335	0.0	0.0	11032.0
680	3994.1666666666665	0.0	0.0	9016.0
690	3655.1666666666665	0.0	0.0	11267.0
700	3904.3333333333335	0.0	0.0	9673.0
710	3439.3333333333335	0.0	0.0	11743.0
720	3663.3333333333335	0.0	0.0	8965.0
730	3747.3333333333335	0.0	0.0	10356.0
740	3619.5	0.0	0.0	11451.0
750	3998.1666666666665	0.0	0.0	10476.0
760	3836.6666666666665	0.0	0.0	11814.0
770	3611.8333333333335	0.0	0.0	11561.0
780	3081.6666666666665	0.0	0.0	12225.0
790	3579.8333333333335	0.0	0.0	10447.0
800	3669.5	0.0	0.0	8124.0
