0	2904.5	0.0	0.0	0.0
10	2448.5	587.0	4414.0	8307.0
20	2532.1666666666665	638.0	5421.0	10227.0
30	2878.0	758.0	5818.0	10967.0
40	2429.1666666666665	706.0	5336.0	10038.0
50	2512.0	734.0	8259.0	15728.0
60	2957.5	617.0	4656.0	8700.0
70	2525.1666666666665	956.0	7527.0	14017.0
80	2431.8333333333335	749.0	7236.0	13686.0
90	2967.8333333333335	455.0	5019.0	9471.0
100	2695.6666666666665	814.0	5704.0	10653.0
110	2661.1666666666665	1162.0	7477.0	13917.0
120	3343.5	595.0	5382.0	10206.0
130	3738.3333333333335	504.0	5451.0	10513.0
140	3470.8333333333335	656.0	4561.0	8434.0
150	3213.8333333333335	858.0	6651.0	12476.0
160	3337.6666666666665	928.0	6840.0	12838.0
170	3074.3333333333335	1309.0	6694.0	11931.0
180	3290.0	1016.0	5988.0	11122.0
190	3474.0	876.0	4958.0	8994.0
200	3305.8333333333335	806.0	4985.0	9199.0
210	3690.6666666666665	1018.0	6453.0	11884.0
220	3611.3333333333335	816.0	5375.0	9762.0
230	3572.6666666666665	838.0	6775.0	12789.0
240	3885.6666666666665	1300.0	7515.0	13784.0
250	3267.1666666666665	1188.0	7449.0	13733.0
260	3921.3333333333335	1290.0	7248.0	13118.0
270	3526.3333333333335	938.0	4397.0	12552.0
280	3536.3333333333335	0.0	0.0	5955.0
290	3112.6666666666665	0.0	0.0	9894.0
300	3702.5	0.0	0.0	8734.0
310	3716.6666666666665	0.0	0.0	8856.0
320	3800.1666666666665	0.0	0.0	8742.0
330	3716.0	0.0	0.0	9116.0
340	3168.5	0.0	0.0	11827.0
350	3477.5	0.0	0.0	8883.0
360	2881.5	0.0	0.0	9061.0
370	3103.5	0.0	0.0	11256.0
380	3965.1666666666665	0.0	0.0	10154.0
390	3728.8333333333335	0.0	0.0	9955.0
400	3935.3333333333335	0.0	0.0	11872.0
410	3246.8333333333335	0.0	0.0	8793.0
420	3165.8333333333335	0.0	0.0	10751.0
430	3837.5	0.0	0.0	9727.0
440	3754.1666666666665	0.0	0.0	12377.0
450	3845.3333333333335	0.0	0.0	14226.0
460	3508.1666666666665	0.0	0.0	8946.0
470	3715.1666666666665	0.0	0.0	9543.0
480	3758.0	0.0	0.0	9922.0
490	3623.6666666666665	0.0	0.0	11148.0
500	3748.3333333333335	0.0	0.0	10768.0
510	3565.1666666666665	0.0	0.0	12789.0
520	3832.0	0.0	0.0	12273.0
530	3885.6666666666665	0.0	0.0	11090.0
540	4005.0	0.0	0.0	9803.0
550	3926.3333333333335	0.0	0.0	9452.0
560	3921.0	0.0	0.0	10705.0
570	3918.6666666666665	0.0	0.0	9427.0
580	3582.3333333333335	0.0	0.0	13173.0
590	3868.6666666666665	0.0	0.0	11533.0
600	3688.0	0.0	0.0	10290.0
610	3992.5	0.0	0.0	8253.0
620	3870.1666666666665	0.0	0.0	10773.0
630	3914.6666666666665	0.0	0.0	10836.0
640	3454.6666666666665	0.0	0.0	11543.0
650	3869.6666666666665	0.0	0.0	7921.0
660	3983.1666666666665	0.0	0.0	11247.0
670	3885.3333333333335	0.0	0.0	9958.0
680	4019.1666666666665	0.0	0.0	8588.0
690	3736.6666666666665	0.0	0.0	10580.0
700	3478.1666666666665	0.0	0.0	11843.0
710	3721.3333333333335	0.0	0.0	10703.0
720	3903.6666666666665	0.0	0.0	13768.0
730	3862.3333333333335	0.0	0.0	10459.0
740	3493.6666666666665	0.0	0.0	10083.0
750	3677.6666666666665	0.0	0.0	12054.0
760	3816.3333333333335	0.0	0.0	11507.0
770	4085.8333333333335	0.0	0.0	10167.0
780	3756.8333333333335	0.0	0.0	11397.0
790	3551.1666666666665	0.0	0.0	7591.0
800	3633.0	0.0	0.0	8354.0
