0	2754.1666666666665	0.0	0.0	0.0
10	2258.1666666666665	462.0	3168.0	6523.0
20	2217.6666666666665	538.0	3446.0	8384.0
30	2285.8333333333335	0.0	0.0	10083.0
40	2610.3333333333335	0.0	0.0	11629.0
50	2505.8333333333335	0.0	0.0	9408.0
60	2367.0	0.0	0.0	8933.0
70	2625.3333333333335	0.0	0.0	10649.0
80	3007.3333333333335	0.0	0.0	7968.0
90	2538.5	0.0	0.0	7027.0
100	2643.0	0.0	0.0	9530.0
110	2673.8333333333335	0.0	0.0	11132.0
120	3082.8333333333335	0.0	0.0	7405.0
130	2685.3333333333335	0.0	0.0	13064.0
140	2609.0	0.0	0.0	8565.0
150	2765.8333333333335	0.0	0.0	8488.0
160	2795.8333333333335	0.0	0.0	9866.0
170	2762.6666666666665	0.0	0.0	8400.0
180	2774.6666666666665	0.0	0.0	8772.0
190	2793.8333333333335	0.0	0.0	6311.0
200	2923.5	0.0	0.0	8682.0
210	3213.0	0.0	0.0	11785.0
220	3330.8333333333335	0.0	0.0	9897.0
230	3238.6666666666665	0.0	0.0	7640.0
240	3534.3333333333335	0.0	0.0	9175.0
250	3691.6666666666665	0.0	0.0	8117.0
260	3435.3333333333335	0.0	0.0	11000.0
270	3636.3333333333335	0.0	0.0	8884.0
280	3178.8333333333335	0.0	0.0	7131.0
290	3501.5	0.0	0.0	11782.0
300	3338.5	0.0	0.0	11483.0
310	3352.5	0.0	0.0	11618.0
320	3747.0	0.0	0.0	9408.0
330	3494.3333333333335	0.0	0.0	7588.0
340	3332.0	0.0	0.0	11975.0
350	3802.5	0.0	0.0	13119.0
360	3467.8333333333335	0.0	0.0	9082.0
370	3679.6666666666665	0.0	0.0	13080.0
380	3455.8333333333335	0.0	0.0	9729.0
390	3985.0	0.0	0.0	10882.0
400	3243.1666666666665	0.0	0.0	10719.0
410	3641.1666666666665	0.0	0.0	11509.0
420	3691.8333333333335	0.0	0.0	6888.0
430	3355.0	0.0	0.0	10366.0
440	3434.3333333333335	0.0	0.0	10748.0
450	3751.5	0.0	0.0	10364.0
460	3404.8333333333335	0.0	0.0	9679.0
470	3511.3333333333335	0.0	0.0	7791.0
480	3803.0	0.0	0.0	10070.0
490	3976.0	0.0	0.0	11869.0
500	3810.5	0.0	0.0	13388.0
510	4136.666666666667	0.0	0.0	13547.0
520	3773.1666666666665	0.0	0.0	11079.0
530	3786.1666666666665	0.0	0.0	7933.0
540	3560.3333333333335	0.0	0.0	10649.0
550	3932.5	0.0	0.0	11295.0
560	3794.0	0.0	0.0	9036.0
570	3606.1666666666665	0.0	0.0	11098.0
580	3614.0	0.0	0.0	7932.0
590	3691.8333333333335	0.0	0.0	8186.0
600	3753.3333333333335	0.0	0.0	8637.0
610	4083.1666666666665	0.0	0.0	10431.0
620	3787.0	0.0	0.0	11079.0
630	3977.1666666666665	0.0	0.0	8616.0
640	3656.3333333333335	0.0	0.0	13514.0
650	3803.5	0.0	0.0	9491.0
660	4017.5	0.0	0.0	10083.0
670	3507.3333333333335	0.0	0.0	9761.0
680	3569.3333333333335	0.0	0.0	10280.0
690	3916.5	0.0	0.0	10991.0
700	3982.1666666666665	0.0	0.0	11546.0
710	3852.8333333333335	0.0	0.0	7596.0
720	3802.8333333333335	0.0	0.0	11100.0
730	3552.3333333333335	0.0	0.0	8863.0
740	3880.1666666666665	0.0	0.0	9591.0
750	3811.6666666666665	0.0	0.0	8877.0
760	3873.1666666666665	0.0	0.0	11537.0
770	3847.0	0.0	0.0	8813.0
780	4293.0	0.0	0.0	9789.0
790	3951.0	0.0	0.0	12756.0
800	3467.6666666666665	0.0	0.0	9563.0
