0	247.33333333333334	0.0	0.0	0.0
10	1920.0	1000.0	1000.0	6154.0
20	1975.3333333333333	0.0	0.0	9642.0
30	2119.8333333333335	0.0	0.0	9484.0
40	1944.6666666666667	0.0	0.0	12662.0
50	2075.0	0.0	0.0	11425.0
60	2255.1666666666665	0.0	0.0	11721.0
70	2310.6666666666665	0.0	0.0	11526.0
80	2195.1666666666665	0.0	0.0	8659.0
90	2582.3333333333335	0.0	0.0	9251.0
100	2361.8333333333335	0.0	0.0	6057.0
110	2491.6666666666665	0.0	0.0	6717.0
120	2318.0	0.0	0.0	8436.0
130	2504.6666666666665	0.0	0.0	5503.0
140	2412.8333333333335	0.0	0.0	14598.0
150	2290.5	0.0	0.0	8900.0
160	2788.3333333333335	0.0	0.0	13126.0
170	2374.1666666666665	0.0	0.0	8641.0
180	2562.8333333333335	0.0	0.0	9011.0
190	2529.1666666666665	0.0	0.0	10001.0
200	2769.6666666666665	0.0	0.0	8280.0
210	2386.1666666666665	0.0	0.0	7183.0
220	2202.3333333333335	0.0	0.0	7820.0
230	3040.5	0.0	0.0	11435.0
240	2810.0	0.0	0.0	8508.0
250	2566.1666666666665	0.0	0.0	8626.0
260	2785.0	0.0	0.0	9358.0
270	2814.8333333333335	0.0	0.0	6433.0
280	2714.8333333333335	0.0	0.0	8120.0
290	3094.6666666666665	0.0	0.0	8098.0
300	2751.6666666666665	0.0	0.0	9817.0
310	2718.8333333333335	0.0	0.0	6195.0
320	2602.3333333333335	0.0	0.0	7913.0
330	2809.8333333333335	0.0	0.0	10836.0
340	2870.5	0.0	0.0	8110.0
350	2664.3333333333335	0.0	0.0	9281.0
360	2899.0	0.0	0.0	14313.0
370	2611.5	0.0	0.0	7641.0
380	2621.0	0.0	0.0	8735.0
390	2861.1666666666665	0.0	0.0	9375.0
400	2766.0	0.0	0.0	7457.0
410	2619.0	0.0	0.0	8653.0
420	3006.5	0.0	0.0	8404.0
430	2827.1666666666665	0.0	0.0	10180.0
440	2450.3333333333335	0.0	0.0	8807.0
450	3038.3333333333335	0.0	0.0	6913.0
460	2532.1666666666665	0.0	0.0	8771.0
470	2835.8333333333335	0.0	0.0	11227.0
480	2914.5	0.0	0.0	11972.0
490	3009.0	0.0	0.0	9004.0
500	2845.0	0.0	0.0	8962.0
510	3223.3333333333335	0.0	0.0	9645.0
520	3235.8333333333335	0.0	0.0	6004.0
530	3086.5	0.0	0.0	9748.0
540	3200.3333333333335	0.0	0.0	8954.0
550	3072.5	0.0	0.0	9368.0
560	3084.1666666666665	0.0	0.0	8313.0
570	3454.5	0.0	0.0	8246.0
580	3453.1666666666665	0.0	0.0	8589.0
590	3374.1666666666665	0.0	0.0	8271.0
600	3220.5	0.0	0.0	12335.0
610	4176.166666666667	0.0	0.0	11527.0
620	3157.3333333333335	0.0	0.0	7325.0
630	3425.0	0.0	0.0	10222.0
640	3341.0	0.0	0.0	11130.0
650	3496.8333333333335	0.0	0.0	10941.0
660	3956.5	0.0	0.0	13345.0
670	3545.1666666666665	0.0	0.0	11266.0
680	3121.8333333333335	0.0	0.0	10282.0
690	3498.3333333333335	0.0	0.0	11255.0
700	3383.1666666666665	0.0	0.0	10567.0
710	3784.1666666666665	0.0	0.0	8624.0
720	3533.6666666666665	0.0	0.0	9267.0
730	3841.6666666666665	0.0	0.0	9173.0
740	3802.3333333333335	0.0	0.0	9311.0
750	3755.3333333333335	0.0	0.0	11413.0
760	3554.1666666666665	0.0	0.0	11212.0
770	3639.0	0.0	0.0	10628.0
780	3707.1666666666665	0.0	0.0	9619.0
790	3668.3333333333335	0.0	0.0	7867.0
800	3490.5	0.0	0.0	13079.0
810	3887.1666666666665	0.0	0.0	7803.0
820	3545.1666666666665	0.0	0.0	8666.0
830	3659.6666666666665	0.0	0.0	6874.0
840	3462.1666666666665	0.0	0.0	10491.0
850	3689.5	0.0	0.0	10909.0
860	3627.1666666666665	0.0	0.0	9664.0
870	3420.0	0.0	0.0	12439.0
880	3710.5	0.0	0.0	12562.0
890	3114.3333333333335	0.0	0.0	10671.0
900	2890.5	0.0	0.0	7939.0
910	4070.0	0.0	0.0	13234.0
920	3495.3333333333335	0.0	0.0	10512.0
930	3715.0	0.0	0.0	9895.0
940	3974.0	0.0	0.0	10585.0
950	3451.5	0.0	0.0	9766.0
960	3903.0	0.0	0.0	8768.0
970	3687.5	0.0	0.0	13307.0
980	3446.6666666666665	0.0	0.0	10555.0
990	3472.1666666666665	0.0	0.0	11624.0
1000	3265.8333333333335	0.0	0.0	6933.0
