0	2383.1666666666665	0.0	0.0	0.0
10	2249.1666666666665	38.0	2681.0	8282.0
20	2184.5	50.0	3102.0	9745.0
30	2194.3333333333335	58.0	3488.0	10615.0
40	2441.8333333333335	37.0	2583.0	6799.0
50	2521.3333333333335	49.0	2908.0	8359.0
60	2208.5	36.0	3934.0	11266.0
70	2254.3333333333335	5.0	2649.0	5445.0
80	2163.8333333333335	42.0	3065.0	7724.0
90	2378.5	5.0	2497.0	6237.0
100	2192.8333333333335	43.0	3974.0	9567.0
110	2633.8333333333335	24.0	3743.0	8182.0
120	2500.6666666666665	2.0	2673.0	6748.0
130	2555.3333333333335	17.0	3370.0	7729.0
140	2664.0	32.0	4131.0	11006.0
150	2293.5	22.0	4169.0	10727.0
160	2473.1666666666665	15.0	2839.0	7016.0
170	2216.3333333333335	15.0	4363.0	10280.0
180	2201.0	5.0	2660.0	5756.0
190	2255.6666666666665	29.0	2519.0	5922.0
200	2742.5	5.0	2834.0	6263.0
210	2916.0	13.0	3092.0	6386.0
220	2720.1666666666665	14.0	4349.0	10600.0
230	3017.8333333333335	12.0	3358.0	7147.0
240	3191.5	5.0	4639.0	9299.0
250	2760.1666666666665	12.0	4035.0	8755.0
260	2681.6666666666665	11.0	3885.0	9990.0
270	2753.6666666666665	10.0	2718.0	6048.0
280	2738.3333333333335	20.0	4988.0	10302.0
290	3056.5	17.0	4238.0	9271.0
300	3124.5	24.0	5470.0	11773.0
310	3109.3333333333335	16.0	5539.0	11756.0
320	3204.3333333333335	10.0	4835.0	10376.0
330	3248.5	24.0	5509.0	12104.0
340	3579.6666666666665	11.0	5330.0	10964.0
350	3706.3333333333335	9.0	5356.0	11744.0
360	3248.3333333333335	23.0	6448.0	13384.0
370	3414.8333333333335	2.0	3557.0	7205.0
380	3544.0	13.0	4777.0	10217.0
390	3040.1666666666665	9.0	4061.0	8528.0
400	3553.3333333333335	16.0	6296.0	12790.0
410	3566.8333333333335	13.0	5268.0	9614.0
420	3605.8333333333335	14.0	4530.0	10046.0
430	3417.6666666666665	14.0	5640.0	11716.0
440	3467.3333333333335	7.0	5245.0	10383.0
450	3523.6666666666665	12.0	4824.0	10482.0
460	3597.5	14.0	5197.0	9738.0
470	3506.3333333333335	15.0	5707.0	13398.0
480	3777.0	17.0	4306.0	9865.0
490	3790.8333333333335	13.0	4052.0	9011.0
500	3829.6666666666665	10.0	3472.0	7329.0
510	3759.6666666666665	12.0	4642.0	10277.0
520	3697.6666666666665	8.0	5051.0	11400.0
530	3387.6666666666665	16.0	5390.0	10481.0
540	3733.3333333333335	7.0	4630.0	8911.0
550	3007.6666666666665	13.0	5314.0	11229.0
560	3839.5	15.0	2807.0	8082.0
570	3469.3333333333335	0.0	0.0	10857.0
580	3517.5	0.0	0.0	9268.0
590	4163.666666666667	0.0	0.0	10274.0
600	3620.6666666666665	0.0	0.0	12761.0
610	3819.3333333333335	0.0	0.0	12799.0
620	3713.0	0.0	0.0	10393.0
630	3990.5	0.0	0.0	9746.0
640	3747.5	0.0	0.0	10361.0
650	3596.8333333333335	0.0	0.0	7928.0
660	3673.0	0.0	0.0	7401.0
670	3846.6666666666665	0.0	0.0	9626.0
680	3792.5	0.0	0.0	11021.0
690	3787.5	0.0	0.0	9571.0
700	3669.6666666666665	0.0	0.0	9483.0
710	3811.6666666666665	0.0	0.0	9576.0
720	3399.5	0.0	0.0	11824.0
730	3486.0	0.0	0.0	12452.0
740	3588.5	0.0	0.0	11286.0
750	3702.8333333333335	0.0	0.0	12414.0
760	3881.3333333333335	0.0	0.0	12120.0
770	3760.8333333333335	0.0	0.0	11071.0
780	4048.0	0.0	0.0	10244.0
790	3536.5	0.0	0.0	9330.0
800	4022.3333333333335	0.0	0.0	8907.0
