0	2278.1666666666665	0.0	0.0	0.0
10	2164.1666666666665	16.0	2981.0	8552.0
20	2065.3333333333335	10.0	2644.0	7991.0
30	2314.8333333333335	38.0	2980.0	8687.0
40	2367.5	39.0	2672.0	7745.0
50	2377.8333333333335	56.0	2876.0	8197.0
60	2435.1666666666665	30.0	2732.0	7895.0
70	2580.3333333333335	93.0	4079.0	11141.0
80	2308.6666666666665	40.0	3618.0	8640.0
90	2040.5	27.0	4219.0	9526.0
100	2505.3333333333335	53.0	3627.0	9321.0
110	2520.0	36.0	3526.0	10143.0
120	2529.0	19.0	4034.0	9217.0
130	2665.5	28.0	4168.0	9636.0
140	2226.5	19.0	4343.0	10686.0
150	2587.1666666666665	24.0	3591.0	8634.0
160	2759.3333333333335	17.0	3950.0	8205.0
170	2571.3333333333335	15.0	4172.0	9707.0
180	2648.6666666666665	16.0	3809.0	7795.0
190	2630.6666666666665	21.0	4725.0	11052.0
200	2910.5	17.0	5004.0	11827.0
210	2870.3333333333335	1.0	2976.0	6062.0
220	2925.1666666666665	14.0	4681.0	10926.0
230	2881.0	12.0	4996.0	11632.0
240	3215.0	24.0	5496.0	11061.0
250	2965.8333333333335	8.0	4374.0	10014.0
260	3409.0	13.0	3763.0	7013.0
270	3208.3333333333335	14.0	5858.0	13289.0
280	3711.6666666666665	11.0	4508.0	9024.0
290	3425.8333333333335	7.0	5928.0	11273.0
300	3417.6666666666665	7.0	4978.0	10476.0
310	3675.0	14.0	5752.0	12002.0
320	3162.1666666666665	12.0	5443.0	11990.0
330	3564.8333333333335	18.0	5426.0	9945.0
340	3004.1666666666665	14.0	6663.0	12833.0
350	2850.5	9.0	5346.0	11134.0
360	3785.6666666666665	9.0	4244.0	9320.0
370	3130.8333333333335	16.0	5010.0	10403.0
380	3566.5	5.0	5156.0	11269.0
390	3443.5	12.0	5795.0	13142.0
400	3311.0	6.0	4121.0	8303.0
410	3487.1666666666665	10.0	5008.0	10749.0
420	3345.1666666666665	10.0	4578.0	9381.0
430	3330.5	6.0	6003.0	11101.0
440	3361.0	13.0	5081.0	9585.0
450	3554.3333333333335	11.0	4947.0	9310.0
460	3528.5	5.0	5135.0	9399.0
470	3706.3333333333335	8.0	5199.0	9650.0
480	3759.1666666666665	10.0	5457.0	10678.0
490	3479.8333333333335	10.0	6434.0	12596.0
500	3618.8333333333335	10.0	5307.0	10473.0
510	3737.0	11.0	4946.0	10250.0
520	3749.6666666666665	19.0	5231.0	8997.0
530	3158.5	6.0	6688.0	12499.0
540	3740.0	9.0	5876.0	12188.0
550	3527.6666666666665	22.0	4891.0	10994.0
560	3311.0	0.0	0.0	11427.0
570	3812.5	0.0	0.0	9013.0
580	3823.1666666666665	0.0	0.0	13640.0
590	3628.0	0.0	0.0	9762.0
600	3806.3333333333335	0.0	0.0	10412.0
610	3914.0	0.0	0.0	9844.0
620	3855.5	0.0	0.0	7232.0
630	3673.1666666666665	0.0	0.0	10073.0
640	3963.3333333333335	0.0	0.0	8691.0
650	3501.3333333333335	0.0	0.0	8700.0
660	3817.3333333333335	0.0	0.0	7123.0
670	3747.8333333333335	0.0	0.0	7777.0
680	3599.8333333333335	0.0	0.0	8330.0
690	3891.1666666666665	0.0	0.0	9120.0
700	3685.0	0.0	0.0	11153.0
710	3500.5	0.0	0.0	9092.0
720	3731.3333333333335	0.0	0.0	7872.0
730	3687.3333333333335	0.0	0.0	9807.0
740	3741.3333333333335	0.0	0.0	8842.0
750	3775.5	0.0	0.0	9833.0
760	3724.8333333333335	0.0	0.0	8630.0
770	3858.3333333333335	0.0	0.0	7413.0
780	3641.3333333333335	0.0	0.0	8701.0
790	3406.5	0.0	0.0	7063.0
800	3699.3333333333335	0.0	0.0	10470.0
