0	2341.5	0.0	0.0	0.0
10	2009.3333333333333	437.0	2002.0	12009.0
20	2442.5	487.0	1772.0	9949.0
30	2511.0	76.0	193.0	8794.0
40	2692.1666666666665	0.0	0.0	9120.0
50	2661.5	0.0	0.0	8204.0
60	2512.6666666666665	0.0	0.0	7149.0
70	2737.5	0.0	0.0	8671.0
80	2517.1666666666665	0.0	0.0	7020.0
90	2477.0	0.0	0.0	7835.0
100	2441.6666666666665	0.0	0.0	6292.0
110	2782.8333333333335	0.0	0.0	12449.0
120	2410.1666666666665	0.0	0.0	9387.0
130	2740.1666666666665	0.0	0.0	7046.0
140	2599.8333333333335	0.0	0.0	11050.0
150	2487.8333333333335	0.0	0.0	7941.0
160	2441.5	0.0	0.0	7254.0
170	2536.3333333333335	0.0	0.0	10226.0
180	2699.3333333333335	0.0	0.0	9131.0
190	2330.0	0.0	0.0	7143.0
200	2358.5	0.0	0.0	7490.0
210	2358.0	0.0	0.0	8063.0
220	2651.8333333333335	0.0	0.0	9362.0
230	2574.5	0.0	0.0	8229.0
240	2574.0	0.0	0.0	6993.0
250	2568.5	0.0	0.0	7823.0
260	2495.0	0.0	0.0	9055.0
270	2758.5	0.0	0.0	11273.0
280	2010.3333333333333	0.0	0.0	8576.0
290	2752.1666666666665	0.0	0.0	8832.0
300	2726.8333333333335	0.0	0.0	7498.0
310	2816.8333333333335	0.0	0.0	11173.0
320	3310.6666666666665	0.0	0.0	6481.0
330	2469.0	0.0	0.0	8341.0
340	2779.6666666666665	0.0	0.0	6602.0
350	2578.6666666666665	0.0	0.0	5978.0
360	2946.3333333333335	0.0	0.0	10242.0
370	2821.6666666666665	0.0	0.0	10405.0
380	2581.3333333333335	0.0	0.0	9912.0
390	2733.5	0.0	0.0	11391.0
400	3273.3333333333335	0.0	0.0	7278.0
410	2931.1666666666665	0.0	0.0	7237.0
420	3286.5	0.0	0.0	9835.0
430	2828.5	0.0	0.0	7767.0
440	2875.6666666666665	0.0	0.0	6886.0
450	3274.6666666666665	0.0	0.0	14625.0
460	3101.6666666666665	0.0	0.0	10918.0
470	3505.6666666666665	0.0	0.0	7340.0
480	3170.5	0.0	0.0	9760.0
490	3511.6666666666665	0.0	0.0	9769.0
500	2798.5	0.0	0.0	11157.0
510	3069.8333333333335	0.0	0.0	9573.0
520	3120.1666666666665	0.0	0.0	10854.0
530	3506.5	0.0	0.0	12615.0
540	3146.5	0.0	0.0	12165.0
550	3435.3333333333335	0.0	0.0	9612.0
560	3035.1666666666665	0.0	0.0	9153.0
570	3372.8333333333335	0.0	0.0	9567.0
580	3474.3333333333335	0.0	0.0	11907.0
590	3090.8333333333335	0.0	0.0	8387.0
600	3543.6666666666665	0.0	0.0	11892.0
610	3383.8333333333335	0.0	0.0	10974.0
620	4074.1666666666665	0.0	0.0	7197.0
630	3492.1666666666665	0.0	0.0	10025.0
640	3783.3333333333335	0.0	0.0	7805.0
650	3536.3333333333335	0.0	0.0	11566.0
660	2980.0	0.0	0.0	8991.0
670	3835.8333333333335	0.0	0.0	10678.0
680	3242.6666666666665	0.0	0.0	13529.0
690	3432.8333333333335	0.0	0.0	14275.0
700	3449.3333333333335	0.0	0.0	13141.0
710	3610.1666666666665	0.0	0.0	11054.0
720	3452.0	0.0	0.0	8936.0
730	3584.5	0.0	0.0	12521.0
740	3946.5	0.0	0.0	13196.0
750	3835.3333333333335	0.0	0.0	10357.0
760	3686.3333333333335	0.0	0.0	12006.0
770	2828.6666666666665	0.0	0.0	9011.0
780	3932.3333333333335	0.0	0.0	15221.0
790	3524.3333333333335	0.0	0.0	11969.0
800	3974.6666666666665	0.0	0.0	12589.0
