0	2433.6666666666665	0.0	0.0	0.0
10	2424.1666666666665	32.0	5176.0	10690.0
20	2396.5	117.0	5355.0	11025.0
30	2533.1666666666665	0.0	2919.0	6301.0
40	2191.3333333333335	9.0	3510.0	7162.0
50	2410.5	40.0	5403.0	10495.0
60	2200.8333333333335	19.0	4403.0	8736.0
70	2720.0	65.0	4930.0	9982.0
80	2338.0	25.0	6024.0	11910.0
90	2804.0	21.0	4671.0	9776.0
100	2672.8333333333335	17.0	4547.0	9130.0
110	2419.1666666666665	7.0	4146.0	8125.0
120	2427.0	4.0	4570.0	8875.0
130	2979.8333333333335	6.0	5346.0	10506.0
140	2672.8333333333335	4.0	5440.0	10706.0
150	2723.8333333333335	3.0	5617.0	10708.0
160	3264.8333333333335	1.0	3805.0	7794.0
170	2788.5	11.0	4829.0	9750.0
180	3217.0	4.0	4919.0	9489.0
190	3045.6666666666665	2.0	4139.0	8001.0
200	3321.0	6.0	6701.0	13334.0
210	3111.8333333333335	5.0	5960.0	11556.0
220	3294.1666666666665	0.0	4283.0	8389.0
230	2919.6666666666665	1.0	2974.0	5488.0
240	3375.6666666666665	5.0	5059.0	10091.0
250	3221.8333333333335	1.0	4105.0	8123.0
260	3334.5	4.0	6877.0	13673.0
270	3550.5	1.0	3848.0	7536.0
280	3746.6666666666665	0.0	5403.0	10640.0
290	3345.1666666666665	3.0	6355.0	12057.0
300	3707.3333333333335	0.0	4046.0	8220.0
310	3207.1666666666665	0.0	5898.0	11653.0
320	3578.3333333333335	2.0	5772.0	11583.0
330	3158.1666666666665	1.0	3227.0	6272.0
340	3687.8333333333335	1.0	3332.0	12776.0
350	3118.6666666666665	0.0	0.0	14030.0
360	3239.3333333333335	0.0	0.0	13704.0
370	3361.5	0.0	0.0	10078.0
380	3447.8333333333335	0.0	0.0	10449.0
390	3592.3333333333335	0.0	0.0	11352.0
400	3887.0	0.0	0.0	10503.0
410	3591.3333333333335	0.0	0.0	8375.0
420	3802.0	0.0	0.0	8847.0
430	3771.5	0.0	0.0	12226.0
440	3498.8333333333335	0.0	0.0	9937.0
450	3662.3333333333335	0.0	0.0	11448.0
460	3612.3333333333335	0.0	0.0	10262.0
470	4057.1666666666665	0.0	0.0	10750.0
480	3353.6666666666665	0.0	0.0	11692.0
490	3529.1666666666665	0.0	0.0	11667.0
500	3846.6666666666665	0.0	0.0	10882.0
510	3655.5	0.0	0.0	12750.0
520	4066.3333333333335	0.0	0.0	10591.0
530	3650.3333333333335	0.0	0.0	10335.0
540	3766.1666666666665	0.0	0.0	12304.0
550	4077.0	0.0	0.0	10702.0
560	3345.8333333333335	0.0	0.0	9580.0
570	4059.0	0.0	0.0	12999.0
580	4166.166666666667	0.0	0.0	13140.0
590	3279.8333333333335	0.0	0.0	10062.0
600	3809.0	0.0	0.0	10807.0
610	3781.0	0.0	0.0	12590.0
620	3730.0	0.0	0.0	11357.0
630	3842.3333333333335	0.0	0.0	11683.0
640	3649.5	0.0	0.0	11076.0
650	4224.0	0.0	0.0	7860.0
660	3823.5	0.0	0.0	11727.0
670	3912.6666666666665	0.0	0.0	10203.0
680	3851.5	0.0	0.0	11137.0
690	3848.8333333333335	0.0	0.0	9748.0
700	3705.0	0.0	0.0	10229.0
710	3903.0	0.0	0.0	9388.0
720	4195.0	0.0	0.0	9129.0
730	3440.1666666666665	0.0	0.0	10502.0
740	3599.5	0.0	0.0	11481.0
750	3696.5	0.0	0.0	10853.0
760	3779.5	0.0	0.0	7603.0
770	3729.1666666666665	0.0	0.0	9315.0
780	3736.8333333333335	0.0	0.0	10524.0
790	4007.5	0.0	0.0	10984.0
800	3921.5	0.0	0.0	8432.0
810	3619.5	0.0	0.0	11136.0
820	3542.8333333333335	0.0	0.0	11481.0
830	3892.0	0.0	0.0	12329.0
840	3697.6666666666665	0.0	0.0	8845.0
850	3864.8333333333335	0.0	0.0	10647.0
860	3740.1666666666665	0.0	0.0	8235.0
870	3962.3333333333335	0.0	0.0	11582.0
880	3503.3333333333335	0.0	0.0	11093.0
890	3471.6666666666665	0.0	0.0	10698.0
900	3862.6666666666665	0.0	0.0	8254.0
910	3658.6666666666665	0.0	0.0	8327.0
920	3522.8333333333335	0.0	0.0	9182.0
930	3812.5	0.0	0.0	10905.0
940	3636.8333333333335	0.0	0.0	12456.0
950	3798.3333333333335	0.0	0.0	8417.0
960	3629.6666666666665	0.0	0.0	10399.0
970	3629.8333333333335	0.0	0.0	10305.0
980	3484.5	0.0	0.0	8663.0
990	3410.8333333333335	0.0	0.0	9140.0
1000	3477.0	0.0	0.0	9452.0
