0	2785.1666666666665	0.0	0.0	0.0
10	2989.8333333333335	67.0	5303.0	11029.0
20	2332.8333333333335	33.0	4521.0	9358.0
30	2107.3333333333335	24.0	3628.0	7697.0
40	2357.1666666666665	46.0	3950.0	8145.0
50	2400.6666666666665	54.0	7989.0	15517.0
60	2699.6666666666665	4.0	3668.0	7465.0
70	2384.6666666666665	19.0	4750.0	9058.0
80	2752.5	59.0	5517.0	11339.0
90	2607.3333333333335	19.0	4959.0	9741.0
100	2775.5	12.0	5543.0	10628.0
110	2748.1666666666665	5.0	5868.0	11865.0
120	2854.0	5.0	5152.0	9825.0
130	2913.6666666666665	5.0	5827.0	11163.0
140	3319.3333333333335	13.0	4681.0	9190.0
150	3086.8333333333335	2.0	5509.0	10973.0
160	3044.0	5.0	5232.0	9997.0
170	3056.5	8.0	4694.0	9556.0
180	3200.3333333333335	3.0	4407.0	8741.0
190	3352.5	3.0	4935.0	9667.0
200	3400.1666666666665	3.0	5976.0	11717.0
210	3051.8333333333335	2.0	4005.0	7882.0
220	3464.6666666666665	3.0	6393.0	12966.0
230	3070.1666666666665	3.0	4764.0	9031.0
240	3551.8333333333335	3.0	5867.0	11407.0
250	3701.0	2.0	5932.0	11633.0
260	3154.5	3.0	5179.0	9765.0
270	3609.5	5.0	7970.0	15591.0
280	3794.0	0.0	4163.0	8080.0
290	3392.3333333333335	1.0	5626.0	10615.0
300	3518.3333333333335	2.0	3845.0	7482.0
310	3261.1666666666665	1.0	5531.0	10357.0
320	2849.1666666666665	0.0	2205.0	11205.0
330	3348.1666666666665	0.0	0.0	9415.0
340	3900.0	0.0	0.0	9141.0
350	3640.5	0.0	0.0	8722.0
360	3940.8333333333335	0.0	0.0	8888.0
370	3729.1666666666665	0.0	0.0	10405.0
380	3369.6666666666665	0.0	0.0	11767.0
390	3740.6666666666665	0.0	0.0	12027.0
400	3080.3333333333335	0.0	0.0	11170.0
410	3521.5	0.0	0.0	11154.0
420	4060.1666666666665	0.0	0.0	8011.0
430	3709.8333333333335	0.0	0.0	7969.0
440	3841.0	0.0	0.0	7856.0
450	3805.8333333333335	0.0	0.0	10888.0
460	3592.0	0.0	0.0	12172.0
470	3625.5	0.0	0.0	10689.0
480	3020.5	0.0	0.0	11230.0
490	3133.0	0.0	0.0	11467.0
500	3842.1666666666665	0.0	0.0	10548.0
510	3813.6666666666665	0.0	0.0	10531.0
520	3415.8333333333335	0.0	0.0	13334.0
530	3377.8333333333335	0.0	0.0	7538.0
540	3525.5	0.0	0.0	11470.0
550	3299.0	0.0	0.0	11595.0
560	3638.1666666666665	0.0	0.0	11165.0
570	3669.1666666666665	0.0	0.0	13418.0
580	3920.8333333333335	0.0	0.0	8669.0
590	3802.1666666666665	0.0	0.0	10811.0
600	3975.5	0.0	0.0	12468.0
610	3525.8333333333335	0.0	0.0	7666.0
620	3703.6666666666665	0.0	0.0	10936.0
630	3623.5	0.0	0.0	9110.0
640	4083.3333333333335	0.0	0.0	10461.0
650	4083.6666666666665	0.0	0.0	11186.0
660	3868.3333333333335	0.0	0.0	10140.0
670	3721.8333333333335	0.0	0.0	9401.0
680	3955.0	0.0	0.0	13052.0
690	4038.5	0.0	0.0	10764.0
700	4076.5	0.0	0.0	10592.0
710	3782.3333333333335	0.0	0.0	10236.0
720	3677.3333333333335	0.0	0.0	9570.0
730	3779.8333333333335	0.0	0.0	9055.0
740	3818.8333333333335	0.0	0.0	12097.0
750	3746.5	0.0	0.0	8754.0
760	3698.1666666666665	0.0	0.0	11662.0
770	3621.8333333333335	0.0	0.0	9642.0
780	3530.1666666666665	0.0	0.0	12374.0
790	3585.6666666666665	0.0	0.0	8976.0
800	3439.0	0.0	0.0	12099.0
810	3744.3333333333335	0.0	0.0	7687.0
820	3780.5	0.0	0.0	11637.0
830	3968.8333333333335	0.0	0.0	12002.0
840	3412.1666666666665	0.0	0.0	9563.0
850	3751.8333333333335	0.0	0.0	11140.0
860	4140.833333333333	0.0	0.0	10746.0
870	3998.3333333333335	0.0	0.0	8990.0
880	3598.0	0.0	0.0	10572.0
890	3666.8333333333335	0.0	0.0	11292.0
900	3847.1666666666665	0.0	0.0	9092.0
910	3831.8333333333335	0.0	0.0	11129.0
920	3697.1666666666665	0.0	0.0	9385.0
930	3770.3333333333335	0.0	0.0	8604.0
940	3345.3333333333335	0.0	0.0	10313.0
950	3573.5	0.0	0.0	12506.0
960	3788.5	0.0	0.0	11090.0
970	3746.1666666666665	0.0	0.0	9468.0
980	3899.8333333333335	0.0	0.0	7758.0
990	3682.0	0.0	0.0	11927.0
1000	3880.6666666666665	0.0	0.0	10620.0
