0	2584.8333333333335	0.0	0.0	0.0
10	2681.3333333333335	22.0	5487.0	11279.0
20	2479.0	152.0	5282.0	10893.0
30	2014.6666666666667	67.0	4311.0	8930.0
40	2339.0	101.0	5141.0	10870.0
50	2672.3333333333335	18.0	3944.0	8279.0
60	2420.1666666666665	6.0	3197.0	6506.0
70	2613.8333333333335	17.0	5222.0	10417.0
80	2824.8333333333335	23.0	6092.0	12332.0
90	2275.8333333333335	15.0	5744.0	11306.0
100	2980.6666666666665	5.0	4257.0	8303.0
110	3210.0	13.0	4558.0	8904.0
120	2917.0	5.0	5326.0	10231.0
130	2940.8333333333335	7.0	5444.0	10557.0
140	3438.5	9.0	4734.0	9277.0
150	2907.8333333333335	7.0	5683.0	10843.0
160	3532.0	8.0	5668.0	11304.0
170	3133.3333333333335	4.0	5510.0	10774.0
180	3454.8333333333335	4.0	4790.0	9641.0
190	3592.8333333333335	5.0	4502.0	9000.0
200	3635.6666666666665	1.0	5766.0	11246.0
210	3389.8333333333335	0.0	3243.0	6290.0
220	3055.8333333333335	9.0	6126.0	12061.0
230	3475.3333333333335	2.0	5868.0	11207.0
240	3732.3333333333335	1.0	5669.0	11356.0
250	3166.5	2.0	5767.0	11192.0
260	3375.1666666666665	0.0	4615.0	8801.0
270	3559.8333333333335	0.0	3396.0	6316.0
280	3191.5	1.0	5596.0	10278.0
290	3790.3333333333335	1.0	5996.0	11541.0
300	3490.0	1.0	3470.0	6785.0
310	3362.6666666666665	2.0	4769.0	9280.0
320	3432.5	2.0	4196.0	8561.0
330	3346.0	1.0	4220.0	9612.0
340	3345.0	0.0	0.0	9612.0
350	3451.3333333333335	0.0	0.0	10236.0
360	3786.8333333333335	0.0	0.0	11982.0
370	3772.0	0.0	0.0	12607.0
380	3714.6666666666665	0.0	0.0	10780.0
390	3803.0	0.0	0.0	11059.0
400	3595.0	0.0	0.0	10290.0
410	3673.1666666666665	0.0	0.0	11618.0
420	3387.3333333333335	0.0	0.0	9493.0
430	4092.3333333333335	0.0	0.0	8961.0
440	3893.8333333333335	0.0	0.0	8863.0
450	3573.8333333333335	0.0	0.0	8797.0
460	3803.0	0.0	0.0	11287.0
470	3808.3333333333335	0.0	0.0	10951.0
480	3344.1666666666665	0.0	0.0	10059.0
490	3237.3333333333335	0.0	0.0	6519.0
500	3090.6666666666665	0.0	0.0	11142.0
510	3975.5	0.0	0.0	8464.0
520	3837.5	0.0	0.0	12242.0
530	4049.6666666666665	0.0	0.0	11219.0
540	3617.8333333333335	0.0	0.0	11711.0
550	3575.5	0.0	0.0	11658.0
560	3617.3333333333335	0.0	0.0	10595.0
570	3638.5	0.0	0.0	10396.0
580	3965.3333333333335	0.0	0.0	11390.0
590	3849.6666666666665	0.0	0.0	9481.0
600	3589.3333333333335	0.0	0.0	11739.0
610	4003.0	0.0	0.0	12078.0
620	3860.8333333333335	0.0	0.0	9021.0
630	3679.3333333333335	0.0	0.0	10095.0
640	3579.5	0.0	0.0	10948.0
650	3938.3333333333335	0.0	0.0	11710.0
660	3566.3333333333335	0.0	0.0	10415.0
670	3815.1666666666665	0.0	0.0	11051.0
680	3510.6666666666665	0.0	0.0	8978.0
690	3489.0	0.0	0.0	13304.0
700	3818.3333333333335	0.0	0.0	9033.0
710	3897.1666666666665	0.0	0.0	8185.0
720	4022.0	0.0	0.0	10172.0
730	3544.1666666666665	0.0	0.0	12529.0
740	3694.8333333333335	0.0	0.0	9548.0
750	3839.5	0.0	0.0	9615.0
760	4043.1666666666665	0.0	0.0	10207.0
770	3608.1666666666665	0.0	0.0	11430.0
780	3774.5	0.0	0.0	8714.0
790	3733.6666666666665	0.0	0.0	11576.0
800	3610.1666666666665	0.0	0.0	11086.0
810	3532.3333333333335	0.0	0.0	7449.0
820	3662.3333333333335	0.0	0.0	9363.0
830	3790.3333333333335	0.0	0.0	11828.0
840	3809.0	0.0	0.0	9156.0
850	3990.5	0.0	0.0	8597.0
860	4005.6666666666665	0.0	0.0	10391.0
870	3597.8333333333335	0.0	0.0	5902.0
880	3759.5	0.0	0.0	11723.0
890	3639.5	0.0	0.0	10600.0
900	3553.3333333333335	0.0	0.0	10217.0
910	3863.1666666666665	0.0	0.0	10141.0
920	3954.1666666666665	0.0	0.0	10402.0
930	4134.833333333333	0.0	0.0	9991.0
940	3760.6666666666665	0.0	0.0	9017.0
950	4021.0	0.0	0.0	7139.0
960	4047.3333333333335	0.0	0.0	10126.0
970	3526.1666666666665	0.0	0.0	11068.0
980	3808.8333333333335	0.0	0.0	12368.0
990	3892.6666666666665	0.0	0.0	11116.0
1000	3839.6666666666665	0.0	0.0	12179.0
