0	2209.6666666666665	0.0	0.0	0.0
10	2391.1666666666665	1000.0	3146.0	11779.0
20	2323.3333333333335	0.0	0.0	13554.0
30	2549.5	0.0	0.0	7521.0
40	2616.1666666666665	0.0	0.0	8407.0
50	2558.5	0.0	0.0	11420.0
60	2473.0	0.0	0.0	10001.0
70	2491.5	0.0	0.0	7510.0
80	2256.1666666666665	0.0	0.0	7839.0
90	2521.3333333333335	0.0	0.0	10768.0
100	2656.0	0.0	0.0	12256.0
110	2547.5	0.0	0.0	9397.0
120	2728.1666666666665	0.0	0.0	8788.0
130	2810.0	0.0	0.0	9968.0
140	3038.1666666666665	0.0	0.0	8431.0
150	2744.6666666666665	0.0	0.0	10971.0
160	2631.0	0.0	0.0	9519.0
170	2738.6666666666665	0.0	0.0	8382.0
180	2638.6666666666665	0.0	0.0	10744.0
190	2702.3333333333335	0.0	0.0	12298.0
200	2808.5	0.0	0.0	11289.0
210	3069.6666666666665	0.0	0.0	8608.0
220	2915.1666666666665	0.0	0.0	10698.0
230	2840.1666666666665	0.0	0.0	8202.0
240	2767.1666666666665	0.0	0.0	4644.0
250	2816.3333333333335	0.0	0.0	9784.0
260	2610.0	0.0	0.0	8569.0
270	2912.6666666666665	0.0	0.0	8396.0
280	2373.6666666666665	0.0	0.0	10087.0
290	3018.3333333333335	0.0	0.0	11754.0
300	2911.8333333333335	0.0	0.0	10614.0
310	2872.8333333333335	0.0	0.0	11086.0
320	3116.1666666666665	0.0	0.0	9613.0
330	2742.1666666666665	0.0	0.0	10391.0
340	3481.1666666666665	0.0	0.0	8834.0
350	3129.1666666666665	0.0	0.0	11364.0
360	3301.3333333333335	0.0	0.0	8328.0
370	3265.3333333333335	0.0	0.0	8633.0
380	3676.3333333333335	0.0	0.0	9907.0
390	3033.6666666666665	0.0	0.0	10433.0
400	3149.5	0.0	0.0	11320.0
410	3379.8333333333335	0.0	0.0	11806.0
420	3280.0	0.0	0.0	7474.0
430	3293.6666666666665	0.0	0.0	9340.0
440	3886.3333333333335	0.0	0.0	12430.0
450	3812.6666666666665	0.0	0.0	11539.0
460	3340.1666666666665	0.0	0.0	12400.0
470	3842.3333333333335	0.0	0.0	11252.0
480	3644.0	0.0	0.0	8800.0
490	3441.6666666666665	0.0	0.0	7600.0
500	3832.8333333333335	0.0	0.0	10016.0
510	3440.6666666666665	0.0	0.0	11974.0
520	3385.3333333333335	0.0	0.0	10352.0
530	3759.5	0.0	0.0	11036.0
540	3625.0	0.0	0.0	10029.0
550	4221.0	0.0	0.0	11243.0
560	3900.1666666666665	0.0	0.0	11520.0
570	3713.1666666666665	0.0	0.0	8910.0
580	3676.3333333333335	0.0	0.0	11990.0
590	3264.5	0.0	0.0	10834.0
600	3661.1666666666665	0.0	0.0	15641.0
610	3866.6666666666665	0.0	0.0	9169.0
620	2916.8333333333335	0.0	0.0	7740.0
630	3463.0	0.0	0.0	13610.0
640	3846.0	0.0	0.0	10650.0
650	3513.3333333333335	0.0	0.0	10582.0
660	3789.0	0.0	0.0	10513.0
670	3724.3333333333335	0.0	0.0	10670.0
680	3500.6666666666665	0.0	0.0	10615.0
690	3922.1666666666665	0.0	0.0	8864.0
700	3377.0	0.0	0.0	10881.0
710	3924.6666666666665	0.0	0.0	10090.0
720	3769.1666666666665	0.0	0.0	10376.0
730	3449.5	0.0	0.0	7764.0
740	3957.1666666666665	0.0	0.0	9501.0
750	3800.6666666666665	0.0	0.0	11085.0
760	3822.1666666666665	0.0	0.0	8839.0
770	3609.0	0.0	0.0	10010.0
780	3775.1666666666665	0.0	0.0	9979.0
790	3603.3333333333335	0.0	0.0	9037.0
800	3740.8333333333335	0.0	0.0	10444.0
