0	274.6666666666667	0.0	0.0
10	2063.6666666666665	389.0	11574.0
20	1888.3333333333333	264.0	8537.0
30	1932.5	427.0	11146.0
40	2089.3333333333335	418.0	11610.0
50	2172.5	456.0	12633.0
60	2282.8333333333335	282.0	11169.0
70	2204.8333333333335	364.0	9585.0
80	2237.0	287.0	9686.0
90	2390.5	295.0	9192.0
100	2119.3333333333335	179.0	6153.0
110	2281.8333333333335	319.0	9334.0
120	2409.0	332.0	10572.0
130	2142.8333333333335	294.0	12458.0
140	2364.5	102.0	6123.0
150	2520.1666666666665	396.0	13571.0
160	2562.8333333333335	107.0	6686.0
170	2388.1666666666665	309.0	10199.0
180	2530.1666666666665	297.0	9935.0
190	2562.6666666666665	172.0	7450.0
200	2458.8333333333335	151.0	7812.0
210	2465.5	239.0	8007.0
220	2532.5	218.0	9355.0
230	2664.3333333333335	272.0	10951.0
240	2595.3333333333335	231.0	9347.0
250	2738.1666666666665	386.0	10188.0
260	2839.5	254.0	11065.0
270	2459.5	263.0	9582.0
280	2750.0	220.0	6983.0
290	2620.0	429.0	11012.0
300	2956.3333333333335	261.0	7398.0
310	2645.6666666666665	380.0	11770.0
320	3080.1666666666665	308.0	11215.0
330	2577.5	246.0	9709.0
340	2651.6666666666665	363.0	10587.0
350	2932.3333333333335	172.0	6772.0
360	2841.0	300.0	7784.0
370	2987.1666666666665	245.0	10081.0
380	2815.3333333333335	338.0	10812.0
390	3144.8333333333335	196.0	6348.0
400	2614.6666666666665	297.0	8742.0
410	2813.6666666666665	174.0	9081.0
420	2955.3333333333335	220.0	8854.0
430	2819.0	123.0	7145.0
440	2969.3333333333335	217.0	5727.0
450	2983.6666666666665	174.0	9153.0
460	3001.8333333333335	127.0	6990.0
470	2942.0	329.0	11595.0
480	3162.6666666666665	262.0	10859.0
490	3145.0	165.0	8913.0
500	3191.6666666666665	200.0	10008.0
510	3077.0	153.0	7621.0
520	3124.8333333333335	138.0	7966.0
530	3109.8333333333335	176.0	10289.0
540	2900.3333333333335	220.0	10104.0
550	3173.0	245.0	10126.0
560	3183.3333333333335	153.0	8232.0
570	2976.3333333333335	76.0	5921.0
580	3428.0	229.0	11131.0
590	2949.3333333333335	113.0	6501.0
600	2975.6666666666665	213.0	9960.0
610	2727.0	189.0	8703.0
620	3385.0	206.0	9240.0
630	3281.0	286.0	11776.0
640	3136.3333333333335	233.0	10494.0
650	3133.8333333333335	101.0	7870.0
660	3627.1666666666665	193.0	11106.0
670	2721.1666666666665	199.0	10804.0
680	3481.3333333333335	152.0	8942.0
690	3159.6666666666665	163.0	9479.0
700	3132.8333333333335	244.0	12325.0
710	3051.3333333333335	262.0	11623.0
720	3265.1666666666665	183.0	10625.0
730	3675.1666666666665	225.0	11224.0
740	3330.0	174.0	11178.0
750	3489.3333333333335	89.0	7159.0
760	3612.0	215.0	10933.0
770	3380.5	178.0	12392.0
780	3586.6666666666665	118.0	9199.0
790	3551.3333333333335	191.0	10527.0
800	3381.0	175.0	10615.0
810	3554.0	120.0	9013.0
820	2685.6666666666665	172.0	9204.0
830	3337.5	156.0	10860.0
840	3551.6666666666665	167.0	8910.0
850	2929.1666666666665	138.0	8602.0
860	3256.1666666666665	260.0	12228.0
870	3117.3333333333335	117.0	8052.0
880	3479.1666666666665	173.0	11608.0
890	3266.5	120.0	10005.0
900	3748.5	107.0	9877.0
910	3693.1666666666665	154.0	13910.0
920	3520.1666666666665	74.0	8873.0
930	3279.8333333333335	91.0	8863.0
940	3289.0	142.0	10395.0
950	3535.5	98.0	8830.0
960	3460.3333333333335	110.0	9973.0
970	3496.3333333333335	110.0	11010.0
980	3491.5	95.0	9987.0
990	3361.5	91.0	8580.0
1000	3579.1666666666665	170.0	11240.0
