0	257.6666666666667	0.0	0.0
10	1994.5	253.0	8280.0
20	1932.0	264.0	8692.0
30	1732.0	310.0	8255.0
40	1740.0	331.0	10362.0
50	1927.1666666666667	233.0	8591.0
60	1582.5	394.0	11310.0
70	2097.6666666666665	202.0	7635.0
80	2282.5	365.0	11552.0
90	2209.0	340.0	8962.0
100	2269.6666666666665	355.0	9886.0
110	1738.6666666666667	319.0	8750.0
120	2186.5	207.0	8449.0
130	2380.8333333333335	383.0	11602.0
140	2284.0	482.0	14785.0
150	2473.8333333333335	254.0	9257.0
160	2246.8333333333335	254.0	9223.0
170	2350.8333333333335	207.0	8787.0
180	2508.6666666666665	211.0	8237.0
190	2368.8333333333335	282.0	9641.0
200	2295.0	362.0	12046.0
210	2088.0	201.0	7116.0
220	2648.3333333333335	285.0	8199.0
230	2567.8333333333335	256.0	9702.0
240	2739.1666666666665	273.0	9593.0
250	2851.5	363.0	10220.0
260	2598.6666666666665	288.0	9430.0
270	2616.1666666666665	274.0	8342.0
280	2700.0	177.0	7079.0
290	2387.3333333333335	281.0	8318.0
300	2195.0	157.0	5707.0
310	2656.6666666666665	291.0	10603.0
320	2717.6666666666665	439.0	12428.0
330	2834.3333333333335	218.0	8462.0
340	2531.1666666666665	315.0	10316.0
350	2954.3333333333335	325.0	10468.0
360	2855.8333333333335	277.0	10871.0
370	2769.0	281.0	10640.0
380	2897.1666666666665	231.0	10114.0
390	2966.3333333333335	136.0	6810.0
400	2686.5	241.0	10184.0
410	3166.8333333333335	341.0	11336.0
420	3068.3333333333335	171.0	7653.0
430	2917.5	168.0	8514.0
440	2838.6666666666665	260.0	10634.0
450	3026.0	321.0	10797.0
460	2947.6666666666665	244.0	11784.0
470	3215.1666666666665	182.0	8579.0
480	3145.1666666666665	152.0	8588.0
490	2984.6666666666665	162.0	8049.0
500	3044.6666666666665	261.0	10335.0
510	2796.0	339.0	12515.0
520	2979.5	241.0	8852.0
530	2761.5	113.0	7155.0
540	3126.6666666666665	274.0	11688.0
550	3218.6666666666665	212.0	9904.0
560	3390.1666666666665	217.0	10678.0
570	3183.5	222.0	9429.0
580	3419.8333333333335	252.0	9550.0
590	3175.5	170.0	9243.0
600	2949.3333333333335	320.0	10433.0
610	3118.0	304.0	11834.0
620	3280.5	162.0	9014.0
630	3019.0	164.0	7268.0
640	3229.5	130.0	7035.0
650	3004.5	238.0	10109.0
660	2900.8333333333335	145.0	7898.0
670	3208.6666666666665	158.0	9210.0
680	2932.0	248.0	10203.0
690	2964.0	113.0	7300.0
700	3244.5	251.0	8956.0
710	3116.6666666666665	120.0	7215.0
720	3121.0	215.0	13138.0
730	3377.1666666666665	248.0	10602.0
740	3320.8333333333335	187.0	9373.0
750	3318.6666666666665	302.0	11111.0
760	3498.6666666666665	140.0	9261.0
770	3165.1666666666665	241.0	12473.0
780	3403.6666666666665	163.0	7657.0
790	3301.8333333333335	167.0	9401.0
800	3390.5	136.0	10273.0
810	3532.1666666666665	157.0	8224.0
820	3429.6666666666665	141.0	11008.0
830	3473.3333333333335	116.0	9876.0
840	3487.8333333333335	155.0	11082.0
850	3625.1666666666665	153.0	13438.0
860	3634.5	136.0	10371.0
870	3192.3333333333335	89.0	8775.0
880	3375.8333333333335	110.0	10047.0
890	3220.6666666666665	95.0	8724.0
900	3288.8333333333335	175.0	10942.0
910	3162.8333333333335	143.0	10214.0
920	2949.5	61.0	6327.0
930	3411.6666666666665	105.0	8934.0
940	2891.5	121.0	7304.0
950	3603.6666666666665	204.0	12341.0
960	3496.8333333333335	173.0	10702.0
970	3573.0	123.0	9398.0
980	3661.8333333333335	74.0	8983.0
990	3309.6666666666665	121.0	9998.0
1000	3128.6666666666665	117.0	10097.0
