0	256.0	0.0	0.0
10	1667.5	389.0	10286.0
20	1642.0	432.0	11134.0
30	2030.3333333333333	329.0	8465.0
40	1699.8333333333333	346.0	11922.0
50	2007.1666666666667	302.0	8598.0
60	2010.0	240.0	9994.0
70	2114.3333333333335	261.0	8745.0
80	2194.5	365.0	10673.0
90	2020.8333333333333	351.0	11269.0
100	1947.8333333333333	175.0	6946.0
110	2141.8333333333335	271.0	11238.0
120	1917.3333333333333	437.0	10758.0
130	2448.8333333333335	132.0	6911.0
140	2234.1666666666665	262.0	9165.0
150	1757.5	391.0	9805.0
160	2032.6666666666667	268.0	9466.0
170	2221.8333333333335	329.0	9136.0
180	2216.8333333333335	277.0	9200.0
190	2338.6666666666665	253.0	7410.0
200	2413.6666666666665	264.0	8254.0
210	2297.0	162.0	8495.0
220	2800.3333333333335	215.0	9842.0
230	2784.8333333333335	264.0	9529.0
240	2722.3333333333335	238.0	9349.0
250	2724.5	228.0	9719.0
260	2770.5	132.0	6252.0
270	2678.3333333333335	348.0	9886.0
280	2846.1666666666665	306.0	9567.0
290	2903.6666666666665	198.0	8481.0
300	2861.6666666666665	347.0	11719.0
310	2675.5	220.0	9163.0
320	2763.0	191.0	8772.0
330	2642.6666666666665	267.0	9282.0
340	2877.5	244.0	10122.0
350	2922.1666666666665	213.0	8313.0
360	2690.6666666666665	222.0	9380.0
370	2677.0	261.0	8615.0
380	2722.1666666666665	244.0	8793.0
390	2923.3333333333335	267.0	9220.0
400	3172.0	301.0	8862.0
410	2972.5	365.0	12930.0
420	2946.8333333333335	154.0	8374.0
430	2648.5	228.0	9575.0
440	2957.5	107.0	5018.0
450	2852.3333333333335	203.0	8773.0
460	3141.3333333333335	306.0	9429.0
470	2834.8333333333335	224.0	9202.0
480	2822.3333333333335	177.0	8267.0
490	3060.6666666666665	155.0	6912.0
500	3272.6666666666665	164.0	7323.0
510	2701.0	251.0	10116.0
520	3148.6666666666665	215.0	11025.0
530	3397.5	224.0	12358.0
540	3165.6666666666665	186.0	7629.0
550	2774.0	161.0	6993.0
560	3114.5	159.0	6790.0
570	2969.5	247.0	9019.0
580	3289.0	222.0	9797.0
590	2846.1666666666665	202.0	8086.0
600	3318.8333333333335	242.0	9413.0
610	3331.5	104.0	9269.0
620	3139.5	243.0	11845.0
630	3053.0	210.0	8773.0
640	3269.1666666666665	144.0	9910.0
650	3423.8333333333335	122.0	6941.0
660	3149.5	153.0	7697.0
670	3180.8333333333335	137.0	8354.0
680	3051.3333333333335	186.0	10145.0
690	3137.1666666666665	173.0	9256.0
700	3437.5	90.0	8120.0
710	3248.1666666666665	71.0	5991.0
720	2867.3333333333335	200.0	8901.0
730	3183.5	108.0	7936.0
740	3412.1666666666665	122.0	8517.0
750	2977.3333333333335	222.0	11053.0
760	3332.3333333333335	162.0	9921.0
770	3312.5	191.0	10379.0
780	2952.6666666666665	185.0	11648.0
790	3109.3333333333335	127.0	7774.0
800	3598.5	174.0	10173.0
810	3260.1666666666665	150.0	10966.0
820	3089.1666666666665	159.0	11193.0
830	3466.5	163.0	13308.0
840	3627.3333333333335	95.0	11112.0
850	3371.8333333333335	126.0	10730.0
860	3621.5	159.0	12192.0
870	3737.6666666666665	128.0	12327.0
880	3619.0	143.0	11991.0
890	3354.8333333333335	141.0	14599.0
900	3470.8333333333335	58.0	7946.0
910	3351.1666666666665	110.0	9336.0
920	3529.0	125.0	10186.0
930	3254.1666666666665	119.0	9441.0
940	3024.0	105.0	11248.0
950	3432.1666666666665	109.0	9689.0
960	3348.0	120.0	9885.0
970	3491.0	87.0	9507.0
980	3734.1666666666665	117.0	12571.0
990	3341.0	110.0	10943.0
1000	3672.1666666666665	125.0	12244.0
