0	2717.0	0.0	0.0	0.0
10	2241.3333333333335	1000.0	4901.0	11144.0
20	2235.3333333333335	0.0	0.0	10409.0
30	2352.0	0.0	0.0	12250.0
40	2690.8333333333335	0.0	0.0	8841.0
50	2509.5	0.0	0.0	7860.0
60	2794.1666666666665	0.0	0.0	9281.0
70	2584.8333333333335	0.0	0.0	9585.0
80	2623.0	0.0	0.0	6580.0
90	2938.6666666666665	0.0	0.0	7651.0
100	2886.1666666666665	0.0	0.0	9360.0
110	2931.6666666666665	0.0	0.0	10325.0
120	3157.8333333333335	0.0	0.0	10019.0
130	2965.0	0.0	0.0	7756.0
140	3067.5	0.0	0.0	11100.0
150	2804.1666666666665	0.0	0.0	9540.0
160	2690.3333333333335	0.0	0.0	9442.0
170	3143.3333333333335	0.0	0.0	4775.0
180	3565.8333333333335	0.0	0.0	11869.0
190	3356.1666666666665	0.0	0.0	8389.0
200	3174.6666666666665	0.0	0.0	11205.0
210	2699.3333333333335	0.0	0.0	8025.0
220	3368.6666666666665	0.0	0.0	9847.0
230	3188.1666666666665	0.0	0.0	9208.0
240	2886.6666666666665	0.0	0.0	7775.0
250	3146.6666666666665	0.0	0.0	10190.0
260	3411.5	0.0	0.0	11274.0
270	3605.5	0.0	0.0	10459.0
280	3354.3333333333335	0.0	0.0	12747.0
290	3326.8333333333335	0.0	0.0	12676.0
300	3532.6666666666665	0.0	0.0	10598.0
310	3808.5	0.0	0.0	12681.0
320	3884.5	0.0	0.0	10140.0
330	3231.0	0.0	0.0	6306.0
340	3099.8333333333335	0.0	0.0	8923.0
350	3150.3333333333335	0.0	0.0	8705.0
360	3178.8333333333335	0.0	0.0	12083.0
370	3546.3333333333335	0.0	0.0	11867.0
380	3121.1666666666665	0.0	0.0	10168.0
390	4098.833333333333	0.0	0.0	8045.0
400	3775.3333333333335	0.0	0.0	10407.0
410	3272.6666666666665	0.0	0.0	10983.0
420	3567.8333333333335	0.0	0.0	9874.0
430	3654.8333333333335	0.0	0.0	9776.0
440	3558.3333333333335	0.0	0.0	11886.0
450	3686.6666666666665	0.0	0.0	6663.0
460	3358.6666666666665	0.0	0.0	11064.0
470	3541.6666666666665	0.0	0.0	11752.0
480	3579.0	0.0	0.0	7018.0
490	3195.1666666666665	0.0	0.0	9181.0
500	3685.3333333333335	0.0	0.0	8338.0
510	3605.6666666666665	0.0	0.0	12087.0
520	3455.8333333333335	0.0	0.0	9779.0
530	3281.3333333333335	0.0	0.0	12103.0
540	3728.0	0.0	0.0	9806.0
550	3928.3333333333335	0.0	0.0	10547.0
560	3703.5	0.0	0.0	11935.0
570	3582.1666666666665	0.0	0.0	8509.0
580	3597.0	0.0	0.0	10620.0
590	3745.1666666666665	0.0	0.0	11667.0
600	3839.5	0.0	0.0	8421.0
610	3917.0	0.0	0.0	12967.0
620	3640.8333333333335	0.0	0.0	11778.0
630	3606.6666666666665	0.0	0.0	11761.0
640	3939.3333333333335	0.0	0.0	12095.0
650	4008.3333333333335	0.0	0.0	7774.0
660	3905.0	0.0	0.0	10813.0
670	3464.5	0.0	0.0	11372.0
680	3990.8333333333335	0.0	0.0	10679.0
690	3864.0	0.0	0.0	8741.0
700	3562.8333333333335	0.0	0.0	11944.0
710	3933.0	0.0	0.0	8376.0
720	3756.0	0.0	0.0	12582.0
730	3909.3333333333335	0.0	0.0	11040.0
740	3421.1666666666665	0.0	0.0	12793.0
750	3683.6666666666665	0.0	0.0	11728.0
760	3988.6666666666665	0.0	0.0	12331.0
770	3571.0	0.0	0.0	9292.0
780	4040.1666666666665	0.0	0.0	10097.0
790	3824.6666666666665	0.0	0.0	11102.0
800	3569.5	0.0	0.0	11155.0
