0	2539.0	0.0	0.0	0.0
10	2273.0	1000.0	5069.0	11699.0
20	2453.3333333333335	0.0	0.0	7750.0
30	2470.1666666666665	0.0	0.0	12432.0
40	2336.0	0.0	0.0	7329.0
50	2432.5	0.0	0.0	8711.0
60	2863.3333333333335	0.0	0.0	6497.0
70	2716.0	0.0	0.0	6979.0
80	2439.6666666666665	0.0	0.0	9638.0
90	2664.1666666666665	0.0	0.0	6162.0
100	2274.3333333333335	0.0	0.0	12675.0
110	2746.1666666666665	0.0	0.0	7789.0
120	2567.3333333333335	0.0	0.0	10955.0
130	2763.8333333333335	0.0	0.0	6381.0
140	2256.1666666666665	0.0	0.0	8571.0
150	2545.8333333333335	0.0	0.0	5522.0
160	2390.0	0.0	0.0	9985.0
170	2620.0	0.0	0.0	8680.0
180	2782.5	0.0	0.0	8926.0
190	2681.3333333333335	0.0	0.0	6537.0
200	2761.5	0.0	0.0	6740.0
210	2982.6666666666665	0.0	0.0	11698.0
220	3014.0	0.0	0.0	7880.0
230	3355.3333333333335	0.0	0.0	10124.0
240	3178.8333333333335	0.0	0.0	9956.0
250	3192.0	0.0	0.0	8495.0
260	3101.6666666666665	0.0	0.0	11294.0
270	3200.8333333333335	0.0	0.0	8370.0
280	3086.8333333333335	0.0	0.0	10177.0
290	2772.0	0.0	0.0	8105.0
300	3077.5	0.0	0.0	9325.0
310	2593.5	0.0	0.0	9047.0
320	3507.5	0.0	0.0	12144.0
330	3400.1666666666665	0.0	0.0	10228.0
340	3695.1666666666665	0.0	0.0	10948.0
350	3682.1666666666665	0.0	0.0	8526.0
360	3780.0	0.0	0.0	12282.0
370	3693.0	0.0	0.0	11464.0
380	3861.0	0.0	0.0	11489.0
390	3404.1666666666665	0.0	0.0	11137.0
400	3670.6666666666665	0.0	0.0	6795.0
410	3810.1666666666665	0.0	0.0	12439.0
420	3271.8333333333335	0.0	0.0	9787.0
430	3528.6666666666665	0.0	0.0	11646.0
440	3952.1666666666665	0.0	0.0	9022.0
450	3716.3333333333335	0.0	0.0	10372.0
460	3509.8333333333335	0.0	0.0	13228.0
470	3461.6666666666665	0.0	0.0	7841.0
480	3888.0	0.0	0.0	8908.0
490	4135.0	0.0	0.0	7045.0
500	3784.3333333333335	0.0	0.0	8739.0
510	3661.1666666666665	0.0	0.0	14336.0
520	3270.6666666666665	0.0	0.0	11165.0
530	3607.0	0.0	0.0	9004.0
540	3883.3333333333335	0.0	0.0	10144.0
550	3764.0	0.0	0.0	10923.0
560	3493.5	0.0	0.0	10609.0
570	3427.3333333333335	0.0	0.0	11000.0
580	3871.1666666666665	0.0	0.0	9552.0
590	3882.6666666666665	0.0	0.0	10525.0
600	3843.3333333333335	0.0	0.0	11804.0
610	4009.5	0.0	0.0	9003.0
620	3178.0	0.0	0.0	10783.0
630	3529.5	0.0	0.0	13278.0
640	3624.3333333333335	0.0	0.0	8041.0
650	3608.3333333333335	0.0	0.0	11097.0
660	3513.3333333333335	0.0	0.0	10730.0
670	3827.1666666666665	0.0	0.0	9611.0
680	3746.3333333333335	0.0	0.0	9435.0
690	4013.0	0.0	0.0	11027.0
700	3759.6666666666665	0.0	0.0	11380.0
710	4031.1666666666665	0.0	0.0	11481.0
720	3877.5	0.0	0.0	7385.0
730	3313.1666666666665	0.0	0.0	10145.0
740	3533.6666666666665	0.0	0.0	11229.0
750	3785.3333333333335	0.0	0.0	10928.0
760	4039.1666666666665	0.0	0.0	7534.0
770	3597.0	0.0	0.0	10914.0
780	3755.6666666666665	0.0	0.0	9337.0
790	3769.3333333333335	0.0	0.0	10416.0
800	3887.0	0.0	0.0	7284.0
