0	2665.0	0.0	0.0	0.0
10	2233.8333333333335	1000.0	4867.0	9278.0
20	2595.3333333333335	0.0	0.0	9246.0
30	2683.6666666666665	0.0	0.0	9587.0
40	2461.1666666666665	0.0	0.0	9253.0
50	2624.1666666666665	0.0	0.0	9674.0
60	2685.6666666666665	0.0	0.0	6158.0
70	2947.8333333333335	0.0	0.0	8507.0
80	2690.3333333333335	0.0	0.0	9273.0
90	2337.6666666666665	0.0	0.0	5355.0
100	3277.8333333333335	0.0	0.0	7338.0
110	2778.0	0.0	0.0	6752.0
120	3099.0	0.0	0.0	7987.0
130	2844.5	0.0	0.0	10195.0
140	2605.6666666666665	0.0	0.0	10355.0
150	2367.8333333333335	0.0	0.0	10332.0
160	3050.0	0.0	0.0	9945.0
170	3083.5	0.0	0.0	8254.0
180	2972.6666666666665	0.0	0.0	10714.0
190	3131.3333333333335	0.0	0.0	8363.0
200	3075.6666666666665	0.0	0.0	8277.0
210	3371.1666666666665	0.0	0.0	9873.0
220	2773.6666666666665	0.0	0.0	10636.0
230	3158.3333333333335	0.0	0.0	7696.0
240	3444.6666666666665	0.0	0.0	10075.0
250	3560.3333333333335	0.0	0.0	11254.0
260	3117.6666666666665	0.0	0.0	9830.0
270	3438.3333333333335	0.0	0.0	10622.0
280	3391.0	0.0	0.0	10041.0
290	3784.3333333333335	0.0	0.0	10447.0
300	3059.0	0.0	0.0	8562.0
310	3718.0	0.0	0.0	9929.0
320	3334.6666666666665	0.0	0.0	9319.0
330	3213.1666666666665	0.0	0.0	8854.0
340	3580.3333333333335	0.0	0.0	10363.0
350	3313.3333333333335	0.0	0.0	11143.0
360	2934.6666666666665	0.0	0.0	12311.0
370	3301.0	0.0	0.0	10835.0
380	3319.0	0.0	0.0	11632.0
390	3705.0	0.0	0.0	9817.0
400	3340.5	0.0	0.0	8764.0
410	3514.5	0.0	0.0	11042.0
420	4081.6666666666665	0.0	0.0	9048.0
430	3850.3333333333335	0.0	0.0	10083.0
440	3244.3333333333335	0.0	0.0	9928.0
450	3733.0	0.0	0.0	10046.0
460	3434.0	0.0	0.0	9074.0
470	3589.1666666666665	0.0	0.0	11024.0
480	3275.8333333333335	0.0	0.0	11248.0
490	3540.3333333333335	0.0	0.0	9654.0
500	3959.1666666666665	0.0	0.0	7814.0
510	3724.0	0.0	0.0	8217.0
520	3697.0	0.0	0.0	11366.0
530	3492.1666666666665	0.0	0.0	7723.0
540	3493.8333333333335	0.0	0.0	12033.0
550	3344.8333333333335	0.0	0.0	13190.0
560	3300.8333333333335	0.0	0.0	10103.0
570	4104.333333333333	0.0	0.0	10077.0
580	3924.8333333333335	0.0	0.0	13644.0
590	3430.3333333333335	0.0	0.0	7490.0
600	4265.5	0.0	0.0	11048.0
610	3902.8333333333335	0.0	0.0	11800.0
620	4018.0	0.0	0.0	12233.0
630	3849.1666666666665	0.0	0.0	11883.0
640	3939.0	0.0	0.0	9480.0
650	4066.6666666666665	0.0	0.0	12010.0
660	3869.5	0.0	0.0	8963.0
670	3754.0	0.0	0.0	8729.0
680	3842.8333333333335	0.0	0.0	6672.0
690	3431.1666666666665	0.0	0.0	11219.0
700	3663.6666666666665	0.0	0.0	10167.0
710	3946.0	0.0	0.0	14262.0
720	4087.8333333333335	0.0	0.0	12351.0
730	3641.8333333333335	0.0	0.0	8419.0
740	3912.1666666666665	0.0	0.0	10870.0
750	3905.3333333333335	0.0	0.0	9014.0
760	3585.6666666666665	0.0	0.0	11040.0
770	3815.5	0.0	0.0	9164.0
780	3924.8333333333335	0.0	0.0	8437.0
790	3743.0	0.0	0.0	11485.0
800	3608.8333333333335	0.0	0.0	9045.0
