0	275.3333333333333	0.0	0.0
10	1953.5	729.0	15150.0
20	1906.1666666666667	702.0	14342.0
30	2134.5	505.0	13518.0
40	1791.5	623.0	14487.0
50	1953.0	423.0	12383.0
60	2319.0	572.0	15851.0
70	2059.8333333333335	522.0	13431.0
80	2457.0	581.0	16169.0
90	2293.1666666666665	393.0	12564.0
100	2246.8333333333335	446.0	14442.0
110	2537.0	529.0	14786.0
120	2560.3333333333335	322.0	13557.0
130	2695.5	405.0	14134.0
140	2997.0	271.0	13054.0
150	2843.0	222.0	10052.0
160	2678.5	337.0	15192.0
170	2878.1666666666665	409.0	14539.0
180	3119.1666666666665	308.0	13426.0
190	2950.1666666666665	298.0	17605.0
200	3112.6666666666665	286.0	15317.0
210	3024.6666666666665	258.0	12022.0
220	2976.8333333333335	312.0	16527.0
230	3030.3333333333335	289.0	12216.0
240	2982.3333333333335	224.0	13492.0
250	3214.5	298.0	15866.0
260	2967.0	258.0	14741.0
270	3138.1666666666665	255.0	13854.0
280	3239.6666666666665	219.0	14438.0
290	3499.5	230.0	14328.0
300	3047.6666666666665	250.0	13124.0
310	3399.8333333333335	265.0	17129.0
320	3637.3333333333335	221.0	15028.0
330	3494.8333333333335	176.0	12339.0
340	3300.8333333333335	224.0	13790.0
350	3074.5	160.0	11984.0
360	3472.1666666666665	173.0	13175.0
370	3750.0	260.0	13382.0
380	3508.6666666666665	189.0	13344.0
390	3415.6666666666665	167.0	12579.0
400	3673.1666666666665	215.0	15274.0
410	3784.5	191.0	13655.0
420	3667.5	213.0	13274.0
430	3592.6666666666665	162.0	15394.0
440	3727.0	192.0	14106.0
450	3213.3333333333335	220.0	14374.0
460	3560.6666666666665	192.0	14719.0
470	3773.8333333333335	169.0	12819.0
480	3940.6666666666665	182.0	13935.0
490	3635.6666666666665	144.0	13101.0
500	3565.8333333333335	214.0	14809.0
510	3558.8333333333335	163.0	15238.0
520	3617.0	175.0	13005.0
530	3514.0	166.0	14162.0
540	3855.0	225.0	16171.0
550	3782.8333333333335	177.0	15046.0
560	3664.6666666666665	167.0	14171.0
570	3439.1666666666665	179.0	13338.0
580	3678.1666666666665	153.0	13119.0
590	3265.6666666666665	183.0	14881.0
600	3695.8333333333335	202.0	15339.0
610	3604.0	191.0	15385.0
620	3547.8333333333335	180.0	15836.0
630	3680.1666666666665	199.0	16493.0
640	3483.3333333333335	187.0	15772.0
650	3540.1666666666665	148.0	13200.0
660	3715.1666666666665	196.0	17450.0
670	3525.6666666666665	176.0	14586.0
680	3669.8333333333335	142.0	15793.0
690	3654.1666666666665	149.0	12070.0
700	4027.8333333333335	193.0	13063.0
710	3992.0	148.0	13847.0
720	3838.5	160.0	13176.0
730	3593.1666666666665	179.0	15602.0
740	3253.5	155.0	14281.0
750	3863.1666666666665	144.0	12480.0
760	3521.1666666666665	162.0	13856.0
770	3683.5	204.0	14735.0
780	3222.5	145.0	12914.0
790	3703.1666666666665	195.0	14050.0
800	3744.3333333333335	182.0	16696.0
810	3881.1666666666665	156.0	12243.0
820	3660.1666666666665	149.0	13439.0
830	3693.6666666666665	176.0	13876.0
840	3718.8333333333335	124.0	10605.0
850	3839.1666666666665	172.0	15002.0
860	4164.333333333333	173.0	13272.0
870	3246.1666666666665	212.0	15375.0
880	3701.1666666666665	159.0	13645.0
890	3874.8333333333335	181.0	15116.0
900	3899.8333333333335	186.0	14956.0
910	3680.6666666666665	201.0	15758.0
920	3819.1666666666665	188.0	14864.0
930	3813.6666666666665	184.0	13587.0
940	3636.3333333333335	173.0	12720.0
950	3565.3333333333335	187.0	14364.0
960	3677.0	155.0	13384.0
970	3641.1666666666665	137.0	10946.0
980	3234.3333333333335	139.0	11372.0
990	3650.6666666666665	150.0	11847.0
1000	3902.1666666666665	189.0	14407.0
