0	312.0	0.0	0.0
10	1678.0	644.0	15202.0
20	1927.1666666666667	423.0	10287.0
30	1917.8333333333333	587.0	15457.0
40	1875.5	549.0	15220.0
50	2003.1666666666667	587.0	13575.0
60	1998.8333333333333	454.0	15032.0
70	2413.3333333333335	503.0	13993.0
80	2098.0	522.0	15122.0
90	2126.8333333333335	383.0	12025.0
100	2218.6666666666665	688.0	15938.0
110	2221.3333333333335	400.0	14124.0
120	2392.8333333333335	354.0	12022.0
130	2761.5	422.0	15455.0
140	2782.6666666666665	577.0	17928.0
150	2896.8333333333335	349.0	16375.0
160	2209.1666666666665	405.0	15298.0
170	2899.1666666666665	339.0	12965.0
180	2551.1666666666665	239.0	12363.0
190	3229.1666666666665	270.0	16089.0
200	2986.6666666666665	254.0	13376.0
210	2958.1666666666665	286.0	15202.0
220	2924.8333333333335	272.0	14090.0
230	3272.0	302.0	13698.0
240	3317.0	322.0	13962.0
250	3242.1666666666665	286.0	14946.0
260	3207.0	313.0	17087.0
270	3376.3333333333335	199.0	12525.0
280	3207.5	260.0	16407.0
290	3325.8333333333335	215.0	11873.0
300	2395.3333333333335	239.0	14815.0
310	3576.8333333333335	191.0	13132.0
320	3300.8333333333335	206.0	13694.0
330	2792.5	215.0	15795.0
340	3352.0	245.0	16720.0
350	3300.3333333333335	280.0	18344.0
360	3740.6666666666665	186.0	15010.0
370	3681.1666666666665	211.0	13784.0
380	3503.3333333333335	162.0	13092.0
390	3557.1666666666665	197.0	14126.0
400	3520.1666666666665	226.0	12556.0
410	3536.1666666666665	193.0	14233.0
420	3579.6666666666665	203.0	13686.0
430	3485.3333333333335	197.0	13578.0
440	3673.3333333333335	200.0	13396.0
450	3215.6666666666665	193.0	15986.0
460	3681.8333333333335	121.0	10153.0
470	3361.3333333333335	209.0	15195.0
480	3777.6666666666665	170.0	11712.0
490	3819.5	146.0	13799.0
500	4045.0	214.0	16880.0
510	3390.0	169.0	14184.0
520	3836.8333333333335	194.0	16527.0
530	3488.6666666666665	190.0	14066.0
540	3858.8333333333335	190.0	15371.0
550	3850.0	148.0	11243.0
560	3744.1666666666665	164.0	16905.0
570	3520.0	185.0	14016.0
580	3686.8333333333335	143.0	11353.0
590	3720.6666666666665	205.0	13134.0
600	3539.5	167.0	12695.0
610	3614.5	166.0	12449.0
620	3525.5	201.0	14719.0
630	3657.3333333333335	172.0	13434.0
640	3674.3333333333335	188.0	13767.0
650	3550.0	171.0	14381.0
660	3341.5	171.0	14447.0
670	3890.1666666666665	190.0	12348.0
680	3399.1666666666665	160.0	13240.0
690	3914.3333333333335	195.0	12585.0
700	3783.0	190.0	16925.0
710	3428.5	185.0	14093.0
720	3804.8333333333335	143.0	11770.0
730	3975.3333333333335	182.0	14530.0
740	3652.8333333333335	179.0	13378.0
750	3792.0	133.0	12187.0
760	3795.1666666666665	181.0	15437.0
770	3751.3333333333335	209.0	16716.0
780	3731.6666666666665	185.0	12938.0
790	3985.6666666666665	161.0	14220.0
800	3673.3333333333335	163.0	14008.0
810	3756.6666666666665	154.0	11821.0
820	4015.0	172.0	14180.0
830	3554.0	156.0	10838.0
840	3765.0	197.0	15172.0
850	3809.0	185.0	14843.0
860	3668.3333333333335	203.0	17525.0
870	3564.8333333333335	174.0	14328.0
880	3837.5	210.0	15166.0
890	3889.1666666666665	172.0	16720.0
900	3601.3333333333335	161.0	12611.0
910	3733.8333333333335	142.0	11713.0
920	3812.8333333333335	135.0	12284.0
930	3720.0	192.0	16269.0
940	4009.6666666666665	179.0	14771.0
950	3708.6666666666665	127.0	10960.0
960	3664.0	190.0	15616.0
970	3975.1666666666665	173.0	13679.0
980	4082.0	170.0	14794.0
990	3723.5	187.0	13940.0
1000	3416.5	208.0	17089.0
