0	2750.8333333333335	0.0	0.0	0.0
10	2742.0	1000.0	1000.0	11596.0
20	2498.0	0.0	0.0	9546.0
30	2295.6666666666665	0.0	0.0	9220.0
40	2320.8333333333335	0.0	0.0	9466.0
50	2327.8333333333335	0.0	0.0	10318.0
60	2584.3333333333335	0.0	0.0	7341.0
70	2781.5	0.0	0.0	6444.0
80	2264.6666666666665	0.0	0.0	7362.0
90	2591.1666666666665	0.0	0.0	8285.0
100	2836.5	0.0	0.0	12888.0
110	2315.1666666666665	0.0	0.0	12742.0
120	2679.0	0.0	0.0	11802.0
130	2818.1666666666665	0.0	0.0	10786.0
140	2489.8333333333335	0.0	0.0	12161.0
150	2765.3333333333335	0.0	0.0	8284.0
160	2860.1666666666665	0.0	0.0	11150.0
170	2963.0	0.0	0.0	7148.0
180	3282.8333333333335	0.0	0.0	8114.0
190	3250.6666666666665	0.0	0.0	10062.0
200	3655.1666666666665	0.0	0.0	7082.0
210	3532.5	0.0	0.0	9050.0
220	3598.0	0.0	0.0	9344.0
230	3530.0	0.0	0.0	7906.0
240	3388.8333333333335	0.0	0.0	10944.0
250	3495.8333333333335	0.0	0.0	11316.0
260	3080.5	0.0	0.0	10680.0
270	3717.6666666666665	0.0	0.0	8031.0
280	3596.8333333333335	0.0	0.0	10574.0
290	3987.0	0.0	0.0	10221.0
300	2905.8333333333335	0.0	0.0	11194.0
310	3517.5	0.0	0.0	13349.0
320	3774.0	0.0	0.0	8385.0
330	3575.1666666666665	0.0	0.0	9282.0
340	3656.0	0.0	0.0	9847.0
350	3308.1666666666665	0.0	0.0	13489.0
360	3603.6666666666665	0.0	0.0	10306.0
370	3879.5	0.0	0.0	8811.0
380	3172.8333333333335	0.0	0.0	11062.0
390	3897.0	0.0	0.0	12449.0
400	3784.0	0.0	0.0	10454.0
410	3636.8333333333335	0.0	0.0	9121.0
420	3779.0	0.0	0.0	10585.0
430	3949.0	0.0	0.0	12716.0
440	3885.0	0.0	0.0	12168.0
450	3786.0	0.0	0.0	11090.0
460	4100.666666666667	0.0	0.0	8558.0
470	3747.3333333333335	0.0	0.0	7223.0
480	3822.0	0.0	0.0	9749.0
490	3527.0	0.0	0.0	12008.0
500	3829.0	0.0	0.0	12328.0
510	3658.1666666666665	0.0	0.0	9792.0
520	4068.6666666666665	0.0	0.0	12999.0
530	3453.5	0.0	0.0	12813.0
540	3438.8333333333335	0.0	0.0	12272.0
550	3957.0	0.0	0.0	9612.0
560	3919.3333333333335	0.0	0.0	9768.0
570	3721.1666666666665	0.0	0.0	11630.0
580	3820.0	0.0	0.0	10169.0
590	4009.3333333333335	0.0	0.0	7978.0
600	3370.5	0.0	0.0	13752.0
610	3922.8333333333335	0.0	0.0	11287.0
620	3887.8333333333335	0.0	0.0	10488.0
630	3767.3333333333335	0.0	0.0	11175.0
640	3590.1666666666665	0.0	0.0	11345.0
650	3594.3333333333335	0.0	0.0	13248.0
660	3930.5	0.0	0.0	11316.0
670	3868.6666666666665	0.0	0.0	10610.0
680	3546.1666666666665	0.0	0.0	11285.0
690	3715.1666666666665	0.0	0.0	12609.0
700	3751.1666666666665	0.0	0.0	9264.0
710	3522.1666666666665	0.0	0.0	9409.0
720	3628.6666666666665	0.0	0.0	10764.0
730	3749.8333333333335	0.0	0.0	11512.0
740	3725.8333333333335	0.0	0.0	7979.0
750	3689.8333333333335	0.0	0.0	10333.0
760	3755.6666666666665	0.0	0.0	10121.0
770	3512.3333333333335	0.0	0.0	8839.0
780	3421.0	0.0	0.0	11116.0
790	3541.0	0.0	0.0	11028.0
800	3998.8333333333335	0.0	0.0	9954.0
810	3269.1666666666665	0.0	0.0	10546.0
820	3706.0	0.0	0.0	7941.0
830	3791.1666666666665	0.0	0.0	10492.0
840	3273.1666666666665	0.0	0.0	9225.0
850	3999.0	0.0	0.0	12359.0
860	3928.8333333333335	0.0	0.0	11961.0
870	3886.3333333333335	0.0	0.0	10308.0
880	3914.8333333333335	0.0	0.0	13022.0
890	3365.3333333333335	0.0	0.0	10409.0
900	3621.8333333333335	0.0	0.0	9621.0
910	4109.0	0.0	0.0	10014.0
920	3917.5	0.0	0.0	9989.0
930	3830.3333333333335	0.0	0.0	11570.0
940	3961.1666666666665	0.0	0.0	12925.0
950	3815.8333333333335	0.0	0.0	10854.0
960	3669.1666666666665	0.0	0.0	12122.0
970	3680.6666666666665	0.0	0.0	9914.0
980	3619.8333333333335	0.0	0.0	8644.0
990	3912.0	0.0	0.0	7957.0
1000	3934.8333333333335	0.0	0.0	9259.0
