0	2566.8333333333335	0.0	0.0	0.0
10	2384.222222222222	30.0	1491.3333333333333	9104.0
20	2240.8888888888887	30.666666666666668	1184.3333333333333	7651.333333333333
30	2334.3333333333335	44.0	1305.6666666666667	7796.333333333333
40	2718.611111111111	24.0	1138.3333333333333	7546.333333333333
50	2386.6111111111113	55.666666666666664	1646.3333333333333	9975.0
60	2539.5	29.666666666666668	1586.3333333333333	9087.666666666666
70	2430.5	30.0	1602.3333333333333	9028.333333333334
80	2886.277777777778	36.0	1390.3333333333333	8146.333333333333
90	2539.4444444444443	30.0	1337.0	8603.0
100	2556.1111111111113	30.333333333333332	1546.0	9622.0
110	2558.111111111111	27.0	1384.0	8270.333333333334
120	2734.1666666666665	29.666666666666668	1410.3333333333333	8436.666666666666
130	2738.1111111111113	23.0	1558.3333333333333	9608.666666666666
140	2959.444444444445	12.0	1344.3333333333333	9834.333333333334
150	2811.8888888888887	14.0	1457.6666666666667	10005.666666666666
160	3118.055555555555	7.666666666666667	1297.6666666666667	8844.666666666666
170	3104.944444444445	13.0	1516.6666666666667	9974.333333333334
180	3019.6666666666665	7.333333333333333	1277.6666666666667	9807.0
190	3257.6666666666665	4.666666666666667	1546.0	10367.333333333334
200	3220.055555555555	6.333333333333333	1212.6666666666667	8697.666666666666
210	2807.8888888888887	0.6666666666666666	1408.3333333333333	10524.333333333334
220	3124.5	2.6666666666666665	1517.0	9904.333333333334
230	3177.944444444445	2.0	1796.3333333333333	12408.333333333334
240	3127.444444444445	5.666666666666667	1318.3333333333333	10164.333333333334
250	3123.611111111111	2.0	1646.3333333333333	11372.666666666666
260	3215.3333333333335	2.6666666666666665	1189.3333333333333	9249.0
270	3278.944444444444	2.0	1065.0	7689.0
280	3545.6666666666665	1.6666666666666667	1624.3333333333333	11919.0
290	3692.944444444445	0.3333333333333333	1595.3333333333333	8333.333333333334
300	3003.1666666666665	0.3333333333333333	1680.6666666666667	11359.333333333334
310	3187.5	0.6666666666666666	1535.0	10890.666666666666
320	3592.722222222222	0.0	1465.6666666666667	9673.333333333334
330	3398.1666666666665	0.0	1729.6666666666667	12128.0
340	3326.0	2.3333333333333335	1438.6666666666667	10609.333333333334
350	3703.1666666666665	0.0	1675.0	10681.666666666666
360	3409.2777777777774	0.0	1977.0	11102.333333333334
370	3593.7777777777774	0.0	1782.0	11306.0
380	3554.3888888888887	0.3333333333333333	1335.3333333333333	9850.333333333334
390	3233.777777777778	0.0	1647.3333333333333	12563.0
400	3275.555555555555	0.0	1532.6666666666667	10763.0
410	3779.7777777777774	0.0	1426.3333333333333	9897.333333333334
420	3600.8333333333335	0.0	1741.3333333333333	11918.666666666666
430	3521.777777777778	0.0	1458.3333333333333	11058.333333333334
440	3783.5	0.0	1341.3333333333333	10039.666666666666
450	3599.7777777777774	0.0	1580.0	10962.333333333334
460	3584.777777777778	0.0	1440.6666666666667	10395.666666666666
470	3622.5	0.0	1700.6666666666667	10726.0
480	3678.722222222222	0.0	1630.6666666666667	10619.0
490	3084.777777777778	0.0	1434.0	10131.666666666666
500	3650.1666666666665	0.0	1270.6666666666667	9570.333333333334
510	3753.3888888888887	0.0	1348.6666666666667	9653.666666666666
520	3922.2222222222226	0.0	1638.0	10929.333333333334
530	3736.1666666666665	0.0	1761.3333333333333	10112.333333333334
540	3538.1666666666665	0.0	1732.3333333333333	10822.0
550	3747.5	0.0	1382.3333333333333	10257.0
560	3834.555555555556	0.0	1493.0	11220.0
570	3587.2777777777774	0.0	1218.3333333333333	8051.333333333333
580	3665.0	0.0	1551.6666666666667	9463.0
590	3507.944444444445	0.0	1455.0	10908.333333333334
600	3689.8333333333335	0.0	1503.3333333333333	10254.0
610	3603.6111111111113	0.0	1418.3333333333333	10034.0
620	3561.944444444444	0.0	1697.3333333333333	10807.333333333334
630	3696.5	0.0	1282.0	9933.333333333334
640	3437.3333333333335	0.0	1269.6666666666667	9919.333333333334
650	3838.3333333333335	0.0	1496.3333333333333	9190.666666666666
660	3597.8333333333335	0.0	1514.3333333333333	10720.333333333334
670	3689.722222222222	0.0	1607.6666666666667	11188.0
680	3873.5	0.0	1440.0	9808.666666666666
690	3812.7777777777774	0.0	1288.6666666666667	9576.666666666666
700	3671.0	0.0	1122.3333333333333	9911.666666666666
710	3762.1666666666665	0.0	1183.6666666666667	11042.0
720	3658.6666666666665	0.0	1195.6666666666667	11520.0
730	3676.8333333333335	0.0	1078.0	10074.0
740	3627.944444444445	0.0	1195.6666666666667	9993.333333333334
750	3665.6111111111113	0.0	1247.6666666666667	9933.0
760	3713.555555555556	0.0	1123.0	9381.333333333334
770	3702.055555555556	0.0	1257.3333333333333	10205.0
780	3648.1666666666665	0.0	1331.6666666666667	10842.333333333334
790	3879.0	0.0	1190.3333333333333	10039.0
800	3806.8333333333335	0.0	968.3333333333334	8915.0
810	3679.944444444445	0.0	907.0	9901.0
820	3832.2222222222226	0.0	1069.6666666666667	10246.333333333334
830	3773.944444444445	0.0	907.0	9417.0
840	3660.8888888888887	0.0	1136.6666666666667	10501.666666666666
850	3888.3333333333335	0.0	748.0	9215.666666666666
860	3703.777777777778	0.0	737.3333333333334	9348.666666666666
870	3481.0	0.0	991.6666666666666	9609.0
880	3769.5	0.0	888.6666666666666	9797.0
890	3869.944444444444	0.0	855.6666666666666	8932.666666666666
900	3677.111111111111	0.0	1012.6666666666666	10335.333333333334
910	3964.8333333333335	0.0	926.6666666666666	9928.666666666666
920	3726.388888888889	0.0	691.3333333333334	9375.666666666666
930	3782.944444444445	0.0	818.0	10704.666666666666
940	3744.5	0.0	971.3333333333334	10891.0
950	3923.777777777778	0.0	1299.3333333333333	11774.0
960	3695.8888888888887	0.0	1135.3333333333333	10806.666666666666
970	3684.3888888888887	0.0	948.0	11024.0
980	3707.5	0.0	734.0	8795.666666666666
990	3604.1666666666665	0.0	1254.0	10356.0
1000	3882.444444444445	0.0	1048.0	9198.666666666666
