0	2743.6666666666665	0.0	0.0	0.0
10	2708.1666666666665	92.0	2199.0	10378.0
20	2140.6666666666665	52.0	1241.0	8147.0
30	2185.1666666666665	31.0	1078.0	7668.0
40	2464.6666666666665	34.0	2450.0	11795.0
50	2355.0	65.0	2303.0	11929.0
60	2478.8333333333335	33.0	1595.0	9029.0
70	2709.3333333333335	15.0	781.0	5831.0
80	2408.6666666666665	50.0	1470.0	9074.0
90	2504.0	11.0	1262.0	7700.0
100	2297.5	29.0	1123.0	7133.0
110	2703.3333333333335	45.0	1376.0	9289.0
120	2820.0	31.0	1879.0	10469.0
130	2784.1666666666665	17.0	1012.0	5064.0
140	2482.6666666666665	18.0	1537.0	9952.0
150	2733.0	44.0	1893.0	10871.0
160	3248.5	40.0	2193.0	11999.0
170	3185.8333333333335	13.0	2136.0	11830.0
180	2833.1666666666665	23.0	1439.0	10747.0
190	3256.6666666666665	1.0	956.0	5995.0
200	3818.0	5.0	1315.0	7540.0
210	3223.8333333333335	14.0	1549.0	7505.0
220	3069.6666666666665	1.0	2229.0	12731.0
230	3182.6666666666665	8.0	1405.0	9401.0
240	2838.3333333333335	3.0	2185.0	14620.0
250	3339.6666666666665	0.0	1097.0	8197.0
260	2869.1666666666665	3.0	1468.0	11329.0
270	2905.0	5.0	743.0	7999.0
280	3327.0	6.0	1013.0	10080.0
290	2877.3333333333335	1.0	859.0	8724.0
300	3030.1666666666665	0.0	1633.0	11508.0
310	3461.5	0.0	1572.0	9684.0
320	3437.5	0.0	958.0	8196.0
330	3721.5	0.0	1404.0	10517.0
340	3755.3333333333335	0.0	2075.0	13028.0
350	3200.1666666666665	0.0	1318.0	8359.0
360	3251.5	0.0	2349.0	10954.0
370	3337.6666666666665	0.0	1922.0	10351.0
380	3571.5	0.0	1554.0	8992.0
390	3233.0	0.0	1707.0	11830.0
400	3562.0	1.0	1169.0	11040.0
410	3676.8333333333335	0.0	1299.0	9546.0
420	3573.0	0.0	1242.0	10996.0
430	3416.6666666666665	0.0	1019.0	10141.0
440	3636.5	0.0	1696.0	12008.0
450	3643.5	0.0	1422.0	9342.0
460	3913.0	0.0	2134.0	10983.0
470	4065.5	0.0	1550.0	11331.0
480	3816.3333333333335	0.0	1328.0	11714.0
490	3661.8333333333335	0.0	830.0	10065.0
500	3799.1666666666665	0.0	1407.0	11140.0
510	3683.5	0.0	1156.0	9265.0
520	3484.1666666666665	0.0	1114.0	10365.0
530	3774.0	0.0	904.0	10847.0
540	3817.1666666666665	0.0	798.0	9361.0
550	3705.5	0.0	1244.0	11429.0
560	3774.5	0.0	1395.0	10863.0
570	3430.8333333333335	0.0	1142.0	9214.0
580	4018.1666666666665	0.0	552.0	9139.0
590	3420.3333333333335	0.0	1055.0	8306.0
600	3646.6666666666665	0.0	935.0	10838.0
610	3631.6666666666665	0.0	1132.0	10751.0
620	3492.8333333333335	0.0	875.0	10089.0
630	3358.6666666666665	0.0	985.0	10528.0
640	3916.5	0.0	955.0	9279.0
650	3901.3333333333335	0.0	924.0	8491.0
660	3886.6666666666665	0.0	1395.0	10306.0
670	3743.5	0.0	1220.0	9840.0
680	3414.3333333333335	0.0	568.0	8071.0
690	3726.0	0.0	887.0	10903.0
700	3751.3333333333335	0.0	1502.0	13740.0
710	3683.8333333333335	0.0	1037.0	10060.0
720	3846.1666666666665	0.0	895.0	9925.0
730	3735.5	0.0	953.0	11113.0
740	3844.0	0.0	685.0	10828.0
750	3659.0	0.0	883.0	10446.0
760	3760.0	0.0	1099.0	12340.0
770	3467.0	0.0	704.0	8187.0
780	3650.8333333333335	0.0	382.0	7203.0
790	3938.3333333333335	0.0	497.0	8903.0
800	3722.8333333333335	0.0	727.0	9826.0
810	3471.5	0.0	615.0	8753.0
820	4054.0	0.0	1076.0	10458.0
830	3303.1666666666665	0.0	684.0	8585.0
840	3723.8333333333335	0.0	1091.0	9724.0
850	3612.1666666666665	0.0	805.0	12015.0
860	3610.6666666666665	0.0	778.0	9487.0
870	3917.6666666666665	0.0	638.0	9741.0
880	3977.1666666666665	0.0	561.0	7369.0
890	3578.5	0.0	1049.0	10987.0
900	3574.0	0.0	660.0	10392.0
910	3522.5	0.0	1301.0	10750.0
920	3614.8333333333335	0.0	966.0	10523.0
930	3857.8333333333335	0.0	570.0	8494.0
940	3962.0	0.0	914.0	11482.0
950	3710.5	0.0	642.0	9249.0
960	3996.8333333333335	0.0	654.0	10882.0
970	3789.1666666666665	0.0	1334.0	11311.0
980	3708.0	0.0	1114.0	12145.0
990	3799.0	0.0	456.0	8347.0
1000	3984.5	0.0	1628.0	12337.0
