0	2767.3333333333335	0.0	0.0	0.0
10	2614.1666666666665	338.0	1443.0	8319.0
20	2685.3333333333335	398.0	2268.0	9143.0
30	2694.5	264.0	1427.0	11655.0
40	2236.8333333333335	0.0	0.0	8838.0
50	2427.8333333333335	0.0	0.0	7258.0
60	2471.1666666666665	0.0	0.0	6944.0
70	2578.6666666666665	0.0	0.0	10904.0
80	2548.0	0.0	0.0	8194.0
90	2343.0	0.0	0.0	8752.0
100	2671.0	0.0	0.0	9486.0
110	2730.1666666666665	0.0	0.0	5618.0
120	2179.3333333333335	0.0	0.0	5703.0
130	2532.6666666666665	0.0	0.0	8590.0
140	2201.8333333333335	0.0	0.0	10159.0
150	2525.1666666666665	0.0	0.0	10530.0
160	2768.3333333333335	0.0	0.0	8547.0
170	2811.8333333333335	0.0	0.0	8449.0
180	2790.3333333333335	0.0	0.0	6672.0
190	2523.8333333333335	0.0	0.0	7196.0
200	2511.0	0.0	0.0	11814.0
210	2666.3333333333335	0.0	0.0	8889.0
220	2884.8333333333335	0.0	0.0	7278.0
230	2954.8333333333335	0.0	0.0	8325.0
240	3227.5	0.0	0.0	7402.0
250	3439.1666666666665	0.0	0.0	8894.0
260	3239.6666666666665	0.0	0.0	9721.0
270	2585.5	0.0	0.0	10291.0
280	2886.3333333333335	0.0	0.0	6526.0
290	3347.0	0.0	0.0	5336.0
300	2612.8333333333335	0.0	0.0	11537.0
310	3069.5	0.0	0.0	10360.0
320	2977.8333333333335	0.0	0.0	13503.0
330	2913.0	0.0	0.0	11733.0
340	3489.6666666666665	0.0	0.0	9714.0
350	3340.6666666666665	0.0	0.0	11567.0
360	3879.0	0.0	0.0	10512.0
370	3444.0	0.0	0.0	3918.0
380	3426.3333333333335	0.0	0.0	10823.0
390	3334.5	0.0	0.0	6424.0
400	3379.1666666666665	0.0	0.0	10244.0
410	3508.8333333333335	0.0	0.0	9029.0
420	3203.5	0.0	0.0	10478.0
430	3567.8333333333335	0.0	0.0	9924.0
440	3533.1666666666665	0.0	0.0	12398.0
450	3281.3333333333335	0.0	0.0	10593.0
460	3600.3333333333335	0.0	0.0	10318.0
470	3771.6666666666665	0.0	0.0	9962.0
480	3531.8333333333335	0.0	0.0	11960.0
490	3257.0	0.0	0.0	12938.0
500	4045.6666666666665	0.0	0.0	11874.0
510	3523.5	0.0	0.0	12198.0
520	3437.0	0.0	0.0	8590.0
530	3704.0	0.0	0.0	8206.0
540	3762.8333333333335	0.0	0.0	9989.0
550	3632.6666666666665	0.0	0.0	11123.0
560	2817.8333333333335	0.0	0.0	7355.0
570	3515.1666666666665	0.0	0.0	11267.0
580	3832.3333333333335	0.0	0.0	8850.0
590	3636.6666666666665	0.0	0.0	8625.0
600	3415.5	0.0	0.0	9909.0
610	3971.0	0.0	0.0	11154.0
620	3634.8333333333335	0.0	0.0	12774.0
630	3965.8333333333335	0.0	0.0	10238.0
640	3880.6666666666665	0.0	0.0	12272.0
650	3489.1666666666665	0.0	0.0	10822.0
660	3590.1666666666665	0.0	0.0	8784.0
670	3731.0	0.0	0.0	9679.0
680	3695.8333333333335	0.0	0.0	7228.0
690	3532.6666666666665	0.0	0.0	7545.0
700	4139.5	0.0	0.0	11611.0
710	3687.5	0.0	0.0	8551.0
720	3635.5	0.0	0.0	11295.0
730	3789.0	0.0	0.0	10484.0
740	3869.0	0.0	0.0	8851.0
750	3683.3333333333335	0.0	0.0	11538.0
760	3787.5	0.0	0.0	9007.0
770	3853.8333333333335	0.0	0.0	10091.0
780	3565.5	0.0	0.0	12788.0
790	3618.3333333333335	0.0	0.0	9581.0
800	3611.1666666666665	0.0	0.0	8410.0
810	3844.5	0.0	0.0	10788.0
820	3500.1666666666665	0.0	0.0	9067.0
830	3821.6666666666665	0.0	0.0	9616.0
840	3464.1666666666665	0.0	0.0	10423.0
850	3736.6666666666665	0.0	0.0	9288.0
860	3856.0	0.0	0.0	10235.0
870	3695.5	0.0	0.0	8900.0
880	3486.3333333333335	0.0	0.0	10633.0
890	4080.5	0.0	0.0	7949.0
900	3410.0	0.0	0.0	11708.0
910	3973.5	0.0	0.0	8081.0
920	3959.5	0.0	0.0	10512.0
930	3745.1666666666665	0.0	0.0	13110.0
940	4006.3333333333335	0.0	0.0	8218.0
950	3607.0	0.0	0.0	10456.0
960	3975.8333333333335	0.0	0.0	9246.0
970	3829.1666666666665	0.0	0.0	9275.0
980	3915.0	0.0	0.0	9240.0
990	3447.8333333333335	0.0	0.0	11329.0
1000	3535.5	0.0	0.0	12664.0
