0	2605.0	0.0	0.0	0.0
10	2644.8333333333335	192.0	1456.0	6663.0
20	2862.1666666666665	221.0	1710.0	7753.0
30	2668.1666666666665	434.0	1957.0	9058.0
40	2246.1666666666665	153.0	498.0	7848.0
50	2173.3333333333335	0.0	0.0	9509.0
60	2562.5	0.0	0.0	8280.0
70	2146.0	0.0	0.0	9839.0
80	2459.5	0.0	0.0	8128.0
90	2469.5	0.0	0.0	8941.0
100	2553.6666666666665	0.0	0.0	9415.0
110	2619.1666666666665	0.0	0.0	9513.0
120	2936.1666666666665	0.0	0.0	6767.0
130	2818.0	0.0	0.0	9612.0
140	2894.1666666666665	0.0	0.0	10340.0
150	2719.8333333333335	0.0	0.0	9962.0
160	3125.1666666666665	0.0	0.0	7781.0
170	2502.5	0.0	0.0	7396.0
180	2496.5	0.0	0.0	14692.0
190	3371.1666666666665	0.0	0.0	10499.0
200	3378.6666666666665	0.0	0.0	10380.0
210	3346.6666666666665	0.0	0.0	11414.0
220	3426.6666666666665	0.0	0.0	9676.0
230	3644.6666666666665	0.0	0.0	8943.0
240	3307.0	0.0	0.0	12292.0
250	3119.8333333333335	0.0	0.0	9931.0
260	3437.0	0.0	0.0	11120.0
270	3183.0	0.0	0.0	10369.0
280	3117.8333333333335	0.0	0.0	10301.0
290	3738.3333333333335	0.0	0.0	11092.0
300	3270.1666666666665	0.0	0.0	11280.0
310	3571.8333333333335	0.0	0.0	11211.0
320	3490.6666666666665	0.0	0.0	11804.0
330	3653.5	0.0	0.0	7610.0
340	3306.8333333333335	0.0	0.0	11885.0
350	3075.0	0.0	0.0	10576.0
360	3478.8333333333335	0.0	0.0	9807.0
370	3656.3333333333335	0.0	0.0	13017.0
380	3087.1666666666665	0.0	0.0	12743.0
390	3534.1666666666665	0.0	0.0	9702.0
400	2625.8333333333335	0.0	0.0	7791.0
410	3621.8333333333335	0.0	0.0	11424.0
420	3816.1666666666665	0.0	0.0	11560.0
430	3577.0	0.0	0.0	11718.0
440	3733.0	0.0	0.0	7735.0
450	3867.6666666666665	0.0	0.0	8076.0
460	3409.6666666666665	0.0	0.0	9657.0
470	3414.5	0.0	0.0	9894.0
480	3225.3333333333335	0.0	0.0	10815.0
490	3392.5	0.0	0.0	9640.0
500	3547.0	0.0	0.0	11429.0
510	3940.8333333333335	0.0	0.0	12472.0
520	3820.8333333333335	0.0	0.0	10231.0
530	3461.6666666666665	0.0	0.0	8257.0
540	3323.8333333333335	0.0	0.0	9790.0
550	3694.0	0.0	0.0	11874.0
560	3949.6666666666665	0.0	0.0	7691.0
570	3947.5	0.0	0.0	11039.0
580	3312.1666666666665	0.0	0.0	11194.0
590	3902.6666666666665	0.0	0.0	12205.0
600	3739.0	0.0	0.0	6949.0
610	4005.1666666666665	0.0	0.0	8757.0
620	3450.0	0.0	0.0	10721.0
630	3762.0	0.0	0.0	11711.0
640	3783.5	0.0	0.0	13205.0
650	4145.166666666667	0.0	0.0	10754.0
660	4020.0	0.0	0.0	8454.0
670	3681.0	0.0	0.0	9837.0
680	3702.0	0.0	0.0	10659.0
690	3704.3333333333335	0.0	0.0	11770.0
700	4102.833333333333	0.0	0.0	9839.0
710	3338.3333333333335	0.0	0.0	8470.0
720	4106.666666666667	0.0	0.0	8632.0
730	3567.0	0.0	0.0	9231.0
740	4051.6666666666665	0.0	0.0	11434.0
750	4161.0	0.0	0.0	7750.0
760	3781.1666666666665	0.0	0.0	10289.0
770	4125.333333333333	0.0	0.0	8498.0
780	3771.0	0.0	0.0	11381.0
790	3993.6666666666665	0.0	0.0	7764.0
800	3927.8333333333335	0.0	0.0	12653.0
810	3901.5	0.0	0.0	10211.0
820	4099.0	0.0	0.0	9959.0
830	3841.5	0.0	0.0	9443.0
840	3857.3333333333335	0.0	0.0	12643.0
850	3812.6666666666665	0.0	0.0	11564.0
860	3927.0	0.0	0.0	12499.0
870	4054.1666666666665	0.0	0.0	10909.0
880	3742.0	0.0	0.0	10447.0
890	3684.3333333333335	0.0	0.0	7881.0
900	3772.8333333333335	0.0	0.0	11428.0
910	3696.5	0.0	0.0	12524.0
920	3550.3333333333335	0.0	0.0	11337.0
930	4008.1666666666665	0.0	0.0	8706.0
940	3557.1666666666665	0.0	0.0	6294.0
950	3915.5	0.0	0.0	8501.0
960	3946.0	0.0	0.0	7813.0
970	3647.0	0.0	0.0	12018.0
980	3747.3333333333335	0.0	0.0	6882.0
990	3747.5	0.0	0.0	9638.0
1000	3732.0	0.0	0.0	8264.0
