0	2511.0	0.0	0.0	0.0
10	2429.0	430.0	3617.0	9892.0
20	2516.3333333333335	507.0	3792.0	9378.0
30	2639.5	63.0	281.0	6348.0
40	2763.0	0.0	0.0	10087.0
50	2571.0	0.0	0.0	6883.0
60	2220.3333333333335	0.0	0.0	9913.0
70	2357.5	0.0	0.0	10277.0
80	2346.0	0.0	0.0	8262.0
90	2196.3333333333335	0.0	0.0	10108.0
100	2461.1666666666665	0.0	0.0	6457.0
110	2734.0	0.0	0.0	8699.0
120	2369.5	0.0	0.0	7761.0
130	2903.3333333333335	0.0	0.0	6756.0
140	2277.8333333333335	0.0	0.0	8974.0
150	2501.3333333333335	0.0	0.0	9795.0
160	2440.6666666666665	0.0	0.0	7276.0
170	2611.8333333333335	0.0	0.0	8430.0
180	2626.5	0.0	0.0	7434.0
190	2584.5	0.0	0.0	9833.0
200	2753.5	0.0	0.0	9126.0
210	2793.1666666666665	0.0	0.0	9576.0
220	2955.1666666666665	0.0	0.0	5720.0
230	2841.8333333333335	0.0	0.0	7483.0
240	2837.5	0.0	0.0	6572.0
250	2823.8333333333335	0.0	0.0	9489.0
260	3026.1666666666665	0.0	0.0	8195.0
270	2909.0	0.0	0.0	12319.0
280	3240.5	0.0	0.0	7436.0
290	2778.8333333333335	0.0	0.0	9957.0
300	2662.1666666666665	0.0	0.0	7062.0
310	2749.3333333333335	0.0	0.0	10765.0
320	2918.1666666666665	0.0	0.0	10561.0
330	3058.8333333333335	0.0	0.0	9153.0
340	2841.3333333333335	0.0	0.0	8126.0
350	3443.6666666666665	0.0	0.0	11491.0
360	3598.1666666666665	0.0	0.0	8974.0
370	3491.0	0.0	0.0	12128.0
380	3318.3333333333335	0.0	0.0	9745.0
390	3477.1666666666665	0.0	0.0	8842.0
400	3660.3333333333335	0.0	0.0	5999.0
410	3301.0	0.0	0.0	13679.0
420	3658.6666666666665	0.0	0.0	11607.0
430	3621.8333333333335	0.0	0.0	6287.0
440	2844.6666666666665	0.0	0.0	12028.0
450	3152.3333333333335	0.0	0.0	8689.0
460	3696.5	0.0	0.0	12728.0
470	3578.0	0.0	0.0	9882.0
480	3244.0	0.0	0.0	8166.0
490	3009.8333333333335	0.0	0.0	10911.0
500	3607.3333333333335	0.0	0.0	14757.0
510	3584.1666666666665	0.0	0.0	10868.0
520	3192.3333333333335	0.0	0.0	10785.0
530	3478.6666666666665	0.0	0.0	8303.0
540	3015.5	0.0	0.0	10063.0
550	3506.1666666666665	0.0	0.0	12191.0
560	3143.1666666666665	0.0	0.0	9158.0
570	3278.5	0.0	0.0	9063.0
580	3878.8333333333335	0.0	0.0	10307.0
590	3097.8333333333335	0.0	0.0	9617.0
600	3881.0	0.0	0.0	8034.0
610	3787.3333333333335	0.0	0.0	10018.0
620	3664.0	0.0	0.0	8118.0
630	3492.3333333333335	0.0	0.0	10094.0
640	3726.8333333333335	0.0	0.0	9158.0
650	3856.0	0.0	0.0	11047.0
660	3467.5	0.0	0.0	9377.0
670	3968.3333333333335	0.0	0.0	14349.0
680	3848.5	0.0	0.0	9774.0
690	3465.0	0.0	0.0	9085.0
700	3804.5	0.0	0.0	9780.0
710	4019.8333333333335	0.0	0.0	9676.0
720	3516.6666666666665	0.0	0.0	9901.0
730	4032.0	0.0	0.0	12176.0
740	3379.1666666666665	0.0	0.0	11060.0
750	3944.3333333333335	0.0	0.0	8730.0
760	3686.5	0.0	0.0	13508.0
770	4002.6666666666665	0.0	0.0	10042.0
780	3921.5	0.0	0.0	11339.0
790	3571.0	0.0	0.0	11740.0
800	4031.0	0.0	0.0	11454.0
810	3871.6666666666665	0.0	0.0	9132.0
820	3796.8333333333335	0.0	0.0	9545.0
830	3905.5	0.0	0.0	11082.0
840	3553.6666666666665	0.0	0.0	8796.0
850	3714.8333333333335	0.0	0.0	9429.0
860	3569.5	0.0	0.0	10277.0
870	3383.6666666666665	0.0	0.0	10900.0
880	3784.6666666666665	0.0	0.0	8954.0
890	4080.6666666666665	0.0	0.0	9608.0
900	4128.833333333333	0.0	0.0	10057.0
910	3713.6666666666665	0.0	0.0	7571.0
920	3579.3333333333335	0.0	0.0	11859.0
930	3994.5	0.0	0.0	8814.0
940	3643.1666666666665	0.0	0.0	9189.0
950	3865.6666666666665	0.0	0.0	7537.0
960	3847.6666666666665	0.0	0.0	10905.0
970	3999.6666666666665	0.0	0.0	9991.0
980	3621.3333333333335	0.0	0.0	11314.0
990	3654.6666666666665	0.0	0.0	9473.0
1000	3797.5	0.0	0.0	9680.0
