0	2595.0	0.0	0.0	0.0
10	2467.1666666666665	450.0	3575.0	9010.0
20	2426.0	550.0	3141.0	12872.0
30	2377.0	0.0	0.0	11621.0
40	2812.1666666666665	0.0	0.0	9772.0
50	2877.0	0.0	0.0	13342.0
60	2768.6666666666665	0.0	0.0	7746.0
70	2470.1666666666665	0.0	0.0	8956.0
80	2511.0	0.0	0.0	10750.0
90	2012.0	0.0	0.0	6459.0
100	2933.0	0.0	0.0	13527.0
110	2435.0	0.0	0.0	10924.0
120	2586.8333333333335	0.0	0.0	12685.0
130	2253.5	0.0	0.0	7156.0
140	2685.3333333333335	0.0	0.0	5390.0
150	2700.6666666666665	0.0	0.0	8432.0
160	3075.5	0.0	0.0	6470.0
170	2810.6666666666665	0.0	0.0	6015.0
180	2909.5	0.0	0.0	9585.0
190	2567.1666666666665	0.0	0.0	7861.0
200	2761.6666666666665	0.0	0.0	9790.0
210	3015.5	0.0	0.0	10128.0
220	3190.5	0.0	0.0	7852.0
230	3528.6666666666665	0.0	0.0	9167.0
240	3089.6666666666665	0.0	0.0	9513.0
250	2961.1666666666665	0.0	0.0	10449.0
260	3151.0	0.0	0.0	8946.0
270	3006.3333333333335	0.0	0.0	10782.0
280	3082.8333333333335	0.0	0.0	8770.0
290	2974.1666666666665	0.0	0.0	10367.0
300	3043.3333333333335	0.0	0.0	8479.0
310	3307.5	0.0	0.0	12000.0
320	3709.6666666666665	0.0	0.0	8767.0
330	3325.6666666666665	0.0	0.0	12110.0
340	3549.0	0.0	0.0	11012.0
350	3619.8333333333335	0.0	0.0	11255.0
360	3242.8333333333335	0.0	0.0	8804.0
370	3268.1666666666665	0.0	0.0	7983.0
380	3479.5	0.0	0.0	10934.0
390	3522.6666666666665	0.0	0.0	13014.0
400	3733.6666666666665	0.0	0.0	11146.0
410	3007.5	0.0	0.0	13013.0
420	3551.5	0.0	0.0	10338.0
430	3810.0	0.0	0.0	8785.0
440	4081.8333333333335	0.0	0.0	12916.0
450	3962.6666666666665	0.0	0.0	8812.0
460	3422.3333333333335	0.0	0.0	11572.0
470	3722.1666666666665	0.0	0.0	10788.0
480	2709.1666666666665	0.0	0.0	11386.0
490	3788.8333333333335	0.0	0.0	11368.0
500	3435.6666666666665	0.0	0.0	8582.0
510	3290.1666666666665	0.0	0.0	9275.0
520	3298.1666666666665	0.0	0.0	10230.0
530	3133.3333333333335	0.0	0.0	11966.0
540	3635.5	0.0	0.0	12941.0
550	3546.5	0.0	0.0	10430.0
560	3653.3333333333335	0.0	0.0	11663.0
570	3881.1666666666665	0.0	0.0	11690.0
580	3819.3333333333335	0.0	0.0	13887.0
590	3625.0	0.0	0.0	6290.0
600	3625.1666666666665	0.0	0.0	9679.0
610	3888.8333333333335	0.0	0.0	9347.0
620	3890.6666666666665	0.0	0.0	9785.0
630	3969.5	0.0	0.0	11342.0
640	3832.6666666666665	0.0	0.0	9157.0
650	3973.1666666666665	0.0	0.0	11023.0
660	3732.1666666666665	0.0	0.0	9347.0
670	3626.6666666666665	0.0	0.0	9399.0
680	3366.0	0.0	0.0	7866.0
690	3681.0	0.0	0.0	10800.0
700	3625.1666666666665	0.0	0.0	9798.0
710	3754.3333333333335	0.0	0.0	9815.0
720	3482.0	0.0	0.0	12666.0
730	4003.8333333333335	0.0	0.0	11677.0
740	3992.6666666666665	0.0	0.0	11540.0
750	3280.5	0.0	0.0	8938.0
760	3710.0	0.0	0.0	9903.0
770	3635.0	0.0	0.0	10396.0
780	3947.8333333333335	0.0	0.0	10807.0
790	4154.833333333333	0.0	0.0	7842.0
800	3587.3333333333335	0.0	0.0	11776.0
810	3685.0	0.0	0.0	11740.0
820	3848.6666666666665	0.0	0.0	12304.0
830	3637.1666666666665	0.0	0.0	7591.0
840	3775.0	0.0	0.0	9123.0
850	3853.1666666666665	0.0	0.0	10912.0
860	3732.5	0.0	0.0	13071.0
870	3762.6666666666665	0.0	0.0	9765.0
880	3839.0	0.0	0.0	10837.0
890	3852.8333333333335	0.0	0.0	8313.0
900	3704.8333333333335	0.0	0.0	9637.0
910	4101.333333333333	0.0	0.0	10162.0
920	3930.5	0.0	0.0	8219.0
930	3711.6666666666665	0.0	0.0	10488.0
940	3282.3333333333335	0.0	0.0	9230.0
950	3646.6666666666665	0.0	0.0	12127.0
960	3513.3333333333335	0.0	0.0	12379.0
970	3624.8333333333335	0.0	0.0	10719.0
980	3838.6666666666665	0.0	0.0	10761.0
990	3468.3333333333335	0.0	0.0	12784.0
1000	3788.5	0.0	0.0	10875.0
