0	2543.3333333333335	0.0	0.0	0.0
10	2556.3333333333335	338.0	2277.0	6912.0
20	2488.5	359.0	3152.0	8927.0
30	2646.0	303.0	1866.0	10876.0
40	2549.0	0.0	0.0	6945.0
50	2706.3333333333335	0.0	0.0	8778.0
60	2518.1666666666665	0.0	0.0	7836.0
70	2896.3333333333335	0.0	0.0	10089.0
80	2561.8333333333335	0.0	0.0	7660.0
90	2527.8333333333335	0.0	0.0	8360.0
100	2731.5	0.0	0.0	4268.0
110	2242.3333333333335	0.0	0.0	9727.0
120	2539.6666666666665	0.0	0.0	8078.0
130	2868.1666666666665	0.0	0.0	7770.0
140	2689.3333333333335	0.0	0.0	8773.0
150	2575.3333333333335	0.0	0.0	9211.0
160	2583.6666666666665	0.0	0.0	12646.0
170	2095.3333333333335	0.0	0.0	8426.0
180	2387.1666666666665	0.0	0.0	8182.0
190	2448.5	0.0	0.0	9837.0
200	2503.6666666666665	0.0	0.0	7968.0
210	2614.1666666666665	0.0	0.0	7029.0
220	2753.8333333333335	0.0	0.0	11381.0
230	2449.6666666666665	0.0	0.0	8320.0
240	2593.0	0.0	0.0	9747.0
250	2653.3333333333335	0.0	0.0	10325.0
260	2750.6666666666665	0.0	0.0	8838.0
270	2531.0	0.0	0.0	9618.0
280	2768.5	0.0	0.0	7827.0
290	2824.1666666666665	0.0	0.0	9166.0
300	2725.5	0.0	0.0	9568.0
310	2931.3333333333335	0.0	0.0	9789.0
320	3113.3333333333335	0.0	0.0	10007.0
330	2852.6666666666665	0.0	0.0	7869.0
340	2927.5	0.0	0.0	6974.0
350	2934.1666666666665	0.0	0.0	10173.0
360	2953.5	0.0	0.0	6441.0
370	3378.0	0.0	0.0	7561.0
380	2315.8333333333335	0.0	0.0	9306.0
390	3629.1666666666665	0.0	0.0	9811.0
400	2930.0	0.0	0.0	8115.0
410	3055.0	0.0	0.0	10631.0
420	3422.0	0.0	0.0	8923.0
430	2957.6666666666665	0.0	0.0	10590.0
440	3151.3333333333335	0.0	0.0	10003.0
450	3644.1666666666665	0.0	0.0	9381.0
460	3427.5	0.0	0.0	12145.0
470	3324.5	0.0	0.0	13084.0
480	3381.3333333333335	0.0	0.0	12771.0
490	3658.1666666666665	0.0	0.0	9978.0
500	3117.0	0.0	0.0	12997.0
510	3592.8333333333335	0.0	0.0	12882.0
520	3756.5	0.0	0.0	11020.0
530	3640.3333333333335	0.0	0.0	9666.0
540	2879.0	0.0	0.0	8725.0
550	4110.666666666667	0.0	0.0	10012.0
560	3003.8333333333335	0.0	0.0	5271.0
570	3121.8333333333335	0.0	0.0	12276.0
580	3169.3333333333335	0.0	0.0	8757.0
590	3015.1666666666665	0.0	0.0	8074.0
600	3670.0	0.0	0.0	8661.0
610	3815.5	0.0	0.0	9202.0
620	3807.6666666666665	0.0	0.0	9016.0
630	3832.0	0.0	0.0	9321.0
640	3484.0	0.0	0.0	9981.0
650	3686.6666666666665	0.0	0.0	10677.0
660	3378.5	0.0	0.0	7815.0
670	3475.5	0.0	0.0	12359.0
680	3820.5	0.0	0.0	11649.0
690	3594.5	0.0	0.0	9391.0
700	3206.1666666666665	0.0	0.0	8804.0
710	3675.6666666666665	0.0	0.0	8822.0
720	3725.8333333333335	0.0	0.0	10055.0
730	3205.5	0.0	0.0	10042.0
740	3476.1666666666665	0.0	0.0	11836.0
750	3661.3333333333335	0.0	0.0	11783.0
760	4000.0	0.0	0.0	10220.0
770	3564.3333333333335	0.0	0.0	10793.0
780	3820.3333333333335	0.0	0.0	9271.0
790	3846.3333333333335	0.0	0.0	12443.0
800	3484.5	0.0	0.0	7608.0
810	3976.0	0.0	0.0	7680.0
820	4050.5	0.0	0.0	9828.0
830	3962.3333333333335	0.0	0.0	11744.0
840	3687.6666666666665	0.0	0.0	11120.0
850	4014.8333333333335	0.0	0.0	9214.0
860	3403.8333333333335	0.0	0.0	11726.0
870	3789.0	0.0	0.0	10173.0
880	3947.1666666666665	0.0	0.0	13468.0
890	3751.6666666666665	0.0	0.0	13179.0
900	3645.6666666666665	0.0	0.0	9633.0
910	3740.8333333333335	0.0	0.0	7080.0
920	3739.0	0.0	0.0	8634.0
930	4094.3333333333335	0.0	0.0	10555.0
940	3392.1666666666665	0.0	0.0	10643.0
950	3821.1666666666665	0.0	0.0	9248.0
960	3580.3333333333335	0.0	0.0	7589.0
970	3384.3333333333335	0.0	0.0	10881.0
980	3561.3333333333335	0.0	0.0	8683.0
990	3760.8333333333335	0.0	0.0	9430.0
1000	4002.3333333333335	0.0	0.0	6978.0
