0	2710.1666666666665	0.0	0.0	0.0
10	2239.1666666666665	884.0	11410.0	11410.0
20	2211.6666666666665	116.0	1502.0	8525.0
30	2292.8333333333335	0.0	0.0	11752.0
40	2410.5	0.0	0.0	10140.0
50	2173.3333333333335	0.0	0.0	7187.0
60	2282.3333333333335	0.0	0.0	8517.0
70	2557.0	0.0	0.0	7480.0
80	2748.1666666666665	0.0	0.0	7532.0
90	2607.1666666666665	0.0	0.0	6455.0
100	2688.1666666666665	0.0	0.0	8353.0
110	2854.5	0.0	0.0	7507.0
120	2552.8333333333335	0.0	0.0	7477.0
130	2534.8333333333335	0.0	0.0	12366.0
140	3055.5	0.0	0.0	9394.0
150	3119.8333333333335	0.0	0.0	9203.0
160	3737.6666666666665	0.0	0.0	11196.0
170	3107.8333333333335	0.0	0.0	8997.0
180	2977.8333333333335	0.0	0.0	12279.0
190	2652.6666666666665	0.0	0.0	11125.0
200	3220.1666666666665	0.0	0.0	9942.0
210	3328.3333333333335	0.0	0.0	8995.0
220	2793.8333333333335	0.0	0.0	7848.0
230	3161.1666666666665	0.0	0.0	9795.0
240	3010.6666666666665	0.0	0.0	12124.0
250	3292.0	0.0	0.0	10119.0
260	3166.6666666666665	0.0	0.0	7639.0
270	3320.6666666666665	0.0	0.0	11017.0
280	3273.1666666666665	0.0	0.0	13088.0
290	3650.3333333333335	0.0	0.0	11164.0
300	3228.0	0.0	0.0	10124.0
310	3275.6666666666665	0.0	0.0	7153.0
320	3795.8333333333335	0.0	0.0	9906.0
330	3295.1666666666665	0.0	0.0	9664.0
340	3603.1666666666665	0.0	0.0	9638.0
350	3488.1666666666665	0.0	0.0	11172.0
360	3408.0	0.0	0.0	7366.0
370	3779.6666666666665	0.0	0.0	9626.0
380	3554.8333333333335	0.0	0.0	9565.0
390	4234.5	0.0	0.0	10285.0
400	3449.3333333333335	0.0	0.0	10056.0
410	3478.6666666666665	0.0	0.0	11116.0
420	3495.8333333333335	0.0	0.0	8276.0
430	3861.5	0.0	0.0	7936.0
440	3079.1666666666665	0.0	0.0	9502.0
450	3449.8333333333335	0.0	0.0	9189.0
460	3539.3333333333335	0.0	0.0	10812.0
470	3334.0	0.0	0.0	9988.0
480	3788.3333333333335	0.0	0.0	9237.0
490	3694.3333333333335	0.0	0.0	9763.0
500	3925.3333333333335	0.0	0.0	12997.0
510	3758.3333333333335	0.0	0.0	11280.0
520	3579.8333333333335	0.0	0.0	11868.0
530	3665.0	0.0	0.0	8688.0
540	3677.6666666666665	0.0	0.0	6512.0
550	4109.5	0.0	0.0	10518.0
560	3210.0	0.0	0.0	9958.0
570	3483.6666666666665	0.0	0.0	13885.0
580	3665.3333333333335	0.0	0.0	13075.0
590	3634.5	0.0	0.0	10517.0
600	3725.1666666666665	0.0	0.0	10036.0
610	3915.6666666666665	0.0	0.0	10017.0
620	3406.3333333333335	0.0	0.0	8495.0
630	3652.0	0.0	0.0	8865.0
640	3796.6666666666665	0.0	0.0	11160.0
650	3766.6666666666665	0.0	0.0	11231.0
660	3406.1666666666665	0.0	0.0	9283.0
670	3707.0	0.0	0.0	10744.0
680	3585.6666666666665	0.0	0.0	10308.0
690	3651.1666666666665	0.0	0.0	9969.0
700	3488.5	0.0	0.0	8414.0
710	3272.5	0.0	0.0	12293.0
720	3715.5	0.0	0.0	10528.0
730	3444.5	0.0	0.0	10589.0
740	3667.8333333333335	0.0	0.0	11627.0
750	3107.0	0.0	0.0	9693.0
760	4000.3333333333335	0.0	0.0	12466.0
770	3811.0	0.0	0.0	11762.0
780	3921.3333333333335	0.0	0.0	8106.0
790	3746.8333333333335	0.0	0.0	8552.0
800	3999.0	0.0	0.0	10042.0
