0	2655.6666666666665	0.0	0.0	0.0
10	2338.8333333333335	903.0	10553.0	10553.0
20	2184.0	97.0	554.0	9429.0
30	2384.0	0.0	0.0	9840.0
40	2146.3333333333335	0.0	0.0	8223.0
50	2518.3333333333335	0.0	0.0	8016.0
60	2375.5	0.0	0.0	8391.0
70	2902.3333333333335	0.0	0.0	11190.0
80	2857.0	0.0	0.0	9492.0
90	3001.8333333333335	0.0	0.0	9302.0
100	2596.0	0.0	0.0	10214.0
110	2406.1666666666665	0.0	0.0	6985.0
120	2748.5	0.0	0.0	8889.0
130	2822.5	0.0	0.0	13334.0
140	3156.5	0.0	0.0	10333.0
150	3005.0	0.0	0.0	9137.0
160	2937.0	0.0	0.0	8273.0
170	2960.6666666666665	0.0	0.0	9196.0
180	2864.6666666666665	0.0	0.0	7202.0
190	3205.6666666666665	0.0	0.0	7092.0
200	3061.5	0.0	0.0	11322.0
210	3326.3333333333335	0.0	0.0	7738.0
220	2819.1666666666665	0.0	0.0	7374.0
230	3303.0	0.0	0.0	8845.0
240	3268.6666666666665	0.0	0.0	8655.0
250	3164.5	0.0	0.0	8689.0
260	3228.1666666666665	0.0	0.0	10032.0
270	3330.5	0.0	0.0	8645.0
280	3338.1666666666665	0.0	0.0	12405.0
290	3706.1666666666665	0.0	0.0	8731.0
300	3140.1666666666665	0.0	0.0	11460.0
310	2729.6666666666665	0.0	0.0	8670.0
320	3689.5	0.0	0.0	6843.0
330	3489.5	0.0	0.0	9747.0
340	3444.6666666666665	0.0	0.0	11094.0
350	3661.6666666666665	0.0	0.0	9661.0
360	3600.8333333333335	0.0	0.0	9518.0
370	3668.5	0.0	0.0	9378.0
380	3336.6666666666665	0.0	0.0	11041.0
390	3437.5	0.0	0.0	13287.0
400	3753.8333333333335	0.0	0.0	10724.0
410	2629.1666666666665	0.0	0.0	9755.0
420	3734.5	0.0	0.0	10101.0
430	3200.3333333333335	0.0	0.0	11234.0
440	3917.5	0.0	0.0	10446.0
450	3877.6666666666665	0.0	0.0	9698.0
460	3676.5	0.0	0.0	8472.0
470	3786.6666666666665	0.0	0.0	11892.0
480	3640.6666666666665	0.0	0.0	10177.0
490	3502.1666666666665	0.0	0.0	9007.0
500	3450.1666666666665	0.0	0.0	11221.0
510	3635.3333333333335	0.0	0.0	11302.0
520	3646.0	0.0	0.0	8258.0
530	3400.1666666666665	0.0	0.0	9441.0
540	3352.0	0.0	0.0	10159.0
550	3940.1666666666665	0.0	0.0	12594.0
560	3571.3333333333335	0.0	0.0	12279.0
570	3876.8333333333335	0.0	0.0	9225.0
580	3787.5	0.0	0.0	8825.0
590	3904.1666666666665	0.0	0.0	10358.0
600	3946.6666666666665	0.0	0.0	12225.0
610	3614.5	0.0	0.0	8599.0
620	4070.8333333333335	0.0	0.0	15922.0
630	3959.6666666666665	0.0	0.0	8096.0
640	4156.666666666667	0.0	0.0	10332.0
650	3875.8333333333335	0.0	0.0	10961.0
660	3595.3333333333335	0.0	0.0	9879.0
670	3661.8333333333335	0.0	0.0	8889.0
680	3397.0	0.0	0.0	12886.0
690	3708.5	0.0	0.0	10700.0
700	4118.833333333333	0.0	0.0	6180.0
710	3910.0	0.0	0.0	8143.0
720	3658.5	0.0	0.0	9090.0
730	4004.1666666666665	0.0	0.0	9037.0
740	3579.0	0.0	0.0	12020.0
750	3811.8333333333335	0.0	0.0	10716.0
760	3745.1666666666665	0.0	0.0	10514.0
770	3615.1666666666665	0.0	0.0	9186.0
780	3530.3333333333335	0.0	0.0	9946.0
790	3665.3333333333335	0.0	0.0	10072.0
800	3917.1666666666665	0.0	0.0	8047.0
