0	2559.5	0.0	0.0	0.0
10	2842.3333333333335	13.0	1254.0	10182.0
20	2659.1666666666665	4.0	282.0	6623.0
30	2404.6666666666665	5.0	901.0	11644.0
40	2103.8333333333335	0.0	573.0	9447.0
50	2759.5	3.0	561.0	10369.0
60	2467.5	0.0	500.0	7282.0
70	2504.0	1.0	660.0	7773.0
80	2725.8333333333335	3.0	755.0	9550.0
90	2759.3333333333335	0.0	626.0	10099.0
100	2530.5	0.0	755.0	11749.0
110	3121.3333333333335	0.0	288.0	5643.0
120	3035.0	0.0	782.0	9431.0
130	2814.1666666666665	0.0	730.0	9296.0
140	2471.5	0.0	597.0	7156.0
150	2787.3333333333335	0.0	510.0	7104.0
160	3171.3333333333335	0.0	682.0	7611.0
170	2643.0	0.0	1071.0	12799.0
180	2964.3333333333335	0.0	477.0	8195.0
190	3154.5	0.0	743.0	11252.0
200	2935.3333333333335	0.0	353.0	9526.0
210	3217.6666666666665	0.0	668.0	11280.0
220	3221.0	0.0	652.0	11466.0
230	2972.1666666666665	0.0	633.0	10971.0
240	3344.6666666666665	0.0	590.0	8839.0
250	2965.6666666666665	0.0	398.0	9346.0
260	3429.5	0.0	513.0	8664.0
270	3298.0	0.0	598.0	11344.0
280	2888.1666666666665	0.0	759.0	13076.0
290	2996.1666666666665	0.0	617.0	12102.0
300	3394.5	0.0	749.0	13306.0
310	2970.6666666666665	0.0	491.0	7249.0
320	2928.8333333333335	0.0	719.0	9493.0
330	3613.1666666666665	0.0	820.0	11344.0
340	3889.6666666666665	0.0	713.0	9216.0
350	3312.8333333333335	0.0	826.0	11494.0
360	3658.0	0.0	526.0	4714.0
370	3927.8333333333335	0.0	776.0	9140.0
380	3479.1666666666665	0.0	1186.0	12993.0
390	3000.5	0.0	857.0	10919.0
400	3583.1666666666665	0.0	667.0	11573.0
410	3603.8333333333335	0.0	789.0	9761.0
420	3509.1666666666665	0.0	904.0	10985.0
430	3305.8333333333335	0.0	1154.0	12447.0
440	2958.6666666666665	0.0	695.0	11472.0
450	3175.0	0.0	782.0	8402.0
460	3654.1666666666665	0.0	725.0	10665.0
470	3484.5	0.0	973.0	12565.0
480	3982.0	0.0	469.0	10222.0
490	4091.6666666666665	0.0	469.0	10015.0
500	3686.6666666666665	0.0	673.0	10230.0
510	3897.3333333333335	0.0	855.0	12001.0
520	3811.8333333333335	0.0	760.0	10748.0
530	3873.3333333333335	0.0	641.0	12331.0
540	3452.0	0.0	617.0	11026.0
550	3680.3333333333335	0.0	505.0	7972.0
560	3697.8333333333335	0.0	714.0	12311.0
570	3970.8333333333335	0.0	345.0	8402.0
580	3968.3333333333335	0.0	743.0	11953.0
590	3878.5	0.0	572.0	11368.0
600	3737.1666666666665	0.0	557.0	10233.0
610	3679.3333333333335	0.0	444.0	10292.0
620	3766.8333333333335	0.0	528.0	13645.0
630	3323.3333333333335	0.0	702.0	11177.0
640	3671.3333333333335	0.0	519.0	10475.0
650	3686.3333333333335	0.0	814.0	12558.0
660	3841.1666666666665	0.0	364.0	9552.0
670	4015.8333333333335	0.0	614.0	9665.0
680	4246.166666666667	0.0	471.0	8686.0
690	3880.6666666666665	0.0	650.0	12486.0
700	4110.166666666667	0.0	644.0	12700.0
710	4008.5	0.0	691.0	11452.0
720	3761.6666666666665	0.0	630.0	9078.0
730	3917.6666666666665	0.0	760.0	12897.0
740	3560.8333333333335	0.0	728.0	11538.0
750	4103.333333333333	0.0	860.0	11302.0
760	3662.6666666666665	0.0	449.0	9484.0
770	4004.5	0.0	937.0	12166.0
780	3721.1666666666665	0.0	326.0	9199.0
790	3730.8333333333335	0.0	630.0	10369.0
800	3805.3333333333335	0.0	420.0	9384.0
810	3932.6666666666665	0.0	645.0	12190.0
820	3739.6666666666665	0.0	737.0	10777.0
830	4007.5	0.0	822.0	10540.0
840	4101.833333333333	0.0	627.0	12470.0
850	3870.0	0.0	846.0	11107.0
860	3892.3333333333335	0.0	602.0	9850.0
870	3987.0	0.0	847.0	9663.0
880	3914.5	0.0	812.0	10201.0
890	3929.8333333333335	0.0	603.0	8932.0
900	3717.0	0.0	266.0	6717.0
910	3671.3333333333335	0.0	433.0	10213.0
920	3903.8333333333335	0.0	483.0	10196.0
930	3749.3333333333335	0.0	417.0	8906.0
940	3568.5	0.0	440.0	9243.0
950	3713.0	0.0	507.0	11721.0
960	3732.5	0.0	572.0	10705.0
970	3779.6666666666665	0.0	389.0	8901.0
980	4014.0	0.0	424.0	7747.0
990	3784.8333333333335	0.0	740.0	13726.0
1000	3875.1666666666665	0.0	736.0	11274.0
