0	2761.8333333333335	0.0	0.0	0.0
10	2765.8333333333335	2.0	224.0	5509.0
20	2452.5	0.0	837.0	11164.0
30	2594.3333333333335	0.0	1079.0	11845.0
40	2461.5	2.0	372.0	7539.0
50	2849.1666666666665	8.0	628.0	8034.0
60	2704.8333333333335	8.0	482.0	7368.0
70	2546.8333333333335	0.0	505.0	8823.0
80	2417.0	9.0	843.0	10721.0
90	2415.5	0.0	717.0	7290.0
100	2464.8333333333335	3.0	576.0	10299.0
110	2525.8333333333335	7.0	541.0	10123.0
120	2818.6666666666665	0.0	734.0	9677.0
130	2626.8333333333335	15.0	699.0	11246.0
140	2597.1666666666665	1.0	620.0	10175.0
150	2493.5	0.0	484.0	8157.0
160	3308.5	0.0	422.0	6076.0
170	2761.8333333333335	0.0	461.0	7510.0
180	3516.0	0.0	564.0	8253.0
190	2801.8333333333335	0.0	952.0	9714.0
200	2517.1666666666665	0.0	751.0	13848.0
210	3304.6666666666665	0.0	405.0	8875.0
220	2858.8333333333335	0.0	523.0	9269.0
230	2977.8333333333335	0.0	835.0	16303.0
240	3233.6666666666665	0.0	497.0	8694.0
250	2952.3333333333335	0.0	647.0	11358.0
260	3106.6666666666665	0.0	665.0	9886.0
270	2998.3333333333335	0.0	970.0	12370.0
280	2657.6666666666665	0.0	600.0	9948.0
290	2692.3333333333335	0.0	772.0	14142.0
300	3237.1666666666665	0.0	385.0	10902.0
310	3405.6666666666665	0.0	569.0	9684.0
320	4013.1666666666665	0.0	506.0	6865.0
330	3101.5	0.0	672.0	8892.0
340	3676.3333333333335	0.0	816.0	11446.0
350	3476.3333333333335	0.0	640.0	14533.0
360	3298.5	0.0	807.0	11510.0
370	3858.5	0.0	591.0	11702.0
380	3355.8333333333335	0.0	415.0	10494.0
390	3774.1666666666665	0.0	654.0	10071.0
400	3440.3333333333335	0.0	510.0	9293.0
410	3389.0	0.0	625.0	9468.0
420	3469.1666666666665	0.0	733.0	8281.0
430	3074.5	0.0	1065.0	12482.0
440	4075.8333333333335	0.0	841.0	10533.0
450	3088.0	0.0	590.0	11572.0
460	3815.0	0.0	316.0	9069.0
470	3720.0	0.0	359.0	8356.0
480	3734.1666666666665	0.0	679.0	8010.0
490	3509.3333333333335	0.0	491.0	7199.0
500	3312.6666666666665	0.0	834.0	13277.0
510	3629.8333333333335	0.0	879.0	12126.0
520	3798.5	0.0	1089.0	12040.0
530	3557.5	0.0	487.0	9611.0
540	3853.3333333333335	0.0	711.0	11684.0
550	3806.5	0.0	521.0	11247.0
560	3950.3333333333335	0.0	636.0	10549.0
570	3658.1666666666665	0.0	691.0	9877.0
580	3858.6666666666665	0.0	459.0	8990.0
590	3724.0	0.0	699.0	10424.0
600	3873.1666666666665	0.0	546.0	9396.0
610	3612.6666666666665	0.0	601.0	10797.0
620	3812.0	0.0	469.0	9499.0
630	3818.8333333333335	0.0	534.0	10328.0
640	3706.3333333333335	0.0	1034.0	13053.0
650	3845.5	0.0	431.0	11242.0
660	3858.8333333333335	0.0	483.0	11881.0
670	4025.5	0.0	441.0	10637.0
680	3857.8333333333335	0.0	587.0	10281.0
690	3734.3333333333335	0.0	523.0	7643.0
700	3673.5	0.0	532.0	11106.0
710	3465.3333333333335	0.0	544.0	12541.0
720	3734.8333333333335	0.0	607.0	11741.0
730	3607.0	0.0	958.0	15039.0
740	3732.3333333333335	0.0	581.0	10194.0
750	3534.5	0.0	328.0	7981.0
760	3593.8333333333335	0.0	708.0	9655.0
770	3786.3333333333335	0.0	537.0	10474.0
780	4052.0	0.0	562.0	11254.0
790	3656.6666666666665	0.0	383.0	9416.0
800	3752.5	0.0	547.0	8914.0
810	3932.1666666666665	0.0	479.0	10415.0
820	3837.8333333333335	0.0	457.0	11554.0
830	3973.3333333333335	0.0	627.0	11597.0
840	4068.1666666666665	0.0	561.0	11428.0
850	3681.8333333333335	0.0	796.0	12560.0
860	3943.1666666666665	0.0	406.0	10635.0
870	3771.8333333333335	0.0	465.0	9669.0
880	3986.0	0.0	603.0	9937.0
890	3608.3333333333335	0.0	819.0	12381.0
900	3766.6666666666665	0.0	304.0	9641.0
910	3585.8333333333335	0.0	508.0	10100.0
920	3762.5	0.0	395.0	9629.0
930	3980.5	0.0	788.0	12403.0
940	3959.5	0.0	324.0	7988.0
950	3808.6666666666665	0.0	758.0	11830.0
960	3803.6666666666665	0.0	312.0	7681.0
970	3640.5	0.0	538.0	9626.0
980	3846.1666666666665	0.0	769.0	13184.0
990	3917.8333333333335	0.0	593.0	12013.0
1000	3846.1666666666665	0.0	403.0	8614.0
