0	2523.1666666666665	0.0	0.0	0.0
10	2504.5	6.0	883.0	10509.0
20	2420.8333333333335	0.0	478.0	7714.0
30	2900.0	0.0	781.0	9055.0
40	2597.3333333333335	3.0	805.0	10864.0
50	2614.1666666666665	0.0	636.0	9032.0
60	2629.1666666666665	0.0	358.0	6189.0
70	2680.6666666666665	12.0	566.0	7675.0
80	2406.6666666666665	0.0	936.0	10663.0
90	2966.6666666666665	19.0	620.0	8568.0
100	2313.5	0.0	405.0	8489.0
110	2752.8333333333335	0.0	429.0	9130.0
120	2608.3333333333335	1.0	421.0	8923.0
130	2204.0	0.0	518.0	8036.0
140	2518.0	0.0	840.0	11906.0
150	2801.5	1.0	467.0	8106.0
160	2583.3333333333335	0.0	356.0	8864.0
170	2865.8333333333335	0.0	300.0	5703.0
180	2800.3333333333335	0.0	789.0	10331.0
190	2599.5	0.0	586.0	9630.0
200	2787.6666666666665	0.0	665.0	10539.0
210	2872.3333333333335	0.0	713.0	11449.0
220	3041.1666666666665	0.0	462.0	8675.0
230	2972.3333333333335	0.0	737.0	10548.0
240	3001.8333333333335	0.0	722.0	9933.0
250	3739.8333333333335	0.0	574.0	10629.0
260	3755.6666666666665	0.0	745.0	10445.0
270	3493.5	0.0	994.0	13248.0
280	3095.0	0.0	603.0	8899.0
290	3572.8333333333335	0.0	591.0	9033.0
300	3514.3333333333335	0.0	597.0	10874.0
310	3155.6666666666665	0.0	419.0	9018.0
320	3617.0	0.0	469.0	8034.0
330	3351.5	0.0	589.0	10021.0
340	3695.6666666666665	0.0	615.0	12033.0
350	3437.3333333333335	0.0	460.0	9552.0
360	3291.1666666666665	0.0	234.0	7120.0
370	2856.1666666666665	0.0	365.0	8178.0
380	3282.6666666666665	0.0	421.0	8607.0
390	3557.1666666666665	0.0	471.0	10985.0
400	3069.1666666666665	0.0	791.0	15960.0
410	3374.1666666666665	0.0	452.0	9553.0
420	3167.5	0.0	527.0	8173.0
430	3098.5	0.0	430.0	9341.0
440	2997.5	0.0	520.0	12990.0
450	3496.1666666666665	0.0	1066.0	8440.0
460	3949.0	0.0	868.0	9712.0
470	3242.1666666666665	0.0	512.0	8380.0
480	3602.6666666666665	0.0	503.0	10389.0
490	3713.5	0.0	679.0	11642.0
500	3738.0	0.0	415.0	8074.0
510	3672.8333333333335	0.0	652.0	12919.0
520	3690.8333333333335	0.0	659.0	13626.0
530	3613.8333333333335	0.0	571.0	10176.0
540	3699.0	0.0	519.0	8387.0
550	3553.1666666666665	0.0	685.0	9783.0
560	3928.5	0.0	929.0	11718.0
570	3485.6666666666665	0.0	573.0	8945.0
580	3875.3333333333335	0.0	327.0	9031.0
590	4005.3333333333335	0.0	577.0	9727.0
600	3758.0	0.0	522.0	10836.0
610	3599.5	0.0	888.0	12233.0
620	3759.0	0.0	915.0	11024.0
630	3846.1666666666665	0.0	850.0	11816.0
640	4056.0	0.0	889.0	13109.0
650	4032.5	0.0	394.0	9093.0
660	3750.8333333333335	0.0	746.0	11167.0
670	3893.8333333333335	0.0	846.0	10325.0
680	3812.0	0.0	547.0	8156.0
690	3926.5	0.0	804.0	11608.0
700	3837.5	0.0	286.0	8006.0
710	3558.8333333333335	0.0	795.0	12190.0
720	3653.3333333333335	0.0	315.0	7316.0
730	3717.3333333333335	0.0	381.0	6833.0
740	3267.1666666666665	0.0	724.0	10894.0
750	3822.1666666666665	0.0	448.0	10623.0
760	4036.5	0.0	582.0	9542.0
770	3345.6666666666665	0.0	477.0	8893.0
780	3859.3333333333335	0.0	658.0	12441.0
790	3898.5	0.0	793.0	8413.0
800	3944.0	0.0	825.0	11496.0
810	3780.3333333333335	0.0	342.0	7547.0
820	3539.6666666666665	0.0	734.0	10268.0
830	3724.1666666666665	0.0	988.0	7846.0
840	3718.6666666666665	0.0	1249.0	11059.0
850	3841.1666666666665	0.0	679.0	10393.0
860	3804.3333333333335	0.0	323.0	6590.0
870	3563.0	0.0	535.0	9845.0
880	3836.5	0.0	421.0	9368.0
890	3754.6666666666665	0.0	441.0	9679.0
900	3284.8333333333335	0.0	674.0	10169.0
910	4045.0	0.0	781.0	11743.0
920	3750.6666666666665	0.0	470.0	8615.0
930	3400.0	0.0	470.0	12601.0
940	3696.0	0.0	656.0	10763.0
950	3541.1666666666665	0.0	608.0	9979.0
960	3893.3333333333335	0.0	400.0	10640.0
970	3992.6666666666665	0.0	319.0	8697.0
980	3849.3333333333335	0.0	632.0	10695.0
990	3848.5	0.0	472.0	9806.0
1000	3815.5	0.0	557.0	9217.0
