0	1463.0	0.0	0.0	0.0
10	1403.3333333333333	51.0	308.0	7921.0
20	1521.5	47.0	237.0	6433.0
30	1742.6666666666667	93.0	477.0	7483.0
40	1540.6666666666667	53.0	342.0	5451.0
50	1457.0	39.0	190.0	6129.0
60	1521.0	169.0	509.0	7140.0
70	1390.3333333333333	2.0	197.0	4834.0
80	1592.6666666666667	3.0	97.0	5614.0
90	1385.0	73.0	507.0	6467.0
100	1640.0	66.0	344.0	7107.0
110	1449.3333333333333	198.0	586.0	8753.0
120	1273.6666666666667	94.0	431.0	7166.0
130	1364.6666666666667	112.0	246.0	5955.0
140	1338.6666666666667	0.0	0.0	6035.0
150	1302.6666666666667	0.0	0.0	6308.0
160	1297.1666666666667	0.0	0.0	5797.0
170	1430.3333333333333	0.0	0.0	6597.0
180	1292.6666666666667	0.0	0.0	6489.0
190	1096.0	0.0	0.0	7469.0
200	1129.3333333333333	0.0	0.0	8298.0
210	1300.0	0.0	0.0	5552.0
220	1317.6666666666667	0.0	0.0	6141.0
230	1284.3333333333333	0.0	0.0	5211.0
240	1203.0	0.0	0.0	6219.0
250	1344.0	0.0	0.0	6676.0
260	1350.3333333333333	0.0	0.0	4985.0
270	1400.0	0.0	0.0	6267.0
280	1424.6666666666667	0.0	0.0	4530.0
290	1221.6666666666667	0.0	0.0	6564.0
300	1306.0	0.0	0.0	5514.0
310	1327.6666666666667	0.0	0.0	5833.0
320	1284.6666666666667	0.0	0.0	6494.0
330	1200.0	0.0	0.0	6122.0
340	1348.6666666666667	0.0	0.0	6244.0
350	1163.0	0.0	0.0	6437.0
360	1443.0	0.0	0.0	6771.0
370	1230.0	0.0	0.0	3333.0
380	1455.3333333333333	0.0	0.0	4582.0
390	1223.6666666666667	0.0	0.0	5639.0
400	1296.6666666666667	0.0	0.0	5773.0
410	1176.0	0.0	0.0	5352.0
420	1337.0	0.0	0.0	3875.0
430	1251.0	0.0	0.0	4503.0
440	1326.0	0.0	0.0	5131.0
450	1219.6666666666667	0.0	0.0	6149.0
460	1188.6666666666667	0.0	0.0	5509.0
470	1314.3333333333333	0.0	0.0	7011.0
480	1241.3333333333333	0.0	0.0	6580.0
490	1320.6666666666667	0.0	0.0	5398.0
500	1313.6666666666667	0.0	0.0	3866.0
510	1297.3333333333333	0.0	0.0	5105.0
520	1345.6666666666667	0.0	0.0	6442.0
530	1386.6666666666667	0.0	0.0	6484.0
540	1289.3333333333333	0.0	0.0	7117.0
550	1311.0	0.0	0.0	7423.0
560	1244.6666666666667	0.0	0.0	6774.0
570	1240.6666666666667	0.0	0.0	7450.0
580	1357.0	0.0	0.0	5952.0
590	1403.6666666666667	0.0	0.0	5313.0
600	1358.0	0.0	0.0	5831.0
610	1239.6666666666667	0.0	0.0	5158.0
620	1348.3333333333333	0.0	0.0	6374.0
630	1217.6666666666667	0.0	0.0	4924.0
640	1230.6666666666667	0.0	0.0	5257.0
650	1246.6666666666667	0.0	0.0	4798.0
660	1185.3333333333333	0.0	0.0	4190.0
670	1140.6666666666667	0.0	0.0	5479.0
680	1357.0	0.0	0.0	5870.0
690	1364.0	0.0	0.0	6233.0
700	1143.0	0.0	0.0	4621.0
710	1367.6666666666667	0.0	0.0	5233.0
720	1229.6666666666667	0.0	0.0	5035.0
730	1316.6666666666667	0.0	0.0	4613.0
740	1235.6666666666667	0.0	0.0	5380.0
750	1019.6666666666666	0.0	0.0	5746.0
760	1123.3333333333333	0.0	0.0	4348.0
770	1255.0	0.0	0.0	5043.0
780	1153.6666666666667	0.0	0.0	4770.0
790	1095.3333333333333	0.0	0.0	4747.0
800	1215.0	0.0	0.0	6194.0
810	1364.3333333333333	0.0	0.0	7041.0
820	1203.3333333333333	0.0	0.0	6119.0
830	1275.6666666666667	0.0	0.0	5175.0
840	1255.0	0.0	0.0	4384.0
850	1132.6666666666667	0.0	0.0	4575.0
860	1343.0	0.0	0.0	4746.0
870	1141.3333333333333	0.0	0.0	4145.0
880	1172.0	0.0	0.0	4631.0
890	1306.6666666666667	0.0	0.0	5044.0
900	1253.0	0.0	0.0	5317.0
910	1185.0	0.0	0.0	5652.0
920	1181.3333333333333	0.0	0.0	4592.0
930	1321.3333333333333	0.0	0.0	4949.0
940	1123.6666666666667	0.0	0.0	5006.0
950	1207.6666666666667	0.0	0.0	5182.0
960	1204.3333333333333	0.0	0.0	4297.0
970	1033.6666666666667	0.0	0.0	4840.0
980	1254.3333333333333	0.0	0.0	3951.0
990	1058.0	0.0	0.0	5283.0
1000	1203.3333333333333	0.0	0.0	4943.0
