0	2202.4888888888886	0.0	0.0	0.0
10	2241.855555555556	510.03333333333336	2108.9333333333334	9083.433333333332
20	2295.4055555555556	363.3666666666667	1456.6	9007.6
30	2338.4333333333334	104.63333333333334	396.96666666666664	9118.233333333334
40	2351.733333333333	20.6	70.36666666666666	8717.133333333333
50	2406.4888888888886	1.3666666666666667	15.4	9405.133333333333
60	2437.138888888889	0.0	0.0	8947.566666666668
70	2474.0444444444443	0.0	0.0	9317.633333333333
80	2472.861111111111	0.0	0.0	8930.7
90	2459.1444444444437	0.0	0.0	8862.866666666667
100	2474.6611111111106	0.0	0.0	8336.466666666667
110	2531.9555555555553	0.0	0.0	8404.866666666667
120	2497.25	0.0	0.0	8950.066666666668
130	2483.3833333333328	0.0	0.0	8445.366666666667
140	2499.7	0.0	0.0	8910.233333333334
150	2484.3111111111116	0.0	0.0	9126.466666666667
160	2517.3500000000004	0.0	0.0	8809.3
170	2524.972222222222	0.0	0.0	8418.566666666668
180	2540.6666666666665	0.0	0.0	9011.4
190	2595.061111111111	0.0	0.0	9236.966666666667
200	2544.411111111111	0.0	0.0	8917.6
210	2531.616666666667	0.0	0.0	8570.566666666668
220	2565.9444444444443	0.0	0.0	9548.2
230	2686.188888888889	0.0	0.0	8932.166666666666
240	2646.1055555555554	0.0	0.0	8824.3
250	2620.9666666666667	0.0	0.0	8809.1
260	2748.005555555555	0.0	0.0	8752.733333333334
270	2738.4833333333327	0.0	0.0	9242.2
280	2774.8277777777776	0.0	0.0	8676.1
290	2934.2500000000005	0.0	0.0	8866.233333333334
300	2929.616666666667	0.0	0.0	9054.833333333334
310	2925.7055555555553	0.0	0.0	9693.8
320	2956.8111111111116	0.0	0.0	9199.233333333334
330	2987.0222222222214	0.0	0.0	8780.0
340	3059.572222222222	0.0	0.0	9791.5
350	3156.2777777777787	0.0	0.0	9297.633333333333
360	3044.6166666666663	0.0	0.0	10054.233333333334
370	3119.944444444445	0.0	0.0	10231.766666666666
380	3174.361111111111	0.0	0.0	9256.5
390	3288.055555555556	0.0	0.0	9578.6
400	3391.3333333333326	0.0	0.0	9807.5
410	3354.255555555556	0.0	0.0	10020.366666666667
420	3291.011111111111	0.0	0.0	10055.6
430	3274.138888888889	0.0	0.0	9590.466666666667
440	3435.116666666667	0.0	0.0	10510.533333333333
450	3354.7	0.0	0.0	9977.7
460	3412.3833333333337	0.0	0.0	9830.666666666666
470	3385.755555555555	0.0	0.0	10037.766666666666
480	3441.916666666666	0.0	0.0	10207.066666666668
490	3469.011111111111	0.0	0.0	9952.033333333333
500	3411.461111111111	0.0	0.0	10030.833333333334
510	3426.033333333334	0.0	0.0	10331.2
520	3498.8277777777776	0.0	0.0	10468.9
530	3525.4666666666662	0.0	0.0	10512.733333333334
540	3460.2944444444443	0.0	0.0	10108.566666666668
550	3496.777777777778	0.0	0.0	10664.133333333333
560	3574.011111111112	0.0	0.0	10198.5
570	3555.4444444444443	0.0	0.0	9750.166666666666
580	3589.988888888889	0.0	0.0	10578.1
590	3602.1333333333337	0.0	0.0	10748.033333333333
600	3550.9055555555547	0.0	0.0	10633.1
610	3561.611111111111	0.0	0.0	10458.8
620	3643.438888888889	0.0	0.0	10766.6
630	3605.9888888888886	0.0	0.0	10490.9
640	3540.2833333333333	0.0	0.0	9864.066666666668
650	3640.327777777777	0.0	0.0	10146.433333333332
660	3657.5666666666666	0.0	0.0	10094.433333333332
670	3718.9444444444453	0.0	0.0	10491.266666666666
680	3661.0000000000005	0.0	0.0	10461.166666666666
690	3706.2166666666676	0.0	0.0	10471.166666666666
700	3684.3500000000004	0.0	0.0	10374.6
710	3648.9388888888893	0.0	0.0	10343.0
720	3686.272222222222	0.0	0.0	10593.266666666666
730	3655.6055555555563	0.0	0.0	10642.266666666666
740	3722.3611111111113	0.0	0.0	10090.9
750	3722.255555555555	0.0	0.0	10574.6
760	3687.300000000001	0.0	0.0	10478.133333333333
770	3751.9	0.0	0.0	10672.266666666666
780	3717.6444444444446	0.0	0.0	10760.3
790	3736.9333333333334	0.0	0.0	10301.366666666667
800	3783.9388888888884	0.0	0.0	9937.166666666666
