0	2245.0	0.0	0.0	0.0
10	2163.6666666666665	633.0	2246.0	9081.0
20	2328.8333333333335	367.0	1298.0	8757.0
30	2344.5	0.0	0.0	9444.0
40	2237.8333333333335	0.0	0.0	7517.0
50	2605.8333333333335	0.0	0.0	9189.0
60	2455.8333333333335	0.0	0.0	6822.0
70	2323.6666666666665	0.0	0.0	8939.0
80	2588.1666666666665	0.0	0.0	6630.0
90	2561.3333333333335	0.0	0.0	10313.0
100	2370.0	0.0	0.0	9755.0
110	2240.8333333333335	0.0	0.0	6199.0
120	1967.1666666666667	0.0	0.0	8838.0
130	2272.1666666666665	0.0	0.0	7542.0
140	2410.1666666666665	0.0	0.0	6322.0
150	2662.3333333333335	0.0	0.0	8594.0
160	2581.5	0.0	0.0	9943.0
170	2237.6666666666665	0.0	0.0	7045.0
180	2319.8333333333335	0.0	0.0	5749.0
190	2406.0	0.0	0.0	10776.0
200	2435.6666666666665	0.0	0.0	8490.0
210	2563.6666666666665	0.0	0.0	8855.0
220	2410.5	0.0	0.0	8863.0
230	2658.6666666666665	0.0	0.0	7935.0
240	2236.8333333333335	0.0	0.0	10658.0
250	2353.5	0.0	0.0	8702.0
260	2359.1666666666665	0.0	0.0	9752.0
270	2692.0	0.0	0.0	8393.0
280	2670.8333333333335	0.0	0.0	5324.0
290	2853.0	0.0	0.0	6798.0
300	2798.5	0.0	0.0	8181.0
310	2692.6666666666665	0.0	0.0	12762.0
320	2808.3333333333335	0.0	0.0	7574.0
330	2644.8333333333335	0.0	0.0	10071.0
340	2970.1666666666665	0.0	0.0	11069.0
350	2721.8333333333335	0.0	0.0	10497.0
360	2521.1666666666665	0.0	0.0	9696.0
370	2690.6666666666665	0.0	0.0	9741.0
380	2534.3333333333335	0.0	0.0	9018.0
390	2901.0	0.0	0.0	8042.0
400	2808.0	0.0	0.0	6784.0
410	3052.8333333333335	0.0	0.0	10659.0
420	3462.3333333333335	0.0	0.0	7255.0
430	3017.6666666666665	0.0	0.0	11647.0
440	3432.5	0.0	0.0	7305.0
450	2875.0	0.0	0.0	8638.0
460	3115.1666666666665	0.0	0.0	9407.0
470	2757.3333333333335	0.0	0.0	13381.0
480	3559.8333333333335	0.0	0.0	9142.0
490	2904.6666666666665	0.0	0.0	9121.0
500	3138.8333333333335	0.0	0.0	6473.0
510	3458.1666666666665	0.0	0.0	11767.0
520	3164.6666666666665	0.0	0.0	7519.0
530	3020.6666666666665	0.0	0.0	9385.0
540	3480.3333333333335	0.0	0.0	9346.0
550	3396.6666666666665	0.0	0.0	10007.0
560	3700.6666666666665	0.0	0.0	10337.0
570	3300.5	0.0	0.0	9372.0
580	3715.8333333333335	0.0	0.0	10455.0
590	3414.5	0.0	0.0	11352.0
600	3430.5	0.0	0.0	10067.0
610	2829.6666666666665	0.0	0.0	9055.0
620	3574.0	0.0	0.0	8373.0
630	3538.0	0.0	0.0	11210.0
640	3396.3333333333335	0.0	0.0	8500.0
650	3910.3333333333335	0.0	0.0	10173.0
660	3590.5	0.0	0.0	11122.0
670	4000.6666666666665	0.0	0.0	8050.0
680	3521.3333333333335	0.0	0.0	10276.0
690	3571.3333333333335	0.0	0.0	9381.0
700	3537.0	0.0	0.0	10746.0
710	3224.6666666666665	0.0	0.0	11288.0
720	3635.3333333333335	0.0	0.0	10174.0
730	3860.1666666666665	0.0	0.0	12619.0
740	4194.0	0.0	0.0	8567.0
750	3820.3333333333335	0.0	0.0	9192.0
760	3551.8333333333335	0.0	0.0	9891.0
770	3662.8333333333335	0.0	0.0	12447.0
780	3479.5	0.0	0.0	9500.0
790	3245.5	0.0	0.0	11075.0
800	3717.6666666666665	0.0	0.0	9495.0
