0	989.8333333333334	0.0	0.0	0.0
10	947.6666666666666	106.0	8326.0	8326.0
20	962.6666666666666	102.0	7556.0	7556.0
30	1293.0	77.0	5671.0	5671.0
40	1237.6666666666667	94.0	8961.0	8961.0
50	1183.1666666666667	76.0	6002.0	6002.0
60	1573.8333333333333	93.0	8929.0	8929.0
70	2388.6666666666665	93.0	9020.0	9020.0
80	2089.3333333333335	96.0	8745.0	8745.0
90	2023.0	82.0	9006.0	9006.0
100	2499.6666666666665	73.0	7317.0	7317.0
110	2624.5	78.0	7927.0	7927.0
120	2712.6666666666665	30.0	3508.0	8677.0
130	2464.8333333333335	0.0	0.0	8571.0
140	2390.3333333333335	0.0	0.0	8024.0
150	2364.0	0.0	0.0	11147.0
160	2640.3333333333335	0.0	0.0	8993.0
170	2459.6666666666665	0.0	0.0	9520.0
180	2695.3333333333335	0.0	0.0	9792.0
190	1875.6666666666667	0.0	0.0	8058.0
200	1726.6666666666667	0.0	0.0	7602.0
210	1783.3333333333333	0.0	0.0	10269.0
220	2122.0	0.0	0.0	8342.0
230	2085.0	0.0	0.0	7822.0
240	1981.0	0.0	0.0	5853.0
250	1685.6666666666667	0.0	0.0	10295.0
260	1977.6666666666667	0.0	0.0	12945.0
270	2031.6666666666667	0.0	0.0	10578.0
280	1843.3333333333333	0.0	0.0	7360.0
290	1946.0	0.0	0.0	9229.0
300	1701.5	0.0	0.0	10434.0
310	2099.6666666666665	0.0	0.0	9311.0
320	2189.6666666666665	0.0	0.0	9583.0
330	1784.0	0.0	0.0	9871.0
340	1728.6666666666667	0.0	0.0	9208.0
350	2128.0	0.0	0.0	8350.0
360	1835.3333333333333	0.0	0.0	7730.0
370	2330.6666666666665	0.0	0.0	7061.0
380	2346.3333333333335	0.0	0.0	9431.0
390	2560.0	0.0	0.0	9243.0
400	2404.0	0.0	0.0	9970.0
410	2570.8333333333335	0.0	0.0	8744.0
420	2271.6666666666665	0.0	0.0	11003.0
430	2417.6666666666665	0.0	0.0	8020.0
440	2328.6666666666665	0.0	0.0	8652.0
450	2395.6666666666665	0.0	0.0	6796.0
460	2194.6666666666665	0.0	0.0	7689.0
470	2542.3333333333335	0.0	0.0	9712.0
480	2337.0	0.0	0.0	8440.0
490	2423.0	0.0	0.0	8186.0
500	2627.0	0.0	0.0	9125.0
510	2347.0	0.0	0.0	9696.0
520	1840.0	0.0	0.0	8730.0
530	2208.0	0.0	0.0	9221.0
540	2396.6666666666665	0.0	0.0	10934.0
550	2533.5	0.0	0.0	8831.0
560	2580.1666666666665	0.0	0.0	8973.0
570	2678.3333333333335	0.0	0.0	8747.0
580	2512.6666666666665	0.0	0.0	7895.0
590	2423.3333333333335	0.0	0.0	7104.0
600	2417.8333333333335	0.0	0.0	8388.0
610	2483.8333333333335	0.0	0.0	10275.0
620	2456.3333333333335	0.0	0.0	8795.0
630	2509.0	0.0	0.0	9160.0
640	2309.6666666666665	0.0	0.0	9435.0
650	2437.3333333333335	0.0	0.0	8528.0
660	2545.1666666666665	0.0	0.0	11282.0
670	2423.6666666666665	0.0	0.0	7350.0
680	1755.3333333333333	0.0	0.0	8834.0
690	2478.6666666666665	0.0	0.0	8714.0
700	2229.8333333333335	0.0	0.0	8329.0
710	1925.6666666666667	0.0	0.0	10842.0
720	2483.3333333333335	0.0	0.0	11336.0
730	2387.5	0.0	0.0	9009.0
740	1920.6666666666667	0.0	0.0	9850.0
750	2384.3333333333335	0.0	0.0	8711.0
760	2246.0	0.0	0.0	13071.0
770	2286.6666666666665	0.0	0.0	9460.0
780	2372.0	0.0	0.0	7317.0
790	1780.5	0.0	0.0	8940.0
800	1761.6666666666667	0.0	0.0	7279.0
810	1822.8333333333333	0.0	0.0	7805.0
820	2050.6666666666665	0.0	0.0	9005.0
830	2566.3333333333335	0.0	0.0	10887.0
840	2389.3333333333335	0.0	0.0	8601.0
850	2339.3333333333335	0.0	0.0	7615.0
860	2645.0	0.0	0.0	8432.0
870	2211.0	0.0	0.0	8404.0
880	2469.1666666666665	0.0	0.0	10759.0
890	2334.6666666666665	0.0	0.0	6556.0
900	2638.3333333333335	0.0	0.0	8196.0
910	2333.6666666666665	0.0	0.0	8564.0
920	2463.8333333333335	0.0	0.0	7465.0
930	2434.6666666666665	0.0	0.0	8717.0
940	2047.5	0.0	0.0	9464.0
950	1635.3333333333333	0.0	0.0	9996.0
960	1942.8333333333333	0.0	0.0	9185.0
970	1756.6666666666667	0.0	0.0	8171.0
980	1580.6666666666667	0.0	0.0	8530.0
990	1673.1666666666667	0.0	0.0	8502.0
1000	1941.6666666666667	0.0	0.0	9267.0
