0	607.0	0.0	0.0	0.0
10	882.0	125.0	7913.0	7913.0
20	1391.0	175.0	11399.0	11399.0
30	2140.5	106.0	6517.0	6517.0
40	1714.1666666666667	202.0	8029.0	8029.0
50	2316.3333333333335	241.0	9760.0	9760.0
60	1786.6666666666667	106.0	7582.0	7582.0
70	1833.8333333333333	45.0	3147.0	7970.0
80	2088.0	0.0	0.0	7476.0
90	2189.0	0.0	0.0	10206.0
100	2227.6666666666665	0.0	0.0	7575.0
110	2826.6666666666665	0.0	0.0	6685.0
120	2104.0	0.0	0.0	9423.0
130	2367.1666666666665	0.0	0.0	7613.0
140	2470.1666666666665	0.0	0.0	7340.0
150	2251.0	0.0	0.0	8253.0
160	2391.6666666666665	0.0	0.0	7578.0
170	2258.3333333333335	0.0	0.0	8787.0
180	2264.3333333333335	0.0	0.0	8343.0
190	2527.3333333333335	0.0	0.0	10252.0
200	2369.1666666666665	0.0	0.0	10806.0
210	2340.6666666666665	0.0	0.0	9062.0
220	2443.8333333333335	0.0	0.0	7076.0
230	2439.6666666666665	0.0	0.0	9232.0
240	2563.0	0.0	0.0	9425.0
250	2384.6666666666665	0.0	0.0	8191.0
260	2089.6666666666665	0.0	0.0	7191.0
270	1666.6666666666667	0.0	0.0	8015.0
280	2392.6666666666665	0.0	0.0	8474.0
290	2483.8333333333335	0.0	0.0	7808.0
300	2052.0	0.0	0.0	5734.0
310	1892.0	0.0	0.0	7490.0
320	1899.0	0.0	0.0	6385.0
330	2461.1666666666665	0.0	0.0	8474.0
340	1864.8333333333333	0.0	0.0	9029.0
350	2226.6666666666665	0.0	0.0	8668.0
360	2167.1666666666665	0.0	0.0	9239.0
370	1850.5	0.0	0.0	7560.0
380	1890.6666666666667	0.0	0.0	8401.0
390	1426.6666666666667	0.0	0.0	7250.0
400	2490.0	0.0	0.0	8324.0
410	2430.3333333333335	0.0	0.0	8604.0
420	2427.3333333333335	0.0	0.0	8003.0
430	2089.3333333333335	0.0	0.0	8885.0
440	2447.6666666666665	0.0	0.0	8043.0
450	2730.3333333333335	0.0	0.0	8540.0
460	2519.3333333333335	0.0	0.0	9238.0
470	2173.6666666666665	0.0	0.0	9421.0
480	2019.6666666666667	0.0	0.0	11034.0
490	2276.1666666666665	0.0	0.0	10158.0
500	2081.0	0.0	0.0	8666.0
510	1569.6666666666667	0.0	0.0	8344.0
520	1963.0	0.0	0.0	6202.0
530	2565.1666666666665	0.0	0.0	7447.0
540	1730.0	0.0	0.0	8351.0
550	1916.6666666666667	0.0	0.0	8707.0
560	2021.6666666666667	0.0	0.0	11001.0
570	1570.0	0.0	0.0	8705.0
580	2537.6666666666665	0.0	0.0	9162.0
590	2210.6666666666665	0.0	0.0	8690.0
600	2438.6666666666665	0.0	0.0	10372.0
610	2337.0	0.0	0.0	10731.0
620	2336.6666666666665	0.0	0.0	8492.0
630	2541.0	0.0	0.0	9442.0
640	2269.0	0.0	0.0	7461.0
650	2180.0	0.0	0.0	10257.0
660	2728.3333333333335	0.0	0.0	9580.0
670	2633.1666666666665	0.0	0.0	8812.0
680	2452.3333333333335	0.0	0.0	7620.0
690	2510.8333333333335	0.0	0.0	8522.0
700	2570.6666666666665	0.0	0.0	7916.0
710	2398.5	0.0	0.0	7811.0
720	2291.6666666666665	0.0	0.0	9836.0
730	2775.3333333333335	0.0	0.0	10015.0
740	2283.3333333333335	0.0	0.0	7703.0
750	2106.0	0.0	0.0	8768.0
760	1944.6666666666667	0.0	0.0	8916.0
770	1782.5	0.0	0.0	8631.0
780	2106.6666666666665	0.0	0.0	8777.0
790	2032.6666666666667	0.0	0.0	9153.0
800	2250.0	0.0	0.0	8894.0
810	2046.3333333333333	0.0	0.0	9210.0
820	1996.0	0.0	0.0	8389.0
830	1783.3333333333333	0.0	0.0	9701.0
840	1676.3333333333333	0.0	0.0	9668.0
850	1925.0	0.0	0.0	9369.0
860	2347.1666666666665	0.0	0.0	9682.0
870	2341.6666666666665	0.0	0.0	7557.0
880	1600.0	0.0	0.0	8434.0
890	1881.5	0.0	0.0	8001.0
900	2130.0	0.0	0.0	8821.0
910	1783.8333333333333	0.0	0.0	7894.0
920	2280.3333333333335	0.0	0.0	7328.0
930	1936.3333333333333	0.0	0.0	8607.0
940	2114.8333333333335	0.0	0.0	9436.0
950	2046.0	0.0	0.0	10595.0
960	2525.1666666666665	0.0	0.0	9242.0
970	2546.3333333333335	0.0	0.0	9846.0
980	2318.6666666666665	0.0	0.0	9011.0
990	2475.3333333333335	0.0	0.0	8912.0
1000	2475.6666666666665	0.0	0.0	7275.0
