0	2578.8333333333335	0.0	0.0	0.0
10	2834.0	1000.0	1000.0	9086.0
20	2815.8333333333335	0.0	0.0	7397.0
30	3070.6666666666665	0.0	0.0	5918.0
40	2589.6666666666665	0.0	0.0	6677.0
50	3001.1666666666665	0.0	0.0	7650.0
60	2940.5	0.0	0.0	10385.0
70	2972.1666666666665	0.0	0.0	8036.0
80	2740.6666666666665	0.0	0.0	8556.0
90	2886.3333333333335	0.0	0.0	9156.0
100	2505.3333333333335	0.0	0.0	11703.0
110	3012.8333333333335	0.0	0.0	7206.0
120	3107.5	0.0	0.0	9391.0
130	3228.3333333333335	0.0	0.0	4129.0
140	3138.6666666666665	0.0	0.0	8746.0
150	2989.5	0.0	0.0	12121.0
160	3046.6666666666665	0.0	0.0	10313.0
170	3141.6666666666665	0.0	0.0	6556.0
180	3154.8333333333335	0.0	0.0	9542.0
190	2342.5	0.0	0.0	9142.0
200	3646.3333333333335	0.0	0.0	9512.0
210	3201.8333333333335	0.0	0.0	12403.0
220	3183.1666666666665	0.0	0.0	9719.0
230	3330.8333333333335	0.0	0.0	9719.0
240	3661.6666666666665	0.0	0.0	12255.0
250	3472.3333333333335	0.0	0.0	8473.0
260	3533.0	0.0	0.0	8377.0
270	3719.8333333333335	0.0	0.0	9943.0
280	3379.8333333333335	0.0	0.0	11372.0
290	3072.1666666666665	0.0	0.0	9620.0
300	3455.5	0.0	0.0	9537.0
310	3461.5	0.0	0.0	10039.0
320	3418.3333333333335	0.0	0.0	11446.0
330	3415.5	0.0	0.0	9269.0
340	3430.3333333333335	0.0	0.0	8828.0
350	3597.0	0.0	0.0	8633.0
360	3803.1666666666665	0.0	0.0	8494.0
370	3643.3333333333335	0.0	0.0	13840.0
380	3643.6666666666665	0.0	0.0	8319.0
390	3498.3333333333335	0.0	0.0	11093.0
400	3978.1666666666665	0.0	0.0	11631.0
410	3701.1666666666665	0.0	0.0	9273.0
420	3733.3333333333335	0.0	0.0	10485.0
430	4067.8333333333335	0.0	0.0	9978.0
440	3705.5	0.0	0.0	10268.0
450	3591.8333333333335	0.0	0.0	11142.0
460	3930.6666666666665	0.0	0.0	9296.0
470	3569.8333333333335	0.0	0.0	11215.0
480	3534.0	0.0	0.0	12601.0
490	3627.8333333333335	0.0	0.0	8750.0
500	3582.5	0.0	0.0	9553.0
510	3792.1666666666665	0.0	0.0	10877.0
520	3849.5	0.0	0.0	12476.0
530	3460.0	0.0	0.0	9865.0
540	3716.0	0.0	0.0	13190.0
550	3656.5	0.0	0.0	13107.0
560	3979.1666666666665	0.0	0.0	7281.0
570	3752.6666666666665	0.0	0.0	9869.0
580	3941.1666666666665	0.0	0.0	12402.0
590	3694.8333333333335	0.0	0.0	8700.0
600	3784.1666666666665	0.0	0.0	9293.0
