0	2608.3333333333335	0.0	0.0	0.0
10	2903.3333333333335	1000.0	1000.0	8524.0
20	2638.6666666666665	0.0	0.0	5630.0
30	2777.0	0.0	0.0	7298.0
40	2400.1666666666665	0.0	0.0	6728.0
50	3184.3333333333335	0.0	0.0	6954.0
60	3236.0	0.0	0.0	7842.0
70	3226.3333333333335	0.0	0.0	7521.0
80	2736.3333333333335	0.0	0.0	9722.0
90	3064.5	0.0	0.0	7836.0
100	2783.5	0.0	0.0	7927.0
110	2717.5	0.0	0.0	9287.0
120	2954.6666666666665	0.0	0.0	8350.0
130	2886.5	0.0	0.0	7919.0
140	2739.5	0.0	0.0	9441.0
150	3139.5	0.0	0.0	9422.0
160	2975.6666666666665	0.0	0.0	6629.0
170	2913.5	0.0	0.0	9123.0
180	3133.1666666666665	0.0	0.0	10474.0
190	3264.1666666666665	0.0	0.0	10941.0
200	3127.8333333333335	0.0	0.0	11485.0
210	3088.3333333333335	0.0	0.0	11873.0
220	3283.0	0.0	0.0	9212.0
230	3498.5	0.0	0.0	14640.0
240	3957.6666666666665	0.0	0.0	7978.0
250	3558.3333333333335	0.0	0.0	9494.0
260	3685.5	0.0	0.0	6687.0
270	3477.3333333333335	0.0	0.0	8872.0
280	3264.6666666666665	0.0	0.0	10953.0
290	3351.6666666666665	0.0	0.0	11283.0
300	3880.5	0.0	0.0	11541.0
310	3168.8333333333335	0.0	0.0	8441.0
320	3202.5	0.0	0.0	11227.0
330	3912.8333333333335	0.0	0.0	10406.0
340	3711.3333333333335	0.0	0.0	9900.0
350	3561.0	0.0	0.0	10025.0
360	3781.6666666666665	0.0	0.0	10958.0
370	3819.8333333333335	0.0	0.0	11556.0
380	3694.5	0.0	0.0	7679.0
390	3409.0	0.0	0.0	14764.0
400	3343.6666666666665	0.0	0.0	10199.0
410	3892.6666666666665	0.0	0.0	8939.0
420	4051.3333333333335	0.0	0.0	11868.0
430	3556.6666666666665	0.0	0.0	11789.0
440	3453.5	0.0	0.0	9439.0
450	3488.0	0.0	0.0	7005.0
460	3737.3333333333335	0.0	0.0	9584.0
470	3805.5	0.0	0.0	11997.0
480	3730.0	0.0	0.0	8586.0
490	3528.0	0.0	0.0	10624.0
500	3086.8333333333335	0.0	0.0	9604.0
510	3338.6666666666665	0.0	0.0	11462.0
520	4058.6666666666665	0.0	0.0	10562.0
530	3915.5	0.0	0.0	10487.0
540	3574.6666666666665	0.0	0.0	10763.0
550	3636.3333333333335	0.0	0.0	10809.0
560	3862.0	0.0	0.0	9093.0
570	3545.0	0.0	0.0	13099.0
580	3579.8333333333335	0.0	0.0	8336.0
590	3748.8333333333335	0.0	0.0	10919.0
600	3767.8333333333335	0.0	0.0	9550.0
