0	2883.8333333333335	0.0	0.0	0.0
10	2511.3333333333335	1000.0	1000.0	12160.0
20	2369.3333333333335	0.0	0.0	7412.0
30	2657.6666666666665	0.0	0.0	9512.0
40	3004.5	0.0	0.0	7668.0
50	3367.6666666666665	0.0	0.0	9070.0
60	3208.6666666666665	0.0	0.0	9230.0
70	3530.0	0.0	0.0	8827.0
80	3087.5	0.0	0.0	7817.0
90	3321.1666666666665	0.0	0.0	9348.0
100	2744.8333333333335	0.0	0.0	9032.0
110	3440.3333333333335	0.0	0.0	6263.0
120	3510.8333333333335	0.0	0.0	11391.0
130	3182.8333333333335	0.0	0.0	10474.0
140	2760.3333333333335	0.0	0.0	10565.0
150	2627.6666666666665	0.0	0.0	10071.0
160	2840.3333333333335	0.0	0.0	9723.0
170	3330.0	0.0	0.0	11507.0
180	3728.5	0.0	0.0	7855.0
190	3428.6666666666665	0.0	0.0	9497.0
200	3669.3333333333335	0.0	0.0	10399.0
210	3647.3333333333335	0.0	0.0	8234.0
220	2989.1666666666665	0.0	0.0	9275.0
230	3193.8333333333335	0.0	0.0	10772.0
240	3703.5	0.0	0.0	7006.0
250	3325.5	0.0	0.0	11167.0
260	3237.5	0.0	0.0	13291.0
270	3144.6666666666665	0.0	0.0	13146.0
280	4013.1666666666665	0.0	0.0	11082.0
290	3764.6666666666665	0.0	0.0	9756.0
300	3871.5	0.0	0.0	10912.0
310	3523.1666666666665	0.0	0.0	13204.0
320	4047.0	0.0	0.0	12002.0
330	3709.3333333333335	0.0	0.0	11742.0
340	4033.0	0.0	0.0	9575.0
350	3692.3333333333335	0.0	0.0	12489.0
360	3483.6666666666665	0.0	0.0	7658.0
370	3959.1666666666665	0.0	0.0	14361.0
380	3703.0	0.0	0.0	12383.0
390	3592.0	0.0	0.0	9992.0
400	3467.0	0.0	0.0	7872.0
410	3777.5	0.0	0.0	11830.0
420	3813.5	0.0	0.0	9690.0
430	3309.8333333333335	0.0	0.0	9342.0
440	3487.3333333333335	0.0	0.0	9261.0
450	3610.3333333333335	0.0	0.0	9259.0
460	3340.3333333333335	0.0	0.0	12241.0
470	3207.5	0.0	0.0	8742.0
480	3681.3333333333335	0.0	0.0	9245.0
490	3777.5	0.0	0.0	8665.0
500	3358.8333333333335	0.0	0.0	10519.0
510	3819.6666666666665	0.0	0.0	9121.0
520	3956.3333333333335	0.0	0.0	10489.0
530	3430.0	0.0	0.0	6863.0
540	3820.8333333333335	0.0	0.0	12154.0
550	3718.6666666666665	0.0	0.0	9422.0
560	3874.8333333333335	0.0	0.0	10742.0
570	3540.8333333333335	0.0	0.0	11292.0
580	3927.5	0.0	0.0	9935.0
590	3685.8333333333335	0.0	0.0	10948.0
600	3936.8333333333335	0.0	0.0	8870.0
