0	1463.3333333333333	0.0	0.0
10	2320.8333333333335	0.0	20000.0
20	2362.3333333333335	28.0	20000.0
30	2344.0	440.0	20000.0
40	2422.3333333333335	532.0	20000.0
50	2444.0	0.0	20000.0
60	2512.6666666666665	0.0	20000.0
70	2677.1666666666665	0.0	20000.0
80	2735.6666666666665	0.0	20000.0
90	2773.8333333333335	0.0	20000.0
100	2952.8333333333335	0.0	19703.0
110	2997.3333333333335	0.0	19525.0
120	2939.6666666666665	0.0	18903.0
130	3015.6666666666665	0.0	19924.0
140	3029.3333333333335	0.0	19593.0
150	3083.3333333333335	0.0	19709.0
160	3148.3333333333335	0.0	19597.0
170	3214.3333333333335	0.0	19543.0
180	3336.1666666666665	0.0	19796.0
190	3151.6666666666665	0.0	19946.0
200	3438.6666666666665	0.0	18870.0
210	2958.0	0.0	19354.0
220	2863.8333333333335	0.0	19523.0
230	2821.1666666666665	0.0	18759.0
240	3229.3333333333335	0.0	19058.0
250	2839.8333333333335	0.0	19934.0
260	3272.6666666666665	0.0	19465.0
270	3387.1666666666665	0.0	19301.0
280	3418.1666666666665	0.0	19047.0
290	3442.8333333333335	0.0	18995.0
300	3338.3333333333335	0.0	19873.0
310	3516.1666666666665	0.0	19949.0
320	3459.6666666666665	0.0	18463.0
330	3164.6666666666665	0.0	19492.0
340	3219.5	0.0	19305.0
350	2945.6666666666665	0.0	19882.0
360	3136.8333333333335	0.0	20000.0
370	3055.1666666666665	0.0	19768.0
380	3117.1666666666665	0.0	19794.0
390	3127.8333333333335	0.0	19435.0
400	3019.8333333333335	0.0	19656.0
410	2958.3333333333335	0.0	19341.0
420	3056.0	0.0	20000.0
430	3208.3333333333335	0.0	20000.0
440	2852.1666666666665	0.0	19298.0
450	3146.1666666666665	0.0	19447.0
460	3217.8333333333335	0.0	19901.0
470	3044.6666666666665	0.0	19706.0
480	3402.0	0.0	19637.0
490	3214.8333333333335	0.0	20000.0
500	3268.6666666666665	0.0	19882.0
510	3135.6666666666665	0.0	19102.0
520	3137.6666666666665	0.0	19576.0
530	3203.5	0.0	19939.0
540	3164.3333333333335	0.0	19353.0
550	3114.0	0.0	20000.0
560	3315.1666666666665	0.0	20000.0
570	3399.8333333333335	0.0	19828.0
580	3047.5	0.0	20000.0
590	3187.5	0.0	19560.0
600	3308.5	0.0	19880.0
610	3290.3333333333335	0.0	19595.0
620	3282.1666666666665	0.0	19350.0
630	3438.5	0.0	20000.0
640	3187.0	0.0	19754.0
650	3500.0	0.0	20000.0
660	3428.1666666666665	0.0	19700.0
670	3208.3333333333335	0.0	19948.0
680	3365.3333333333335	0.0	20000.0
690	3308.8333333333335	0.0	19514.0
700	3368.3333333333335	0.0	20000.0
710	3332.0	0.0	19954.0
720	3334.6666666666665	0.0	19445.0
730	3429.6666666666665	0.0	20000.0
740	3559.5	0.0	20000.0
750	3531.8333333333335	0.0	19323.0
760	3561.1666666666665	0.0	19860.0
770	3374.3333333333335	0.0	20000.0
780	3528.5	0.0	19778.0
790	3439.3333333333335	0.0	19902.0
800	3562.1666666666665	0.0	19770.0
810	3510.1666666666665	0.0	20000.0
820	3541.1666666666665	0.0	20000.0
830	3486.0	0.0	20000.0
840	3534.1666666666665	0.0	20000.0
850	3649.3333333333335	0.0	19427.0
860	3615.0	0.0	19727.0
870	3737.0	0.0	20000.0
880	3325.3333333333335	0.0	20000.0
890	3566.8333333333335	0.0	19261.0
900	3470.5	0.0	19038.0
910	3522.6666666666665	0.0	20000.0
920	3622.3333333333335	0.0	19993.0
930	3521.5	0.0	20000.0
940	3710.5	0.0	19914.0
950	3751.0	0.0	19611.0
960	3758.1666666666665	0.0	19708.0
970	3627.3333333333335	0.0	19947.0
980	3586.8333333333335	0.0	19593.0
990	3831.6666666666665	0.0	19670.0
1000	3712.5	0.0	19770.0
