0	1613.1666666666667	0.0	0.0	0.0
10	1606.0	193.0	478.0	8106.0
20	1960.6666666666667	294.0	989.0	9133.0
30	2194.8333333333335	460.0	2077.0	10262.0
40	1927.1666666666667	53.0	149.0	9009.0
50	2032.1666666666667	0.0	0.0	8587.0
60	2076.1666666666665	0.0	0.0	7599.0
70	2098.6666666666665	0.0	0.0	8446.0
80	2268.0	0.0	0.0	7975.0
90	2111.5	0.0	0.0	8998.0
100	2077.6666666666665	0.0	0.0	9805.0
110	2235.1666666666665	0.0	0.0	9368.0
120	2326.1666666666665	0.0	0.0	5855.0
130	2379.8333333333335	0.0	0.0	8752.0
140	1938.6666666666667	0.0	0.0	6317.0
150	2144.6666666666665	0.0	0.0	10365.0
160	2508.3333333333335	0.0	0.0	10105.0
170	2098.8333333333335	0.0	0.0	10013.0
180	2122.5	0.0	0.0	9024.0
190	2203.3333333333335	0.0	0.0	10439.0
200	2056.0	0.0	0.0	9902.0
210	2516.3333333333335	0.0	0.0	10873.0
220	2108.6666666666665	0.0	0.0	8790.0
230	2260.6666666666665	0.0	0.0	8592.0
240	2595.5	0.0	0.0	7132.0
250	2616.8333333333335	0.0	0.0	7137.0
260	2401.0	0.0	0.0	10258.0
270	2210.3333333333335	0.0	0.0	9636.0
280	2382.3333333333335	0.0	0.0	8260.0
290	2204.8333333333335	0.0	0.0	10051.0
300	2422.3333333333335	0.0	0.0	9732.0
310	2790.1666666666665	0.0	0.0	5381.0
320	2872.1666666666665	0.0	0.0	11319.0
330	3080.8333333333335	0.0	0.0	8317.0
340	3008.1666666666665	0.0	0.0	8391.0
350	2962.6666666666665	0.0	0.0	9391.0
360	2888.0	0.0	0.0	9412.0
370	3143.1666666666665	0.0	0.0	6678.0
380	3157.5	0.0	0.0	7342.0
390	3097.1666666666665	0.0	0.0	12165.0
400	3235.0	0.0	0.0	6364.0
410	3638.0	0.0	0.0	13550.0
420	3334.0	0.0	0.0	11050.0
430	3421.5	0.0	0.0	11550.0
440	3255.8333333333335	0.0	0.0	10946.0
450	3242.0	0.0	0.0	9948.0
460	3214.5	0.0	0.0	11817.0
470	3688.6666666666665	0.0	0.0	10658.0
480	3729.5	0.0	0.0	10408.0
490	3597.1666666666665	0.0	0.0	8556.0
500	3326.6666666666665	0.0	0.0	12251.0
510	2956.5	0.0	0.0	8879.0
520	3645.5	0.0	0.0	6902.0
530	3397.8333333333335	0.0	0.0	9022.0
540	3358.1666666666665	0.0	0.0	9116.0
550	3291.6666666666665	0.0	0.0	9551.0
560	3235.0	0.0	0.0	12104.0
570	3439.6666666666665	0.0	0.0	9364.0
580	3248.6666666666665	0.0	0.0	5354.0
590	3422.5	0.0	0.0	10305.0
600	3523.3333333333335	0.0	0.0	8451.0
610	3380.3333333333335	0.0	0.0	11813.0
620	3724.0	0.0	0.0	11298.0
630	3245.5	0.0	0.0	11821.0
640	3605.8333333333335	0.0	0.0	9268.0
650	3855.5	0.0	0.0	9483.0
660	3901.0	0.0	0.0	7721.0
670	3781.0	0.0	0.0	11257.0
680	3706.5	0.0	0.0	13213.0
690	3635.6666666666665	0.0	0.0	11223.0
700	3854.1666666666665	0.0	0.0	10987.0
710	3924.1666666666665	0.0	0.0	8455.0
720	3730.8333333333335	0.0	0.0	7544.0
730	3446.1666666666665	0.0	0.0	11180.0
740	3177.3333333333335	0.0	0.0	8894.0
750	3557.8333333333335	0.0	0.0	13261.0
760	3695.8333333333335	0.0	0.0	9556.0
770	3780.6666666666665	0.0	0.0	11380.0
780	3959.0	0.0	0.0	10057.0
790	3454.0	0.0	0.0	8993.0
800	3407.3333333333335	0.0	0.0	9597.0
810	3178.8333333333335	0.0	0.0	11466.0
820	3697.8333333333335	0.0	0.0	10211.0
830	3690.5	0.0	0.0	9755.0
840	3743.3333333333335	0.0	0.0	13980.0
850	4144.333333333333	0.0	0.0	12358.0
860	3832.0	0.0	0.0	12175.0
870	3686.6666666666665	0.0	0.0	8391.0
880	3902.1666666666665	0.0	0.0	11300.0
890	4014.0	0.0	0.0	10556.0
900	3917.0	0.0	0.0	11252.0
910	3626.0	0.0	0.0	12664.0
920	3958.0	0.0	0.0	9382.0
930	3624.5	0.0	0.0	11186.0
940	3770.0	0.0	0.0	10939.0
950	3956.0	0.0	0.0	12279.0
960	3856.8333333333335	0.0	0.0	11123.0
970	3836.6666666666665	0.0	0.0	11316.0
980	3628.5	0.0	0.0	11528.0
990	3770.3333333333335	0.0	0.0	11471.0
1000	3800.6666666666665	0.0	0.0	10124.0
