0	1040.1000000000001	0.0	0.0	0.0
10	1163.8611111111109	885.7333333333333	7285.066666666667	7336.6
20	1298.6888888888886	114.26666666666667	1422.3333333333333	6313.933333333333
30	1536.211111111111	0.0	0.0	6296.333333333333
40	1628.2333333333333	0.0	0.0	7299.333333333333
50	1793.5944444444442	0.0	0.0	6955.6
60	1869.0333333333333	0.0	0.0	7222.2
70	1875.822222222222	0.0	0.0	7795.866666666667
80	1866.4333333333338	0.0	0.0	7476.533333333334
90	1859.9555555555553	0.0	0.0	8328.9
100	1973.6499999999994	0.0	0.0	7715.2
110	1929.5388888888886	0.0	0.0	8013.3
120	2013.644444444444	0.0	0.0	8227.5
130	2038.7500000000002	0.0	0.0	7970.166666666667
140	2038.677777777778	0.0	0.0	7627.0
150	2040.3222222222225	0.0	0.0	7765.4
160	1998.0555555555557	0.0	0.0	8370.366666666667
170	2015.338888888889	0.0	0.0	8665.066666666668
180	2015.7055555555555	0.0	0.0	8550.533333333333
190	1944.8055555555554	0.0	0.0	8103.7
200	2019.8999999999999	0.0	0.0	8311.933333333332
210	2054.0333333333333	0.0	0.0	8274.7
220	1986.4166666666667	0.0	0.0	8226.766666666666
230	1951.1388888888891	0.0	0.0	8773.833333333334
240	2025.4888888888886	0.0	0.0	8264.6
250	1951.427777777778	0.0	0.0	8670.433333333332
260	2037.3000000000002	0.0	0.0	8709.066666666668
270	2100.1555555555556	0.0	0.0	8394.966666666667
280	2145.4277777777775	0.0	0.0	8439.833333333334
290	2029.0388888888888	0.0	0.0	8778.0
300	2155.15	0.0	0.0	8799.466666666667
310	2153.211111111111	0.0	0.0	8514.233333333334
320	2088.066666666667	0.0	0.0	8632.233333333334
330	2177.5611111111116	0.0	0.0	8889.733333333334
340	2092.9555555555553	0.0	0.0	8552.733333333334
350	2115.177777777778	0.0	0.0	8742.8
360	2209.511111111111	0.0	0.0	8761.866666666667
370	2216.15	0.0	0.0	8936.566666666668
380	2135.2999999999997	0.0	0.0	9116.766666666666
390	2187.8166666666666	0.0	0.0	9087.4
400	2112.166666666667	0.0	0.0	8878.266666666666
410	2095.2722222222224	0.0	0.0	9060.1
420	2234.0999999999995	0.0	0.0	8569.933333333332
430	2233.6	0.0	0.0	8847.6
440	2159.605555555556	0.0	0.0	8826.7
450	2091.2388888888895	0.0	0.0	8516.0
460	2156.244444444444	0.0	0.0	8726.3
470	2205.2833333333333	0.0	0.0	8908.1
480	2236.7166666666667	0.0	0.0	9028.066666666668
490	2295.3388888888885	0.0	0.0	8868.9
500	2111.616666666666	0.0	0.0	8771.633333333333
510	2232.05	0.0	0.0	9090.233333333334
520	2207.511111111111	0.0	0.0	8659.7
530	2194.5833333333335	0.0	0.0	8907.5
540	2258.7777777777783	0.0	0.0	9042.666666666666
550	2196.311111111111	0.0	0.0	8599.733333333334
560	2236.4777777777776	0.0	0.0	8964.7
570	2214.2833333333333	0.0	0.0	8862.533333333333
580	2185.388888888889	0.0	0.0	8790.766666666666
590	2250.7833333333333	0.0	0.0	8785.2
600	2222.861111111111	0.0	0.0	9104.366666666667
610	2287.0777777777776	0.0	0.0	9282.0
620	2245.6611111111115	0.0	0.0	8992.733333333334
630	2282.116666666667	0.0	0.0	9101.233333333334
640	2211.7277777777776	0.0	0.0	8854.3
650	2280.355555555555	0.0	0.0	8888.466666666667
660	2279.7055555555557	0.0	0.0	8946.933333333332
670	2261.3777777777773	0.0	0.0	9135.166666666666
680	2225.4944444444436	0.0	0.0	8544.6
690	2271.388888888889	0.0	0.0	8721.233333333334
700	2308.183333333334	0.0	0.0	8860.366666666667
710	2255.45	0.0	0.0	8879.266666666666
720	2300.3500000000004	0.0	0.0	8852.1
730	2267.833333333333	0.0	0.0	9141.133333333333
740	2231.2833333333333	0.0	0.0	8828.566666666668
750	2205.638888888889	0.0	0.0	8663.933333333332
760	2229.8666666666663	0.0	0.0	9191.766666666666
770	2251.572222222222	0.0	0.0	9466.6
780	2287.961111111111	0.0	0.0	8665.1
790	2186.1499999999996	0.0	0.0	8662.766666666666
800	2244.972222222222	0.0	0.0	9059.7
810	2296.416666666666	0.0	0.0	8904.1
820	2237.711111111111	0.0	0.0	8961.2
830	2304.1333333333328	0.0	0.0	9119.466666666667
840	2294.138888888889	0.0	0.0	8827.533333333333
850	2277.4166666666665	0.0	0.0	9082.066666666668
860	2255.3166666666666	0.0	0.0	8938.866666666667
870	2157.055555555556	0.0	0.0	9760.633333333333
880	2203.205555555556	0.0	0.0	9209.766666666666
890	2227.8444444444444	0.0	0.0	9042.0
900	2185.761111111111	0.0	0.0	8844.3
910	2327.6111111111118	0.0	0.0	9252.6
920	2282.8611111111113	0.0	0.0	9148.5
930	2214.5888888888885	0.0	0.0	8898.1
940	2168.222222222222	0.0	0.0	8801.766666666666
950	2160.2444444444445	0.0	0.0	8715.966666666667
960	2147.6166666666672	0.0	0.0	9200.533333333333
970	2199.7055555555553	0.0	0.0	9176.466666666667
980	2255.7333333333327	0.0	0.0	8773.033333333333
990	2164.2333333333336	0.0	0.0	9269.566666666668
1000	2193.327777777778	0.0	0.0	9378.5
