0	1014.3333333333334	0.0	0.0	0.0
10	1511.0	953.0	7689.0	7689.0
20	1247.3333333333333	47.0	509.0	5903.0
30	1665.6666666666667	0.0	0.0	5697.0
40	1461.3333333333333	0.0	0.0	6978.0
50	1531.6666666666667	0.0	0.0	6064.0
60	2050.6666666666665	0.0	0.0	8998.0
70	1940.6666666666667	0.0	0.0	9490.0
80	2185.5	0.0	0.0	10234.0
90	2045.3333333333333	0.0	0.0	8598.0
100	1925.6666666666667	0.0	0.0	5235.0
110	1813.6666666666667	0.0	0.0	6708.0
120	1863.1666666666667	0.0	0.0	4690.0
130	1638.3333333333333	0.0	0.0	7410.0
140	2112.3333333333335	0.0	0.0	10163.0
150	2026.8333333333333	0.0	0.0	7157.0
160	2371.6666666666665	0.0	0.0	8738.0
170	1837.3333333333333	0.0	0.0	6393.0
180	1839.3333333333333	0.0	0.0	11471.0
190	2006.1666666666667	0.0	0.0	8840.0
200	1802.0	0.0	0.0	11216.0
210	2163.0	0.0	0.0	8295.0
220	1952.6666666666667	0.0	0.0	8994.0
230	1743.1666666666667	0.0	0.0	7904.0
240	2093.8333333333335	0.0	0.0	6291.0
250	1644.3333333333333	0.0	0.0	10406.0
260	1924.0	0.0	0.0	6164.0
270	1768.0	0.0	0.0	7085.0
280	1586.0	0.0	0.0	9206.0
290	1872.1666666666667	0.0	0.0	7207.0
300	1911.0	0.0	0.0	10428.0
310	2175.0	0.0	0.0	6364.0
320	1689.0	0.0	0.0	6955.0
330	2375.3333333333335	0.0	0.0	8582.0
340	2400.3333333333335	0.0	0.0	10216.0
350	2260.6666666666665	0.0	0.0	9897.0
360	2228.3333333333335	0.0	0.0	7846.0
370	2337.3333333333335	0.0	0.0	8684.0
380	2108.6666666666665	0.0	0.0	11285.0
390	2741.8333333333335	0.0	0.0	8923.0
400	1938.0	0.0	0.0	9792.0
410	1928.6666666666667	0.0	0.0	7111.0
420	2137.6666666666665	0.0	0.0	8391.0
430	2097.0	0.0	0.0	9981.0
440	2167.6666666666665	0.0	0.0	7211.0
450	2209.3333333333335	0.0	0.0	10043.0
460	1967.3333333333333	0.0	0.0	10963.0
470	2544.0	0.0	0.0	10518.0
480	2403.1666666666665	0.0	0.0	10405.0
490	2312.6666666666665	0.0	0.0	9766.0
500	2307.6666666666665	0.0	0.0	5889.0
510	2558.0	0.0	0.0	8356.0
520	2167.5	0.0	0.0	8313.0
530	2346.0	0.0	0.0	8928.0
540	2171.3333333333335	0.0	0.0	8411.0
550	2373.3333333333335	0.0	0.0	8439.0
560	2310.5	0.0	0.0	9921.0
570	2235.0	0.0	0.0	7291.0
580	2513.6666666666665	0.0	0.0	7806.0
590	2294.0	0.0	0.0	7604.0
600	2512.0	0.0	0.0	8785.0
610	2563.5	0.0	0.0	8259.0
620	2050.0	0.0	0.0	11012.0
630	2486.8333333333335	0.0	0.0	8329.0
640	2413.6666666666665	0.0	0.0	7471.0
650	2324.6666666666665	0.0	0.0	8959.0
660	2500.3333333333335	0.0	0.0	8852.0
670	2698.1666666666665	0.0	0.0	9483.0
680	1803.0	0.0	0.0	9473.0
690	1794.6666666666667	0.0	0.0	10636.0
700	2404.5	0.0	0.0	9133.0
710	2562.6666666666665	0.0	0.0	10306.0
720	2109.1666666666665	0.0	0.0	7805.0
730	1866.1666666666667	0.0	0.0	6073.0
740	2078.3333333333335	0.0	0.0	11002.0
750	2034.0	0.0	0.0	10976.0
760	2092.8333333333335	0.0	0.0	10868.0
770	1706.1666666666667	0.0	0.0	9794.0
780	2249.6666666666665	0.0	0.0	10861.0
790	1842.0	0.0	0.0	9705.0
800	1956.5	0.0	0.0	10042.0
810	2316.6666666666665	0.0	0.0	7153.0
820	2214.0	0.0	0.0	9154.0
830	2692.6666666666665	0.0	0.0	7381.0
840	2314.3333333333335	0.0	0.0	8485.0
850	2552.1666666666665	0.0	0.0	9863.0
860	2242.6666666666665	0.0	0.0	8847.0
870	2652.0	0.0	0.0	9407.0
880	2318.3333333333335	0.0	0.0	9703.0
890	2710.5	0.0	0.0	9447.0
900	2459.6666666666665	0.0	0.0	9549.0
910	2569.5	0.0	0.0	7688.0
920	2468.0	0.0	0.0	8604.0
930	2461.3333333333335	0.0	0.0	8702.0
940	2467.6666666666665	0.0	0.0	7158.0
950	2505.0	0.0	0.0	8172.0
960	2437.3333333333335	0.0	0.0	6940.0
970	2217.8333333333335	0.0	0.0	8809.0
980	2353.3333333333335	0.0	0.0	7821.0
990	2425.3333333333335	0.0	0.0	9715.0
1000	2500.3333333333335	0.0	0.0	10658.0
