0	1138.0	0.0	0.0	0.0
10	1334.6666666666667	934.0	6217.0	6217.0
20	1290.8333333333333	66.0	379.0	4790.0
30	1374.6666666666667	0.0	0.0	4622.0
40	1513.5	0.0	0.0	6553.0
50	1787.6666666666667	0.0	0.0	5295.0
60	1844.3333333333333	0.0	0.0	7319.0
70	2181.5	0.0	0.0	6750.0
80	1922.3333333333333	0.0	0.0	8512.0
90	2004.6666666666667	0.0	0.0	9426.0
100	1886.1666666666667	0.0	0.0	6726.0
110	1723.0	0.0	0.0	7657.0
120	1401.3333333333333	0.0	0.0	7486.0
130	1924.3333333333333	0.0	0.0	7345.0
140	1452.3333333333333	0.0	0.0	6046.0
150	1845.5	0.0	0.0	7328.0
160	1782.6666666666667	0.0	0.0	8222.0
170	1672.1666666666667	0.0	0.0	10209.0
180	1613.0	0.0	0.0	4833.0
190	1370.5	0.0	0.0	8703.0
200	1683.6666666666667	0.0	0.0	10418.0
210	1951.1666666666667	0.0	0.0	7529.0
220	1720.8333333333333	0.0	0.0	9917.0
230	1937.0	0.0	0.0	5970.0
240	1724.6666666666667	0.0	0.0	9318.0
250	1878.3333333333333	0.0	0.0	9747.0
260	2012.8333333333333	0.0	0.0	8222.0
270	2184.0	0.0	0.0	6868.0
280	2211.0	0.0	0.0	9154.0
290	2394.6666666666665	0.0	0.0	8198.0
300	2415.5	0.0	0.0	8391.0
310	2635.3333333333335	0.0	0.0	7351.0
320	2290.3333333333335	0.0	0.0	7683.0
330	2371.6666666666665	0.0	0.0	8937.0
340	2409.5	0.0	0.0	7658.0
350	2393.8333333333335	0.0	0.0	8282.0
360	2640.6666666666665	0.0	0.0	8850.0
370	2496.5	0.0	0.0	10506.0
380	1987.1666666666667	0.0	0.0	9447.0
390	1835.1666666666667	0.0	0.0	9230.0
400	1980.8333333333333	0.0	0.0	10598.0
410	1915.6666666666667	0.0	0.0	11718.0
420	2329.6666666666665	0.0	0.0	7263.0
430	1993.1666666666667	0.0	0.0	8861.0
440	2074.8333333333335	0.0	0.0	10051.0
450	2314.3333333333335	0.0	0.0	7451.0
460	1998.3333333333333	0.0	0.0	7467.0
470	2163.6666666666665	0.0	0.0	8073.0
480	1923.6666666666667	0.0	0.0	10310.0
490	2295.3333333333335	0.0	0.0	9187.0
500	2126.6666666666665	0.0	0.0	9259.0
510	2495.6666666666665	0.0	0.0	7534.0
520	2319.3333333333335	0.0	0.0	8394.0
530	2239.6666666666665	0.0	0.0	10474.0
540	2321.0	0.0	0.0	10020.0
550	2331.0	0.0	0.0	8887.0
560	2373.0	0.0	0.0	8900.0
570	2470.5	0.0	0.0	8357.0
580	2395.0	0.0	0.0	8583.0
590	2537.8333333333335	0.0	0.0	8178.0
600	2421.6666666666665	0.0	0.0	10303.0
610	2410.3333333333335	0.0	0.0	9986.0
620	2305.8333333333335	0.0	0.0	9682.0
630	2496.1666666666665	0.0	0.0	8287.0
640	2424.3333333333335	0.0	0.0	7882.0
650	2292.6666666666665	0.0	0.0	7204.0
660	2557.0	0.0	0.0	10465.0
670	2483.0	0.0	0.0	9483.0
680	2609.1666666666665	0.0	0.0	7365.0
690	2264.3333333333335	0.0	0.0	8468.0
700	2370.0	0.0	0.0	10037.0
710	2522.8333333333335	0.0	0.0	7035.0
720	2536.6666666666665	0.0	0.0	11176.0
730	2410.0	0.0	0.0	8739.0
740	2428.6666666666665	0.0	0.0	10581.0
750	2553.6666666666665	0.0	0.0	7957.0
760	2426.6666666666665	0.0	0.0	10923.0
770	2581.1666666666665	0.0	0.0	9869.0
780	2484.3333333333335	0.0	0.0	7646.0
790	2521.6666666666665	0.0	0.0	7705.0
800	2549.8333333333335	0.0	0.0	9184.0
810	2548.3333333333335	0.0	0.0	8624.0
820	2671.0	0.0	0.0	10261.0
830	2672.5	0.0	0.0	8890.0
840	2459.3333333333335	0.0	0.0	9718.0
850	2253.0	0.0	0.0	10071.0
860	2200.5	0.0	0.0	8139.0
870	1939.1666666666667	0.0	0.0	14484.0
880	2498.3333333333335	0.0	0.0	9158.0
890	1865.3333333333333	0.0	0.0	9320.0
900	2070.5	0.0	0.0	9147.0
910	1949.3333333333333	0.0	0.0	7422.0
920	1901.1666666666667	0.0	0.0	9225.0
930	2116.6666666666665	0.0	0.0	11097.0
940	1793.6666666666667	0.0	0.0	10136.0
950	1936.5	0.0	0.0	9351.0
960	1997.6666666666667	0.0	0.0	9591.0
970	1813.8333333333333	0.0	0.0	8873.0
980	2469.0	0.0	0.0	9589.0
990	2495.8333333333335	0.0	0.0	9117.0
1000	2497.1666666666665	0.0	0.0	10341.0
