0	2305.8333333333335	0.0	0.0	0.0
10	2366.0	12.0	2480.0	7577.0
20	2403.8333333333335	8.0	2681.0	9334.0
30	2169.8333333333335	15.0	3413.0	8199.0
40	2408.1666666666665	8.0	3139.0	7534.0
50	2801.5	23.0	4659.0	11459.0
60	2407.3333333333335	16.0	3312.0	8124.0
70	2335.1666666666665	17.0	3198.0	8845.0
80	2331.0	36.0	4150.0	10713.0
90	2722.8333333333335	56.0	4167.0	9889.0
100	2467.1666666666665	26.0	3672.0	8950.0
110	2698.5	24.0	3561.0	8138.0
120	2957.0	20.0	4333.0	10401.0
130	2552.0	27.0	3287.0	7395.0
140	3287.6666666666665	16.0	4852.0	12600.0
150	2861.1666666666665	19.0	4882.0	11721.0
160	2479.5	12.0	3425.0	8999.0
170	2539.1666666666665	12.0	3551.0	8420.0
180	2649.1666666666665	15.0	3257.0	7085.0
190	2738.0	13.0	4972.0	11522.0
200	3042.1666666666665	4.0	4318.0	11087.0
210	3599.6666666666665	12.0	4348.0	8463.0
220	3202.5	14.0	3733.0	8212.0
230	3266.5	14.0	4841.0	10663.0
240	3186.8333333333335	18.0	5265.0	11385.0
250	3334.6666666666665	12.0	4943.0	11409.0
260	3119.0	14.0	4763.0	10363.0
270	3169.0	12.0	5606.0	13224.0
280	3729.0	7.0	5821.0	12597.0
290	3428.5	22.0	4930.0	10784.0
300	3589.6666666666665	8.0	5553.0	11801.0
310	3071.6666666666665	7.0	5393.0	11159.0
320	3201.6666666666665	13.0	5974.0	12792.0
330	3447.6666666666665	13.0	4226.0	8448.0
340	3329.3333333333335	2.0	4344.0	8342.0
350	3654.8333333333335	13.0	4666.0	8373.0
360	4144.833333333333	5.0	5824.0	12449.0
370	3142.0	15.0	6635.0	12763.0
380	3919.6666666666665	9.0	5299.0	10637.0
390	3203.3333333333335	12.0	5408.0	10097.0
400	3510.3333333333335	11.0	5580.0	11885.0
410	3674.8333333333335	5.0	5504.0	10404.0
420	3894.3333333333335	11.0	6163.0	14268.0
430	3846.0	6.0	4355.0	9541.0
440	4076.5	6.0	4638.0	8885.0
450	3227.3333333333335	3.0	4215.0	8257.0
460	3595.6666666666665	9.0	4394.0	8421.0
470	3735.3333333333335	19.0	5518.0	10654.0
480	3290.1666666666665	7.0	4475.0	8432.0
490	3842.5	4.0	4337.0	8329.0
500	3300.1666666666665	11.0	5432.0	10446.0
510	3136.6666666666665	10.0	4008.0	7277.0
520	3114.3333333333335	10.0	5212.0	10263.0
530	2961.1666666666665	6.0	4698.0	8805.0
540	3398.8333333333335	6.0	3480.0	6949.0
550	3240.0	5.0	4251.0	8105.0
560	3724.8333333333335	5.0	5299.0	11431.0
570	3508.5	14.0	6131.0	12149.0
580	3505.0	9.0	5891.0	11899.0
590	3463.5	11.0	5670.0	11876.0
600	3742.5	15.0	4613.0	9077.0
610	4007.3333333333335	6.0	4069.0	9453.0
620	3480.8333333333335	13.0	5772.0	12081.0
630	3870.8333333333335	3.0	5406.0	11603.0
640	3678.8333333333335	8.0	4938.0	10998.0
650	3810.5	14.0	5653.0	12281.0
660	3951.6666666666665	9.0	4554.0	9867.0
670	3674.0	10.0	5369.0	10618.0
680	4017.5	10.0	4097.0	7807.0
690	3839.0	15.0	5860.0	12255.0
700	3834.5	7.0	4912.0	9919.0
710	3648.6666666666665	10.0	4993.0	10766.0
720	3850.5	11.0	4771.0	8980.0
730	3754.5	8.0	5232.0	10161.0
740	3794.1666666666665	3.0	5207.0	10515.0
750	3773.3333333333335	12.0	4061.0	8428.0
760	3379.8333333333335	15.0	5473.0	11100.0
770	3732.8333333333335	11.0	5486.0	10676.0
780	3870.1666666666665	7.0	5530.0	11512.0
790	3851.5	13.0	6590.0	12711.0
800	3960.3333333333335	11.0	4577.0	8928.0
