0	526.3333333333334	0.0	0.0	0.0
10	512.0	16.0	16.0	3700.0
20	745.6666666666666	5.0	5.0	3476.0
30	646.6666666666666	10.0	10.0	5272.0
40	1012.6666666666666	29.0	29.0	4420.0
50	1097.6666666666667	49.0	49.0	4719.0
60	793.6666666666666	120.0	120.0	6439.0
70	1559.0	119.0	119.0	6881.0
80	1699.0	118.0	118.0	6133.0
90	1597.5	49.0	49.0	6159.0
100	1440.5	242.0	242.0	9968.0
110	1779.0	67.0	67.0	4939.0
120	1913.8333333333333	176.0	176.0	7688.0
130	2037.6666666666667	0.0	0.0	8478.0
140	2107.6666666666665	0.0	0.0	8362.0
150	2291.3333333333335	0.0	0.0	7840.0
160	2441.8333333333335	0.0	0.0	8387.0
170	2101.1666666666665	0.0	0.0	7104.0
180	2022.0	0.0	0.0	8801.0
190	1996.0	0.0	0.0	8984.0
200	2247.0	0.0	0.0	6931.0
210	1997.3333333333333	0.0	0.0	7824.0
220	2174.0	0.0	0.0	7642.0
230	1635.6666666666667	0.0	0.0	6975.0
240	1798.6666666666667	0.0	0.0	9002.0
250	2198.0	0.0	0.0	7644.0
260	2384.6666666666665	0.0	0.0	10157.0
270	2321.3333333333335	0.0	0.0	9852.0
280	2499.0	0.0	0.0	7421.0
290	2475.8333333333335	0.0	0.0	8612.0
300	2423.5	0.0	0.0	8801.0
310	1802.6666666666667	0.0	0.0	7108.0
320	1934.0	0.0	0.0	9350.0
330	1970.3333333333333	0.0	0.0	8696.0
340	2151.6666666666665	0.0	0.0	8435.0
350	2270.3333333333335	0.0	0.0	7669.0
360	1890.6666666666667	0.0	0.0	9821.0
370	2280.6666666666665	0.0	0.0	8036.0
380	2451.8333333333335	0.0	0.0	8601.0
390	2163.6666666666665	0.0	0.0	8410.0
400	1519.0	0.0	0.0	8098.0
410	2559.0	0.0	0.0	8544.0
420	1767.0	0.0	0.0	9284.0
430	1805.3333333333333	0.0	0.0	9399.0
440	2454.1666666666665	0.0	0.0	8181.0
450	2438.6666666666665	0.0	0.0	7649.0
460	1880.6666666666667	0.0	0.0	8401.0
470	1922.6666666666667	0.0	0.0	8374.0
480	2116.6666666666665	0.0	0.0	7145.0
490	1898.1666666666667	0.0	0.0	8538.0
500	2329.1666666666665	0.0	0.0	7675.0
510	2341.3333333333335	0.0	0.0	6697.0
520	2316.0	0.0	0.0	11273.0
530	2128.6666666666665	0.0	0.0	6993.0
540	2117.6666666666665	0.0	0.0	6955.0
550	2398.1666666666665	0.0	0.0	9753.0
560	2558.3333333333335	0.0	0.0	7941.0
570	2584.6666666666665	0.0	0.0	9977.0
580	2322.8333333333335	0.0	0.0	8869.0
590	2328.6666666666665	0.0	0.0	6773.0
600	2426.3333333333335	0.0	0.0	9670.0
610	2518.8333333333335	0.0	0.0	8520.0
620	2542.1666666666665	0.0	0.0	9683.0
630	2197.6666666666665	0.0	0.0	6943.0
640	2415.6666666666665	0.0	0.0	8126.0
650	2496.6666666666665	0.0	0.0	10901.0
660	2467.0	0.0	0.0	9376.0
670	2403.3333333333335	0.0	0.0	9691.0
680	2325.6666666666665	0.0	0.0	10456.0
690	2243.6666666666665	0.0	0.0	8350.0
700	2532.0	0.0	0.0	8396.0
710	2345.0	0.0	0.0	10017.0
720	1758.0	0.0	0.0	8671.0
730	2141.1666666666665	0.0	0.0	7666.0
740	1611.0	0.0	0.0	8336.0
750	2033.3333333333333	0.0	0.0	9229.0
760	1945.6666666666667	0.0	0.0	8058.0
770	2239.8333333333335	0.0	0.0	9532.0
780	2126.3333333333335	0.0	0.0	7943.0
790	2332.6666666666665	0.0	0.0	11784.0
800	1716.0	0.0	0.0	7859.0
810	2621.6666666666665	0.0	0.0	9398.0
820	2434.1666666666665	0.0	0.0	8988.0
830	2489.6666666666665	0.0	0.0	7417.0
840	2284.1666666666665	0.0	0.0	7961.0
850	2376.3333333333335	0.0	0.0	9460.0
860	2426.5	0.0	0.0	9535.0
870	2409.0	0.0	0.0	8816.0
880	2238.3333333333335	0.0	0.0	9273.0
890	2415.0	0.0	0.0	7413.0
900	2649.3333333333335	0.0	0.0	9687.0
910	1709.5	0.0	0.0	8916.0
920	1570.0	0.0	0.0	12009.0
930	1890.1666666666667	0.0	0.0	8407.0
940	2528.3333333333335	0.0	0.0	11900.0
950	2456.0	0.0	0.0	8050.0
960	2570.6666666666665	0.0	0.0	9207.0
970	2690.8333333333335	0.0	0.0	8377.0
980	2331.6666666666665	0.0	0.0	8229.0
990	2472.3333333333335	0.0	0.0	9999.0
1000	2447.5	0.0	0.0	9379.0
