0	1510.0	0.0	0.0
10	2295.6666666666665	23.0	20000.0
20	2309.0	32.0	20000.0
30	2303.5	19.0	20000.0
40	2405.8333333333335	36.0	20000.0
50	2565.5	9.0	20000.0
60	2426.5	29.0	20000.0
70	2520.6666666666665	44.0	19753.0
80	2691.6666666666665	16.0	19573.0
90	2647.5	25.0	19633.0
100	2851.0	10.0	19697.0
110	2903.1666666666665	21.0	19393.0
120	2833.5	26.0	19982.0
130	2831.8333333333335	9.0	19879.0
140	2919.5	20.0	19751.0
150	2886.5	29.0	19795.0
160	3136.3333333333335	19.0	19431.0
170	3142.5	10.0	19913.0
180	3170.3333333333335	13.0	19256.0
190	3344.3333333333335	19.0	19370.0
200	3244.3333333333335	11.0	19412.0
210	3361.5	19.0	18822.0
220	3241.6666666666665	14.0	19269.0
230	3327.8333333333335	19.0	19340.0
240	3192.6666666666665	18.0	19557.0
250	3212.1666666666665	12.0	19560.0
260	3061.1666666666665	14.0	19050.0
270	3223.3333333333335	6.0	19410.0
280	3296.6666666666665	13.0	19352.0
290	2971.1666666666665	12.0	18102.0
300	3337.5	21.0	18748.0
310	3431.5	12.0	19018.0
320	3474.8333333333335	18.0	19172.0
330	3620.3333333333335	11.0	19981.0
340	3537.5	11.0	19956.0
350	3593.0	10.0	19811.0
360	3505.6666666666665	19.0	18685.0
370	3466.3333333333335	7.0	19160.0
380	3567.6666666666665	14.0	19467.0
390	3577.6666666666665	15.0	20000.0
400	3814.5	10.0	19109.0
410	3629.8333333333335	8.0	19407.0
420	3731.5	15.0	19045.0
430	3660.6666666666665	7.0	19668.0
440	3951.8333333333335	9.0	20000.0
450	3785.1666666666665	13.0	19128.0
460	4020.0	3.0	19411.0
470	4035.8333333333335	6.0	19532.0
480	3858.1666666666665	3.0	19565.0
490	3941.5	5.0	19388.0
500	4058.1666666666665	8.0	19888.0
510	4031.0	14.0	19502.0
520	4101.666666666667	13.0	19740.0
530	4260.5	12.0	19892.0
540	4200.333333333333	13.0	19765.0
550	4132.666666666667	8.0	20000.0
560	4102.333333333333	11.0	20000.0
570	4170.833333333333	8.0	20000.0
580	4166.666666666667	12.0	19753.0
590	4027.8333333333335	13.0	20000.0
600	4277.833333333333	10.0	19694.0
610	4158.333333333333	12.0	19933.0
620	4147.833333333333	10.0	19995.0
630	4056.1666666666665	7.0	19632.0
640	4153.5	11.0	19277.0
650	4307.833333333333	9.0	19392.0
660	4246.833333333333	12.0	19768.0
670	4393.0	10.0	19827.0
680	4390.0	10.0	19947.0
690	4417.0	12.0	19897.0
700	4297.833333333333	4.0	20000.0
710	4292.666666666667	9.0	20000.0
720	4393.166666666667	6.0	19593.0
730	4477.833333333333	2.0	20000.0
740	4351.0	0.0	20000.0
750	4370.833333333333	0.0	20000.0
760	4247.5	0.0	20000.0
770	4427.666666666667	0.0	19894.0
780	4473.333333333333	0.0	20000.0
790	4537.833333333333	0.0	19828.0
800	4395.0	0.0	19866.0
810	4259.333333333333	0.0	20000.0
820	4151.333333333333	0.0	19494.0
830	4004.1666666666665	0.0	20000.0
840	3880.3333333333335	0.0	20000.0
850	3775.0	0.0	19706.0
860	3725.8333333333335	0.0	20000.0
870	3877.8333333333335	0.0	20000.0
880	3854.3333333333335	0.0	19346.0
890	3833.3333333333335	0.0	20000.0
900	3821.1666666666665	0.0	20000.0
910	3681.0	0.0	20000.0
920	3614.3333333333335	0.0	20000.0
930	3591.1666666666665	0.0	20000.0
940	3601.5	0.0	20000.0
950	3464.3333333333335	0.0	20000.0
960	3744.6666666666665	0.0	19815.0
970	3499.5	0.0	19704.0
980	3635.0	0.0	19397.0
990	3546.3333333333335	0.0	20000.0
1000	3656.6666666666665	0.0	19791.0
