0	1450.0	0.0	0.0
10	2309.6666666666665	31.0	20000.0
20	2359.8333333333335	32.0	20000.0
30	2383.5	31.0	20000.0
40	2431.3333333333335	15.0	20000.0
50	2542.0	20.0	20000.0
60	2569.3333333333335	19.0	19978.0
70	2554.1666666666665	20.0	20000.0
80	2592.5	21.0	19927.0
90	2650.3333333333335	14.0	19825.0
100	2804.6666666666665	27.0	19450.0
110	3006.8333333333335	19.0	19536.0
120	2928.3333333333335	11.0	19777.0
130	2764.8333333333335	22.0	19490.0
140	3099.0	17.0	18778.0
150	3088.5	18.0	19571.0
160	3099.0	12.0	18933.0
170	3259.0	24.0	19651.0
180	3200.5	14.0	18957.0
190	3376.5	18.0	19319.0
200	3215.3333333333335	33.0	18329.0
210	3322.0	13.0	19727.0
220	3261.3333333333335	4.0	18957.0
230	2815.8333333333335	20.0	17798.0
240	2700.5	30.0	18910.0
250	2739.0	19.0	19861.0
260	2812.1666666666665	28.0	19885.0
270	2609.1666666666665	26.0	19480.0
280	2872.3333333333335	31.0	19556.0
290	2868.5	37.0	20000.0
300	3066.8333333333335	23.0	19176.0
310	2899.5	16.0	19081.0
320	2847.1666666666665	13.0	19754.0
330	2797.8333333333335	20.0	19387.0
340	2826.3333333333335	14.0	20000.0
350	2802.5	28.0	19268.0
360	2799.6666666666665	11.0	19049.0
370	3096.1666666666665	16.0	19483.0
380	3019.0	21.0	19672.0
390	3079.8333333333335	30.0	19321.0
400	2962.5	15.0	19555.0
410	2839.0	13.0	20000.0
420	3162.5	19.0	19484.0
430	2943.3333333333335	20.0	19654.0
440	2983.3333333333335	16.0	20000.0
450	2975.6666666666665	12.0	19497.0
460	3130.8333333333335	15.0	19116.0
470	3135.3333333333335	20.0	19795.0
480	3112.8333333333335	22.0	19301.0
490	3158.1666666666665	21.0	19660.0
500	3297.3333333333335	9.0	19897.0
510	3062.1666666666665	0.0	19551.0
520	3107.1666666666665	0.0	19054.0
530	3233.3333333333335	0.0	19608.0
540	3231.5	0.0	18794.0
550	3194.5	0.0	19910.0
560	3046.8333333333335	0.0	20000.0
570	3145.5	0.0	20000.0
580	3376.1666666666665	0.0	19428.0
590	3218.0	0.0	19341.0
600	3270.8333333333335	0.0	20000.0
610	3156.8333333333335	0.0	19484.0
620	3442.1666666666665	0.0	19204.0
630	3448.6666666666665	0.0	19518.0
640	3263.1666666666665	0.0	20000.0
650	3559.8333333333335	0.0	19584.0
660	3539.0	0.0	19103.0
670	3224.6666666666665	0.0	19770.0
680	3380.6666666666665	0.0	19813.0
690	3390.3333333333335	0.0	19724.0
700	3369.0	0.0	20000.0
710	3477.0	0.0	20000.0
720	3472.8333333333335	0.0	19830.0
730	3356.8333333333335	0.0	20000.0
740	3304.6666666666665	0.0	19733.0
750	3218.6666666666665	0.0	19815.0
760	3496.6666666666665	0.0	20000.0
770	3445.5	0.0	19908.0
780	3436.1666666666665	0.0	20000.0
790	3278.5	0.0	19573.0
800	3309.1666666666665	0.0	19851.0
810	3355.6666666666665	0.0	20000.0
820	3438.5	0.0	19548.0
830	3428.0	0.0	20000.0
840	3796.6666666666665	0.0	19920.0
850	3491.0	0.0	20000.0
860	3558.3333333333335	0.0	19715.0
870	3353.3333333333335	0.0	18932.0
880	3447.5	0.0	20000.0
890	3493.5	0.0	19560.0
900	3379.6666666666665	0.0	20000.0
910	3289.8333333333335	0.0	19988.0
920	3585.6666666666665	0.0	19901.0
930	3674.8333333333335	0.0	20000.0
940	3371.6666666666665	0.0	19653.0
950	3675.8333333333335	0.0	19615.0
960	3850.0	0.0	20000.0
970	3516.8333333333335	0.0	19274.0
980	3480.3333333333335	0.0	19845.0
990	3387.6666666666665	0.0	19745.0
1000	3825.6666666666665	0.0	19944.0
