0	1729.3333333333333	0.0	0.0	0.0
10	1429.6666666666667	39.0	743.0	8537.0
20	1640.0	116.0	889.0	8833.0
30	1935.6666666666667	117.0	738.0	8890.0
40	1987.1666666666667	69.0	1115.0	10446.0
50	1811.5	51.0	451.0	6169.0
60	2074.5	23.0	304.0	6112.0
70	2002.0	53.0	1210.0	10788.0
80	1980.3333333333333	38.0	603.0	8296.0
90	2101.3333333333335	71.0	1067.0	11053.0
100	2109.6666666666665	100.0	724.0	7872.0
110	2089.3333333333335	135.0	714.0	9024.0
120	2271.8333333333335	110.0	967.0	10313.0
130	2338.6666666666665	47.0	1077.0	12198.0
140	2465.1666666666665	31.0	336.0	7004.0
150	2174.5	0.0	0.0	8153.0
160	2384.6666666666665	0.0	0.0	7883.0
170	2307.1666666666665	0.0	0.0	7424.0
180	2365.1666666666665	0.0	0.0	9986.0
190	2596.0	0.0	0.0	12078.0
200	2638.6666666666665	0.0	0.0	13032.0
210	2572.6666666666665	0.0	0.0	9214.0
220	2770.3333333333335	0.0	0.0	7676.0
230	2426.6666666666665	0.0	0.0	12762.0
240	2627.3333333333335	0.0	0.0	9065.0
250	3118.0	0.0	0.0	6279.0
260	2163.1666666666665	0.0	0.0	8218.0
270	2733.3333333333335	0.0	0.0	7227.0
280	2332.8333333333335	0.0	0.0	6213.0
290	2186.1666666666665	0.0	0.0	9475.0
300	2182.6666666666665	0.0	0.0	9571.0
310	2613.0	0.0	0.0	11622.0
320	2568.6666666666665	0.0	0.0	9015.0
330	2633.3333333333335	0.0	0.0	11336.0
340	2877.1666666666665	0.0	0.0	7719.0
350	2625.6666666666665	0.0	0.0	7438.0
360	2881.6666666666665	0.0	0.0	10995.0
370	2636.6666666666665	0.0	0.0	7041.0
380	2560.6666666666665	0.0	0.0	6859.0
390	2461.0	0.0	0.0	9717.0
400	2977.6666666666665	0.0	0.0	6946.0
410	3029.0	0.0	0.0	9344.0
420	2901.3333333333335	0.0	0.0	9278.0
430	3026.3333333333335	0.0	0.0	7846.0
440	2803.3333333333335	0.0	0.0	8985.0
450	2636.6666666666665	0.0	0.0	9876.0
460	3001.6666666666665	0.0	0.0	10455.0
470	3235.5	0.0	0.0	7390.0
480	2787.0	0.0	0.0	11886.0
490	2820.0	0.0	0.0	9505.0
500	3243.8333333333335	0.0	0.0	11530.0
510	3068.1666666666665	0.0	0.0	11292.0
520	3604.8333333333335	0.0	0.0	9473.0
530	3220.3333333333335	0.0	0.0	10127.0
540	3135.6666666666665	0.0	0.0	8537.0
550	3413.3333333333335	0.0	0.0	9615.0
560	2880.8333333333335	0.0	0.0	9988.0
570	3493.5	0.0	0.0	9502.0
580	3118.0	0.0	0.0	10068.0
590	3528.3333333333335	0.0	0.0	8355.0
600	3306.6666666666665	0.0	0.0	10037.0
610	3523.1666666666665	0.0	0.0	12406.0
620	3499.3333333333335	0.0	0.0	10621.0
630	3143.1666666666665	0.0	0.0	9581.0
640	3200.6666666666665	0.0	0.0	8519.0
650	3371.0	0.0	0.0	11351.0
660	3509.6666666666665	0.0	0.0	10639.0
670	3474.5	0.0	0.0	9521.0
680	3282.1666666666665	0.0	0.0	11628.0
690	3797.0	0.0	0.0	11052.0
700	3928.0	0.0	0.0	12060.0
710	3691.3333333333335	0.0	0.0	13953.0
720	3695.3333333333335	0.0	0.0	8266.0
730	3839.0	0.0	0.0	11396.0
740	4068.1666666666665	0.0	0.0	11039.0
750	3614.3333333333335	0.0	0.0	9249.0
760	3771.6666666666665	0.0	0.0	10894.0
770	3966.0	0.0	0.0	9037.0
780	3622.3333333333335	0.0	0.0	8210.0
790	3576.0	0.0	0.0	9201.0
800	3906.8333333333335	0.0	0.0	10629.0
810	3720.6666666666665	0.0	0.0	10361.0
820	3973.6666666666665	0.0	0.0	11193.0
830	3929.0	0.0	0.0	10984.0
840	3528.0	0.0	0.0	9303.0
850	3599.3333333333335	0.0	0.0	10358.0
860	3667.0	0.0	0.0	11348.0
870	3713.6666666666665	0.0	0.0	10380.0
880	3335.0	0.0	0.0	10020.0
890	3991.1666666666665	0.0	0.0	11010.0
900	3876.1666666666665	0.0	0.0	12556.0
910	3575.5	0.0	0.0	10357.0
920	3821.0	0.0	0.0	11565.0
930	3450.0	0.0	0.0	11715.0
940	3825.1666666666665	0.0	0.0	11937.0
950	3734.0	0.0	0.0	11357.0
960	3704.3333333333335	0.0	0.0	11548.0
970	3711.8333333333335	0.0	0.0	8641.0
980	3811.6666666666665	0.0	0.0	9428.0
990	3622.0	0.0	0.0	8729.0
1000	3660.5	0.0	0.0	10289.0
