0	1539.0	0.0	0.0	0.0
10	1586.0	0.0	473.0	6931.0
20	1605.6666666666667	0.0	341.0	5799.0
30	1638.6666666666667	37.0	527.0	7868.0
40	1700.6666666666667	91.0	499.0	8213.0
50	1924.1666666666667	126.0	859.0	11483.0
60	1907.1666666666667	55.0	602.0	8441.0
70	2169.5	160.0	1038.0	10110.0
80	2097.3333333333335	36.0	304.0	6996.0
90	2210.1666666666665	144.0	1022.0	11921.0
100	2311.3333333333335	37.0	568.0	9241.0
110	2204.6666666666665	30.0	571.0	7674.0
120	2162.1666666666665	0.0	474.0	6930.0
130	2290.5	40.0	473.0	6554.0
140	2392.6666666666665	101.0	903.0	11023.0
150	2406.5	19.0	354.0	5758.0
160	2311.5	99.0	644.0	8689.0
170	2523.3333333333335	25.0	582.0	10051.0
180	2577.6666666666665	0.0	0.0	10791.0
190	2634.6666666666665	0.0	0.0	8965.0
200	2493.0	0.0	0.0	10186.0
210	2489.3333333333335	0.0	0.0	6250.0
220	2657.5	0.0	0.0	7774.0
230	2412.1666666666665	0.0	0.0	10958.0
240	2652.3333333333335	0.0	0.0	5953.0
250	2465.6666666666665	0.0	0.0	8734.0
260	2450.6666666666665	0.0	0.0	8304.0
270	2388.6666666666665	0.0	0.0	8604.0
280	2487.8333333333335	0.0	0.0	8298.0
290	2562.6666666666665	0.0	0.0	9679.0
300	2566.1666666666665	0.0	0.0	6704.0
310	2100.0	0.0	0.0	8214.0
320	2494.1666666666665	0.0	0.0	8140.0
330	2781.5	0.0	0.0	7402.0
340	2323.8333333333335	0.0	0.0	5460.0
350	2401.0	0.0	0.0	10157.0
360	2516.3333333333335	0.0	0.0	7776.0
370	2649.8333333333335	0.0	0.0	7958.0
380	2662.5	0.0	0.0	8122.0
390	2738.1666666666665	0.0	0.0	8712.0
400	2798.1666666666665	0.0	0.0	7039.0
410	2256.1666666666665	0.0	0.0	6639.0
420	2868.1666666666665	0.0	0.0	4962.0
430	2583.6666666666665	0.0	0.0	8126.0
440	2405.0	0.0	0.0	7946.0
450	2575.0	0.0	0.0	12535.0
460	2770.5	0.0	0.0	9744.0
470	3098.6666666666665	0.0	0.0	10448.0
480	2736.0	0.0	0.0	5607.0
490	2703.8333333333335	0.0	0.0	9544.0
500	2834.3333333333335	0.0	0.0	11287.0
510	2992.5	0.0	0.0	8038.0
520	2834.3333333333335	0.0	0.0	11291.0
530	3567.6666666666665	0.0	0.0	11214.0
540	3550.3333333333335	0.0	0.0	10831.0
550	2919.1666666666665	0.0	0.0	8119.0
560	2868.5	0.0	0.0	7544.0
570	2967.8333333333335	0.0	0.0	8902.0
580	3634.8333333333335	0.0	0.0	9354.0
590	3717.0	0.0	0.0	13351.0
600	3504.5	0.0	0.0	13214.0
610	3494.6666666666665	0.0	0.0	10387.0
620	3665.1666666666665	0.0	0.0	11231.0
630	3167.6666666666665	0.0	0.0	13276.0
640	3711.1666666666665	0.0	0.0	8819.0
650	3096.6666666666665	0.0	0.0	11136.0
660	3723.3333333333335	0.0	0.0	11255.0
670	3546.6666666666665	0.0	0.0	8372.0
680	3026.3333333333335	0.0	0.0	12298.0
690	3497.5	0.0	0.0	12184.0
700	3094.5	0.0	0.0	8808.0
710	4040.0	0.0	0.0	8461.0
720	3706.1666666666665	0.0	0.0	9189.0
730	4033.0	0.0	0.0	10079.0
740	3694.3333333333335	0.0	0.0	12011.0
750	3534.5	0.0	0.0	8978.0
760	3461.1666666666665	0.0	0.0	8277.0
770	3994.3333333333335	0.0	0.0	9285.0
780	3905.6666666666665	0.0	0.0	6356.0
790	3461.8333333333335	0.0	0.0	10853.0
800	3811.0	0.0	0.0	10984.0
810	3818.1666666666665	0.0	0.0	11495.0
820	3750.3333333333335	0.0	0.0	11209.0
830	3257.3333333333335	0.0	0.0	10585.0
840	3615.0	0.0	0.0	10190.0
850	3507.3333333333335	0.0	0.0	6257.0
860	3972.8333333333335	0.0	0.0	7753.0
870	4013.8333333333335	0.0	0.0	10184.0
880	3683.1666666666665	0.0	0.0	10258.0
890	3638.6666666666665	0.0	0.0	10579.0
900	3811.1666666666665	0.0	0.0	8751.0
910	3419.6666666666665	0.0	0.0	10247.0
920	3598.8333333333335	0.0	0.0	9864.0
930	3893.5	0.0	0.0	8262.0
940	3899.5	0.0	0.0	8989.0
950	3435.1666666666665	0.0	0.0	10580.0
960	3960.0	0.0	0.0	11527.0
970	3718.8333333333335	0.0	0.0	9100.0
980	3577.0	0.0	0.0	9161.0
990	3800.8333333333335	0.0	0.0	9448.0
1000	3797.6666666666665	0.0	0.0	10648.0
