0	1524.1666666666667	0.0	0.0	0.0
10	1699.0	60.0	340.0	5370.0
20	1593.3333333333333	112.0	801.0	8790.0
30	1607.6666666666667	26.0	542.0	6868.0
40	1666.3333333333333	47.0	531.0	8273.0
50	1683.8333333333333	61.0	766.0	8330.0
60	2055.6666666666665	59.0	532.0	8223.0
70	1864.8333333333333	54.0	980.0	9582.0
80	2099.0	29.0	881.0	9674.0
90	2078.1666666666665	42.0	980.0	9259.0
100	1956.6666666666667	0.0	106.0	4391.0
110	1959.0	73.0	519.0	7380.0
120	2122.3333333333335	90.0	739.0	8510.0
130	2105.6666666666665	0.0	646.0	9857.0
140	2043.3333333333333	72.0	610.0	9012.0
150	1957.6666666666667	47.0	465.0	6347.0
160	2117.1666666666665	39.0	463.0	8556.0
170	2240.0	104.0	722.0	8014.0
180	2021.6666666666667	85.0	199.0	10114.0
190	2040.3333333333333	0.0	0.0	6823.0
200	2053.3333333333335	0.0	0.0	8571.0
210	1839.8333333333333	0.0	0.0	5989.0
220	1641.6666666666667	0.0	0.0	7380.0
230	2000.3333333333333	0.0	0.0	9782.0
240	1820.0	0.0	0.0	6135.0
250	1697.0	0.0	0.0	7591.0
260	1564.6666666666667	0.0	0.0	7470.0
270	1600.3333333333333	0.0	0.0	5693.0
280	1642.0	0.0	0.0	6720.0
290	1660.8333333333333	0.0	0.0	9414.0
300	1625.6666666666667	0.0	0.0	6964.0
310	1833.0	0.0	0.0	5412.0
320	1717.6666666666667	0.0	0.0	7159.0
330	1709.0	0.0	0.0	6286.0
340	1477.0	0.0	0.0	8790.0
350	1543.6666666666667	0.0	0.0	5949.0
360	1536.6666666666667	0.0	0.0	8825.0
370	1544.0	0.0	0.0	5632.0
380	1531.3333333333333	0.0	0.0	6830.0
390	1374.0	0.0	0.0	5904.0
400	1230.6666666666667	0.0	0.0	8674.0
410	1421.0	0.0	0.0	6892.0
420	1445.3333333333333	0.0	0.0	6493.0
430	1311.6666666666667	0.0	0.0	3803.0
440	1558.8333333333333	0.0	0.0	5808.0
450	1276.0	0.0	0.0	8306.0
460	1687.8333333333333	0.0	0.0	7264.0
470	1524.0	0.0	0.0	5857.0
480	1382.3333333333333	0.0	0.0	6195.0
490	1376.3333333333333	0.0	0.0	6779.0
500	1257.0	0.0	0.0	4967.0
510	1357.3333333333333	0.0	0.0	5826.0
520	1449.3333333333333	0.0	0.0	7102.0
530	1399.5	0.0	0.0	5330.0
540	1334.6666666666667	0.0	0.0	4782.0
550	1418.6666666666667	0.0	0.0	6041.0
560	1272.6666666666667	0.0	0.0	6521.0
570	1289.3333333333333	0.0	0.0	6065.0
580	1506.0	0.0	0.0	6458.0
590	1323.6666666666667	0.0	0.0	7138.0
600	1310.3333333333333	0.0	0.0	5581.0
610	1473.6666666666667	0.0	0.0	5896.0
620	1268.0	0.0	0.0	6271.0
630	1363.6666666666667	0.0	0.0	4675.0
640	1454.0	0.0	0.0	5523.0
650	1405.0	0.0	0.0	6188.0
660	1153.3333333333333	0.0	0.0	4990.0
670	1264.3333333333333	0.0	0.0	6097.0
680	1411.0	0.0	0.0	4589.0
690	1338.6666666666667	0.0	0.0	3957.0
700	1310.1666666666667	0.0	0.0	4742.0
710	1321.6666666666667	0.0	0.0	4545.0
720	1395.6666666666667	0.0	0.0	5475.0
730	1619.0	0.0	0.0	7103.0
740	1373.0	0.0	0.0	5554.0
750	1223.6666666666667	0.0	0.0	3328.0
760	1435.0	0.0	0.0	5029.0
770	1344.3333333333333	0.0	0.0	5280.0
780	1326.3333333333333	0.0	0.0	5319.0
790	1284.6666666666667	0.0	0.0	6566.0
800	1373.3333333333333	0.0	0.0	7201.0
810	1220.3333333333333	0.0	0.0	6107.0
820	1302.6666666666667	0.0	0.0	6952.0
830	1207.0	0.0	0.0	5510.0
840	1313.6666666666667	0.0	0.0	5046.0
850	1211.0	0.0	0.0	5499.0
860	1236.6666666666667	0.0	0.0	5454.0
870	1226.6666666666667	0.0	0.0	7432.0
880	1397.3333333333333	0.0	0.0	5441.0
890	1395.3333333333333	0.0	0.0	6233.0
900	1298.6666666666667	0.0	0.0	5629.0
910	1360.6666666666667	0.0	0.0	4961.0
920	1329.6666666666667	0.0	0.0	6208.0
930	1291.3333333333333	0.0	0.0	6632.0
940	1287.0	0.0	0.0	4841.0
950	1415.6666666666667	0.0	0.0	6417.0
960	1327.0	0.0	0.0	4801.0
970	1312.6666666666667	0.0	0.0	4848.0
980	1168.6666666666667	0.0	0.0	7734.0
990	1348.3333333333333	0.0	0.0	5509.0
1000	1375.3333333333333	0.0	0.0	6327.0
