0	1647.0	0.0	0.0	0.0
10	1737.0	36.0	484.0	6537.0
20	1701.6666666666667	28.0	314.0	5813.0
30	1703.1666666666667	31.0	580.0	6816.0
40	1629.5	4.0	266.0	6455.0
50	1471.6666666666667	74.0	695.0	7933.0
60	1612.0	60.0	843.0	10229.0
70	1900.6666666666667	204.0	1080.0	10847.0
80	1824.0	1.0	567.0	8054.0
90	2008.8333333333333	89.0	873.0	9955.0
100	2104.3333333333335	105.0	468.0	6907.0
110	2060.3333333333335	106.0	1275.0	12503.0
120	2126.3333333333335	88.0	565.0	6580.0
130	2168.0	33.0	1020.0	9078.0
140	2358.5	112.0	949.0	10372.0
150	2237.6666666666665	29.0	49.0	8299.0
160	2212.8333333333335	0.0	0.0	7627.0
170	2479.0	0.0	0.0	8431.0
180	2720.5	0.0	0.0	8602.0
190	2745.1666666666665	0.0	0.0	10769.0
200	2691.0	0.0	0.0	7709.0
210	2519.0	0.0	0.0	9643.0
220	2107.5	0.0	0.0	7029.0
230	2273.1666666666665	0.0	0.0	10882.0
240	2487.8333333333335	0.0	0.0	5274.0
250	1960.0	0.0	0.0	7702.0
260	2400.5	0.0	0.0	7188.0
270	2565.1666666666665	0.0	0.0	7304.0
280	2828.1666666666665	0.0	0.0	13036.0
290	2487.1666666666665	0.0	0.0	11443.0
300	2517.8333333333335	0.0	0.0	9604.0
310	2411.6666666666665	0.0	0.0	8378.0
320	2374.6666666666665	0.0	0.0	9198.0
330	2605.6666666666665	0.0	0.0	7169.0
340	2997.1666666666665	0.0	0.0	10753.0
350	2788.8333333333335	0.0	0.0	8480.0
360	2776.1666666666665	0.0	0.0	6387.0
370	2994.3333333333335	0.0	0.0	8964.0
380	2677.8333333333335	0.0	0.0	8072.0
390	2943.6666666666665	0.0	0.0	8114.0
400	2825.1666666666665	0.0	0.0	10110.0
410	3159.8333333333335	0.0	0.0	12453.0
420	2738.8333333333335	0.0	0.0	9270.0
430	2832.0	0.0	0.0	7797.0
440	3175.0	0.0	0.0	10491.0
450	3267.8333333333335	0.0	0.0	10827.0
460	2943.3333333333335	0.0	0.0	12916.0
470	3316.1666666666665	0.0	0.0	10304.0
480	2876.6666666666665	0.0	0.0	11366.0
490	3716.1666666666665	0.0	0.0	9485.0
500	3649.1666666666665	0.0	0.0	11033.0
510	3804.1666666666665	0.0	0.0	9178.0
520	3131.6666666666665	0.0	0.0	10265.0
530	3130.6666666666665	0.0	0.0	8864.0
540	3413.8333333333335	0.0	0.0	8682.0
550	3698.8333333333335	0.0	0.0	6630.0
560	3582.8333333333335	0.0	0.0	12290.0
570	2730.5	0.0	0.0	7063.0
580	3765.6666666666665	0.0	0.0	11087.0
590	3018.3333333333335	0.0	0.0	10787.0
600	3736.6666666666665	0.0	0.0	11097.0
610	3281.8333333333335	0.0	0.0	11093.0
620	3765.0	0.0	0.0	10332.0
630	3209.5	0.0	0.0	7228.0
640	3437.5	0.0	0.0	10551.0
650	3897.3333333333335	0.0	0.0	8945.0
660	3602.3333333333335	0.0	0.0	10819.0
670	3401.3333333333335	0.0	0.0	11196.0
680	3768.0	0.0	0.0	9055.0
690	3563.3333333333335	0.0	0.0	10789.0
700	4125.666666666667	0.0	0.0	9146.0
710	3530.0	0.0	0.0	9197.0
720	3412.6666666666665	0.0	0.0	14149.0
730	4018.0	0.0	0.0	12803.0
740	3889.1666666666665	0.0	0.0	7424.0
750	3622.8333333333335	0.0	0.0	8854.0
760	3757.8333333333335	0.0	0.0	10627.0
770	3545.1666666666665	0.0	0.0	11104.0
780	3803.0	0.0	0.0	7472.0
790	3586.3333333333335	0.0	0.0	10289.0
800	4079.8333333333335	0.0	0.0	12858.0
810	3715.3333333333335	0.0	0.0	8937.0
820	3983.3333333333335	0.0	0.0	11558.0
830	3553.0	0.0	0.0	10487.0
840	3775.1666666666665	0.0	0.0	11039.0
850	3686.6666666666665	0.0	0.0	8185.0
860	3451.3333333333335	0.0	0.0	8042.0
870	4043.5	0.0	0.0	13248.0
880	3790.5	0.0	0.0	11334.0
890	3395.3333333333335	0.0	0.0	9516.0
900	3819.1666666666665	0.0	0.0	9153.0
910	3603.1666666666665	0.0	0.0	11638.0
920	3757.3333333333335	0.0	0.0	11523.0
930	3721.6666666666665	0.0	0.0	10011.0
940	3787.5	0.0	0.0	10087.0
950	3851.3333333333335	0.0	0.0	11338.0
960	3606.1666666666665	0.0	0.0	7988.0
970	4104.5	0.0	0.0	9724.0
980	4064.3333333333335	0.0	0.0	11918.0
990	3714.3333333333335	0.0	0.0	9383.0
1000	3962.5	0.0	0.0	11192.0
