0	2207.3333333333335	0.0	0.0	0.0
10	2203.3333333333335	80.0	283.0	6526.0
20	2219.3333333333335	156.0	522.0	9837.0
30	2500.5	142.0	546.0	9857.0
40	2301.3333333333335	180.0	533.0	8313.0
50	2230.8333333333335	94.0	629.0	7805.0
60	2268.1666666666665	60.0	645.0	11205.0
70	2489.1666666666665	215.0	961.0	10116.0
80	2409.8333333333335	73.0	165.0	7246.0
90	2541.0	0.0	0.0	9376.0
100	2604.6666666666665	0.0	0.0	9303.0
110	2328.1666666666665	0.0	0.0	8584.0
120	2455.6666666666665	0.0	0.0	7534.0
130	2328.1666666666665	0.0	0.0	7922.0
140	2452.8333333333335	0.0	0.0	7415.0
150	2581.1666666666665	0.0	0.0	9237.0
160	2719.3333333333335	0.0	0.0	7107.0
170	2388.8333333333335	0.0	0.0	9878.0
180	2448.3333333333335	0.0	0.0	8232.0
190	2261.3333333333335	0.0	0.0	5902.0
200	2498.5	0.0	0.0	10600.0
210	2870.6666666666665	0.0	0.0	13825.0
220	2328.1666666666665	0.0	0.0	9782.0
230	2621.0	0.0	0.0	8530.0
240	2550.5	0.0	0.0	8528.0
250	2859.1666666666665	0.0	0.0	8835.0
260	2707.1666666666665	0.0	0.0	8855.0
270	2493.3333333333335	0.0	0.0	9831.0
280	2788.0	0.0	0.0	6459.0
290	2659.6666666666665	0.0	0.0	8736.0
300	2720.3333333333335	0.0	0.0	9414.0
310	2711.1666666666665	0.0	0.0	7857.0
320	2684.5	0.0	0.0	7249.0
330	2892.1666666666665	0.0	0.0	7469.0
340	2973.0	0.0	0.0	10699.0
350	3012.3333333333335	0.0	0.0	9333.0
360	3147.6666666666665	0.0	0.0	8117.0
370	2343.0	0.0	0.0	14154.0
380	3179.6666666666665	0.0	0.0	7311.0
390	3329.6666666666665	0.0	0.0	13134.0
400	3227.8333333333335	0.0	0.0	12534.0
410	3138.1666666666665	0.0	0.0	8430.0
420	3190.0	0.0	0.0	6499.0
430	3101.6666666666665	0.0	0.0	8615.0
440	3724.5	0.0	0.0	6150.0
450	3216.0	0.0	0.0	10007.0
460	3548.5	0.0	0.0	9089.0
470	3219.5	0.0	0.0	9575.0
480	2937.1666666666665	0.0	0.0	9875.0
490	2868.1666666666665	0.0	0.0	10284.0
500	3649.0	0.0	0.0	10741.0
510	3270.5	0.0	0.0	8274.0
520	2967.8333333333335	0.0	0.0	10644.0
530	3633.5	0.0	0.0	11287.0
540	2905.0	0.0	0.0	9209.0
550	3594.0	0.0	0.0	10941.0
560	3192.0	0.0	0.0	11785.0
570	3867.0	0.0	0.0	12122.0
580	3639.0	0.0	0.0	8962.0
590	3733.5	0.0	0.0	12955.0
600	3387.5	0.0	0.0	11417.0
610	3532.3333333333335	0.0	0.0	10007.0
620	3694.5	0.0	0.0	7591.0
630	3791.1666666666665	0.0	0.0	7182.0
640	3944.5	0.0	0.0	11086.0
650	3711.6666666666665	0.0	0.0	11159.0
660	3518.1666666666665	0.0	0.0	10153.0
670	3679.1666666666665	0.0	0.0	8346.0
680	3692.1666666666665	0.0	0.0	12159.0
690	3816.1666666666665	0.0	0.0	11981.0
700	3865.6666666666665	0.0	0.0	11024.0
710	3908.8333333333335	0.0	0.0	9705.0
720	3871.5	0.0	0.0	9265.0
730	3972.0	0.0	0.0	9402.0
740	3652.1666666666665	0.0	0.0	8605.0
750	3731.3333333333335	0.0	0.0	10561.0
760	3875.3333333333335	0.0	0.0	13594.0
770	3644.3333333333335	0.0	0.0	9234.0
780	3654.8333333333335	0.0	0.0	12014.0
790	3997.0	0.0	0.0	10104.0
800	3303.0	0.0	0.0	7600.0
