0	2155.1666666666665	0.0	0.0	0.0
10	2450.3333333333335	214.0	552.0	8701.0
20	2336.3333333333335	205.0	798.0	8281.0
30	2555.1666666666665	16.0	248.0	7195.0
40	2280.6666666666665	69.0	602.0	11266.0
50	2042.6666666666667	170.0	962.0	8996.0
60	2468.3333333333335	275.0	755.0	9716.0
70	2791.8333333333335	51.0	63.0	9352.0
80	1799.6666666666667	0.0	0.0	8264.0
90	2498.3333333333335	0.0	0.0	7170.0
100	2304.0	0.0	0.0	9312.0
110	2276.1666666666665	0.0	0.0	5188.0
120	2472.6666666666665	0.0	0.0	10442.0
130	2682.1666666666665	0.0	0.0	11635.0
140	2516.0	0.0	0.0	11838.0
150	2844.8333333333335	0.0	0.0	11144.0
160	2496.0	0.0	0.0	7773.0
170	2585.1666666666665	0.0	0.0	8819.0
180	2442.0	0.0	0.0	6791.0
190	2546.0	0.0	0.0	7832.0
200	2499.5	0.0	0.0	6741.0
210	2691.6666666666665	0.0	0.0	9235.0
220	2728.8333333333335	0.0	0.0	9485.0
230	2642.8333333333335	0.0	0.0	8850.0
240	2969.8333333333335	0.0	0.0	8332.0
250	2525.3333333333335	0.0	0.0	8278.0
260	3015.0	0.0	0.0	6159.0
270	2912.5	0.0	0.0	8283.0
280	2591.3333333333335	0.0	0.0	9095.0
290	2505.1666666666665	0.0	0.0	12380.0
300	2683.8333333333335	0.0	0.0	8024.0
310	3137.1666666666665	0.0	0.0	9650.0
320	3230.8333333333335	0.0	0.0	10109.0
330	2815.6666666666665	0.0	0.0	10745.0
340	3374.1666666666665	0.0	0.0	9469.0
350	2864.3333333333335	0.0	0.0	8978.0
360	3298.0	0.0	0.0	13100.0
370	2772.0	0.0	0.0	7566.0
380	3697.3333333333335	0.0	0.0	6456.0
390	3723.0	0.0	0.0	8546.0
400	3400.6666666666665	0.0	0.0	8870.0
410	3593.1666666666665	0.0	0.0	8633.0
420	3725.1666666666665	0.0	0.0	11328.0
430	3187.5	0.0	0.0	11147.0
440	3528.0	0.0	0.0	7619.0
450	3314.5	0.0	0.0	8425.0
460	3576.8333333333335	0.0	0.0	12423.0
470	3304.3333333333335	0.0	0.0	12082.0
480	3508.0	0.0	0.0	10636.0
490	3862.0	0.0	0.0	9642.0
500	3406.8333333333335	0.0	0.0	10487.0
510	3231.3333333333335	0.0	0.0	12937.0
520	3561.5	0.0	0.0	8166.0
530	3641.1666666666665	0.0	0.0	11020.0
540	3383.0	0.0	0.0	9455.0
550	3234.6666666666665	0.0	0.0	12299.0
560	3504.8333333333335	0.0	0.0	12560.0
570	3241.6666666666665	0.0	0.0	10558.0
580	3158.0	0.0	0.0	10948.0
590	3338.3333333333335	0.0	0.0	11763.0
600	3444.3333333333335	0.0	0.0	13168.0
610	3670.8333333333335	0.0	0.0	10571.0
620	3945.0	0.0	0.0	11475.0
630	3849.3333333333335	0.0	0.0	9986.0
640	3508.6666666666665	0.0	0.0	10781.0
650	3733.3333333333335	0.0	0.0	8693.0
660	3891.8333333333335	0.0	0.0	10668.0
670	3760.6666666666665	0.0	0.0	10725.0
680	3903.6666666666665	0.0	0.0	9743.0
690	3730.5	0.0	0.0	11702.0
700	3580.6666666666665	0.0	0.0	9119.0
710	3454.8333333333335	0.0	0.0	9488.0
720	3584.5	0.0	0.0	9709.0
730	3531.3333333333335	0.0	0.0	11707.0
740	3981.8333333333335	0.0	0.0	9389.0
750	3992.1666666666665	0.0	0.0	12970.0
760	3696.5	0.0	0.0	9942.0
770	3784.8333333333335	0.0	0.0	11331.0
780	3767.3333333333335	0.0	0.0	11765.0
790	3380.0	0.0	0.0	8054.0
800	3890.0	0.0	0.0	9900.0
