0	2241.1666666666665	0.0	0.0	0.0
10	2427.0	179.0	496.0	8698.0
20	2526.1666666666665	198.0	672.0	10397.0
30	2691.3333333333335	2.0	359.0	7865.0
40	2470.3333333333335	199.0	531.0	8670.0
50	2541.3333333333335	114.0	741.0	9177.0
60	2486.0	67.0	367.0	8571.0
70	2667.8333333333335	43.0	440.0	8105.0
80	2569.6666666666665	198.0	821.0	11409.0
90	2454.0	0.0	0.0	9742.0
100	2763.0	0.0	0.0	7834.0
110	2356.1666666666665	0.0	0.0	8698.0
120	2501.5	0.0	0.0	8816.0
130	2482.0	0.0	0.0	6675.0
140	2213.3333333333335	0.0	0.0	12333.0
150	2189.6666666666665	0.0	0.0	10102.0
160	2304.3333333333335	0.0	0.0	9185.0
170	2414.6666666666665	0.0	0.0	7989.0
180	2145.6666666666665	0.0	0.0	10983.0
190	2532.8333333333335	0.0	0.0	11816.0
200	2543.1666666666665	0.0	0.0	7064.0
210	2865.8333333333335	0.0	0.0	5870.0
220	2950.6666666666665	0.0	0.0	10334.0
230	3307.1666666666665	0.0	0.0	7592.0
240	2596.5	0.0	0.0	10569.0
250	2793.0	0.0	0.0	9721.0
260	3237.5	0.0	0.0	7444.0
270	2918.3333333333335	0.0	0.0	9775.0
280	2598.8333333333335	0.0	0.0	12366.0
290	3011.3333333333335	0.0	0.0	10072.0
300	3051.0	0.0	0.0	7551.0
310	3278.0	0.0	0.0	10215.0
320	3319.5	0.0	0.0	8789.0
330	2446.5	0.0	0.0	12776.0
340	3530.3333333333335	0.0	0.0	11031.0
350	3249.5	0.0	0.0	9537.0
360	3392.3333333333335	0.0	0.0	8496.0
370	3323.1666666666665	0.0	0.0	14922.0
380	3678.3333333333335	0.0	0.0	8241.0
390	2826.5	0.0	0.0	7441.0
400	3309.5	0.0	0.0	9562.0
410	3305.1666666666665	0.0	0.0	7976.0
420	3591.3333333333335	0.0	0.0	11328.0
430	3349.6666666666665	0.0	0.0	11454.0
440	3604.1666666666665	0.0	0.0	8840.0
450	3697.8333333333335	0.0	0.0	11702.0
460	3520.1666666666665	0.0	0.0	12127.0
470	3758.5	0.0	0.0	9404.0
480	3655.0	0.0	0.0	9612.0
490	3962.6666666666665	0.0	0.0	10503.0
500	3260.1666666666665	0.0	0.0	10570.0
510	3646.8333333333335	0.0	0.0	10082.0
520	3738.8333333333335	0.0	0.0	9899.0
530	2983.8333333333335	0.0	0.0	11551.0
540	3503.5	0.0	0.0	11313.0
550	3266.0	0.0	0.0	8641.0
560	3543.5	0.0	0.0	8974.0
570	3570.3333333333335	0.0	0.0	10498.0
580	3450.0	0.0	0.0	11776.0
590	3323.8333333333335	0.0	0.0	10722.0
600	3510.5	0.0	0.0	11138.0
610	3927.5	0.0	0.0	13388.0
620	4034.5	0.0	0.0	10839.0
630	3769.0	0.0	0.0	11715.0
640	3816.0	0.0	0.0	8349.0
650	3860.0	0.0	0.0	10126.0
660	3602.8333333333335	0.0	0.0	10664.0
670	3741.5	0.0	0.0	8822.0
680	3904.5	0.0	0.0	7535.0
690	3624.1666666666665	0.0	0.0	12866.0
700	3696.0	0.0	0.0	11105.0
710	3688.6666666666665	0.0	0.0	7618.0
720	3676.6666666666665	0.0	0.0	10159.0
730	3821.8333333333335	0.0	0.0	9433.0
740	3405.8333333333335	0.0	0.0	8399.0
750	3857.5	0.0	0.0	9464.0
760	3683.8333333333335	0.0	0.0	8558.0
770	3841.0	0.0	0.0	11206.0
780	3404.8333333333335	0.0	0.0	10211.0
790	3782.1666666666665	0.0	0.0	7679.0
800	3619.3333333333335	0.0	0.0	11843.0
