0	2844.0	0.0	0.0	0.0
10	2649.1666666666665	1000.0	2702.0	7685.0
20	2315.8333333333335	0.0	0.0	8367.0
30	2637.0	0.0	0.0	9994.0
40	2592.8333333333335	0.0	0.0	9499.0
50	2747.8333333333335	0.0	0.0	5863.0
60	2933.6666666666665	0.0	0.0	8817.0
70	3215.1666666666665	0.0	0.0	6142.0
80	2927.5	0.0	0.0	9526.0
90	2940.8333333333335	0.0	0.0	10418.0
100	2420.8333333333335	0.0	0.0	7028.0
110	3043.8333333333335	0.0	0.0	10152.0
120	2937.5	0.0	0.0	7422.0
130	2631.8333333333335	0.0	0.0	11856.0
140	2926.0	0.0	0.0	10189.0
150	3222.5	0.0	0.0	10171.0
160	3051.3333333333335	0.0	0.0	11178.0
170	2873.5	0.0	0.0	9384.0
180	3369.0	0.0	0.0	10757.0
190	3149.6666666666665	0.0	0.0	9526.0
200	3123.5	0.0	0.0	10760.0
210	3445.3333333333335	0.0	0.0	7981.0
220	3681.1666666666665	0.0	0.0	11660.0
230	3199.5	0.0	0.0	12455.0
240	3571.8333333333335	0.0	0.0	11569.0
250	3130.0	0.0	0.0	11863.0
260	3178.8333333333335	0.0	0.0	10665.0
270	3027.8333333333335	0.0	0.0	11948.0
280	3098.5	0.0	0.0	11024.0
290	3127.6666666666665	0.0	0.0	11570.0
300	4036.6666666666665	0.0	0.0	8138.0
310	3464.3333333333335	0.0	0.0	9253.0
320	3751.6666666666665	0.0	0.0	12965.0
330	3697.1666666666665	0.0	0.0	12430.0
340	3593.6666666666665	0.0	0.0	15582.0
350	3532.1666666666665	0.0	0.0	10772.0
360	3722.8333333333335	0.0	0.0	12837.0
370	3718.0	0.0	0.0	12920.0
380	4029.6666666666665	0.0	0.0	10089.0
390	3759.3333333333335	0.0	0.0	9526.0
400	3714.3333333333335	0.0	0.0	8082.0
410	3469.8333333333335	0.0	0.0	9338.0
420	3731.3333333333335	0.0	0.0	10027.0
430	3814.6666666666665	0.0	0.0	11346.0
440	3983.8333333333335	0.0	0.0	9293.0
450	3686.6666666666665	0.0	0.0	10387.0
460	3433.0	0.0	0.0	8776.0
470	3785.8333333333335	0.0	0.0	9702.0
480	3697.6666666666665	0.0	0.0	11511.0
490	3736.3333333333335	0.0	0.0	10630.0
500	3843.0	0.0	0.0	10401.0
510	3866.1666666666665	0.0	0.0	10320.0
520	3861.1666666666665	0.0	0.0	10252.0
530	3570.1666666666665	0.0	0.0	8440.0
540	3579.1666666666665	0.0	0.0	9230.0
550	3541.6666666666665	0.0	0.0	11965.0
560	4001.5	0.0	0.0	10567.0
570	3490.5	0.0	0.0	7716.0
580	3559.8333333333335	0.0	0.0	11201.0
590	3762.1666666666665	0.0	0.0	11152.0
600	3660.0	0.0	0.0	8575.0
