0	224.0	0.0	0.0	0.0
10	1968.5	1000.0	4895.0	9609.0
20	1762.1666666666667	0.0	0.0	9820.0
30	2107.3333333333335	0.0	0.0	8331.0
40	2218.8333333333335	0.0	0.0	5343.0
50	2191.8333333333335	0.0	0.0	8589.0
60	2209.5	0.0	0.0	9955.0
70	2441.6666666666665	0.0	0.0	10703.0
80	2258.6666666666665	0.0	0.0	10512.0
90	2139.1666666666665	0.0	0.0	11302.0
100	2459.3333333333335	0.0	0.0	11507.0
110	2451.6666666666665	0.0	0.0	11542.0
120	2483.0	0.0	0.0	9738.0
130	2603.1666666666665	0.0	0.0	7528.0
140	2809.5	0.0	0.0	11857.0
150	2710.1666666666665	0.0	0.0	5301.0
160	2806.3333333333335	0.0	0.0	8005.0
170	2705.8333333333335	0.0	0.0	10489.0
180	2808.6666666666665	0.0	0.0	8642.0
190	3009.8333333333335	0.0	0.0	8737.0
200	2323.0	0.0	0.0	7366.0
210	2411.1666666666665	0.0	0.0	8685.0
220	2426.3333333333335	0.0	0.0	5700.0
230	2854.8333333333335	0.0	0.0	10010.0
240	2251.3333333333335	0.0	0.0	7496.0
250	2345.1666666666665	0.0	0.0	11094.0
260	3036.1666666666665	0.0	0.0	11329.0
270	2841.3333333333335	0.0	0.0	5468.0
280	2586.3333333333335	0.0	0.0	7724.0
290	2502.3333333333335	0.0	0.0	8746.0
300	3090.5	0.0	0.0	8381.0
310	3459.3333333333335	0.0	0.0	12165.0
320	3341.0	0.0	0.0	9567.0
330	3221.1666666666665	0.0	0.0	9847.0
340	3307.8333333333335	0.0	0.0	6794.0
350	3412.1666666666665	0.0	0.0	9768.0
360	2835.1666666666665	0.0	0.0	12674.0
370	2745.0	0.0	0.0	10263.0
380	3076.5	0.0	0.0	14077.0
390	3162.1666666666665	0.0	0.0	11367.0
400	3463.8333333333335	0.0	0.0	10596.0
410	3236.6666666666665	0.0	0.0	9717.0
420	2977.0	0.0	0.0	9104.0
430	3785.6666666666665	0.0	0.0	11243.0
440	3817.1666666666665	0.0	0.0	10796.0
450	3497.8333333333335	0.0	0.0	8992.0
460	3577.8333333333335	0.0	0.0	11771.0
470	3196.5	0.0	0.0	12817.0
480	3425.0	0.0	0.0	11996.0
490	3184.3333333333335	0.0	0.0	10924.0
500	3838.6666666666665	0.0	0.0	10350.0
510	3044.5	0.0	0.0	11456.0
520	3796.6666666666665	0.0	0.0	12945.0
530	3602.0	0.0	0.0	10883.0
540	3664.0	0.0	0.0	12265.0
550	3739.1666666666665	0.0	0.0	10352.0
560	3387.6666666666665	0.0	0.0	9467.0
570	3521.3333333333335	0.0	0.0	8801.0
580	3554.1666666666665	0.0	0.0	11363.0
590	3241.6666666666665	0.0	0.0	10384.0
600	3588.3333333333335	0.0	0.0	9495.0
610	3679.6666666666665	0.0	0.0	12594.0
620	3554.5	0.0	0.0	13215.0
630	3699.3333333333335	0.0	0.0	7837.0
640	3447.6666666666665	0.0	0.0	10608.0
650	3435.8333333333335	0.0	0.0	12564.0
660	3897.8333333333335	0.0	0.0	12628.0
670	3256.1666666666665	0.0	0.0	9502.0
680	3586.3333333333335	0.0	0.0	9413.0
690	3769.1666666666665	0.0	0.0	7491.0
700	3913.3333333333335	0.0	0.0	11902.0
710	3640.3333333333335	0.0	0.0	8949.0
720	3576.6666666666665	0.0	0.0	10268.0
730	3841.6666666666665	0.0	0.0	8881.0
740	3511.3333333333335	0.0	0.0	9418.0
750	3634.8333333333335	0.0	0.0	10366.0
760	3988.1666666666665	0.0	0.0	11431.0
770	3936.3333333333335	0.0	0.0	11012.0
780	3794.3333333333335	0.0	0.0	12245.0
790	3706.1666666666665	0.0	0.0	11437.0
800	3679.3333333333335	0.0	0.0	10321.0
810	3108.0	0.0	0.0	9752.0
820	3572.6666666666665	0.0	0.0	9643.0
830	3711.0	0.0	0.0	9478.0
840	3321.5	0.0	0.0	10971.0
850	3874.1666666666665	0.0	0.0	9847.0
860	3477.3333333333335	0.0	0.0	10507.0
870	3674.6666666666665	0.0	0.0	8744.0
880	3770.1666666666665	0.0	0.0	10396.0
890	3924.6666666666665	0.0	0.0	8537.0
900	3457.0	0.0	0.0	9326.0
910	3953.0	0.0	0.0	11880.0
920	3998.3333333333335	0.0	0.0	9886.0
930	3558.3333333333335	0.0	0.0	11267.0
940	3432.8333333333335	0.0	0.0	9350.0
950	3944.6666666666665	0.0	0.0	9581.0
960	3502.6666666666665	0.0	0.0	13731.0
970	3283.5	0.0	0.0	9687.0
980	3703.3333333333335	0.0	0.0	8042.0
990	3742.3333333333335	0.0	0.0	8349.0
1000	3816.0	0.0	0.0	8734.0
