0	250.33333333333334	0.0	0.0
10	2043.3333333333333	2.0	9319.0
20	1952.5	5.0	9015.0
30	1992.5	1.0	9263.0
40	2102.0	4.0	7499.0
50	2111.5	4.0	5716.0
60	2039.0	3.0	7027.0
70	2256.8333333333335	1.0	7366.0
80	1911.3333333333333	3.0	7765.0
90	2002.0	1.0	8278.0
100	1939.3333333333333	3.0	7460.0
110	2203.0	2.0	6881.0
120	2152.6666666666665	2.0	7849.0
130	2204.6666666666665	1.0	6695.0
140	2088.0	1.0	8577.0
150	2017.6666666666667	4.0	7345.0
160	2155.1666666666665	3.0	6796.0
170	2258.6666666666665	2.0	6217.0
180	2169.8333333333335	6.0	9912.0
190	1980.3333333333333	3.0	8342.0
200	2194.1666666666665	3.0	13163.0
210	2153.0	4.0	13376.0
220	2157.6666666666665	3.0	12264.0
230	2232.6666666666665	1.0	7620.0
240	2263.5	1.0	10383.0
250	2168.5	2.0	7040.0
260	2458.1666666666665	0.0	6557.0
270	2502.3333333333335	4.0	9484.0
280	2494.0	0.0	9039.0
290	2396.8333333333335	3.0	9741.0
300	2304.8333333333335	1.0	9463.0
310	2572.6666666666665	8.0	9795.0
320	2708.8333333333335	8.0	11145.0
330	2608.0	3.0	13887.0
340	2635.0	3.0	9162.0
350	2566.0	2.0	7850.0
360	2371.6666666666665	4.0	10168.0
370	2692.5	1.0	7642.0
380	2753.8333333333335	2.0	8868.0
390	2434.3333333333335	5.0	10755.0
400	2408.6666666666665	3.0	6777.0
410	2319.6666666666665	0.0	8714.0
420	2655.6666666666665	2.0	7940.0
430	2589.5	5.0	5437.0
440	2706.3333333333335	3.0	8047.0
450	2637.3333333333335	4.0	8532.0
460	2442.0	2.0	8146.0
470	2580.1666666666665	3.0	10525.0
480	2698.5	1.0	6807.0
490	2727.1666666666665	3.0	9393.0
500	2418.8333333333335	1.0	10342.0
510	2623.0	6.0	10162.0
520	2574.3333333333335	2.0	10003.0
530	2469.1666666666665	2.0	12824.0
540	2457.8333333333335	4.0	8768.0
550	2752.3333333333335	4.0	6901.0
560	2790.6666666666665	1.0	7900.0
570	2692.5	3.0	7834.0
580	2529.0	6.0	7173.0
590	2635.0	2.0	5218.0
600	2763.0	3.0	11160.0
610	2492.0	1.0	10079.0
620	2662.8333333333335	1.0	10591.0
630	2885.5	10.0	7880.0
640	2737.1666666666665	4.0	7821.0
650	2678.8333333333335	5.0	12841.0
660	2872.0	3.0	10104.0
670	2760.0	3.0	11214.0
680	2947.5	1.0	7925.0
690	3023.1666666666665	2.0	9225.0
700	2725.0	0.0	11113.0
710	2805.5	2.0	13114.0
720	2940.5	2.0	10525.0
730	2963.1666666666665	1.0	9086.0
740	2789.0	3.0	11435.0
750	2835.6666666666665	1.0	9837.0
760	2679.5	2.0	9674.0
770	2882.0	2.0	13576.0
780	2978.0	3.0	11466.0
790	2892.6666666666665	4.0	8126.0
800	2946.0	1.0	12320.0
810	2990.1666666666665	3.0	9156.0
820	2973.1666666666665	2.0	11907.0
830	3096.6666666666665	2.0	9150.0
840	3185.5	2.0	11755.0
850	2829.0	3.0	7238.0
860	2903.0	3.0	10976.0
870	3011.8333333333335	0.0	10440.0
880	3225.1666666666665	1.0	10182.0
890	3049.1666666666665	2.0	7974.0
900	3042.1666666666665	3.0	9167.0
910	3065.3333333333335	1.0	8734.0
920	3067.3333333333335	4.0	9907.0
930	3080.8333333333335	4.0	12322.0
940	2846.8333333333335	3.0	13545.0
950	2991.1666666666665	5.0	9990.0
960	2909.8333333333335	4.0	10574.0
970	3161.0	2.0	7931.0
980	3006.6666666666665	0.0	9500.0
990	3182.8333333333335	5.0	10868.0
1000	3096.6666666666665	0.0	9359.0
