0	256.6666666666667	0.0	0.0
10	2173.3333333333335	3.0	8632.0
20	2068.5	3.0	10402.0
30	2129.0	3.0	8350.0
40	2092.0	3.0	7416.0
50	2201.0	1.0	10793.0
60	1989.1666666666667	2.0	11345.0
70	2017.5	3.0	8604.0
80	1972.6666666666667	2.0	9238.0
90	2246.3333333333335	5.0	6735.0
100	2079.3333333333335	3.0	8701.0
110	2079.5	7.0	12038.0
120	2372.0	0.0	7097.0
130	2337.0	7.0	11465.0
140	2315.5	4.0	8481.0
150	2242.8333333333335	3.0	8133.0
160	2344.8333333333335	2.0	6664.0
170	2197.1666666666665	0.0	9271.0
180	2460.5	5.0	11174.0
190	2304.1666666666665	2.0	9398.0
200	2581.0	0.0	9367.0
210	2145.0	1.0	10647.0
220	2464.6666666666665	4.0	10228.0
230	2419.5	2.0	6717.0
240	2612.8333333333335	2.0	10196.0
250	2538.1666666666665	0.0	8652.0
260	2380.3333333333335	3.0	9397.0
270	2371.3333333333335	3.0	8661.0
280	2375.0	4.0	10780.0
290	2031.0	3.0	8611.0
300	2733.3333333333335	3.0	11214.0
310	2346.3333333333335	1.0	7152.0
320	2414.5	4.0	11759.0
330	2380.3333333333335	3.0	7625.0
340	2498.0	6.0	9000.0
350	2563.0	0.0	7618.0
360	2552.5	2.0	8654.0
370	2419.0	2.0	7801.0
380	2786.0	0.0	6339.0
390	2532.6666666666665	2.0	8235.0
400	2179.3333333333335	6.0	10300.0
410	2599.3333333333335	1.0	5316.0
420	2465.0	3.0	9524.0
430	2308.6666666666665	1.0	8980.0
440	2551.6666666666665	4.0	9135.0
450	2637.1666666666665	2.0	11115.0
460	2514.6666666666665	8.0	13069.0
470	2761.5	2.0	8327.0
480	2545.0	6.0	11389.0
490	2664.3333333333335	5.0	8170.0
500	2789.0	4.0	10690.0
510	2621.1666666666665	8.0	8126.0
520	2754.6666666666665	2.0	7948.0
530	2660.8333333333335	1.0	8149.0
540	2759.1666666666665	1.0	11146.0
550	2586.8333333333335	0.0	9702.0
560	2990.6666666666665	3.0	10388.0
570	2689.0	1.0	10225.0
580	2731.1666666666665	3.0	8492.0
590	3072.5	2.0	11783.0
600	2212.8333333333335	3.0	8288.0
610	2676.5	2.0	9336.0
620	2672.6666666666665	2.0	10473.0
630	2741.3333333333335	3.0	8836.0
640	2618.3333333333335	2.0	7503.0
650	2715.6666666666665	4.0	7461.0
660	2645.0	2.0	7908.0
670	2598.8333333333335	3.0	13151.0
680	2751.1666666666665	1.0	7168.0
690	2367.1666666666665	3.0	8999.0
700	3000.8333333333335	4.0	8153.0
710	2981.0	3.0	8628.0
720	2864.6666666666665	3.0	10645.0
730	2829.8333333333335	3.0	7230.0
740	2933.8333333333335	7.0	9112.0
750	2720.1666666666665	4.0	10252.0
760	3066.6666666666665	7.0	7746.0
770	2570.1666666666665	1.0	9135.0
780	2995.0	1.0	7805.0
790	2674.8333333333335	4.0	9117.0
800	2811.6666666666665	3.0	8771.0
810	2974.0	6.0	10494.0
820	3051.8333333333335	1.0	8090.0
830	3001.6666666666665	3.0	8100.0
840	2862.6666666666665	1.0	10232.0
850	2902.5	1.0	8411.0
860	2869.5	4.0	12722.0
870	2891.5	2.0	9804.0
880	3067.3333333333335	4.0	12114.0
890	2992.5	3.0	10836.0
900	3244.1666666666665	2.0	9317.0
910	3150.6666666666665	1.0	9906.0
920	2992.1666666666665	3.0	10473.0
930	2843.1666666666665	0.0	8605.0
940	2933.5	4.0	8997.0
950	2961.3333333333335	7.0	10675.0
960	3054.6666666666665	3.0	7272.0
970	2893.0	1.0	8280.0
980	2957.3333333333335	8.0	8579.0
990	2996.6666666666665	4.0	11896.0
1000	3152.5	2.0	6762.0
