0	2316.0	0.0	0.0	0.0
10	2260.0	715.0	6899.0	10200.0
20	2527.1666666666665	285.0	3836.0	7861.0
30	2386.5	0.0	0.0	8915.0
40	2470.5	0.0	0.0	9407.0
50	2444.8333333333335	0.0	0.0	11436.0
60	2512.5	0.0	0.0	9256.0
70	2721.8333333333335	0.0	0.0	9403.0
80	2756.5	0.0	0.0	9182.0
90	2724.5	0.0	0.0	8556.0
100	2877.3333333333335	0.0	0.0	12051.0
110	2619.5	0.0	0.0	8341.0
120	2979.3333333333335	0.0	0.0	6337.0
130	2692.6666666666665	0.0	0.0	8114.0
140	3031.3333333333335	0.0	0.0	11759.0
150	3049.1666666666665	0.0	0.0	10596.0
160	2588.3333333333335	0.0	0.0	8224.0
170	3117.8333333333335	0.0	0.0	10718.0
180	2978.3333333333335	0.0	0.0	9082.0
190	2844.8333333333335	0.0	0.0	9233.0
200	2841.8333333333335	0.0	0.0	11793.0
210	2847.6666666666665	0.0	0.0	7169.0
220	3182.3333333333335	0.0	0.0	12561.0
230	3089.0	0.0	0.0	13147.0
240	3434.3333333333335	0.0	0.0	7539.0
250	2875.6666666666665	0.0	0.0	7295.0
260	3065.1666666666665	0.0	0.0	12285.0
270	2931.1666666666665	0.0	0.0	9984.0
280	3071.5	0.0	0.0	9488.0
290	3582.8333333333335	0.0	0.0	12692.0
300	3328.5	0.0	0.0	9746.0
310	3185.3333333333335	0.0	0.0	11881.0
320	3031.3333333333335	0.0	0.0	10036.0
330	3124.5	0.0	0.0	13326.0
340	3226.0	0.0	0.0	13192.0
350	3316.5	0.0	0.0	10134.0
360	3500.3333333333335	0.0	0.0	6761.0
370	3909.3333333333335	0.0	0.0	8174.0
380	3880.8333333333335	0.0	0.0	10486.0
390	3273.8333333333335	0.0	0.0	13057.0
400	3669.1666666666665	0.0	0.0	6953.0
410	3431.8333333333335	0.0	0.0	10176.0
420	3328.1666666666665	0.0	0.0	11819.0
430	3558.0	0.0	0.0	13357.0
440	3310.8333333333335	0.0	0.0	11036.0
450	3988.5	0.0	0.0	14337.0
460	3472.5	0.0	0.0	12088.0
470	3415.6666666666665	0.0	0.0	9341.0
480	3544.3333333333335	0.0	0.0	8949.0
490	3292.6666666666665	0.0	0.0	9643.0
500	3670.3333333333335	0.0	0.0	12805.0
510	3676.0	0.0	0.0	8863.0
520	3514.3333333333335	0.0	0.0	11777.0
530	3469.8333333333335	0.0	0.0	11543.0
540	3683.6666666666665	0.0	0.0	10193.0
550	3724.3333333333335	0.0	0.0	10652.0
560	3453.8333333333335	0.0	0.0	12608.0
570	3352.5	0.0	0.0	10762.0
580	3885.5	0.0	0.0	11094.0
590	3492.5	0.0	0.0	12635.0
600	3730.3333333333335	0.0	0.0	8943.0
610	3547.5	0.0	0.0	8453.0
620	3878.8333333333335	0.0	0.0	10988.0
630	3892.5	0.0	0.0	7844.0
640	3734.3333333333335	0.0	0.0	9654.0
650	3603.0	0.0	0.0	13129.0
660	3734.3333333333335	0.0	0.0	11025.0
670	3978.0	0.0	0.0	11008.0
680	3149.0	0.0	0.0	13473.0
690	4026.8333333333335	0.0	0.0	8817.0
700	3398.0	0.0	0.0	10439.0
710	3673.3333333333335	0.0	0.0	11922.0
720	3615.6666666666665	0.0	0.0	9498.0
730	3755.8333333333335	0.0	0.0	11808.0
740	4065.8333333333335	0.0	0.0	10286.0
750	3672.3333333333335	0.0	0.0	7113.0
760	3403.6666666666665	0.0	0.0	12033.0
770	3619.1666666666665	0.0	0.0	7970.0
780	3948.3333333333335	0.0	0.0	10240.0
790	3825.6666666666665	0.0	0.0	8907.0
800	4044.1666666666665	0.0	0.0	8586.0
