0	2185.8333333333335	0.0	0.0	0.0
10	2333.5	850.0	7085.0	10242.0
20	2479.8333333333335	150.0	2390.0	11187.0
30	2305.0	0.0	0.0	8597.0
40	2522.5	0.0	0.0	7773.0
50	2608.3333333333335	0.0	0.0	9465.0
60	2443.8333333333335	0.0	0.0	9197.0
70	2435.8333333333335	0.0	0.0	6235.0
80	2572.6666666666665	0.0	0.0	6469.0
90	2615.5	0.0	0.0	6714.0
100	2371.8333333333335	0.0	0.0	9000.0
110	2494.3333333333335	0.0	0.0	8879.0
120	2789.6666666666665	0.0	0.0	11960.0
130	2823.0	0.0	0.0	10897.0
140	2910.1666666666665	0.0	0.0	9337.0
150	2444.0	0.0	0.0	10959.0
160	2677.8333333333335	0.0	0.0	10367.0
170	2822.8333333333335	0.0	0.0	7924.0
180	2422.0	0.0	0.0	8119.0
190	2373.3333333333335	0.0	0.0	8460.0
200	2188.1666666666665	0.0	0.0	4701.0
210	2512.6666666666665	0.0	0.0	11474.0
220	2680.1666666666665	0.0	0.0	9929.0
230	2405.6666666666665	0.0	0.0	10121.0
240	3070.5	0.0	0.0	6196.0
250	2968.6666666666665	0.0	0.0	11596.0
260	2668.8333333333335	0.0	0.0	9462.0
270	2664.3333333333335	0.0	0.0	8602.0
280	2715.5	0.0	0.0	10184.0
290	2568.0	0.0	0.0	7374.0
300	2791.0	0.0	0.0	7491.0
310	2509.6666666666665	0.0	0.0	9110.0
320	2385.5	0.0	0.0	9941.0
330	2747.5	0.0	0.0	8562.0
340	2892.6666666666665	0.0	0.0	6809.0
350	2743.6666666666665	0.0	0.0	7262.0
360	2683.1666666666665	0.0	0.0	11408.0
370	3228.8333333333335	0.0	0.0	13367.0
380	2947.5	0.0	0.0	7559.0
390	3206.5	0.0	0.0	12781.0
400	3358.5	0.0	0.0	8508.0
410	3036.0	0.0	0.0	8090.0
420	3595.3333333333335	0.0	0.0	10446.0
430	3544.1666666666665	0.0	0.0	8363.0
440	3493.5	0.0	0.0	7582.0
450	2898.1666666666665	0.0	0.0	10178.0
460	3389.6666666666665	0.0	0.0	8873.0
470	3638.5	0.0	0.0	11054.0
480	3107.1666666666665	0.0	0.0	8929.0
490	3507.8333333333335	0.0	0.0	6923.0
500	3690.0	0.0	0.0	8835.0
510	3331.5	0.0	0.0	10712.0
520	3167.1666666666665	0.0	0.0	7319.0
530	3296.6666666666665	0.0	0.0	10260.0
540	3227.3333333333335	0.0	0.0	10271.0
550	2869.3333333333335	0.0	0.0	9629.0
560	3573.1666666666665	0.0	0.0	11234.0
570	3570.0	0.0	0.0	7734.0
580	3564.5	0.0	0.0	7138.0
590	3251.6666666666665	0.0	0.0	11028.0
600	3737.3333333333335	0.0	0.0	10773.0
610	3626.3333333333335	0.0	0.0	10373.0
620	3329.5	0.0	0.0	10998.0
630	3321.5	0.0	0.0	9187.0
640	3510.5	0.0	0.0	10788.0
650	3630.6666666666665	0.0	0.0	9630.0
660	3831.0	0.0	0.0	13877.0
670	3769.5	0.0	0.0	12671.0
680	3444.0	0.0	0.0	10304.0
690	3483.3333333333335	0.0	0.0	9948.0
700	3844.1666666666665	0.0	0.0	11693.0
710	3768.0	0.0	0.0	11475.0
720	3876.3333333333335	0.0	0.0	11449.0
730	3384.0	0.0	0.0	9207.0
740	3672.6666666666665	0.0	0.0	10540.0
750	3880.6666666666665	0.0	0.0	11469.0
760	3886.8333333333335	0.0	0.0	8389.0
770	3770.5	0.0	0.0	10510.0
780	3375.8333333333335	0.0	0.0	11637.0
790	3811.5	0.0	0.0	11469.0
800	3639.5	0.0	0.0	9010.0
