0	2314.1666666666665	0.0	0.0	0.0
10	2187.0	255.0	4935.0	7709.0
20	2244.0	670.0	7893.0	11853.0
30	2526.0	75.0	1859.0	11272.0
40	2430.5	0.0	0.0	8680.0
50	2437.1666666666665	0.0	0.0	10505.0
60	2698.8333333333335	0.0	0.0	7861.0
70	2289.5	0.0	0.0	7446.0
80	2945.5	0.0	0.0	13138.0
90	2682.6666666666665	0.0	0.0	9299.0
100	2943.0	0.0	0.0	11929.0
110	2791.5	0.0	0.0	11067.0
120	2728.6666666666665	0.0	0.0	7924.0
130	2609.6666666666665	0.0	0.0	8403.0
140	2937.1666666666665	0.0	0.0	8071.0
150	2600.3333333333335	0.0	0.0	9869.0
160	2740.6666666666665	0.0	0.0	9711.0
170	2856.5	0.0	0.0	9782.0
180	2850.3333333333335	0.0	0.0	12999.0
190	2880.6666666666665	0.0	0.0	8596.0
200	2773.5	0.0	0.0	9214.0
210	2631.8333333333335	0.0	0.0	7979.0
220	3035.0	0.0	0.0	10887.0
230	2631.8333333333335	0.0	0.0	10576.0
240	2801.8333333333335	0.0	0.0	7841.0
250	3134.3333333333335	0.0	0.0	8557.0
260	3027.8333333333335	0.0	0.0	10416.0
270	2981.0	0.0	0.0	8350.0
280	3344.1666666666665	0.0	0.0	11303.0
290	3281.6666666666665	0.0	0.0	8857.0
300	3359.1666666666665	0.0	0.0	13943.0
310	3049.0	0.0	0.0	10951.0
320	3383.8333333333335	0.0	0.0	10493.0
330	3502.0	0.0	0.0	10582.0
340	3535.3333333333335	0.0	0.0	15468.0
350	3071.1666666666665	0.0	0.0	10662.0
360	3079.1666666666665	0.0	0.0	11090.0
370	3726.3333333333335	0.0	0.0	9346.0
380	3384.0	0.0	0.0	8732.0
390	4005.3333333333335	0.0	0.0	10973.0
400	3561.5	0.0	0.0	10077.0
410	3845.6666666666665	0.0	0.0	11317.0
420	3653.0	0.0	0.0	12547.0
430	3892.3333333333335	0.0	0.0	8119.0
440	3990.5	0.0	0.0	8228.0
450	3875.6666666666665	0.0	0.0	10238.0
460	3766.8333333333335	0.0	0.0	13007.0
470	3628.5	0.0	0.0	11484.0
480	3346.0	0.0	0.0	8696.0
490	3615.3333333333335	0.0	0.0	11208.0
500	3079.0	0.0	0.0	10536.0
510	3684.5	0.0	0.0	9269.0
520	3491.3333333333335	0.0	0.0	10501.0
530	3883.5	0.0	0.0	10691.0
540	3796.3333333333335	0.0	0.0	11336.0
550	3572.1666666666665	0.0	0.0	8402.0
560	3857.5	0.0	0.0	11465.0
570	3498.6666666666665	0.0	0.0	9966.0
580	3349.0	0.0	0.0	10746.0
590	3666.1666666666665	0.0	0.0	11001.0
600	3650.8333333333335	0.0	0.0	11273.0
610	3502.0	0.0	0.0	10386.0
620	3356.0	0.0	0.0	9124.0
630	3719.0	0.0	0.0	10244.0
640	3344.6666666666665	0.0	0.0	12497.0
650	3629.6666666666665	0.0	0.0	10170.0
660	3633.8333333333335	0.0	0.0	9918.0
670	3382.3333333333335	0.0	0.0	11640.0
680	3524.8333333333335	0.0	0.0	9450.0
690	3710.5	0.0	0.0	11605.0
700	3534.0	0.0	0.0	9902.0
710	3774.5	0.0	0.0	9972.0
720	3910.1666666666665	0.0	0.0	9738.0
730	3812.0	0.0	0.0	9030.0
740	3759.5	0.0	0.0	9100.0
750	3576.1666666666665	0.0	0.0	11037.0
760	3892.1666666666665	0.0	0.0	7982.0
770	3756.6666666666665	0.0	0.0	9457.0
780	3708.0	0.0	0.0	11040.0
790	3650.5	0.0	0.0	9719.0
800	3798.5	0.0	0.0	6447.0
