0	1374.3333333333333	0.0	0.0	0.0
10	994.6666666666666	71.0	7209.0	7209.0
20	1163.3333333333333	72.0	7742.0	7742.0
30	2048.6666666666665	61.0	7530.0	7530.0
40	2263.0	62.0	8658.0	8658.0
50	1198.0	65.0	8417.0	8417.0
60	2169.0	74.0	9579.0	9579.0
70	2516.3333333333335	75.0	9046.0	9046.0
80	2473.0	77.0	8921.0	8921.0
90	2304.5	33.0	6610.0	6610.0
100	2483.6666666666665	94.0	10673.0	10673.0
110	1971.0	81.0	10214.0	10214.0
120	2378.8333333333335	53.0	7218.0	7218.0
130	2578.3333333333335	63.0	8279.0	8279.0
140	2327.0	119.0	11430.0	11813.0
150	1821.3333333333333	0.0	0.0	8917.0
160	1636.5	0.0	0.0	8414.0
170	2377.1666666666665	0.0	0.0	9122.0
180	2346.0	0.0	0.0	7800.0
190	2365.6666666666665	0.0	0.0	8794.0
200	2450.0	0.0	0.0	6945.0
210	2041.5	0.0	0.0	7295.0
220	2009.8333333333333	0.0	0.0	8223.0
230	1894.3333333333333	0.0	0.0	9109.0
240	1783.3333333333333	0.0	0.0	7525.0
250	2193.5	0.0	0.0	9143.0
260	1994.6666666666667	0.0	0.0	9448.0
270	1975.8333333333333	0.0	0.0	7799.0
280	1970.8333333333333	0.0	0.0	8741.0
290	1848.0	0.0	0.0	8669.0
300	1965.5	0.0	0.0	8204.0
310	1643.0	0.0	0.0	10605.0
320	2202.3333333333335	0.0	0.0	8447.0
330	2181.5	0.0	0.0	8220.0
340	2362.0	0.0	0.0	11075.0
350	1477.1666666666667	0.0	0.0	6282.0
360	1865.3333333333333	0.0	0.0	9099.0
370	1977.1666666666667	0.0	0.0	7767.0
380	1708.3333333333333	0.0	0.0	8637.0
390	2036.3333333333333	0.0	0.0	7716.0
400	1691.3333333333333	0.0	0.0	8581.0
410	1576.3333333333333	0.0	0.0	10784.0
420	2575.6666666666665	0.0	0.0	7910.0
430	2035.0	0.0	0.0	7778.0
440	2361.3333333333335	0.0	0.0	8777.0
450	2459.3333333333335	0.0	0.0	10195.0
460	2488.1666666666665	0.0	0.0	8843.0
470	2293.5	0.0	0.0	8411.0
480	2339.8333333333335	0.0	0.0	8754.0
490	2581.1666666666665	0.0	0.0	7926.0
500	2565.6666666666665	0.0	0.0	9328.0
510	2642.0	0.0	0.0	6993.0
520	2353.3333333333335	0.0	0.0	8510.0
530	2520.3333333333335	0.0	0.0	9137.0
540	2610.6666666666665	0.0	0.0	8186.0
550	2493.6666666666665	0.0	0.0	8715.0
560	2234.0	0.0	0.0	8174.0
570	2200.0	0.0	0.0	10432.0
580	2419.6666666666665	0.0	0.0	11903.0
590	2253.6666666666665	0.0	0.0	8381.0
600	2386.8333333333335	0.0	0.0	8757.0
610	2427.6666666666665	0.0	0.0	8700.0
620	2579.8333333333335	0.0	0.0	9523.0
630	2308.0	0.0	0.0	8053.0
640	2215.8333333333335	0.0	0.0	7503.0
650	2336.3333333333335	0.0	0.0	8186.0
660	2438.0	0.0	0.0	10140.0
670	2520.3333333333335	0.0	0.0	8170.0
680	2582.5	0.0	0.0	8660.0
690	1992.1666666666667	0.0	0.0	7314.0
700	1918.6666666666667	0.0	0.0	12187.0
710	1417.6666666666667	0.0	0.0	7871.0
720	1623.3333333333333	0.0	0.0	10819.0
730	1792.8333333333333	0.0	0.0	8585.0
740	2522.5	0.0	0.0	7948.0
750	2628.0	0.0	0.0	9087.0
760	2460.3333333333335	0.0	0.0	8179.0
770	2609.3333333333335	0.0	0.0	11869.0
780	1908.3333333333333	0.0	0.0	6671.0
790	2029.6666666666667	0.0	0.0	7526.0
800	2247.3333333333335	0.0	0.0	6424.0
810	2203.1666666666665	0.0	0.0	9673.0
820	2292.1666666666665	0.0	0.0	8956.0
830	2434.5	0.0	0.0	8878.0
840	1845.1666666666667	0.0	0.0	9177.0
850	2415.6666666666665	0.0	0.0	9466.0
860	2032.0	0.0	0.0	7973.0
870	2002.3333333333333	0.0	0.0	8699.0
880	1957.6666666666667	0.0	0.0	10212.0
890	2460.6666666666665	0.0	0.0	7858.0
900	2379.3333333333335	0.0	0.0	7174.0
910	2463.3333333333335	0.0	0.0	8361.0
920	2385.6666666666665	0.0	0.0	8089.0
930	2395.0	0.0	0.0	9210.0
940	2447.6666666666665	0.0	0.0	8770.0
950	2518.0	0.0	0.0	7944.0
960	2319.6666666666665	0.0	0.0	7918.0
970	2571.3333333333335	0.0	0.0	8070.0
980	2378.1666666666665	0.0	0.0	9098.0
990	2450.1666666666665	0.0	0.0	7337.0
1000	2395.6666666666665	0.0	0.0	7741.0
