0	1041.3333333333333	0.0	0.0	0.0
10	846.0	85.0	8709.0	8709.0
20	1513.6666666666667	78.0	7874.0	7874.0
30	2120.0	71.0	7457.0	7457.0
40	856.3333333333334	71.0	8510.0	8510.0
50	2223.0	93.0	9012.0	9012.0
60	2235.3333333333335	86.0	10274.0	10274.0
70	2146.5	43.0	8272.0	8272.0
80	2571.1666666666665	78.0	8837.0	8837.0
90	2549.1666666666665	143.0	11806.0	11806.0
100	2301.6666666666665	39.0	7142.0	7142.0
110	2717.3333333333335	59.0	7300.0	7300.0
120	2230.0	57.0	8550.0	8550.0
130	2453.0	97.0	9163.0	9174.0
140	1868.3333333333333	0.0	0.0	7218.0
150	1538.5	0.0	0.0	10224.0
160	1697.3333333333333	0.0	0.0	7978.0
170	2093.3333333333335	0.0	0.0	10278.0
180	2279.5	0.0	0.0	7701.0
190	1882.1666666666667	0.0	0.0	8280.0
200	1584.0	0.0	0.0	12678.0
210	1643.1666666666667	0.0	0.0	10814.0
220	1771.0	0.0	0.0	7879.0
230	2363.0	0.0	0.0	8186.0
240	2356.8333333333335	0.0	0.0	8226.0
250	1842.0	0.0	0.0	8981.0
260	2236.0	0.0	0.0	7349.0
270	1613.6666666666667	0.0	0.0	8775.0
280	1560.1666666666667	0.0	0.0	7605.0
290	2220.8333333333335	0.0	0.0	8704.0
300	1934.5	0.0	0.0	6219.0
310	2441.3333333333335	0.0	0.0	8174.0
320	2273.6666666666665	0.0	0.0	7984.0
330	2424.8333333333335	0.0	0.0	8593.0
340	2270.1666666666665	0.0	0.0	8948.0
350	2214.6666666666665	0.0	0.0	8739.0
360	1281.6666666666667	0.0	0.0	9161.0
370	1834.0	0.0	0.0	7002.0
380	2428.6666666666665	0.0	0.0	9258.0
390	2653.3333333333335	0.0	0.0	8972.0
400	2251.5	0.0	0.0	8483.0
410	2622.3333333333335	0.0	0.0	7777.0
420	2300.3333333333335	0.0	0.0	9649.0
430	2589.8333333333335	0.0	0.0	10112.0
440	2530.3333333333335	0.0	0.0	10648.0
450	2300.3333333333335	0.0	0.0	9060.0
460	2325.8333333333335	0.0	0.0	7843.0
470	2418.5	0.0	0.0	9624.0
480	2437.8333333333335	0.0	0.0	9298.0
490	2217.0	0.0	0.0	9262.0
500	2521.0	0.0	0.0	10458.0
510	2409.0	0.0	0.0	11061.0
520	2287.6666666666665	0.0	0.0	8756.0
530	2492.1666666666665	0.0	0.0	8601.0
540	2493.6666666666665	0.0	0.0	8159.0
550	2362.0	0.0	0.0	10479.0
560	2337.0	0.0	0.0	8406.0
570	1944.3333333333333	0.0	0.0	8981.0
580	1798.6666666666667	0.0	0.0	9492.0
590	2112.0	0.0	0.0	7742.0
600	1831.1666666666667	0.0	0.0	10032.0
610	2674.3333333333335	0.0	0.0	8643.0
620	2511.0	0.0	0.0	7343.0
630	2596.3333333333335	0.0	0.0	10633.0
640	2486.0	0.0	0.0	8962.0
650	1747.1666666666667	0.0	0.0	8990.0
660	1861.6666666666667	0.0	0.0	8623.0
670	1967.5	0.0	0.0	9617.0
680	1905.6666666666667	0.0	0.0	7555.0
690	2417.8333333333335	0.0	0.0	9556.0
700	1769.3333333333333	0.0	0.0	7808.0
710	1929.5	0.0	0.0	10239.0
720	1922.0	0.0	0.0	10845.0
730	2581.3333333333335	0.0	0.0	7970.0
740	2448.0	0.0	0.0	9002.0
750	2564.0	0.0	0.0	8453.0
760	2694.6666666666665	0.0	0.0	7618.0
770	2498.5	0.0	0.0	7873.0
780	2437.6666666666665	0.0	0.0	8726.0
790	2638.3333333333335	0.0	0.0	9490.0
800	2555.8333333333335	0.0	0.0	8683.0
810	2465.8333333333335	0.0	0.0	8413.0
820	2218.3333333333335	0.0	0.0	8538.0
830	2280.0	0.0	0.0	8999.0
840	2623.0	0.0	0.0	8601.0
850	1916.5	0.0	0.0	9371.0
860	2588.0	0.0	0.0	9297.0
870	1908.3333333333333	0.0	0.0	9487.0
880	1777.8333333333333	0.0	0.0	9924.0
890	2200.6666666666665	0.0	0.0	10512.0
900	1673.0	0.0	0.0	7852.0
910	1735.8333333333333	0.0	0.0	7740.0
920	1940.0	0.0	0.0	7958.0
930	2185.3333333333335	0.0	0.0	9421.0
940	2392.0	0.0	0.0	7560.0
950	2396.6666666666665	0.0	0.0	8834.0
960	2295.0	0.0	0.0	9671.0
970	2408.0	0.0	0.0	9654.0
980	2576.0	0.0	0.0	7860.0
990	2687.6666666666665	0.0	0.0	7837.0
1000	2381.1666666666665	0.0	0.0	6059.0
