0	2493.1666666666665	0.0	0.0	0.0
10	2738.0	1000.0	1000.0	7566.0
20	2340.3333333333335	0.0	0.0	6879.0
30	2278.8333333333335	0.0	0.0	7426.0
40	2226.6666666666665	0.0	0.0	9093.0
50	2300.1666666666665	0.0	0.0	11654.0
60	2529.1666666666665	0.0	0.0	9292.0
70	2725.8333333333335	0.0	0.0	11788.0
80	2613.0	0.0	0.0	9420.0
90	2781.0	0.0	0.0	10948.0
100	2643.8333333333335	0.0	0.0	9699.0
110	2820.3333333333335	0.0	0.0	13013.0
120	2451.1666666666665	0.0	0.0	6272.0
130	2448.8333333333335	0.0	0.0	6163.0
140	3005.8333333333335	0.0	0.0	11151.0
150	2528.0	0.0	0.0	10829.0
160	2417.3333333333335	0.0	0.0	7662.0
170	2489.8333333333335	0.0	0.0	9467.0
180	2629.8333333333335	0.0	0.0	9602.0
190	2629.0	0.0	0.0	8008.0
200	3089.0	0.0	0.0	8660.0
210	2837.5	0.0	0.0	9998.0
220	2724.8333333333335	0.0	0.0	7710.0
230	2725.0	0.0	0.0	11249.0
240	2987.0	0.0	0.0	7051.0
250	2817.5	0.0	0.0	11614.0
260	3494.6666666666665	0.0	0.0	6736.0
270	3372.0	0.0	0.0	7496.0
280	3210.0	0.0	0.0	12084.0
290	2769.0	0.0	0.0	7463.0
300	3301.0	0.0	0.0	11089.0
310	2948.6666666666665	0.0	0.0	10802.0
320	3202.5	0.0	0.0	9469.0
330	3388.5	0.0	0.0	9432.0
340	3375.5	0.0	0.0	11535.0
350	3426.8333333333335	0.0	0.0	9057.0
360	3321.0	0.0	0.0	10032.0
370	3536.8333333333335	0.0	0.0	10674.0
380	3038.5	0.0	0.0	9991.0
390	3721.5	0.0	0.0	6884.0
400	3966.0	0.0	0.0	6985.0
410	3659.8333333333335	0.0	0.0	10184.0
420	3281.1666666666665	0.0	0.0	11607.0
430	3330.3333333333335	0.0	0.0	12614.0
440	3727.8333333333335	0.0	0.0	11990.0
450	3201.3333333333335	0.0	0.0	12212.0
460	3446.6666666666665	0.0	0.0	11295.0
470	3804.6666666666665	0.0	0.0	11132.0
480	3730.3333333333335	0.0	0.0	8995.0
490	3314.8333333333335	0.0	0.0	12282.0
500	3639.0	0.0	0.0	8882.0
510	3406.6666666666665	0.0	0.0	12554.0
520	3929.0	0.0	0.0	13646.0
530	3602.6666666666665	0.0	0.0	9610.0
540	3611.1666666666665	0.0	0.0	10070.0
550	3738.8333333333335	0.0	0.0	10454.0
560	3682.8333333333335	0.0	0.0	13465.0
570	3657.0	0.0	0.0	10661.0
580	3680.8333333333335	0.0	0.0	11990.0
590	4013.0	0.0	0.0	11521.0
600	3508.0	0.0	0.0	9647.0
610	3879.6666666666665	0.0	0.0	12099.0
620	3758.5	0.0	0.0	9063.0
630	3688.1666666666665	0.0	0.0	12235.0
640	3224.1666666666665	0.0	0.0	8528.0
650	3596.1666666666665	0.0	0.0	8829.0
660	3631.3333333333335	0.0	0.0	10149.0
670	3568.1666666666665	0.0	0.0	8914.0
680	3939.1666666666665	0.0	0.0	9549.0
690	3569.0	0.0	0.0	13397.0
700	3812.8333333333335	0.0	0.0	11035.0
710	3579.0	0.0	0.0	11475.0
720	3820.0	0.0	0.0	9773.0
730	3951.5	0.0	0.0	10162.0
740	3404.0	0.0	0.0	11738.0
750	3501.8333333333335	0.0	0.0	11199.0
760	3964.1666666666665	0.0	0.0	10405.0
770	3648.5	0.0	0.0	11567.0
780	4168.166666666667	0.0	0.0	9375.0
790	4021.8333333333335	0.0	0.0	7532.0
800	3629.0	0.0	0.0	9208.0
