0	2732.8333333333335	0.0	0.0	0.0
10	2784.3333333333335	1000.0	1000.0	7311.0
20	2770.1666666666665	0.0	0.0	6730.0
30	2507.0	0.0	0.0	8472.0
40	2397.0	0.0	0.0	7250.0
50	2510.3333333333335	0.0	0.0	9274.0
60	2809.6666666666665	0.0	0.0	6782.0
70	2534.0	0.0	0.0	6944.0
80	1968.5	0.0	0.0	7543.0
90	2634.8333333333335	0.0	0.0	9951.0
100	2431.5	0.0	0.0	11848.0
110	2778.6666666666665	0.0	0.0	8628.0
120	2672.1666666666665	0.0	0.0	8954.0
130	1981.3333333333333	0.0	0.0	10019.0
140	2829.1666666666665	0.0	0.0	7770.0
150	2958.6666666666665	0.0	0.0	12195.0
160	3064.6666666666665	0.0	0.0	8247.0
170	2712.3333333333335	0.0	0.0	11958.0
180	2644.3333333333335	0.0	0.0	9266.0
190	3050.6666666666665	0.0	0.0	9431.0
200	3018.5	0.0	0.0	8994.0
210	2950.5	0.0	0.0	6821.0
220	2601.0	0.0	0.0	10466.0
230	3542.1666666666665	0.0	0.0	11712.0
240	3514.6666666666665	0.0	0.0	8851.0
250	3055.0	0.0	0.0	12241.0
260	2963.1666666666665	0.0	0.0	12246.0
270	3388.1666666666665	0.0	0.0	9675.0
280	3135.6666666666665	0.0	0.0	6842.0
290	2547.1666666666665	0.0	0.0	13346.0
300	3045.1666666666665	0.0	0.0	11968.0
310	3468.0	0.0	0.0	13715.0
320	3792.8333333333335	0.0	0.0	11443.0
330	3475.1666666666665	0.0	0.0	11058.0
340	3265.1666666666665	0.0	0.0	8567.0
350	3774.8333333333335	0.0	0.0	11670.0
360	3519.0	0.0	0.0	10899.0
370	3423.6666666666665	0.0	0.0	9883.0
380	3907.5	0.0	0.0	9515.0
390	3047.0	0.0	0.0	7936.0
400	3158.1666666666665	0.0	0.0	11835.0
410	3183.6666666666665	0.0	0.0	9981.0
420	3508.0	0.0	0.0	12320.0
430	3774.6666666666665	0.0	0.0	10423.0
440	3227.5	0.0	0.0	9910.0
450	3461.6666666666665	0.0	0.0	10517.0
460	3966.1666666666665	0.0	0.0	10441.0
470	3477.8333333333335	0.0	0.0	11216.0
480	3397.8333333333335	0.0	0.0	9208.0
490	4024.5	0.0	0.0	11743.0
500	3429.3333333333335	0.0	0.0	9540.0
510	3732.5	0.0	0.0	12575.0
520	3979.3333333333335	0.0	0.0	9764.0
530	3901.0	0.0	0.0	11605.0
540	4040.1666666666665	0.0	0.0	10553.0
550	3868.5	0.0	0.0	10704.0
560	3601.6666666666665	0.0	0.0	10936.0
570	3672.6666666666665	0.0	0.0	9642.0
580	3603.6666666666665	0.0	0.0	10884.0
590	3743.0	0.0	0.0	8077.0
600	3710.5	0.0	0.0	8355.0
610	3919.1666666666665	0.0	0.0	9554.0
620	3955.6666666666665	0.0	0.0	7798.0
630	3890.6666666666665	0.0	0.0	8624.0
640	3775.0	0.0	0.0	8570.0
650	3274.6666666666665	0.0	0.0	8549.0
660	3376.8333333333335	0.0	0.0	10487.0
670	3663.3333333333335	0.0	0.0	12743.0
680	3662.6666666666665	0.0	0.0	11104.0
690	3857.0	0.0	0.0	11505.0
700	3843.0	0.0	0.0	9931.0
710	3661.6666666666665	0.0	0.0	10547.0
720	3524.5	0.0	0.0	8040.0
730	3724.3333333333335	0.0	0.0	10324.0
740	3604.1666666666665	0.0	0.0	8779.0
750	3549.1666666666665	0.0	0.0	9780.0
760	3820.6666666666665	0.0	0.0	11567.0
770	3661.1666666666665	0.0	0.0	10394.0
780	3415.6666666666665	0.0	0.0	11543.0
790	3710.0	0.0	0.0	11310.0
800	3461.8333333333335	0.0	0.0	11000.0
