0	306.0	0.0	0.0	0.0
10	2147.5	56.0	3408.0	7623.0
20	2025.3333333333333	8.0	1466.0	7939.0
30	2172.1666666666665	11.0	741.0	8782.0
40	2020.0	16.0	1759.0	10943.0
50	2291.6666666666665	6.0	1641.0	10582.0
60	2546.1666666666665	0.0	1992.0	10175.0
70	2431.6666666666665	2.0	1376.0	11134.0
80	2422.8333333333335	1.0	1525.0	10245.0
90	2748.1666666666665	0.0	1143.0	9416.0
100	2514.0	4.0	707.0	6897.0
110	2726.1666666666665	11.0	2165.0	11380.0
120	2324.8333333333335	0.0	923.0	6531.0
130	2413.6666666666665	7.0	2843.0	12409.0
140	2691.1666666666665	8.0	976.0	6545.0
150	2484.3333333333335	13.0	1365.0	8742.0
160	2176.8333333333335	0.0	711.0	6454.0
170	2347.1666666666665	15.0	1592.0	10453.0
180	2419.8333333333335	8.0	1347.0	8745.0
190	2550.1666666666665	1.0	1104.0	7041.0
200	2128.6666666666665	1.0	1109.0	6782.0
210	2937.5	6.0	2014.0	8785.0
220	2440.1666666666665	0.0	1794.0	9007.0
230	2507.5	10.0	854.0	6974.0
240	2434.3333333333335	4.0	1305.0	8306.0
250	2621.8333333333335	3.0	1859.0	10204.0
260	2300.0	6.0	1887.0	11073.0
270	2451.0	0.0	858.0	7178.0
280	2533.8333333333335	4.0	1428.0	9434.0
290	2385.6666666666665	0.0	1925.0	9068.0
300	2758.3333333333335	4.0	1360.0	10080.0
310	3225.5	0.0	1204.0	8133.0
320	2470.6666666666665	0.0	1848.0	10621.0
330	2873.5	0.0	1335.0	9207.0
340	2953.0	0.0	1165.0	7616.0
350	3156.0	0.0	1548.0	11595.0
360	3146.6666666666665	0.0	1811.0	9797.0
370	3207.3333333333335	0.0	1120.0	7170.0
380	3551.6666666666665	0.0	1806.0	9623.0
390	3431.5	0.0	1565.0	9894.0
400	3096.5	0.0	1163.0	9328.0
410	3033.1666666666665	2.0	1877.0	13213.0
420	3363.8333333333335	0.0	930.0	9557.0
430	3340.3333333333335	0.0	1169.0	10368.0
440	3068.8333333333335	0.0	1338.0	9746.0
450	3600.3333333333335	0.0	1392.0	11127.0
460	3284.8333333333335	0.0	2314.0	12549.0
470	3388.6666666666665	0.0	1401.0	6795.0
480	3434.1666666666665	0.0	1124.0	9278.0
490	3060.8333333333335	0.0	1256.0	11235.0
500	3433.3333333333335	0.0	1477.0	10453.0
510	3713.0	0.0	1272.0	10876.0
520	3566.6666666666665	0.0	1069.0	8023.0
530	3438.8333333333335	0.0	1101.0	9027.0
540	3327.3333333333335	0.0	1771.0	12102.0
550	3329.8333333333335	0.0	1652.0	10983.0
560	3876.6666666666665	0.0	1596.0	11562.0
570	3811.6666666666665	0.0	2042.0	13488.0
580	3779.3333333333335	0.0	1208.0	8151.0
590	3609.5	0.0	2100.0	9448.0
600	3636.5	0.0	1841.0	9948.0
610	3441.1666666666665	0.0	1739.0	8113.0
620	4290.166666666667	0.0	1594.0	7903.0
630	3372.1666666666665	0.0	2268.0	11865.0
640	3330.5	0.0	2160.0	11826.0
650	3115.1666666666665	0.0	1950.0	13022.0
660	4016.1666666666665	0.0	1562.0	10504.0
670	3695.5	0.0	927.0	8745.0
680	3725.1666666666665	0.0	1242.0	9314.0
690	4047.8333333333335	0.0	2065.0	12824.0
700	3691.3333333333335	0.0	1477.0	8957.0
710	3841.3333333333335	0.0	1723.0	10013.0
720	3305.8333333333335	0.0	1522.0	11405.0
730	3784.1666666666665	0.0	1759.0	12990.0
740	3808.1666666666665	0.0	1443.0	12555.0
750	3798.8333333333335	0.0	1437.0	12154.0
760	3611.0	0.0	985.0	8252.0
770	3643.5	0.0	1125.0	9277.0
780	3520.1666666666665	0.0	688.0	9100.0
790	3502.5	0.0	1086.0	10949.0
800	3711.6666666666665	0.0	980.0	9171.0
810	3627.8333333333335	0.0	1641.0	12140.0
820	4050.3333333333335	0.0	1307.0	9576.0
830	3654.5	0.0	998.0	7030.0
840	3323.8333333333335	0.0	1086.0	10241.0
850	4080.1666666666665	0.0	866.0	9206.0
860	3905.1666666666665	0.0	1467.0	11521.0
870	3818.0	0.0	1811.0	13820.0
880	4173.833333333333	0.0	1186.0	12221.0
890	3850.1666666666665	0.0	813.0	9764.0
900	3938.8333333333335	0.0	1199.0	9778.0
910	3663.6666666666665	0.0	1108.0	13118.0
920	3868.8333333333335	0.0	1107.0	12754.0
930	3763.3333333333335	0.0	868.0	10437.0
940	3490.8333333333335	0.0	1856.0	14167.0
950	3841.1666666666665	0.0	970.0	10145.0
960	3921.8333333333335	0.0	661.0	10760.0
970	3354.1666666666665	0.0	685.0	9933.0
980	3870.0	0.0	662.0	7044.0
990	3410.5	0.0	932.0	8535.0
1000	4230.333333333333	0.0	1382.0	10420.0
