0	2115.0	0.0	0.0	0.0
10	2345.8333333333335	0.0	420.0	6843.0
20	2168.5	74.0	1201.0	11041.0
30	2496.6666666666665	7.0	926.0	9578.0
40	2160.0	0.0	661.0	8174.0
50	2311.0	18.0	1205.0	11863.0
60	2585.0	15.0	534.0	8150.0
70	2627.0	23.0	413.0	7325.0
80	2520.1666666666665	94.0	1120.0	11715.0
90	2263.3333333333335	104.0	661.0	10299.0
100	2698.6666666666665	0.0	209.0	6704.0
110	2797.6666666666665	17.0	437.0	7932.0
120	2934.6666666666665	14.0	213.0	5590.0
130	2287.1666666666665	84.0	1279.0	13499.0
140	2491.1666666666665	8.0	688.0	8810.0
150	2923.3333333333335	12.0	727.0	11045.0
160	2005.8333333333333	17.0	466.0	8192.0
170	2394.8333333333335	144.0	661.0	11190.0
180	2570.3333333333335	29.0	611.0	10530.0
190	2772.5	0.0	641.0	10552.0
200	2679.8333333333335	69.0	852.0	13754.0
210	3126.8333333333335	12.0	815.0	10979.0
220	3276.0	2.0	494.0	8812.0
230	2275.6666666666665	53.0	587.0	7035.0
240	2946.3333333333335	12.0	497.0	8167.0
250	2856.3333333333335	56.0	706.0	11786.0
260	2725.3333333333335	0.0	618.0	8006.0
270	2837.3333333333335	0.0	539.0	8328.0
280	2783.1666666666665	0.0	429.0	8023.0
290	2806.1666666666665	6.0	561.0	11745.0
300	3144.0	0.0	640.0	10930.0
310	3003.1666666666665	0.0	540.0	10803.0
320	3041.5	0.0	641.0	10332.0
330	2834.1666666666665	0.0	693.0	12807.0
340	3136.5	0.0	515.0	8429.0
350	3432.1666666666665	0.0	771.0	11865.0
360	2861.1666666666665	19.0	641.0	8107.0
370	3290.3333333333335	0.0	714.0	10902.0
380	3163.0	0.0	613.0	10221.0
390	3507.3333333333335	0.0	469.0	7054.0
400	3321.3333333333335	0.0	614.0	8656.0
410	4101.666666666667	0.0	725.0	12309.0
420	3776.0	0.0	355.0	8114.0
430	3478.5	0.0	646.0	11764.0
440	3202.8333333333335	0.0	518.0	10698.0
450	3628.8333333333335	0.0	761.0	8695.0
460	3880.1666666666665	0.0	517.0	8632.0
470	3423.8333333333335	0.0	817.0	10066.0
480	3943.8333333333335	0.0	622.0	9423.0
490	3534.1666666666665	0.0	683.0	9415.0
500	3329.8333333333335	0.0	567.0	9988.0
510	3261.1666666666665	0.0	632.0	11564.0
520	3714.1666666666665	0.0	752.0	11934.0
530	3521.1666666666665	0.0	698.0	13035.0
540	3612.8333333333335	0.0	628.0	10973.0
550	3192.5	0.0	536.0	8293.0
560	2900.3333333333335	0.0	624.0	10289.0
570	3949.3333333333335	0.0	909.0	8574.0
580	3683.6666666666665	0.0	1308.0	13048.0
590	3688.5	0.0	900.0	10650.0
600	3598.5	0.0	819.0	9332.0
610	3994.1666666666665	0.0	904.0	11398.0
620	3843.1666666666665	0.0	741.0	10483.0
630	3935.8333333333335	0.0	539.0	8891.0
640	3835.8333333333335	0.0	553.0	9788.0
650	3649.6666666666665	0.0	288.0	6265.0
660	3668.5	0.0	397.0	9582.0
670	3701.0	0.0	485.0	8348.0
680	3757.3333333333335	0.0	533.0	10806.0
690	3680.3333333333335	0.0	574.0	9040.0
700	3936.8333333333335	0.0	687.0	12689.0
710	4031.3333333333335	0.0	580.0	9625.0
720	3541.6666666666665	0.0	321.0	8620.0
730	3876.0	0.0	737.0	10896.0
740	3617.0	0.0	462.0	8066.0
750	3760.1666666666665	0.0	697.0	11053.0
760	3888.1666666666665	0.0	670.0	10965.0
770	3812.0	0.0	306.0	8375.0
780	3298.3333333333335	0.0	493.0	7729.0
790	3791.6666666666665	0.0	970.0	10323.0
800	4195.833333333333	0.0	1668.0	11701.0
810	3935.5	0.0	650.0	10091.0
820	3745.6666666666665	0.0	827.0	11904.0
830	3666.1666666666665	0.0	506.0	7881.0
840	3558.0	0.0	447.0	10387.0
850	3879.0	0.0	589.0	10713.0
860	3880.3333333333335	0.0	550.0	9948.0
870	3788.5	0.0	1016.0	11261.0
880	4149.166666666667	0.0	854.0	10474.0
890	3933.5	0.0	508.0	10362.0
900	3606.6666666666665	0.0	764.0	9345.0
910	3669.5	0.0	593.0	9535.0
920	3924.0	0.0	765.0	11889.0
930	3771.8333333333335	0.0	745.0	11699.0
940	3527.8333333333335	0.0	535.0	10717.0
950	3815.3333333333335	0.0	693.0	9744.0
960	3840.1666666666665	0.0	517.0	10654.0
970	3483.0	0.0	508.0	9289.0
980	3727.1666666666665	0.0	358.0	7771.0
990	3757.1666666666665	0.0	1155.0	12958.0
1000	3995.5	0.0	1031.0	13016.0
