0	2144.1666666666665	0.0	0.0	0.0
10	2217.1666666666665	0.0	861.0	11324.0
20	2188.1666666666665	0.0	597.0	7320.0
30	2376.1666666666665	1.0	713.0	9577.0
40	2243.1666666666665	44.0	915.0	9841.0
50	2427.8333333333335	66.0	1061.0	11482.0
60	2519.3333333333335	22.0	1019.0	10415.0
70	2553.8333333333335	21.0	852.0	8421.0
80	2488.3333333333335	56.0	706.0	9023.0
90	2487.6666666666665	16.0	495.0	7650.0
100	2836.6666666666665	16.0	581.0	8394.0
110	2761.1666666666665	25.0	787.0	9899.0
120	2286.3333333333335	0.0	797.0	8327.0
130	2312.8333333333335	20.0	367.0	6729.0
140	2704.0	15.0	594.0	10320.0
150	2355.8333333333335	18.0	362.0	5899.0
160	2476.0	43.0	425.0	7456.0
170	2374.8333333333335	15.0	500.0	8155.0
180	2720.0	14.0	445.0	4709.0
190	2662.6666666666665	4.0	475.0	6812.0
200	2522.1666666666665	14.0	689.0	7344.0
210	2833.3333333333335	74.0	641.0	6906.0
220	2595.0	33.0	683.0	9550.0
230	2604.3333333333335	17.0	511.0	7441.0
240	2666.3333333333335	27.0	376.0	6637.0
250	2477.6666666666665	0.0	426.0	7699.0
260	2703.8333333333335	33.0	567.0	9261.0
270	2583.8333333333335	0.0	320.0	5564.0
280	2778.8333333333335	84.0	555.0	8396.0
290	2368.0	29.0	577.0	10451.0
300	2806.3333333333335	0.0	502.0	7783.0
310	3293.1666666666665	0.0	509.0	6200.0
320	2716.8333333333335	0.0	950.0	12123.0
330	3066.1666666666665	0.0	807.0	9428.0
340	3406.5	15.0	765.0	11197.0
350	2733.5	0.0	700.0	11101.0
360	3463.0	0.0	484.0	6428.0
370	3361.8333333333335	0.0	599.0	7325.0
380	3273.3333333333335	0.0	601.0	7638.0
390	3174.5	0.0	664.0	10001.0
400	3248.5	0.0	594.0	9328.0
410	2877.5	0.0	693.0	15539.0
420	3627.8333333333335	0.0	681.0	12540.0
430	3713.3333333333335	0.0	649.0	8807.0
440	2709.0	19.0	796.0	12372.0
450	3439.8333333333335	0.0	597.0	7900.0
460	3286.0	0.0	561.0	10316.0
470	3610.3333333333335	0.0	626.0	9056.0
480	3766.1666666666665	0.0	554.0	8866.0
490	3594.8333333333335	0.0	469.0	8544.0
500	3182.5	0.0	396.0	7585.0
510	3763.8333333333335	0.0	517.0	7664.0
520	3477.6666666666665	0.0	637.0	12347.0
530	3699.6666666666665	0.0	645.0	9696.0
540	3604.0	0.0	757.0	8464.0
550	3836.6666666666665	0.0	951.0	11575.0
560	3768.8333333333335	0.0	739.0	9429.0
570	3369.5	0.0	820.0	10716.0
580	2880.5	0.0	560.0	7260.0
590	3505.8333333333335	0.0	775.0	12314.0
600	3644.3333333333335	0.0	432.0	8912.0
610	3575.0	0.0	811.0	11594.0
620	3435.1666666666665	0.0	721.0	10262.0
630	3342.0	0.0	776.0	9291.0
640	3459.6666666666665	0.0	1132.0	10034.0
650	3286.1666666666665	0.0	534.0	8990.0
660	2953.3333333333335	0.0	682.0	9212.0
670	3146.8333333333335	0.0	802.0	11478.0
680	3754.0	0.0	850.0	13691.0
690	3697.6666666666665	0.0	789.0	12252.0
700	3612.8333333333335	0.0	821.0	12412.0
710	3817.0	0.0	462.0	9003.0
720	3269.6666666666665	0.0	514.0	8478.0
730	3771.5	0.0	479.0	10459.0
740	3503.5	0.0	291.0	8974.0
750	3933.0	0.0	525.0	10112.0
760	3676.6666666666665	0.0	398.0	8364.0
770	3711.5	0.0	580.0	11372.0
780	3707.5	0.0	560.0	12355.0
790	3483.3333333333335	0.0	583.0	9746.0
800	3878.3333333333335	0.0	822.0	12905.0
810	4009.0	0.0	434.0	9838.0
820	3833.3333333333335	0.0	775.0	13601.0
830	3637.3333333333335	0.0	472.0	9746.0
840	3495.0	0.0	585.0	10160.0
850	4000.8333333333335	0.0	763.0	10879.0
860	3645.8333333333335	0.0	325.0	8972.0
870	3849.8333333333335	0.0	738.0	9961.0
880	3810.3333333333335	0.0	1074.0	11365.0
890	3773.3333333333335	0.0	699.0	12732.0
900	3952.1666666666665	0.0	652.0	8219.0
910	4124.166666666667	0.0	777.0	9198.0
920	3823.0	0.0	661.0	9540.0
930	3580.8333333333335	0.0	462.0	10314.0
940	3386.6666666666665	0.0	625.0	9274.0
950	3736.1666666666665	0.0	628.0	12040.0
960	3687.5	0.0	483.0	9800.0
970	3926.5	0.0	442.0	11176.0
980	3332.0	0.0	557.0	11125.0
990	3640.8333333333335	0.0	1113.0	13504.0
1000	3671.6666666666665	0.0	347.0	9688.0
