0	2638.8333333333335	0.0	0.0	0.0
10	2196.5	20.0	3128.0	7924.0
20	2022.5	31.0	3012.0	6283.0
30	2694.6666666666665	19.0	3621.0	11155.0
40	2586.5	11.0	3261.0	8144.0
50	2800.5	9.0	2174.0	6783.0
60	2526.8333333333335	55.0	4591.0	12808.0
70	2463.6666666666665	39.0	3937.0	9394.0
80	3126.6666666666665	23.0	4843.0	14161.0
90	2980.3333333333335	10.0	2941.0	7909.0
100	3046.5	14.0	2884.0	8150.0
110	2392.6666666666665	9.0	2654.0	6609.0
120	2888.3333333333335	17.0	4504.0	10508.0
130	2245.5	7.0	3373.0	7865.0
140	2459.0	25.0	4104.0	9479.0
150	2209.5	6.0	3474.0	8380.0
160	2579.5	6.0	3843.0	8345.0
170	2982.6666666666665	4.0	4355.0	9281.0
180	2483.5	16.0	4640.0	9631.0
190	3172.5	6.0	3493.0	7914.0
200	3175.3333333333335	6.0	4415.0	9794.0
210	2813.3333333333335	5.0	3785.0	8884.0
220	3244.1666666666665	8.0	5036.0	11291.0
230	3240.0	4.0	3365.0	7922.0
240	2723.1666666666665	5.0	4076.0	9089.0
250	3269.1666666666665	18.0	4636.0	9934.0
260	3267.8333333333335	8.0	3787.0	7322.0
270	3346.8333333333335	1.0	3173.0	6715.0
280	2781.1666666666665	6.0	4103.0	9468.0
290	3103.0	11.0	4201.0	8546.0
300	2630.8333333333335	11.0	4512.0	9683.0
310	3111.0	9.0	4496.0	9768.0
320	3455.0	13.0	4614.0	10649.0
330	3063.3333333333335	6.0	3527.0	7093.0
340	3701.6666666666665	5.0	4320.0	8551.0
350	3436.6666666666665	9.0	5528.0	11932.0
360	3052.8333333333335	11.0	4819.0	10172.0
370	3408.5	11.0	4246.0	9476.0
380	3419.5	6.0	3072.0	5847.0
390	3723.6666666666665	4.0	4196.0	8706.0
400	2825.6666666666665	9.0	4545.0	9736.0
410	3498.5	7.0	4209.0	8793.0
420	3236.8333333333335	9.0	5527.0	11926.0
430	3292.6666666666665	9.0	4971.0	11200.0
440	3800.5	6.0	5578.0	10507.0
450	3804.5	10.0	5838.0	11670.0
460	3878.1666666666665	9.0	4426.0	8571.0
470	3529.5	10.0	4984.0	10514.0
480	3452.6666666666665	7.0	4455.0	8253.0
490	3284.8333333333335	6.0	4881.0	10582.0
500	3097.1666666666665	10.0	5510.0	12297.0
510	3906.5	9.0	5080.0	9680.0
520	3516.6666666666665	9.0	7115.0	14761.0
530	3748.3333333333335	6.0	4882.0	9547.0
540	3175.8333333333335	9.0	4855.0	8994.0
550	3247.6666666666665	7.0	5920.0	11454.0
560	3824.3333333333335	16.0	5641.0	10543.0
570	3565.0	6.0	6162.0	12637.0
580	3376.0	15.0	4801.0	11871.0
590	3716.1666666666665	4.0	4568.0	10865.0
600	3449.6666666666665	10.0	5349.0	11602.0
610	3774.8333333333335	20.0	4396.0	9217.0
620	3804.5	17.0	4642.0	9891.0
630	3179.8333333333335	9.0	3755.0	7599.0
640	3946.0	6.0	4646.0	9322.0
650	3929.6666666666665	16.0	5148.0	11247.0
660	3526.1666666666665	10.0	5299.0	11263.0
670	3522.6666666666665	7.0	4580.0	10255.0
680	3665.3333333333335	5.0	4688.0	10910.0
690	4203.666666666667	9.0	3407.0	7584.0
700	3769.0	15.0	4203.0	9382.0
710	3841.0	10.0	4795.0	10011.0
720	3924.1666666666665	19.0	6000.0	13548.0
730	4018.6666666666665	5.0	3731.0	8351.0
740	3933.5	10.0	4274.0	8077.0
750	4110.666666666667	8.0	4386.0	9485.0
760	3752.1666666666665	13.0	4915.0	10849.0
770	3864.8333333333335	13.0	4881.0	9676.0
780	3668.6666666666665	13.0	4313.0	9041.0
790	3963.8333333333335	6.0	5403.0	10747.0
800	3347.3333333333335	9.0	4605.0	8244.0
