0	925.8333333333334	0.0	0.0	0.0
10	620.0	32.0	6911.0	6911.0
20	1049.0	25.0	7677.0	7677.0
30	1369.6666666666667	11.0	3710.0	3710.0
40	1053.1666666666667	31.0	6489.0	6489.0
50	2319.6666666666665	23.0	7205.0	7205.0
60	2081.0	20.0	7422.0	7422.0
70	2340.1666666666665	12.0	5335.0	5335.0
80	2530.1666666666665	29.0	8278.0	8278.0
90	1668.3333333333333	23.0	7278.0	7278.0
100	1769.1666666666667	32.0	9104.0	9104.0
110	2153.0	18.0	8972.0	8972.0
120	1718.8333333333333	12.0	5949.0	5949.0
130	1598.6666666666667	24.0	8653.0	8653.0
140	1580.6666666666667	23.0	8277.0	8277.0
150	2088.0	41.0	9280.0	9280.0
160	1889.0	20.0	6253.0	6253.0
170	2609.3333333333335	6.0	7373.0	7373.0
180	2470.5	18.0	7774.0	7774.0
190	2348.3333333333335	9.0	7252.0	7252.0
200	2370.6666666666665	18.0	9182.0	9182.0
210	2403.6666666666665	12.0	7542.0	7542.0
220	2259.8333333333335	18.0	7205.0	7205.0
230	2534.0	20.0	8289.0	8289.0
240	2743.8333333333335	24.0	9321.0	9321.0
250	2319.0	17.0	9761.0	9761.0
260	2463.1666666666665	13.0	9392.0	9392.0
270	2341.0	8.0	8848.0	8848.0
280	1943.3333333333333	23.0	9715.0	9715.0
290	2307.6666666666665	32.0	10841.0	10841.0
300	1975.0	42.0	11111.0	11111.0
310	2080.5	23.0	8698.0	8698.0
320	2085.3333333333335	20.0	9629.0	9629.0
330	2122.8333333333335	21.0	8365.0	8365.0
340	2202.3333333333335	26.0	7269.0	7269.0
350	1855.3333333333333	24.0	7505.0	7505.0
360	2686.8333333333335	26.0	11047.0	11047.0
370	2086.1666666666665	18.0	7708.0	7708.0
380	2193.6666666666665	13.0	9482.0	9482.0
390	1843.8333333333333	14.0	10232.0	10232.0
400	1994.3333333333333	10.0	9136.0	9136.0
410	1908.6666666666667	27.0	13153.0	13153.0
420	1691.8333333333333	28.0	9918.0	9918.0
430	2498.6666666666665	26.0	9922.0	9922.0
440	2341.0	22.0	9778.0	9778.0
450	2456.3333333333335	13.0	10706.0	10706.0
460	2250.1666666666665	20.0	9244.0	9244.0
470	2399.6666666666665	23.0	9657.0	9657.0
480	2394.1666666666665	10.0	3667.0	9565.0
490	1767.8333333333333	0.0	0.0	8603.0
500	1858.5	0.0	0.0	10548.0
510	2298.0	0.0	0.0	9675.0
520	2346.6666666666665	0.0	0.0	8229.0
530	2359.5	0.0	0.0	9543.0
540	2547.3333333333335	0.0	0.0	9667.0
550	2342.6666666666665	0.0	0.0	8557.0
560	2514.1666666666665	0.0	0.0	9895.0
570	2712.1666666666665	0.0	0.0	9879.0
580	2424.3333333333335	0.0	0.0	10535.0
590	2669.6666666666665	0.0	0.0	9665.0
600	2485.5	0.0	0.0	9858.0
610	2523.5	0.0	0.0	7314.0
620	2412.8333333333335	0.0	0.0	9739.0
630	2393.0	0.0	0.0	7320.0
640	2167.8333333333335	0.0	0.0	9133.0
650	1690.6666666666667	0.0	0.0	10155.0
660	2076.0	0.0	0.0	10050.0
670	1748.8333333333333	0.0	0.0	9064.0
680	1927.1666666666667	0.0	0.0	9272.0
690	2079.6666666666665	0.0	0.0	9818.0
700	1722.3333333333333	0.0	0.0	12488.0
710	2552.8333333333335	0.0	0.0	8657.0
720	2363.6666666666665	0.0	0.0	8092.0
730	2599.3333333333335	0.0	0.0	8507.0
740	2350.3333333333335	0.0	0.0	7940.0
750	2304.5	0.0	0.0	7887.0
760	2068.1666666666665	0.0	0.0	8994.0
770	2598.1666666666665	0.0	0.0	11624.0
780	2260.3333333333335	0.0	0.0	9336.0
790	1818.0	0.0	0.0	9307.0
800	2064.3333333333335	0.0	0.0	7782.0
810	2032.1666666666667	0.0	0.0	10830.0
820	2097.8333333333335	0.0	0.0	6756.0
830	1896.3333333333333	0.0	0.0	6661.0
840	1857.6666666666667	0.0	0.0	6818.0
850	1978.6666666666667	0.0	0.0	10174.0
860	1881.1666666666667	0.0	0.0	8526.0
870	2311.6666666666665	0.0	0.0	10100.0
880	2609.3333333333335	0.0	0.0	10681.0
890	2212.8333333333335	0.0	0.0	9392.0
900	2458.1666666666665	0.0	0.0	10146.0
910	2583.6666666666665	0.0	0.0	7877.0
920	2231.6666666666665	0.0	0.0	8763.0
930	2377.6666666666665	0.0	0.0	8906.0
940	2583.1666666666665	0.0	0.0	9796.0
950	2497.0	0.0	0.0	7944.0
960	2461.1666666666665	0.0	0.0	6977.0
970	2221.6666666666665	0.0	0.0	8725.0
980	2475.8333333333335	0.0	0.0	8506.0
990	2327.0	0.0	0.0	9060.0
1000	2306.0	0.0	0.0	11052.0
