0	734.0	0.0	0.0	0.0
10	1038.0	50.0	8399.0	8399.0
20	1359.6666666666667	38.0	7860.0	7860.0
30	2083.6666666666665	5.0	4731.0	4731.0
40	2950.3333333333335	23.0	7255.0	7255.0
50	1827.5	13.0	6880.0	6880.0
60	2323.1666666666665	11.0	8059.0	8059.0
70	2267.3333333333335	45.0	10660.0	10660.0
80	2371.6666666666665	36.0	12163.0	12163.0
90	2660.8333333333335	44.0	12841.0	12841.0
100	2290.1666666666665	40.0	9487.0	9487.0
110	2318.3333333333335	12.0	7232.0	7232.0
120	2511.3333333333335	6.0	7193.0	7193.0
130	2175.6666666666665	8.0	8169.0	8169.0
140	2577.3333333333335	45.0	9886.0	9886.0
150	2253.6666666666665	17.0	8457.0	8457.0
160	2564.1666666666665	18.0	8688.0	8688.0
170	2259.6666666666665	28.0	9588.0	9588.0
180	2498.3333333333335	14.0	8380.0	8380.0
190	2455.3333333333335	21.0	9252.0	9252.0
200	2419.0	11.0	8725.0	8725.0
210	2398.6666666666665	19.0	8875.0	8875.0
220	2687.3333333333335	21.0	8722.0	8722.0
230	2339.6666666666665	17.0	9054.0	9054.0
240	2281.0	18.0	8546.0	8546.0
250	2566.0	35.0	9939.0	9939.0
260	2606.1666666666665	13.0	8455.0	8455.0
270	2325.6666666666665	5.0	8197.0	8197.0
280	2275.6666666666665	15.0	8697.0	8697.0
290	2562.8333333333335	10.0	8177.0	8177.0
300	1731.3333333333333	16.0	9183.0	9183.0
310	1841.8333333333333	27.0	10052.0	10052.0
320	2448.6666666666665	31.0	10867.0	10867.0
330	1889.3333333333333	25.0	8765.0	8765.0
340	2003.6666666666667	5.0	8982.0	8982.0
350	1826.8333333333333	13.0	8904.0	8904.0
360	2225.1666666666665	12.0	7275.0	7275.0
370	1887.0	31.0	9872.0	9872.0
380	1727.6666666666667	16.0	8878.0	8878.0
390	2223.0	13.0	8399.0	8399.0
400	1550.0	25.0	8915.0	8915.0
410	2112.6666666666665	25.0	12878.0	12878.0
420	2528.8333333333335	17.0	7857.0	7857.0
430	1610.6666666666667	29.0	9314.0	9314.0
440	2020.0	16.0	8367.0	8367.0
450	1805.6666666666667	15.0	11595.0	11595.0
460	1548.3333333333333	25.0	10066.0	10066.0
470	2427.3333333333335	14.0	9150.0	9150.0
480	1399.8333333333333	7.0	2402.0	7691.0
490	2282.3333333333335	0.0	0.0	8473.0
500	1818.6666666666667	0.0	0.0	10504.0
510	2072.3333333333335	0.0	0.0	8070.0
520	1818.6666666666667	0.0	0.0	9135.0
530	1805.3333333333333	0.0	0.0	9736.0
540	1851.6666666666667	0.0	0.0	7886.0
550	2506.8333333333335	0.0	0.0	7681.0
560	1993.5	0.0	0.0	8720.0
570	1649.8333333333333	0.0	0.0	10931.0
580	2259.1666666666665	0.0	0.0	9443.0
590	2349.6666666666665	0.0	0.0	12045.0
600	1755.1666666666667	0.0	0.0	10479.0
610	2549.5	0.0	0.0	9307.0
620	2111.6666666666665	0.0	0.0	7702.0
630	2418.1666666666665	0.0	0.0	8277.0
640	2212.3333333333335	0.0	0.0	9222.0
650	2700.1666666666665	0.0	0.0	7978.0
660	2231.1666666666665	0.0	0.0	10331.0
670	2428.0	0.0	0.0	10003.0
680	2466.3333333333335	0.0	0.0	10679.0
690	2321.3333333333335	0.0	0.0	9862.0
700	2229.0	0.0	0.0	8580.0
710	2442.0	0.0	0.0	8855.0
720	2459.3333333333335	0.0	0.0	7815.0
730	2424.6666666666665	0.0	0.0	11507.0
740	2509.6666666666665	0.0	0.0	6999.0
750	2194.3333333333335	0.0	0.0	9665.0
760	2472.3333333333335	0.0	0.0	8949.0
770	2660.0	0.0	0.0	10231.0
780	2181.3333333333335	0.0	0.0	7855.0
790	2329.3333333333335	0.0	0.0	9365.0
800	2489.1666666666665	0.0	0.0	12493.0
810	2541.5	0.0	0.0	12713.0
820	2406.6666666666665	0.0	0.0	7804.0
830	2557.1666666666665	0.0	0.0	6541.0
840	2476.5	0.0	0.0	9485.0
850	2394.0	0.0	0.0	11883.0
860	2403.3333333333335	0.0	0.0	11213.0
870	2694.3333333333335	0.0	0.0	9317.0
880	2523.1666666666665	0.0	0.0	7188.0
890	2615.0	0.0	0.0	8302.0
900	2604.0	0.0	0.0	11961.0
910	2564.3333333333335	0.0	0.0	8492.0
920	2473.6666666666665	0.0	0.0	8040.0
930	2252.3333333333335	0.0	0.0	8430.0
940	2274.5	0.0	0.0	8291.0
950	2527.3333333333335	0.0	0.0	10750.0
960	2419.6666666666665	0.0	0.0	9380.0
970	2676.3333333333335	0.0	0.0	8762.0
980	2096.6666666666665	0.0	0.0	9533.0
990	1809.5	0.0	0.0	9286.0
1000	1975.3333333333333	0.0	0.0	11670.0
