0	2485.5	0.0	0.0	0.0
10	2603.8333333333335	184.0	5096.0	10426.0
20	2436.8333333333335	278.0	4619.0	9174.0
30	2691.1666666666665	538.0	7112.0	14607.0
40	2848.3333333333335	0.0	0.0	12703.0
50	2600.3333333333335	0.0	0.0	8619.0
60	2817.6666666666665	0.0	0.0	8528.0
70	3230.6666666666665	0.0	0.0	10139.0
80	3219.3333333333335	0.0	0.0	8621.0
90	2846.8333333333335	0.0	0.0	7393.0
100	3150.6666666666665	0.0	0.0	8844.0
110	2926.3333333333335	0.0	0.0	8565.0
120	3436.1666666666665	0.0	0.0	8902.0
130	2813.3333333333335	0.0	0.0	10592.0
140	3356.5	0.0	0.0	11393.0
150	3017.5	0.0	0.0	10904.0
160	2981.0	0.0	0.0	10695.0
170	3750.5	0.0	0.0	10376.0
180	3403.0	0.0	0.0	11885.0
190	3205.3333333333335	0.0	0.0	8337.0
200	3382.0	0.0	0.0	11678.0
210	3043.3333333333335	0.0	0.0	10217.0
220	3514.3333333333335	0.0	0.0	7957.0
230	3813.6666666666665	0.0	0.0	10464.0
240	3396.3333333333335	0.0	0.0	13354.0
250	3530.5	0.0	0.0	12268.0
260	3570.6666666666665	0.0	0.0	11215.0
270	3493.6666666666665	0.0	0.0	9702.0
280	3827.3333333333335	0.0	0.0	11906.0
290	3634.8333333333335	0.0	0.0	10032.0
300	3714.1666666666665	0.0	0.0	9376.0
310	3658.6666666666665	0.0	0.0	10466.0
320	3784.0	0.0	0.0	9536.0
330	3580.5	0.0	0.0	10473.0
340	3811.8333333333335	0.0	0.0	11269.0
350	3977.0	0.0	0.0	9815.0
360	3713.0	0.0	0.0	10978.0
370	3700.5	0.0	0.0	10250.0
380	3158.0	0.0	0.0	10622.0
390	3404.6666666666665	0.0	0.0	12372.0
400	3232.6666666666665	0.0	0.0	11537.0
410	3628.3333333333335	0.0	0.0	10591.0
420	3529.1666666666665	0.0	0.0	9191.0
430	3993.0	0.0	0.0	9839.0
440	3341.8333333333335	0.0	0.0	9905.0
450	3136.6666666666665	0.0	0.0	10074.0
460	3425.0	0.0	0.0	9209.0
470	3845.0	0.0	0.0	11123.0
480	3250.6666666666665	0.0	0.0	10756.0
490	3416.1666666666665	0.0	0.0	12148.0
500	3981.0	0.0	0.0	11814.0
510	3703.3333333333335	0.0	0.0	9372.0
520	3758.0	0.0	0.0	11018.0
530	3421.6666666666665	0.0	0.0	11198.0
540	3826.1666666666665	0.0	0.0	11270.0
550	4047.1666666666665	0.0	0.0	9628.0
560	3675.5	0.0	0.0	10686.0
570	3776.0	0.0	0.0	10603.0
580	3755.5	0.0	0.0	11072.0
590	3705.3333333333335	0.0	0.0	8442.0
600	3306.5	0.0	0.0	9909.0
610	3555.8333333333335	0.0	0.0	12108.0
620	3901.1666666666665	0.0	0.0	10691.0
630	3662.6666666666665	0.0	0.0	8956.0
640	3605.0	0.0	0.0	9344.0
650	3951.5	0.0	0.0	11693.0
660	3467.6666666666665	0.0	0.0	12066.0
670	3854.3333333333335	0.0	0.0	9953.0
680	3924.1666666666665	0.0	0.0	8067.0
690	3649.0	0.0	0.0	11820.0
700	3948.8333333333335	0.0	0.0	11317.0
710	3550.1666666666665	0.0	0.0	8755.0
720	3670.5	0.0	0.0	9252.0
730	3704.5	0.0	0.0	5917.0
740	3792.1666666666665	0.0	0.0	11187.0
750	3746.5	0.0	0.0	9238.0
760	4107.666666666667	0.0	0.0	11945.0
770	3806.8333333333335	0.0	0.0	9642.0
780	3579.6666666666665	0.0	0.0	12372.0
790	3888.8333333333335	0.0	0.0	10654.0
800	3653.6666666666665	0.0	0.0	10493.0
