0	2535.8333333333335	0.0	0.0	0.0
10	2520.5	108.0	4849.0	9597.0
20	2822.1666666666665	360.0	4377.0	8275.0
30	2782.6666666666665	115.0	2964.0	6036.0
40	2538.3333333333335	301.0	4097.0	7887.0
50	2784.0	116.0	2789.0	10066.0
60	3055.3333333333335	0.0	0.0	7095.0
70	2864.3333333333335	0.0	0.0	6509.0
80	2784.5	0.0	0.0	8100.0
90	2789.5	0.0	0.0	8078.0
100	3103.3333333333335	0.0	0.0	10550.0
110	2720.3333333333335	0.0	0.0	8390.0
120	3195.5	0.0	0.0	8912.0
130	2750.0	0.0	0.0	12514.0
140	2889.6666666666665	0.0	0.0	11975.0
150	2837.8333333333335	0.0	0.0	8577.0
160	3434.1666666666665	0.0	0.0	12135.0
170	3222.3333333333335	0.0	0.0	10045.0
180	3020.5	0.0	0.0	9611.0
190	3516.5	0.0	0.0	10229.0
200	3316.5	0.0	0.0	14336.0
210	3284.1666666666665	0.0	0.0	11538.0
220	3754.5	0.0	0.0	6174.0
230	3261.6666666666665	0.0	0.0	8245.0
240	3462.5	0.0	0.0	8666.0
250	3695.0	0.0	0.0	9782.0
260	3680.1666666666665	0.0	0.0	13722.0
270	3420.0	0.0	0.0	10897.0
280	3482.5	0.0	0.0	9682.0
290	3447.3333333333335	0.0	0.0	14256.0
300	3433.8333333333335	0.0	0.0	10859.0
310	3457.1666666666665	0.0	0.0	10220.0
320	3376.5	0.0	0.0	9790.0
330	3868.1666666666665	0.0	0.0	11166.0
340	3677.5	0.0	0.0	10969.0
350	3725.5	0.0	0.0	8617.0
360	3446.1666666666665	0.0	0.0	11414.0
370	4095.3333333333335	0.0	0.0	14223.0
380	3308.8333333333335	0.0	0.0	12229.0
390	3752.1666666666665	0.0	0.0	10960.0
400	3753.1666666666665	0.0	0.0	11492.0
410	3749.1666666666665	0.0	0.0	9976.0
420	3890.3333333333335	0.0	0.0	10933.0
430	3876.3333333333335	0.0	0.0	10574.0
440	3732.8333333333335	0.0	0.0	13164.0
450	3658.5	0.0	0.0	11412.0
460	3734.5	0.0	0.0	8276.0
470	3871.0	0.0	0.0	12198.0
480	3700.0	0.0	0.0	8219.0
490	3575.5	0.0	0.0	11179.0
500	3865.1666666666665	0.0	0.0	9750.0
510	3847.6666666666665	0.0	0.0	12679.0
520	2861.8333333333335	0.0	0.0	12328.0
530	3932.3333333333335	0.0	0.0	13868.0
540	3859.3333333333335	0.0	0.0	12285.0
550	3489.5	0.0	0.0	11888.0
560	3558.1666666666665	0.0	0.0	8773.0
570	3438.8333333333335	0.0	0.0	9298.0
580	4035.3333333333335	0.0	0.0	10464.0
590	3632.3333333333335	0.0	0.0	12027.0
600	3460.3333333333335	0.0	0.0	10907.0
610	3857.3333333333335	0.0	0.0	10425.0
620	3683.5	0.0	0.0	12591.0
630	3500.3333333333335	0.0	0.0	13317.0
640	3577.8333333333335	0.0	0.0	8683.0
650	3678.6666666666665	0.0	0.0	11028.0
660	3961.1666666666665	0.0	0.0	10208.0
670	3979.0	0.0	0.0	13854.0
680	3761.6666666666665	0.0	0.0	12214.0
690	3517.3333333333335	0.0	0.0	8661.0
700	3688.8333333333335	0.0	0.0	8985.0
710	3891.5	0.0	0.0	11618.0
720	4103.666666666667	0.0	0.0	6874.0
730	3884.8333333333335	0.0	0.0	8000.0
740	3396.8333333333335	0.0	0.0	13852.0
750	4205.5	0.0	0.0	9032.0
760	3762.5	0.0	0.0	11952.0
770	3614.0	0.0	0.0	7424.0
780	3950.6666666666665	0.0	0.0	11123.0
790	3462.3333333333335	0.0	0.0	9325.0
800	3697.3333333333335	0.0	0.0	11201.0
