0	2597.3333333333335	0.0	0.0	0.0
10	2708.3333333333335	214.0	5122.0	9796.0
20	2643.1666666666665	307.0	4609.0	9164.0
30	3049.6666666666665	479.0	6033.0	12396.0
40	2625.0	0.0	0.0	8505.0
50	3112.5	0.0	0.0	9478.0
60	3049.5	0.0	0.0	10565.0
70	3016.6666666666665	0.0	0.0	10809.0
80	2999.0	0.0	0.0	7352.0
90	2764.6666666666665	0.0	0.0	10098.0
100	3330.3333333333335	0.0	0.0	11850.0
110	3109.6666666666665	0.0	0.0	9508.0
120	3328.0	0.0	0.0	13681.0
130	3064.0	0.0	0.0	15996.0
140	3683.0	0.0	0.0	9632.0
150	3387.1666666666665	0.0	0.0	14104.0
160	3114.3333333333335	0.0	0.0	8345.0
170	3461.6666666666665	0.0	0.0	11402.0
180	3465.0	0.0	0.0	13296.0
190	3486.0	0.0	0.0	10228.0
200	3639.8333333333335	0.0	0.0	7225.0
210	3891.3333333333335	0.0	0.0	10392.0
220	3634.8333333333335	0.0	0.0	13290.0
230	3569.5	0.0	0.0	12277.0
240	3648.0	0.0	0.0	10120.0
250	3858.8333333333335	0.0	0.0	8417.0
260	3647.1666666666665	0.0	0.0	9334.0
270	3878.5	0.0	0.0	10513.0
280	3362.6666666666665	0.0	0.0	7699.0
290	3960.1666666666665	0.0	0.0	9915.0
300	3645.5	0.0	0.0	12387.0
310	3245.1666666666665	0.0	0.0	10482.0
320	3456.3333333333335	0.0	0.0	10379.0
330	3606.8333333333335	0.0	0.0	10183.0
340	3018.0	0.0	0.0	10018.0
350	3826.3333333333335	0.0	0.0	10349.0
360	3720.5	0.0	0.0	11600.0
370	3516.0	0.0	0.0	9951.0
380	3871.6666666666665	0.0	0.0	10622.0
390	3739.0	0.0	0.0	11140.0
400	3624.6666666666665	0.0	0.0	7212.0
410	3886.8333333333335	0.0	0.0	10221.0
420	3708.6666666666665	0.0	0.0	12244.0
430	4046.5	0.0	0.0	10008.0
440	3814.3333333333335	0.0	0.0	10955.0
450	3764.3333333333335	0.0	0.0	12078.0
460	3822.5	0.0	0.0	11305.0
470	4001.8333333333335	0.0	0.0	11632.0
480	3479.3333333333335	0.0	0.0	10120.0
490	3984.6666666666665	0.0	0.0	11513.0
500	4014.8333333333335	0.0	0.0	8426.0
510	3610.3333333333335	0.0	0.0	8876.0
520	3638.3333333333335	0.0	0.0	7796.0
530	4017.1666666666665	0.0	0.0	10421.0
540	3642.5	0.0	0.0	10704.0
550	3665.1666666666665	0.0	0.0	13203.0
560	3435.0	0.0	0.0	12339.0
570	3658.5	0.0	0.0	12567.0
580	3673.8333333333335	0.0	0.0	10072.0
590	3947.6666666666665	0.0	0.0	10486.0
600	3474.1666666666665	0.0	0.0	9833.0
610	3654.1666666666665	0.0	0.0	8724.0
620	3335.6666666666665	0.0	0.0	9496.0
630	3747.1666666666665	0.0	0.0	10466.0
640	3671.0	0.0	0.0	13876.0
650	3892.0	0.0	0.0	12619.0
660	3862.1666666666665	0.0	0.0	11929.0
670	3814.6666666666665	0.0	0.0	10698.0
680	3878.8333333333335	0.0	0.0	8792.0
690	3415.3333333333335	0.0	0.0	10937.0
700	3584.1666666666665	0.0	0.0	12524.0
710	3957.5	0.0	0.0	9053.0
720	3589.3333333333335	0.0	0.0	10009.0
730	3629.5	0.0	0.0	9366.0
740	3805.8333333333335	0.0	0.0	8628.0
750	3347.6666666666665	0.0	0.0	9295.0
760	3923.0	0.0	0.0	8666.0
770	3661.0	0.0	0.0	9422.0
780	3660.3333333333335	0.0	0.0	12829.0
790	3950.8333333333335	0.0	0.0	11069.0
800	4053.1666666666665	0.0	0.0	10425.0
