0	1476.6666666666667	0.0	0.0
10	2246.1666666666665	64.0	20000.0
20	2269.8333333333335	50.0	20000.0
30	2318.0	49.0	20000.0
40	2423.3333333333335	40.0	20000.0
50	2372.8333333333335	35.0	20000.0
60	2616.6666666666665	23.0	20000.0
70	2574.5	28.0	19812.0
80	2589.1666666666665	33.0	20000.0
90	2677.6666666666665	87.0	19440.0
100	2668.1666666666665	30.0	20000.0
110	2800.0	30.0	19564.0
120	3005.6666666666665	45.0	19373.0
130	2941.3333333333335	54.0	20000.0
140	2945.3333333333335	32.0	19501.0
150	3126.1666666666665	25.0	18678.0
160	3245.3333333333335	19.0	19161.0
170	3145.1666666666665	14.0	19172.0
180	3223.3333333333335	26.0	19376.0
190	3107.6666666666665	30.0	19189.0
200	3309.0	30.0	19690.0
210	3130.6666666666665	50.0	18736.0
220	3221.0	29.0	19659.0
230	3232.1666666666665	17.0	18531.0
240	3232.5	28.0	18899.0
250	3206.0	24.0	19576.0
260	3239.6666666666665	11.0	19365.0
270	3173.3333333333335	27.0	17676.0
280	3175.6666666666665	21.0	19171.0
290	3410.6666666666665	18.0	18970.0
300	3434.0	15.0	20000.0
310	3229.8333333333335	16.0	18851.0
320	3264.3333333333335	0.0	18346.0
330	3491.8333333333335	0.0	19082.0
340	3628.0	0.0	19506.0
350	3520.8333333333335	0.0	18842.0
360	3422.1666666666665	0.0	19949.0
370	3524.8333333333335	0.0	18680.0
380	3236.6666666666665	0.0	18439.0
390	2887.3333333333335	0.0	20000.0
400	3240.0	0.0	19676.0
410	3149.5	0.0	19215.0
420	3424.1666666666665	0.0	19438.0
430	3159.1666666666665	0.0	19203.0
440	3041.0	0.0	19846.0
450	3173.5	0.0	19689.0
460	3219.5	0.0	18865.0
470	3219.3333333333335	0.0	19883.0
480	2981.3333333333335	0.0	19806.0
490	3251.1666666666665	0.0	19300.0
500	3070.3333333333335	0.0	19720.0
510	3320.5	0.0	19554.0
520	3179.0	0.0	19502.0
530	3148.1666666666665	0.0	19769.0
540	3015.0	0.0	19118.0
550	3265.3333333333335	0.0	20000.0
560	3183.8333333333335	0.0	20000.0
570	3149.3333333333335	0.0	19361.0
580	3321.0	0.0	19428.0
590	3311.0	0.0	19470.0
600	3233.5	0.0	19699.0
610	3490.6666666666665	0.0	19803.0
620	3360.8333333333335	0.0	19878.0
630	3447.6666666666665	0.0	20000.0
640	3288.5	0.0	19943.0
650	3260.0	0.0	20000.0
660	3548.0	0.0	19580.0
670	3448.6666666666665	0.0	18982.0
680	3341.8333333333335	0.0	19890.0
690	3229.5	0.0	20000.0
700	3463.1666666666665	0.0	20000.0
710	3165.0	0.0	20000.0
720	3332.1666666666665	0.0	19727.0
730	3204.0	0.0	19783.0
740	3193.3333333333335	0.0	20000.0
750	3418.0	0.0	20000.0
760	3180.1666666666665	0.0	19596.0
770	3201.6666666666665	0.0	20000.0
780	3436.3333333333335	0.0	20000.0
790	3482.0	0.0	19849.0
800	3304.8333333333335	0.0	19678.0
810	3613.3333333333335	0.0	19464.0
820	3481.6666666666665	0.0	20000.0
830	3511.5	0.0	19668.0
840	3557.5	0.0	20000.0
850	3740.0	0.0	19780.0
860	3523.3333333333335	0.0	19156.0
870	3527.3333333333335	0.0	19640.0
880	3737.6666666666665	0.0	19471.0
890	3601.3333333333335	0.0	19894.0
900	3593.1666666666665	0.0	19665.0
910	3597.8333333333335	0.0	20000.0
920	3678.0	0.0	20000.0
930	3373.6666666666665	0.0	20000.0
940	3742.6666666666665	0.0	20000.0
950	3642.1666666666665	0.0	20000.0
960	3450.6666666666665	0.0	19082.0
970	3628.1666666666665	0.0	19541.0
980	3591.6666666666665	0.0	20000.0
990	3377.6666666666665	0.0	19604.0
1000	3495.8333333333335	0.0	19564.0
