0	2229.6666666666665	0.0	0.0	0.0
10	2268.6666666666665	64.0	5824.0	9641.0
20	2140.1666666666665	50.0	6371.0	9869.0
30	2345.8333333333335	39.0	8386.0	14441.0
40	2273.8333333333335	57.0	5361.0	8159.0
50	2167.3333333333335	43.0	6400.0	9844.0
60	2690.6666666666665	40.0	5356.0	8775.0
70	2568.8333333333335	22.0	5906.0	9186.0
80	2615.8333333333335	40.0	6616.0	11443.0
90	2790.3333333333335	43.0	5624.0	9165.0
100	2971.5	12.0	4369.0	7578.0
110	3283.5	32.0	7302.0	13188.0
120	2865.0	23.0	5157.0	8758.0
130	2669.8333333333335	23.0	5367.0	8894.0
140	2406.8333333333335	17.0	5013.0	8864.0
150	2652.3333333333335	34.0	6002.0	9847.0
160	3026.6666666666665	23.0	4561.0	8084.0
170	2726.3333333333335	13.0	5015.0	7944.0
180	2803.5	28.0	5786.0	8797.0
190	2882.1666666666665	23.0	6535.0	10316.0
200	3443.0	13.0	6861.0	10681.0
210	3071.8333333333335	24.0	8109.0	13212.0
220	3199.8333333333335	11.0	6095.0	10169.0
230	3333.8333333333335	5.0	5395.0	8700.0
240	2870.3333333333335	13.0	6274.0	9333.0
250	3213.0	18.0	7482.0	11952.0
260	2947.1666666666665	16.0	9473.0	14882.0
270	3489.1666666666665	8.0	7453.0	11579.0
280	3811.5	6.0	4388.0	7024.0
290	3329.3333333333335	20.0	8097.0	12903.0
300	3143.5	17.0	6730.0	9783.0
310	3186.0	8.0	6811.0	9852.0
320	3694.0	18.0	9546.0	14198.0
330	3386.0	11.0	6492.0	10329.0
340	3412.3333333333335	12.0	8343.0	12065.0
350	3500.6666666666665	13.0	6211.0	8529.0
360	3412.3333333333335	17.0	9597.0	13913.0
370	3625.6666666666665	6.0	6957.0	9440.0
380	3319.6666666666665	20.0	7320.0	10831.0
390	3079.3333333333335	30.0	9312.0	12992.0
400	3753.8333333333335	19.0	7935.0	12517.0
410	3648.5	15.0	8462.0	13682.0
420	3742.0	19.0	5691.0	9471.0
430	3509.3333333333335	10.0	6141.0	10907.0
440	3702.6666666666665	8.0	6448.0	10047.0
450	4037.0	9.0	7012.0	10061.0
460	4068.3333333333335	8.0	4194.0	12050.0
470	3784.0	0.0	0.0	9744.0
480	3979.0	0.0	0.0	8667.0
490	3729.3333333333335	0.0	0.0	11295.0
500	3767.1666666666665	0.0	0.0	12171.0
510	3643.0	0.0	0.0	10105.0
520	3795.6666666666665	0.0	0.0	10114.0
530	3874.0	0.0	0.0	7026.0
540	3961.6666666666665	0.0	0.0	13236.0
550	3591.6666666666665	0.0	0.0	10301.0
560	4036.3333333333335	0.0	0.0	13590.0
570	3997.5	0.0	0.0	9491.0
580	3796.6666666666665	0.0	0.0	9410.0
590	3630.5	0.0	0.0	12184.0
600	3761.6666666666665	0.0	0.0	10191.0
610	3950.8333333333335	0.0	0.0	12451.0
620	3941.6666666666665	0.0	0.0	9676.0
630	3975.3333333333335	0.0	0.0	9996.0
640	3867.3333333333335	0.0	0.0	10005.0
650	3997.3333333333335	0.0	0.0	12528.0
660	3360.8333333333335	0.0	0.0	11604.0
670	4120.833333333333	0.0	0.0	10087.0
680	3923.5	0.0	0.0	13145.0
690	3931.5	0.0	0.0	12012.0
700	3836.0	0.0	0.0	10642.0
710	3640.8333333333335	0.0	0.0	11696.0
720	3793.1666666666665	0.0	0.0	10659.0
730	3701.0	0.0	0.0	10132.0
740	3354.3333333333335	0.0	0.0	9653.0
750	3869.3333333333335	0.0	0.0	13676.0
760	3044.0	0.0	0.0	12100.0
770	3735.5	0.0	0.0	8594.0
780	4004.5	0.0	0.0	12044.0
790	3658.0	0.0	0.0	9498.0
800	3730.1666666666665	0.0	0.0	10019.0
