0	267.2	0.0	0.0
10	1939.2388888888888	154.9	10419.2
20	1982.3166666666668	164.03333333333333	10995.733333333334
30	2043.8333333333335	173.16666666666666	11217.1
40	2170.3999999999996	153.06666666666666	11110.6
50	2299.3444444444444	142.33333333333334	11498.2
60	2384.155555555555	133.23333333333332	10979.966666666667
70	2438.950000000001	125.26666666666667	11328.766666666666
80	2474.7944444444447	107.8	11042.6
90	2623.888888888889	94.13333333333334	10966.0
100	2595.3222222222225	88.46666666666667	11369.166666666666
110	2737.7055555555557	71.06666666666666	10641.966666666667
120	2797.783333333333	53.733333333333334	10669.2
130	2909.083333333333	50.93333333333333	10564.0
140	3082.1333333333328	46.5	11305.2
150	3105.833333333333	43.166666666666664	11240.833333333334
160	3151.344444444445	38.4	10812.1
170	3240.361111111111	36.8	11189.766666666666
180	3230.7833333333333	37.6	11646.333333333334
190	3343.005555555555	34.3	11041.733333333334
200	3315.877777777778	33.333333333333336	11652.633333333333
210	3488.344444444444	30.6	11645.366666666667
220	3472.138888888889	26.4	11269.5
230	3392.3722222222227	25.433333333333334	10991.633333333333
240	3440.522222222222	26.666666666666668	12215.1
250	3473.666666666666	22.466666666666665	11405.9
260	3468.555555555556	17.9	11524.266666666666
270	3548.1388888888896	16.533333333333335	10616.466666666667
280	3455.7111111111108	14.166666666666666	10829.933333333332
290	3509.811111111111	9.166666666666666	10839.233333333334
300	3535.7611111111114	8.1	10721.4
310	3565.488888888888	5.9	11002.866666666667
320	3587.400000000001	4.033333333333333	10504.1
330	3582.444444444444	3.2	10713.633333333333
340	3536.494444444444	3.2333333333333334	10904.566666666668
350	3581.9833333333327	2.1333333333333333	10793.666666666666
360	3648.0055555555564	0.6666666666666666	10661.033333333333
370	3549.805555555555	1.1666666666666667	10832.9
380	3650.927777777777	0.0	11162.733333333334
390	3661.422222222223	0.0	11112.9
400	3596.7888888888897	0.0	10587.466666666667
410	3642.1388888888882	0.0	10650.7
420	3713.3944444444446	0.0	10005.0
430	3722.2555555555564	0.0	10376.0
440	3698.322222222222	0.0	10418.966666666667
450	3698.5944444444444	0.0	10507.2
460	3705.4666666666667	0.0	10539.733333333334
470	3746.122222222222	0.0	10323.533333333333
480	3715.5444444444447	0.0	10922.7
490	3772.916666666667	0.0	10960.6
500	3742.7166666666667	0.0	10564.3
510	3781.5944444444435	0.0	10665.666666666666
520	3759.1777777777775	0.0	10477.0
530	3711.055555555555	0.0	10535.7
540	3785.5611111111107	0.0	10069.833333333334
550	3682.0722222222225	0.0	10481.833333333334
560	3739.0166666666655	0.0	9874.1
570	3757.1888888888884	0.0	10354.233333333334
580	3765.372222222222	0.0	10712.4
590	3720.405555555555	0.0	10189.066666666668
600	3762.605555555555	0.0	10541.0
610	3729.85	0.0	10086.533333333333
620	3751.905555555555	0.0	10509.133333333333
630	3788.6666666666665	0.0	10703.9
640	3768.1111111111118	0.0	9805.0
650	3806.400000000001	0.0	9904.533333333333
660	3738.5833333333335	0.0	10494.033333333333
670	3738.455555555556	0.0	10187.9
680	3774.4444444444457	0.0	10418.166666666666
690	3740.972222222222	0.0	10730.433333333332
700	3779.4999999999995	0.0	10639.233333333334
710	3794.866666666667	0.0	10302.666666666666
720	3743.0499999999997	0.0	10810.333333333334
730	3710.833333333333	0.0	10280.9
740	3738.149999999999	0.0	10482.566666666668
750	3769.2277777777776	0.0	10399.066666666668
760	3754.3500000000004	0.0	9993.8
770	3765.7	0.0	9999.566666666668
780	3800.8722222222227	0.0	10120.1
790	3792.677777777778	0.0	10963.6
800	3744.966666666667	0.0	10415.6
810	3801.6722222222224	0.0	9793.833333333334
820	3813.1555555555556	0.0	10322.466666666667
830	3781.516666666667	0.0	10619.4
840	3765.877777777778	0.0	10199.766666666666
850	3791.8666666666672	0.0	10447.833333333334
860	3742.1055555555554	0.0	10341.033333333333
870	3761.4333333333334	0.0	10343.933333333332
880	3786.65	0.0	9931.333333333334
890	3784.1777777777775	0.0	10647.866666666667
900	3754.8888888888887	0.0	10447.433333333332
910	3768.4166666666665	0.0	10467.366666666667
920	3738.5277777777783	0.0	10087.9
930	3780.0944444444453	0.0	9793.933333333332
940	3819.4777777777776	0.0	10687.8
950	3817.083333333334	0.0	10148.633333333333
960	3783.5777777777776	0.0	10749.366666666667
970	3786.322222222223	0.0	10714.7
980	3785.888888888889	0.0	10942.3
990	3777.638888888889	0.0	10745.033333333333
1000	3749.144444444444	0.0	10463.7
