0	301.0	0.0	0.0
10	1815.5	204.0	11726.0
20	1987.0	206.0	14386.0
30	2184.3333333333335	160.0	12046.0
40	2488.8333333333335	173.0	10696.0
50	2564.3333333333335	96.0	12079.0
60	2572.0	110.0	9932.0
70	2612.3333333333335	132.0	10539.0
80	2224.5	159.0	13095.0
90	2529.0	145.0	12135.0
100	2485.3333333333335	83.0	10183.0
110	2992.8333333333335	133.0	12355.0
120	3045.5	73.0	14047.0
130	3354.6666666666665	39.0	10411.0
140	3421.3333333333335	13.0	9025.0
150	3461.5	29.0	8270.0
160	3263.1666666666665	28.0	11663.0
170	3114.0	53.0	13519.0
180	2969.1666666666665	31.0	9853.0
190	3631.5	27.0	10140.0
200	3021.1666666666665	32.0	11080.0
210	3313.5	40.0	13422.0
220	3597.0	34.0	9567.0
230	3194.8333333333335	0.0	9405.0
240	3693.3333333333335	0.0	12767.0
250	3993.0	0.0	13297.0
260	3391.6666666666665	0.0	10453.0
270	3676.8333333333335	0.0	10570.0
280	3252.8333333333335	0.0	11009.0
290	3593.1666666666665	0.0	10013.0
300	2948.8333333333335	0.0	9950.0
310	3496.3333333333335	0.0	8952.0
320	3400.8333333333335	0.0	8204.0
330	3991.8333333333335	0.0	9589.0
340	3977.6666666666665	0.0	10543.0
350	3803.6666666666665	0.0	9420.0
360	3521.8333333333335	0.0	8536.0
370	3771.6666666666665	0.0	11743.0
380	3897.8333333333335	0.0	11225.0
390	3726.5	0.0	12326.0
400	3986.3333333333335	0.0	10253.0
410	3545.3333333333335	0.0	12241.0
420	3457.3333333333335	0.0	9936.0
430	3596.3333333333335	0.0	8698.0
440	3752.5	0.0	11609.0
450	3521.6666666666665	0.0	11600.0
460	3802.8333333333335	0.0	7790.0
470	3481.5	0.0	8567.0
480	3877.3333333333335	0.0	12334.0
490	3922.3333333333335	0.0	9313.0
500	3848.5	0.0	11050.0
510	3872.6666666666665	0.0	9854.0
520	3681.1666666666665	0.0	9043.0
530	3662.6666666666665	0.0	9606.0
540	3656.5	0.0	8883.0
550	3467.1666666666665	0.0	9359.0
560	3568.0	0.0	7856.0
570	3265.0	0.0	11749.0
580	3317.6666666666665	0.0	8521.0
590	3397.8333333333335	0.0	10350.0
600	3804.1666666666665	0.0	10159.0
610	3654.0	0.0	11095.0
620	3737.6666666666665	0.0	10058.0
630	3969.1666666666665	0.0	10110.0
640	3798.5	0.0	11140.0
650	3557.1666666666665	0.0	9297.0
660	3480.1666666666665	0.0	8651.0
670	3774.1666666666665	0.0	11644.0
680	3724.3333333333335	0.0	11503.0
690	3497.3333333333335	0.0	12009.0
700	3559.5	0.0	10510.0
710	3740.1666666666665	0.0	10161.0
720	3767.1666666666665	0.0	13384.0
730	3439.5	0.0	10459.0
740	3746.6666666666665	0.0	10784.0
750	3365.6666666666665	0.0	10546.0
760	3725.6666666666665	0.0	8393.0
770	3804.5	0.0	12947.0
780	3794.3333333333335	0.0	10842.0
790	3786.6666666666665	0.0	11955.0
800	3845.6666666666665	0.0	10109.0
810	4024.1666666666665	0.0	10057.0
820	4005.5	0.0	9012.0
830	3746.0	0.0	11214.0
840	3704.1666666666665	0.0	10646.0
850	3579.3333333333335	0.0	10336.0
860	4019.1666666666665	0.0	10138.0
870	3756.8333333333335	0.0	8557.0
880	3635.1666666666665	0.0	9556.0
890	3767.0	0.0	9177.0
900	3602.6666666666665	0.0	9458.0
910	3925.6666666666665	0.0	11479.0
920	3852.0	0.0	9521.0
930	3863.3333333333335	0.0	9239.0
940	4080.6666666666665	0.0	13173.0
950	3450.5	0.0	9840.0
960	3756.0	0.0	11108.0
970	3887.3333333333335	0.0	7985.0
980	3996.6666666666665	0.0	8711.0
990	3675.8333333333335	0.0	11700.0
1000	3693.5	0.0	9537.0
