0	234.66666666666666	0.0	0.0
10	2015.5	138.0	7435.0
20	2013.3333333333333	149.0	10835.0
30	2204.8333333333335	227.0	9465.0
40	2722.3333333333335	309.0	12379.0
50	2455.1666666666665	141.0	13461.0
60	2479.6666666666665	147.0	10056.0
70	2500.0	44.0	8410.0
80	2327.1666666666665	68.0	9709.0
90	2558.5	62.0	9793.0
100	2682.1666666666665	29.0	7764.0
110	2784.3333333333335	106.0	13049.0
120	2765.0	55.0	9188.0
130	2436.6666666666665	65.0	8377.0
140	2420.1666666666665	57.0	11149.0
150	3113.3333333333335	39.0	9553.0
160	3345.8333333333335	66.0	10256.0
170	3257.0	48.0	14523.0
180	2523.1666666666665	42.0	11306.0
190	3062.3333333333335	63.0	11920.0
200	3347.1666666666665	15.0	8318.0
210	3605.5	33.0	12265.0
220	3846.1666666666665	21.0	8804.0
230	3281.0	38.0	11431.0
240	3515.0	21.0	11814.0
250	3316.8333333333335	17.0	14422.0
260	3545.6666666666665	0.0	8466.0
270	3597.5	0.0	11733.0
280	3719.1666666666665	0.0	9635.0
290	3314.0	0.0	11351.0
300	3452.6666666666665	0.0	11606.0
310	3561.1666666666665	0.0	11547.0
320	3857.5	0.0	12122.0
330	3534.3333333333335	0.0	11939.0
340	3218.0	0.0	12068.0
350	2950.0	0.0	11089.0
360	3746.5	0.0	10878.0
370	3442.1666666666665	0.0	12428.0
380	3504.1666666666665	0.0	11627.0
390	3471.1666666666665	0.0	11994.0
400	4188.0	0.0	9972.0
410	3559.6666666666665	0.0	9999.0
420	3813.8333333333335	0.0	9319.0
430	3936.6666666666665	0.0	11054.0
440	3902.5	0.0	11192.0
450	3646.5	0.0	9500.0
460	3995.6666666666665	0.0	10166.0
470	3790.0	0.0	11387.0
480	3951.3333333333335	0.0	9487.0
490	3881.3333333333335	0.0	13512.0
500	3413.5	0.0	7487.0
510	3702.0	0.0	8131.0
520	3964.1666666666665	0.0	11122.0
530	3648.3333333333335	0.0	10180.0
540	3451.6666666666665	0.0	11183.0
550	4090.0	0.0	7922.0
560	3939.8333333333335	0.0	11421.0
570	4079.5	0.0	12142.0
580	3842.1666666666665	0.0	5247.0
590	3846.6666666666665	0.0	8890.0
600	3666.1666666666665	0.0	10015.0
610	3799.5	0.0	7087.0
620	3954.6666666666665	0.0	8686.0
630	3944.3333333333335	0.0	11676.0
640	3992.3333333333335	0.0	9185.0
650	3894.8333333333335	0.0	10469.0
660	4050.8333333333335	0.0	8604.0
670	3853.5	0.0	10766.0
680	3374.3333333333335	0.0	9829.0
690	3711.1666666666665	0.0	10054.0
700	4008.3333333333335	0.0	10731.0
710	3655.5	0.0	9193.0
720	3380.8333333333335	0.0	10967.0
730	3974.0	0.0	8437.0
740	4052.5	0.0	10422.0
750	3948.5	0.0	11460.0
760	3754.8333333333335	0.0	11553.0
770	3975.5	0.0	7727.0
780	4104.166666666667	0.0	8820.0
790	3913.8333333333335	0.0	10882.0
800	3902.8333333333335	0.0	8895.0
810	3732.1666666666665	0.0	8908.0
820	3936.6666666666665	0.0	10130.0
830	4187.166666666667	0.0	10389.0
840	3924.5	0.0	9710.0
850	4003.0	0.0	8604.0
860	3948.3333333333335	0.0	9753.0
870	3883.3333333333335	0.0	12429.0
880	3804.0	0.0	7719.0
890	3524.5	0.0	6110.0
900	3798.3333333333335	0.0	9146.0
910	3893.3333333333335	0.0	14471.0
920	3497.5	0.0	11666.0
930	3995.0	0.0	9314.0
940	3593.3333333333335	0.0	10654.0
950	3628.5	0.0	8630.0
960	3843.0	0.0	9369.0
970	3802.5	0.0	12051.0
980	3919.3333333333335	0.0	12516.0
990	3734.0	0.0	11690.0
1000	3608.3333333333335	0.0	9551.0
