0	2694.3333333333335	0.0	0.0	0.0
10	2805.5	357.0	805.0	8259.0
20	2473.6666666666665	643.0	1111.0	9508.0
30	2743.1666666666665	0.0	0.0	10381.0
40	2792.6666666666665	0.0	0.0	6377.0
50	2800.8333333333335	0.0	0.0	7311.0
60	2658.8333333333335	0.0	0.0	6479.0
70	2918.0	0.0	0.0	6577.0
80	3079.6666666666665	0.0	0.0	6440.0
90	2864.6666666666665	0.0	0.0	9854.0
100	2648.0	0.0	0.0	7818.0
110	2906.6666666666665	0.0	0.0	10952.0
120	2985.0	0.0	0.0	9961.0
130	2966.6666666666665	0.0	0.0	11003.0
140	2914.3333333333335	0.0	0.0	7535.0
150	3303.6666666666665	0.0	0.0	8056.0
160	3361.6666666666665	0.0	0.0	11063.0
170	2845.8333333333335	0.0	0.0	8616.0
180	3091.6666666666665	0.0	0.0	8332.0
190	3204.8333333333335	0.0	0.0	8542.0
200	2764.5	0.0	0.0	12582.0
210	3099.3333333333335	0.0	0.0	8126.0
220	3308.8333333333335	0.0	0.0	11268.0
230	3325.6666666666665	0.0	0.0	8829.0
240	3388.3333333333335	0.0	0.0	11845.0
250	4143.666666666667	0.0	0.0	13016.0
260	3330.5	0.0	0.0	10777.0
270	3726.3333333333335	0.0	0.0	12808.0
280	3789.3333333333335	0.0	0.0	9444.0
290	3661.0	0.0	0.0	9327.0
300	3635.6666666666665	0.0	0.0	7479.0
310	3990.6666666666665	0.0	0.0	10198.0
320	3734.1666666666665	0.0	0.0	11034.0
330	3436.6666666666665	0.0	0.0	10972.0
340	3198.8333333333335	0.0	0.0	10284.0
350	3465.1666666666665	0.0	0.0	10055.0
360	3555.5	0.0	0.0	9459.0
370	4006.5	0.0	0.0	11838.0
380	3686.8333333333335	0.0	0.0	7965.0
390	3584.1666666666665	0.0	0.0	9046.0
400	3523.1666666666665	0.0	0.0	10057.0
410	3452.8333333333335	0.0	0.0	10293.0
420	3560.3333333333335	0.0	0.0	11665.0
430	3469.5	0.0	0.0	9518.0
440	3653.8333333333335	0.0	0.0	10045.0
450	3262.8333333333335	0.0	0.0	10492.0
460	3537.8333333333335	0.0	0.0	10375.0
470	3476.1666666666665	0.0	0.0	7720.0
480	3856.1666666666665	0.0	0.0	10376.0
490	3952.3333333333335	0.0	0.0	8669.0
500	3399.8333333333335	0.0	0.0	10857.0
510	3367.5	0.0	0.0	9203.0
520	4039.3333333333335	0.0	0.0	10813.0
530	3584.8333333333335	0.0	0.0	9717.0
540	4126.166666666667	0.0	0.0	6707.0
550	3607.0	0.0	0.0	9625.0
560	3847.5	0.0	0.0	10631.0
570	3933.1666666666665	0.0	0.0	9556.0
580	4026.3333333333335	0.0	0.0	11834.0
590	3675.3333333333335	0.0	0.0	9116.0
600	3791.3333333333335	0.0	0.0	12900.0
