0	2823.8333333333335	0.0	0.0	0.0
10	2597.8333333333335	990.0	1608.0	12032.0
20	2597.0	10.0	36.0	10792.0
30	2674.0	0.0	0.0	10106.0
40	2496.1666666666665	0.0	0.0	8299.0
50	2640.8333333333335	0.0	0.0	10097.0
60	2745.3333333333335	0.0	0.0	8798.0
70	3237.1666666666665	0.0	0.0	8775.0
80	3254.3333333333335	0.0	0.0	7299.0
90	2817.6666666666665	0.0	0.0	9379.0
100	2872.0	0.0	0.0	9634.0
110	2727.5	0.0	0.0	11728.0
120	3242.0	0.0	0.0	13441.0
130	3504.5	0.0	0.0	8994.0
140	3516.3333333333335	0.0	0.0	10508.0
150	2808.8333333333335	0.0	0.0	11671.0
160	2996.3333333333335	0.0	0.0	9891.0
170	3316.0	0.0	0.0	8834.0
180	3934.5	0.0	0.0	7807.0
190	3179.5	0.0	0.0	6909.0
200	3085.6666666666665	0.0	0.0	7258.0
210	3056.5	0.0	0.0	8674.0
220	3198.3333333333335	0.0	0.0	10417.0
230	3868.0	0.0	0.0	10202.0
240	3096.5	0.0	0.0	8105.0
250	3640.0	0.0	0.0	9542.0
260	3332.8333333333335	0.0	0.0	10194.0
270	3358.3333333333335	0.0	0.0	9291.0
280	3394.5	0.0	0.0	13033.0
290	4029.5	0.0	0.0	11331.0
300	3762.5	0.0	0.0	8457.0
310	3430.3333333333335	0.0	0.0	9834.0
320	3516.1666666666665	0.0	0.0	12031.0
330	3437.0	0.0	0.0	10506.0
340	3422.5	0.0	0.0	9804.0
350	3729.6666666666665	0.0	0.0	7327.0
360	2970.3333333333335	0.0	0.0	10543.0
370	3609.1666666666665	0.0	0.0	11788.0
380	3582.3333333333335	0.0	0.0	9476.0
390	3542.8333333333335	0.0	0.0	10588.0
400	2811.1666666666665	0.0	0.0	10211.0
410	3647.5	0.0	0.0	11590.0
420	3602.5	0.0	0.0	10252.0
430	3747.0	0.0	0.0	12418.0
440	3821.3333333333335	0.0	0.0	13447.0
450	3984.0	0.0	0.0	10143.0
460	3761.5	0.0	0.0	11680.0
470	3855.6666666666665	0.0	0.0	11279.0
480	3991.6666666666665	0.0	0.0	10432.0
490	3537.8333333333335	0.0	0.0	10446.0
500	3428.0	0.0	0.0	14078.0
510	3853.3333333333335	0.0	0.0	9987.0
520	3902.5	0.0	0.0	9907.0
530	3477.8333333333335	0.0	0.0	12176.0
540	3619.1666666666665	0.0	0.0	9965.0
550	4146.5	0.0	0.0	10444.0
560	3918.8333333333335	0.0	0.0	13008.0
570	3552.1666666666665	0.0	0.0	10491.0
580	4203.666666666667	0.0	0.0	9250.0
590	3868.5	0.0	0.0	8586.0
600	3976.1666666666665	0.0	0.0	10465.0
