0	2718.8333333333335	0.0	0.0	0.0
10	2582.1666666666665	39.0	4645.0	9734.0
20	2430.6666666666665	32.0	4329.0	9163.0
30	2673.3333333333335	44.0	5499.0	11545.0
40	2354.6666666666665	60.0	4896.0	9907.0
50	2345.3333333333335	51.0	4758.0	9570.0
60	2495.6666666666665	31.0	4118.0	8560.0
70	2538.0	15.0	4469.0	8847.0
80	2188.8333333333335	15.0	4227.0	8745.0
90	2472.6666666666665	17.0	3768.0	7692.0
100	2656.6666666666665	3.0	3814.0	7872.0
110	2841.6666666666665	12.0	5111.0	10137.0
120	2868.8333333333335	6.0	5225.0	10172.0
130	2841.6666666666665	11.0	6152.0	11942.0
140	2831.6666666666665	7.0	5680.0	11183.0
150	3306.1666666666665	5.0	5093.0	10349.0
160	3301.1666666666665	1.0	4721.0	9183.0
170	3683.3333333333335	1.0	5910.0	11394.0
180	3254.0	1.0	5924.0	11302.0
190	3059.1666666666665	9.0	6013.0	11619.0
200	3553.1666666666665	4.0	3624.0	7060.0
210	3369.3333333333335	1.0	5784.0	11208.0
220	3840.3333333333335	10.0	5509.0	11064.0
230	3116.5	2.0	5474.0	10644.0
240	3334.8333333333335	0.0	4059.0	8007.0
250	3484.8333333333335	1.0	4265.0	8371.0
260	3132.0	1.0	5361.0	10570.0
270	3744.8333333333335	3.0	5998.0	11980.0
280	3578.1666666666665	2.0	5640.0	11037.0
290	3736.3333333333335	3.0	6760.0	13283.0
300	3295.5	4.0	6042.0	11836.0
310	3840.8333333333335	3.0	6347.0	12704.0
320	3382.8333333333335	1.0	5021.0	9850.0
330	3679.5	7.0	5723.0	11364.0
340	3027.6666666666665	2.0	6329.0	12276.0
350	3657.0	2.0	7226.0	14298.0
360	3404.8333333333335	1.0	4640.0	9200.0
370	3382.3333333333335	1.0	3563.0	6853.0
380	3586.0	1.0	5715.0	11218.0
390	3923.6666666666665	1.0	5160.0	10182.0
400	3599.3333333333335	2.0	4085.0	7876.0
410	3656.0	1.0	6033.0	11650.0
420	3653.6666666666665	0.0	4881.0	9450.0
430	3149.3333333333335	1.0	5189.0	10079.0
440	3641.1666666666665	1.0	5861.0	11033.0
450	3514.8333333333335	0.0	4211.0	8270.0
460	3772.6666666666665	2.0	5231.0	10387.0
470	3640.5	0.0	6433.0	12199.0
480	3715.1666666666665	2.0	5227.0	10395.0
490	4175.5	2.0	5510.0	10737.0
500	4221.333333333333	1.0	4836.0	9485.0
510	4287.5	0.0	6069.0	11630.0
520	3573.6666666666665	0.0	5516.0	10659.0
530	3724.0	1.0	4976.0	10095.0
540	3981.6666666666665	0.0	5799.0	11332.0
550	4023.8333333333335	1.0	5491.0	10295.0
560	3947.5	0.0	5175.0	10212.0
570	3783.5	3.0	5755.0	10722.0
580	3209.1666666666665	1.0	5720.0	10720.0
590	3506.5	2.0	4929.0	9343.0
600	3906.3333333333335	3.0	6107.0	11710.0
610	3917.6666666666665	1.0	5048.0	9521.0
620	3618.0	2.0	6491.0	12285.0
630	3751.8333333333335	2.0	6507.0	12391.0
640	3575.0	0.0	4317.0	8407.0
650	3615.5	3.0	6607.0	12705.0
660	3735.8333333333335	0.0	6169.0	11295.0
670	3519.0	2.0	5767.0	10988.0
680	4114.0	2.0	7138.0	13663.0
690	3127.3333333333335	0.0	4031.0	7775.0
700	3686.6666666666665	0.0	4646.0	8862.0
710	3943.0	1.0	5025.0	9630.0
720	4219.833333333333	2.0	5280.0	10793.0
730	3620.1666666666665	1.0	5027.0	9858.0
740	3365.5	6.0	5229.0	9974.0
750	3842.3333333333335	3.0	5688.0	11409.0
760	3646.0	2.0	5932.0	11611.0
770	3592.5	2.0	5900.0	11512.0
780	3927.1666666666665	1.0	7046.0	13514.0
790	3743.3333333333335	0.0	5885.0	11732.0
800	3906.0	1.0	4829.0	9392.0
