0	2656.1666666666665	0.0	0.0	0.0
10	2519.5	467.0	1973.0	11608.0
20	2825.0	322.0	2525.0	10425.0
30	2994.8333333333335	211.0	1259.0	8359.0
40	2691.5	0.0	0.0	10605.0
50	2826.8333333333335	0.0	0.0	9244.0
60	2789.5	0.0	0.0	7598.0
70	2537.3333333333335	0.0	0.0	11411.0
80	2841.1666666666665	0.0	0.0	10511.0
90	2240.0	0.0	0.0	9333.0
100	2369.3333333333335	0.0	0.0	7999.0
110	2607.8333333333335	0.0	0.0	8307.0
120	2294.3333333333335	0.0	0.0	9144.0
130	2818.5	0.0	0.0	7382.0
140	2538.3333333333335	0.0	0.0	10477.0
150	3001.8333333333335	0.0	0.0	8783.0
160	2618.1666666666665	0.0	0.0	9572.0
170	2580.3333333333335	0.0	0.0	9484.0
180	2633.0	0.0	0.0	9175.0
190	2493.1666666666665	0.0	0.0	10375.0
200	3036.8333333333335	0.0	0.0	6822.0
210	2706.0	0.0	0.0	10907.0
220	2821.6666666666665	0.0	0.0	9364.0
230	3028.8333333333335	0.0	0.0	10229.0
240	2969.6666666666665	0.0	0.0	9688.0
250	3232.5	0.0	0.0	13048.0
260	3103.3333333333335	0.0	0.0	9395.0
270	3281.3333333333335	0.0	0.0	10683.0
280	3513.0	0.0	0.0	10671.0
290	3114.3333333333335	0.0	0.0	10996.0
300	3529.8333333333335	0.0	0.0	13002.0
310	3177.5	0.0	0.0	11626.0
320	3200.1666666666665	0.0	0.0	11739.0
330	3375.8333333333335	0.0	0.0	10384.0
340	3837.0	0.0	0.0	10335.0
350	3327.1666666666665	0.0	0.0	9974.0
360	3583.0	0.0	0.0	9832.0
370	3180.3333333333335	0.0	0.0	9694.0
380	3465.3333333333335	0.0	0.0	8309.0
390	3175.6666666666665	0.0	0.0	7540.0
400	3778.6666666666665	0.0	0.0	11945.0
410	3452.0	0.0	0.0	11558.0
420	3468.0	0.0	0.0	16444.0
430	3620.8333333333335	0.0	0.0	13107.0
440	3297.1666666666665	0.0	0.0	12599.0
450	3667.6666666666665	0.0	0.0	8904.0
460	3586.3333333333335	0.0	0.0	12807.0
470	3962.8333333333335	0.0	0.0	13879.0
480	3780.8333333333335	0.0	0.0	9727.0
490	3771.0	0.0	0.0	11219.0
500	3654.8333333333335	0.0	0.0	9483.0
510	3974.8333333333335	0.0	0.0	11579.0
520	3322.6666666666665	0.0	0.0	10863.0
530	3456.5	0.0	0.0	11653.0
540	3653.3333333333335	0.0	0.0	11875.0
550	3577.8333333333335	0.0	0.0	11911.0
560	4074.5	0.0	0.0	10584.0
570	3555.8333333333335	0.0	0.0	10956.0
580	3821.8333333333335	0.0	0.0	10831.0
590	3770.6666666666665	0.0	0.0	8218.0
600	3689.0	0.0	0.0	11606.0
610	4053.8333333333335	0.0	0.0	8734.0
620	3589.6666666666665	0.0	0.0	8208.0
630	3823.0	0.0	0.0	11400.0
640	3544.6666666666665	0.0	0.0	8627.0
650	3276.6666666666665	0.0	0.0	10567.0
660	3818.1666666666665	0.0	0.0	9099.0
670	3708.5	0.0	0.0	10324.0
680	3720.6666666666665	0.0	0.0	7554.0
690	3948.5	0.0	0.0	9551.0
700	3852.0	0.0	0.0	10624.0
710	3649.1666666666665	0.0	0.0	6464.0
720	4137.5	0.0	0.0	9353.0
730	3411.0	0.0	0.0	11135.0
740	3833.8333333333335	0.0	0.0	12126.0
750	3973.1666666666665	0.0	0.0	8492.0
760	3624.1666666666665	0.0	0.0	13422.0
770	3810.1666666666665	0.0	0.0	7188.0
780	3899.6666666666665	0.0	0.0	10768.0
790	3705.0	0.0	0.0	9905.0
800	3927.1666666666665	0.0	0.0	9831.0
810	3975.5	0.0	0.0	9152.0
820	3518.3333333333335	0.0	0.0	10057.0
830	3845.5	0.0	0.0	12037.0
840	3545.5	0.0	0.0	12393.0
850	3418.6666666666665	0.0	0.0	13262.0
860	3628.3333333333335	0.0	0.0	11867.0
870	3648.1666666666665	0.0	0.0	7655.0
880	3845.8333333333335	0.0	0.0	7998.0
890	3859.6666666666665	0.0	0.0	7856.0
900	3183.0	0.0	0.0	9429.0
910	3616.8333333333335	0.0	0.0	11600.0
920	3724.3333333333335	0.0	0.0	9835.0
930	3975.5	0.0	0.0	8382.0
940	3762.5	0.0	0.0	10059.0
950	4005.5	0.0	0.0	11272.0
960	3750.5	0.0	0.0	9710.0
970	3442.8333333333335	0.0	0.0	9950.0
980	4146.0	0.0	0.0	10854.0
990	3729.6666666666665	0.0	0.0	9697.0
1000	3556.3333333333335	0.0	0.0	9265.0
