0	2628.1666666666665	0.0	0.0	0.0
10	2811.0	372.0	2768.0	12213.0
20	2457.3333333333335	403.0	2344.0	12088.0
30	2758.0	225.0	1390.0	12245.0
40	2665.5	0.0	0.0	9182.0
50	2842.6666666666665	0.0	0.0	9099.0
60	2531.1666666666665	0.0	0.0	7796.0
70	2304.0	0.0	0.0	8725.0
80	2378.8333333333335	0.0	0.0	5645.0
90	2726.3333333333335	0.0	0.0	8530.0
100	2654.1666666666665	0.0	0.0	5316.0
110	2576.6666666666665	0.0	0.0	10053.0
120	2592.0	0.0	0.0	11446.0
130	2882.1666666666665	0.0	0.0	7535.0
140	2879.0	0.0	0.0	11265.0
150	2506.6666666666665	0.0	0.0	10640.0
160	3180.8333333333335	0.0	0.0	8971.0
170	2751.3333333333335	0.0	0.0	10860.0
180	3214.1666666666665	0.0	0.0	11332.0
190	2672.6666666666665	0.0	0.0	11584.0
200	2947.0	0.0	0.0	8557.0
210	3159.0	0.0	0.0	11209.0
220	3372.8333333333335	0.0	0.0	7702.0
230	3230.6666666666665	0.0	0.0	8388.0
240	3262.6666666666665	0.0	0.0	8487.0
250	3128.3333333333335	0.0	0.0	8637.0
260	3513.1666666666665	0.0	0.0	13175.0
270	3501.8333333333335	0.0	0.0	11876.0
280	3627.8333333333335	0.0	0.0	7386.0
290	3276.3333333333335	0.0	0.0	8290.0
300	3771.3333333333335	0.0	0.0	10625.0
310	3624.6666666666665	0.0	0.0	13934.0
320	3105.8333333333335	0.0	0.0	10754.0
330	3696.3333333333335	0.0	0.0	9545.0
340	3653.1666666666665	0.0	0.0	8109.0
350	3703.0	0.0	0.0	12086.0
360	3626.6666666666665	0.0	0.0	9492.0
370	3365.1666666666665	0.0	0.0	10934.0
380	3522.8333333333335	0.0	0.0	10842.0
390	3626.1666666666665	0.0	0.0	10787.0
400	3657.5	0.0	0.0	8886.0
410	3716.6666666666665	0.0	0.0	8286.0
420	3297.8333333333335	0.0	0.0	10091.0
430	3764.1666666666665	0.0	0.0	9947.0
440	3320.0	0.0	0.0	11736.0
450	3112.1666666666665	0.0	0.0	11248.0
460	3765.8333333333335	0.0	0.0	6471.0
470	4056.1666666666665	0.0	0.0	10384.0
480	3773.6666666666665	0.0	0.0	13570.0
490	3297.0	0.0	0.0	10994.0
500	3765.1666666666665	0.0	0.0	10858.0
510	3559.8333333333335	0.0	0.0	12763.0
520	3724.8333333333335	0.0	0.0	10039.0
530	3608.1666666666665	0.0	0.0	11762.0
540	3128.6666666666665	0.0	0.0	10056.0
550	3486.6666666666665	0.0	0.0	9333.0
560	3644.5	0.0	0.0	9502.0
570	3948.1666666666665	0.0	0.0	9333.0
580	3921.8333333333335	0.0	0.0	10501.0
590	3902.0	0.0	0.0	7636.0
600	3369.0	0.0	0.0	14140.0
610	4030.0	0.0	0.0	10461.0
620	3411.6666666666665	0.0	0.0	10258.0
630	3879.8333333333335	0.0	0.0	11278.0
640	3780.0	0.0	0.0	8706.0
650	3645.8333333333335	0.0	0.0	11062.0
660	3691.6666666666665	0.0	0.0	9906.0
670	4057.5	0.0	0.0	12815.0
680	3734.6666666666665	0.0	0.0	9628.0
690	3689.6666666666665	0.0	0.0	9504.0
700	3681.8333333333335	0.0	0.0	12934.0
710	3625.8333333333335	0.0	0.0	8694.0
720	3703.5	0.0	0.0	9565.0
730	3759.1666666666665	0.0	0.0	10374.0
740	3772.6666666666665	0.0	0.0	12152.0
750	3950.5	0.0	0.0	10392.0
760	3317.5	0.0	0.0	11205.0
770	4045.5	0.0	0.0	12629.0
780	3771.6666666666665	0.0	0.0	9295.0
790	3578.8333333333335	0.0	0.0	9698.0
800	4006.3333333333335	0.0	0.0	10159.0
810	3442.1666666666665	0.0	0.0	13485.0
820	3634.3333333333335	0.0	0.0	10971.0
830	3524.8333333333335	0.0	0.0	11372.0
840	3692.6666666666665	0.0	0.0	9652.0
850	3714.1666666666665	0.0	0.0	8801.0
860	3603.3333333333335	0.0	0.0	12220.0
870	3723.6666666666665	0.0	0.0	13418.0
880	3704.8333333333335	0.0	0.0	11616.0
890	3409.1666666666665	0.0	0.0	9508.0
900	4093.0	0.0	0.0	11349.0
910	3974.6666666666665	0.0	0.0	9042.0
920	3578.8333333333335	0.0	0.0	9887.0
930	3356.3333333333335	0.0	0.0	8604.0
940	3820.0	0.0	0.0	8423.0
950	3815.8333333333335	0.0	0.0	7212.0
960	3559.6666666666665	0.0	0.0	9649.0
970	3620.0	0.0	0.0	11005.0
980	3910.6666666666665	0.0	0.0	8940.0
990	3711.3333333333335	0.0	0.0	10311.0
1000	3816.8333333333335	0.0	0.0	10178.0
