0	2581.6666666666665	0.0	0.0	0.0
10	2783.5	229.0	1033.0	6962.0
20	2206.8333333333335	472.0	2094.0	11712.0
30	2466.1666666666665	188.0	792.0	6225.0
40	2255.5	111.0	634.0	7913.0
50	2207.3333333333335	0.0	0.0	9039.0
60	2502.3333333333335	0.0	0.0	10475.0
70	2102.6666666666665	0.0	0.0	8558.0
80	2308.1666666666665	0.0	0.0	7811.0
90	2003.3333333333333	0.0	0.0	6730.0
100	2445.6666666666665	0.0	0.0	13952.0
110	2411.1666666666665	0.0	0.0	8857.0
120	2678.5	0.0	0.0	9390.0
130	2202.1666666666665	0.0	0.0	10963.0
140	2656.6666666666665	0.0	0.0	12590.0
150	2840.5	0.0	0.0	13342.0
160	3136.8333333333335	0.0	0.0	12108.0
170	3346.3333333333335	0.0	0.0	7459.0
180	3077.0	0.0	0.0	8273.0
190	2662.5	0.0	0.0	8881.0
200	3365.3333333333335	0.0	0.0	13832.0
210	2922.0	0.0	0.0	11036.0
220	3055.0	0.0	0.0	12017.0
230	3486.6666666666665	0.0	0.0	11218.0
240	3053.5	0.0	0.0	9711.0
250	2739.3333333333335	0.0	0.0	8954.0
260	3282.8333333333335	0.0	0.0	9423.0
270	3338.6666666666665	0.0	0.0	8953.0
280	3342.6666666666665	0.0	0.0	8001.0
290	3347.0	0.0	0.0	9616.0
300	3138.1666666666665	0.0	0.0	9935.0
310	3077.8333333333335	0.0	0.0	8517.0
320	3646.1666666666665	0.0	0.0	9505.0
330	3452.1666666666665	0.0	0.0	9580.0
340	3393.1666666666665	0.0	0.0	8085.0
350	3751.0	0.0	0.0	11998.0
360	3579.0	0.0	0.0	12695.0
370	3512.8333333333335	0.0	0.0	8882.0
380	3723.1666666666665	0.0	0.0	8452.0
390	3601.1666666666665	0.0	0.0	10760.0
400	3369.1666666666665	0.0	0.0	12976.0
410	3063.8333333333335	0.0	0.0	10372.0
420	3333.0	0.0	0.0	12625.0
430	3098.1666666666665	0.0	0.0	11451.0
440	3558.3333333333335	0.0	0.0	7904.0
450	3786.6666666666665	0.0	0.0	8060.0
460	3820.3333333333335	0.0	0.0	12644.0
470	3632.6666666666665	0.0	0.0	9753.0
480	4008.6666666666665	0.0	0.0	10602.0
490	3919.6666666666665	0.0	0.0	9494.0
500	3587.5	0.0	0.0	10137.0
510	4210.0	0.0	0.0	9890.0
520	3642.0	0.0	0.0	10656.0
530	3941.3333333333335	0.0	0.0	10089.0
540	3994.1666666666665	0.0	0.0	9260.0
550	3765.3333333333335	0.0	0.0	11384.0
560	3812.8333333333335	0.0	0.0	10248.0
570	3508.1666666666665	0.0	0.0	10311.0
580	3497.0	0.0	0.0	13424.0
590	3688.5	0.0	0.0	12417.0
600	3653.3333333333335	0.0	0.0	9158.0
610	3684.8333333333335	0.0	0.0	7260.0
620	3865.8333333333335	0.0	0.0	9653.0
630	3892.6666666666665	0.0	0.0	9859.0
640	3720.5	0.0	0.0	8963.0
650	3635.8333333333335	0.0	0.0	11572.0
660	3936.6666666666665	0.0	0.0	8018.0
670	3626.6666666666665	0.0	0.0	11612.0
680	3834.0	0.0	0.0	13121.0
690	3469.0	0.0	0.0	11863.0
700	3645.5	0.0	0.0	12069.0
710	3814.8333333333335	0.0	0.0	8481.0
720	3710.6666666666665	0.0	0.0	5358.0
730	3678.8333333333335	0.0	0.0	12043.0
740	3716.8333333333335	0.0	0.0	8667.0
750	3440.6666666666665	0.0	0.0	9421.0
760	3536.8333333333335	0.0	0.0	9724.0
770	3660.6666666666665	0.0	0.0	9446.0
780	3576.5	0.0	0.0	9108.0
790	4017.3333333333335	0.0	0.0	8764.0
800	3415.6666666666665	0.0	0.0	7789.0
810	3716.6666666666665	0.0	0.0	9092.0
820	3700.1666666666665	0.0	0.0	10155.0
830	3701.6666666666665	0.0	0.0	11897.0
840	3679.3333333333335	0.0	0.0	10562.0
850	3831.8333333333335	0.0	0.0	8882.0
860	3958.6666666666665	0.0	0.0	10037.0
870	3577.5	0.0	0.0	13084.0
880	4107.166666666667	0.0	0.0	9623.0
890	3756.6666666666665	0.0	0.0	9580.0
900	3711.3333333333335	0.0	0.0	8814.0
910	3890.5	0.0	0.0	8709.0
920	3681.5	0.0	0.0	9455.0
930	3889.5	0.0	0.0	9727.0
940	3859.3333333333335	0.0	0.0	13006.0
950	3654.5	0.0	0.0	14984.0
960	3847.8333333333335	0.0	0.0	10024.0
970	3634.0	0.0	0.0	9736.0
980	3763.1666666666665	0.0	0.0	8499.0
990	3563.8333333333335	0.0	0.0	11838.0
1000	3670.5	0.0	0.0	9674.0
