0	1614.5	0.0	0.0	0.0
10	1873.8333333333335	466.5	6660.5	9528.5
20	2061.25	406.0	5655.5	8612.5
30	2032.9166666666665	127.5	1912.0	10103.5
40	2164.833333333333	0.0	0.0	11327.5
50	2122.0	0.0	0.0	7421.5
60	2183.4166666666665	0.0	0.0	8207.0
70	2213.75	0.0	0.0	8655.5
80	2116.25	0.0	0.0	9447.0
90	2092.916666666667	0.0	0.0	9676.5
100	2264.5	0.0	0.0	9165.5
110	2375.333333333333	0.0	0.0	9348.0
120	2394.9166666666665	0.0	0.0	7980.0
130	2600.083333333333	0.0	0.0	10735.5
140	2585.833333333333	0.0	0.0	8919.0
150	2593.166666666667	0.0	0.0	9628.5
160	2551.083333333333	0.0	0.0	8645.0
170	2596.333333333333	0.0	0.0	10369.0
180	2717.416666666667	0.0	0.0	8987.0
190	2633.833333333333	0.0	0.0	8879.0
200	2578.583333333333	0.0	0.0	9661.5
210	2633.083333333333	0.0	0.0	10736.0
220	2589.5	0.0	0.0	9224.5
230	2662.166666666667	0.0	0.0	7494.5
240	2755.25	0.0	0.0	8152.0
250	2691.0	0.0	0.0	10794.5
260	2496.0	0.0	0.0	9653.0
270	2573.083333333333	0.0	0.0	9253.0
280	2668.916666666667	0.0	0.0	9228.5
290	2525.833333333333	0.0	0.0	9581.5
300	2923.166666666667	0.0	0.0	7828.0
310	2744.5	0.0	0.0	9552.0
320	2725.6666666666665	0.0	0.0	8663.5
330	2775.416666666667	0.0	0.0	7110.5
340	2566.333333333333	0.0	0.0	11543.0
350	3021.25	0.0	0.0	9833.5
360	2814.833333333333	0.0	0.0	11468.5
370	3142.416666666667	0.0	0.0	8034.5
380	2940.25	0.0	0.0	6840.0
390	2653.3333333333335	0.0	0.0	8298.0
400	2878.166666666667	0.0	0.0	8611.0
410	3264.75	0.0	0.0	8667.5
420	3196.6666666666665	0.0	0.0	9707.5
430	3075.1666666666665	0.0	0.0	11005.5
440	3125.833333333333	0.0	0.0	10780.5
450	2983.1666666666665	0.0	0.0	10695.5
460	3219.75	0.0	0.0	10171.5
470	3322.333333333333	0.0	0.0	10601.5
480	3399.0	0.0	0.0	10189.0
490	3458.9166666666665	0.0	0.0	9697.0
500	3067.1666666666665	0.0	0.0	12222.5
510	3461.1666666666665	0.0	0.0	9915.0
520	3380.0	0.0	0.0	8194.0
530	3211.666666666667	0.0	0.0	9467.5
540	3361.0	0.0	0.0	11030.5
550	3002.666666666667	0.0	0.0	12237.5
560	3268.583333333333	0.0	0.0	10320.0
570	3365.833333333333	0.0	0.0	10389.5
580	3474.5	0.0	0.0	10727.0
590	3432.166666666667	0.0	0.0	10483.5
600	3672.75	0.0	0.0	11787.5
610	3599.0	0.0	0.0	11767.5
620	3515.25	0.0	0.0	11812.5
630	3894.166666666667	0.0	0.0	10851.0
640	3413.083333333333	0.0	0.0	9121.0
650	3296.5833333333335	0.0	0.0	10021.5
660	3747.833333333333	0.0	0.0	11477.5
670	3395.5	0.0	0.0	8994.0
680	3162.833333333333	0.0	0.0	11807.5
690	3494.166666666667	0.0	0.0	10039.0
700	3554.083333333333	0.0	0.0	9637.5
710	3622.4166666666665	0.0	0.0	11489.0
720	3729.083333333333	0.0	0.0	11583.0
730	3594.4166666666665	0.0	0.0	11065.0
740	3297.0	0.0	0.0	10220.5
750	3771.5	0.0	0.0	10640.5
760	3571.5833333333335	0.0	0.0	10870.5
770	3849.0	0.0	0.0	10474.5
780	4005.25	0.0	0.0	9950.5
790	3835.833333333333	0.0	0.0	10811.0
800	3845.4166666666665	0.0	0.0	9978.0
810	3809.5833333333335	0.0	0.0	8929.5
820	3739.1666666666665	0.0	0.0	8553.5
830	3509.416666666667	0.0	0.0	11421.0
840	3738.0	0.0	0.0	8004.5
850	3850.0	0.0	0.0	10578.0
860	3689.833333333333	0.0	0.0	8873.0
870	3799.5	0.0	0.0	11088.0
880	3736.333333333333	0.0	0.0	9897.0
890	3658.5	0.0	0.0	11630.0
900	3754.416666666667	0.0	0.0	11456.5
910	3736.6666666666665	0.0	0.0	9605.5
920	3827.25	0.0	0.0	10130.5
930	3696.666666666667	0.0	0.0	10781.0
940	3801.083333333333	0.0	0.0	9985.5
950	3732.0	0.0	0.0	10163.5
960	3676.5	0.0	0.0	10158.0
970	3794.75	0.0	0.0	12018.0
980	3881.916666666667	0.0	0.0	10887.5
990	3745.416666666667	0.0	0.0	11381.5
1000	3904.25	0.0	0.0	10326.0
