0	255.0	0.0	0.0	0.0
10	2072.0	3.0	128.0	8479.0
20	2087.25	5.0	2915.0	8455.0
30	1954.0	63.0	3373.0	8294.0
40	2148.25	157.0	5636.0	11567.0
50	2136.0	54.0	5014.0	11490.0
60	2399.25	64.0	4976.0	12226.0
70	2425.75	77.0	4778.0	11405.0
80	2413.25	67.0	4944.0	9156.0
90	2602.0	90.0	5185.0	14087.0
100	3090.5	77.0	3737.0	9334.0
110	2493.75	40.0	3479.0	10404.0
120	2774.5	43.0	3454.0	10842.0
130	2778.0	33.0	3286.0	8866.0
140	1951.5	33.0	3687.0	9237.0
150	2462.25	35.0	4961.0	14762.0
160	2804.25	40.0	3162.0	12010.0
170	2987.25	10.0	2069.0	7276.0
180	2931.25	21.0	2791.0	10708.0
190	2835.0	24.0	2975.0	10276.0
200	3435.0	10.0	2625.0	9392.0
210	3025.75	54.0	4710.0	13477.0
220	2961.5	0.0	0.0	10820.0
230	3287.75	0.0	0.0	9489.0
240	3725.75	0.0	0.0	13116.0
250	3257.5	0.0	0.0	12761.0
260	3387.75	0.0	0.0	10982.0
270	3533.25	0.0	0.0	8133.0
280	3475.75	0.0	0.0	7130.0
290	3316.5	0.0	0.0	9213.0
300	3272.0	0.0	0.0	12541.0
310	2569.25	0.0	0.0	10299.0
320	3729.75	0.0	0.0	9159.0
330	3167.5	0.0	0.0	9906.0
340	3892.75	0.0	0.0	12257.0
350	3446.5	0.0	0.0	11711.0
360	3408.75	0.0	0.0	10378.0
370	3268.75	0.0	0.0	9740.0
380	3743.25	0.0	0.0	9158.0
390	2955.0	0.0	0.0	10785.0
400	3081.5	0.0	0.0	10532.0
410	3806.75	0.0	0.0	14816.0
420	3902.0	0.0	0.0	11172.0
430	3366.5	0.0	0.0	7680.0
440	3001.5	0.0	0.0	10681.0
450	3661.0	0.0	0.0	11321.0
460	3640.75	0.0	0.0	8694.0
470	3991.0	0.0	0.0	12304.0
480	3683.0	0.0	0.0	10572.0
490	3738.75	0.0	0.0	10728.0
500	3804.25	0.0	0.0	13468.0
510	3466.75	0.0	0.0	10556.0
520	3409.5	0.0	0.0	11812.0
530	3958.75	0.0	0.0	11384.0
540	4159.75	0.0	0.0	13257.0
550	3896.5	0.0	0.0	11900.0
560	4058.75	0.0	0.0	9418.0
570	3472.75	0.0	0.0	12824.0
580	3934.75	0.0	0.0	9475.0
590	3674.5	0.0	0.0	9088.0
600	3605.5	0.0	0.0	8949.0
610	3942.75	0.0	0.0	10174.0
620	3815.5	0.0	0.0	13273.0
630	3112.5	0.0	0.0	9673.0
640	3954.75	0.0	0.0	11078.0
650	3482.25	0.0	0.0	11301.0
660	3627.5	0.0	0.0	10977.0
670	4174.75	0.0	0.0	10714.0
680	3896.0	0.0	0.0	10560.0
690	3603.5	0.0	0.0	10850.0
700	3807.75	0.0	0.0	9211.0
710	3859.25	0.0	0.0	10538.0
720	3699.0	0.0	0.0	8307.0
730	3783.0	0.0	0.0	9146.0
740	3615.0	0.0	0.0	10971.0
750	3766.75	0.0	0.0	10140.0
760	3620.5	0.0	0.0	10210.0
770	3463.25	0.0	0.0	10924.0
780	3526.75	0.0	0.0	7511.0
790	3466.0	0.0	0.0	12557.0
800	3824.25	0.0	0.0	9906.0
810	3650.75	0.0	0.0	9978.0
820	3986.5	0.0	0.0	10253.0
830	3805.5	0.0	0.0	9565.0
840	3559.0	0.0	0.0	11463.0
850	3695.75	0.0	0.0	10851.0
860	3877.0	0.0	0.0	13087.0
870	3684.0	0.0	0.0	7540.0
880	3755.0	0.0	0.0	10469.0
890	3792.5	0.0	0.0	10481.0
900	3834.5	0.0	0.0	10207.0
910	3746.0	0.0	0.0	8826.0
920	3838.5	0.0	0.0	11951.0
930	3243.5	0.0	0.0	10525.0
940	4021.75	0.0	0.0	11424.0
950	3600.75	0.0	0.0	10016.0
960	4062.5	0.0	0.0	10838.0
970	3700.75	0.0	0.0	9551.0
980	3474.75	0.0	0.0	8955.0
990	3942.25	0.0	0.0	10732.0
1000	3727.0	0.0	0.0	12234.0
