0	1779.3333333333333	0.0	0.0	0.0
10	1454.3333333333333	95.0	4295.0	8206.0
20	1696.6666666666667	77.0	3616.0	7047.0
30	1706.1666666666667	42.0	4234.0	8592.0
40	2142.6666666666665	93.0	4066.0	8615.0
50	2151.8333333333335	78.0	7235.0	12734.0
60	2139.3333333333335	45.0	4140.0	7473.0
70	1918.0	84.0	4723.0	9787.0
80	2416.1666666666665	165.0	7337.0	13713.0
90	2478.6666666666665	49.0	5217.0	9532.0
100	2326.6666666666665	107.0	6614.0	11575.0
110	2118.1666666666665	61.0	5615.0	9164.0
120	2533.3333333333335	104.0	4605.0	9505.0
130	2898.6666666666665	0.0	0.0	9263.0
140	2839.8333333333335	0.0	0.0	9788.0
150	2784.0	0.0	0.0	9425.0
160	3070.1666666666665	0.0	0.0	10358.0
170	3022.5	0.0	0.0	8074.0
180	2826.0	0.0	0.0	6232.0
190	2704.5	0.0	0.0	7364.0
200	2690.5	0.0	0.0	8194.0
210	2838.3333333333335	0.0	0.0	8050.0
220	2671.5	0.0	0.0	8864.0
230	2454.1666666666665	0.0	0.0	8305.0
240	2650.3333333333335	0.0	0.0	5299.0
250	2854.5	0.0	0.0	8109.0
260	2851.3333333333335	0.0	0.0	5280.0
270	2738.1666666666665	0.0	0.0	11092.0
280	2376.6666666666665	0.0	0.0	8012.0
290	2034.6666666666667	0.0	0.0	10665.0
300	2794.5	0.0	0.0	10256.0
310	2693.6666666666665	0.0	0.0	10755.0
320	2990.5	0.0	0.0	7516.0
330	2219.5	0.0	0.0	9559.0
340	3025.3333333333335	0.0	0.0	8094.0
350	3211.6666666666665	0.0	0.0	11451.0
360	3304.1666666666665	0.0	0.0	9283.0
370	2736.1666666666665	0.0	0.0	9762.0
380	3474.0	0.0	0.0	10301.0
390	3062.5	0.0	0.0	11851.0
400	3232.6666666666665	0.0	0.0	9785.0
410	3469.1666666666665	0.0	0.0	10086.0
420	3289.0	0.0	0.0	8347.0
430	3738.1666666666665	0.0	0.0	10436.0
440	3567.5	0.0	0.0	12035.0
450	3374.0	0.0	0.0	11076.0
460	3851.0	0.0	0.0	11038.0
470	3562.6666666666665	0.0	0.0	10585.0
480	3679.0	0.0	0.0	7195.0
490	3566.8333333333335	0.0	0.0	11179.0
500	3160.3333333333335	0.0	0.0	10061.0
510	3752.5	0.0	0.0	11950.0
520	3515.6666666666665	0.0	0.0	10828.0
530	3354.3333333333335	0.0	0.0	10240.0
540	3639.1666666666665	0.0	0.0	12377.0
550	3284.6666666666665	0.0	0.0	8958.0
560	3283.8333333333335	0.0	0.0	10055.0
570	3424.3333333333335	0.0	0.0	10359.0
580	3708.3333333333335	0.0	0.0	6779.0
590	3058.3333333333335	0.0	0.0	11877.0
600	3721.1666666666665	0.0	0.0	10645.0
610	3837.1666666666665	0.0	0.0	14192.0
620	3818.6666666666665	0.0	0.0	12322.0
630	3634.0	0.0	0.0	10663.0
640	3580.3333333333335	0.0	0.0	10285.0
650	3997.8333333333335	0.0	0.0	10870.0
660	3419.1666666666665	0.0	0.0	9794.0
670	4001.6666666666665	0.0	0.0	8666.0
680	3574.8333333333335	0.0	0.0	8898.0
690	3856.0	0.0	0.0	8268.0
700	3140.6666666666665	0.0	0.0	8687.0
710	3793.8333333333335	0.0	0.0	10542.0
720	3976.5	0.0	0.0	12463.0
730	3384.6666666666665	0.0	0.0	13984.0
740	3878.3333333333335	0.0	0.0	10755.0
750	3882.0	0.0	0.0	8571.0
760	3698.1666666666665	0.0	0.0	7238.0
770	4082.0	0.0	0.0	10299.0
780	3680.0	0.0	0.0	11658.0
790	3699.5	0.0	0.0	10218.0
800	3888.6666666666665	0.0	0.0	10919.0
810	3640.5	0.0	0.0	12588.0
820	3728.5	0.0	0.0	10300.0
830	3826.3333333333335	0.0	0.0	10838.0
840	3853.5	0.0	0.0	10463.0
850	3843.3333333333335	0.0	0.0	11273.0
860	3252.5	0.0	0.0	11318.0
870	3598.5	0.0	0.0	10856.0
880	3830.1666666666665	0.0	0.0	11776.0
890	3735.8333333333335	0.0	0.0	10512.0
900	3606.6666666666665	0.0	0.0	12272.0
910	3564.0	0.0	0.0	10355.0
920	3631.8333333333335	0.0	0.0	9452.0
930	3508.0	0.0	0.0	10633.0
940	3748.0	0.0	0.0	9694.0
950	3717.6666666666665	0.0	0.0	11680.0
960	3885.3333333333335	0.0	0.0	11864.0
970	3887.1666666666665	0.0	0.0	10720.0
980	3679.1666666666665	0.0	0.0	10682.0
990	3774.6666666666665	0.0	0.0	12545.0
1000	3970.1666666666665	0.0	0.0	10517.0
