0	256.0	0.0	0.0	0.0
10	2087.5	174.0	11685.0	11685.0
20	2298.5	316.0	13276.0	13276.0
30	2097.0	122.0	7524.0	7524.0
40	2104.75	65.0	10770.0	10770.0
50	2461.5	57.0	7883.0	7883.0
60	2658.5	129.0	10875.0	10875.0
70	2756.25	137.0	10234.0	10452.0
80	2690.5	0.0	0.0	9104.0
90	2708.75	0.0	0.0	9103.0
100	2375.75	0.0	0.0	14056.0
110	3103.0	0.0	0.0	11901.0
120	2957.25	0.0	0.0	9400.0
130	3068.5	0.0	0.0	8566.0
140	3258.75	0.0	0.0	9859.0
150	2769.5	0.0	0.0	11318.0
160	3253.5	0.0	0.0	13568.0
170	3058.75	0.0	0.0	11818.0
180	3178.75	0.0	0.0	7667.0
190	2884.0	0.0	0.0	8840.0
200	3286.0	0.0	0.0	7288.0
210	3309.0	0.0	0.0	9054.0
220	3827.5	0.0	0.0	9332.0
230	3556.75	0.0	0.0	11768.0
240	2958.25	0.0	0.0	11815.0
250	3051.25	0.0	0.0	10337.0
260	3675.5	0.0	0.0	8679.0
270	3195.5	0.0	0.0	9597.0
280	3861.75	0.0	0.0	12804.0
290	3721.25	0.0	0.0	10012.0
300	3467.25	0.0	0.0	8217.0
310	3196.75	0.0	0.0	8852.0
320	3447.5	0.0	0.0	9878.0
330	3072.5	0.0	0.0	8687.0
340	3471.75	0.0	0.0	11339.0
350	3472.25	0.0	0.0	11624.0
360	3251.5	0.0	0.0	10906.0
370	3395.5	0.0	0.0	9482.0
380	3730.5	0.0	0.0	11766.0
390	3451.25	0.0	0.0	8963.0
400	3450.75	0.0	0.0	11489.0
410	3385.25	0.0	0.0	11000.0
420	3580.75	0.0	0.0	9140.0
430	3814.5	0.0	0.0	12964.0
440	3458.75	0.0	0.0	10563.0
450	3542.0	0.0	0.0	12130.0
460	4017.5	0.0	0.0	7937.0
470	3029.25	0.0	0.0	11001.0
480	3770.25	0.0	0.0	10356.0
490	3944.5	0.0	0.0	11256.0
500	3537.25	0.0	0.0	10153.0
510	3609.25	0.0	0.0	11045.0
520	3738.75	0.0	0.0	9720.0
530	3676.75	0.0	0.0	8431.0
540	3763.0	0.0	0.0	9211.0
550	3892.25	0.0	0.0	13757.0
560	4073.25	0.0	0.0	10077.0
570	3922.75	0.0	0.0	9508.0
580	3675.75	0.0	0.0	13117.0
590	3980.25	0.0	0.0	11349.0
600	4363.5	0.0	0.0	10058.0
610	3777.5	0.0	0.0	13017.0
620	3704.25	0.0	0.0	10907.0
630	3931.0	0.0	0.0	10532.0
640	3868.5	0.0	0.0	10124.0
650	4052.5	0.0	0.0	10490.0
660	4044.0	0.0	0.0	9056.0
670	3776.25	0.0	0.0	11278.0
680	3625.0	0.0	0.0	12206.0
690	4042.0	0.0	0.0	8963.0
700	3602.5	0.0	0.0	10777.0
710	4100.0	0.0	0.0	10667.0
720	4062.5	0.0	0.0	11862.0
730	3462.5	0.0	0.0	9647.0
740	3710.25	0.0	0.0	8245.0
750	4454.75	0.0	0.0	11862.0
760	3733.75	0.0	0.0	10963.0
770	3827.25	0.0	0.0	8451.0
780	3931.75	0.0	0.0	11651.0
790	3983.5	0.0	0.0	7871.0
800	3776.0	0.0	0.0	11523.0
810	3730.25	0.0	0.0	9786.0
820	3776.5	0.0	0.0	10913.0
830	3726.0	0.0	0.0	8371.0
840	3791.75	0.0	0.0	10166.0
850	3520.75	0.0	0.0	10704.0
860	3847.25	0.0	0.0	7937.0
870	3765.75	0.0	0.0	10268.0
880	3752.0	0.0	0.0	8770.0
890	4012.5	0.0	0.0	11788.0
900	4100.0	0.0	0.0	10059.0
910	4014.5	0.0	0.0	6716.0
920	3500.75	0.0	0.0	12056.0
930	3547.0	0.0	0.0	10117.0
940	3334.25	0.0	0.0	8249.0
950	3747.0	0.0	0.0	9990.0
960	3688.75	0.0	0.0	9508.0
970	3956.0	0.0	0.0	10277.0
980	3724.0	0.0	0.0	9419.0
990	4050.0	0.0	0.0	11284.0
1000	3409.25	0.0	0.0	9058.0
