0	1652.0	0.0	0.0	0.0
10	2100.3333333333335	437.0	1735.0	10528.0
20	2009.0	171.0	807.0	6136.0
30	2042.6666666666667	392.0	1455.0	11249.0
40	2041.0	0.0	0.0	8601.0
50	1928.8333333333333	0.0	0.0	8148.0
60	2218.5	0.0	0.0	6552.0
70	2031.3333333333333	0.0	0.0	8554.0
80	2115.1666666666665	0.0	0.0	6597.0
90	2301.0	0.0	0.0	10537.0
100	2275.6666666666665	0.0	0.0	7776.0
110	2166.6666666666665	0.0	0.0	5466.0
120	1795.0	0.0	0.0	9673.0
130	2080.0	0.0	0.0	10568.0
140	2428.5	0.0	0.0	8542.0
150	2385.0	0.0	0.0	5180.0
160	2130.1666666666665	0.0	0.0	9663.0
170	2119.3333333333335	0.0	0.0	6242.0
180	2550.0	0.0	0.0	8205.0
190	2248.1666666666665	0.0	0.0	6656.0
200	2384.8333333333335	0.0	0.0	8185.0
210	2314.6666666666665	0.0	0.0	8501.0
220	2132.8333333333335	0.0	0.0	7451.0
230	2176.3333333333335	0.0	0.0	11822.0
240	2017.0	0.0	0.0	7227.0
250	2022.0	0.0	0.0	7629.0
260	2123.0	0.0	0.0	7458.0
270	2278.5	0.0	0.0	6304.0
280	1940.8333333333333	0.0	0.0	7520.0
290	2592.3333333333335	0.0	0.0	8321.0
300	2223.5	0.0	0.0	9737.0
310	2451.6666666666665	0.0	0.0	5781.0
320	2644.8333333333335	0.0	0.0	7295.0
330	2550.3333333333335	0.0	0.0	8099.0
340	2310.3333333333335	0.0	0.0	7429.0
350	2838.6666666666665	0.0	0.0	6879.0
360	2368.0	0.0	0.0	7765.0
370	2751.6666666666665	0.0	0.0	9844.0
380	2663.3333333333335	0.0	0.0	7786.0
390	2891.0	0.0	0.0	12942.0
400	2640.5	0.0	0.0	7357.0
410	2409.6666666666665	0.0	0.0	11231.0
420	2848.0	0.0	0.0	9807.0
430	2630.1666666666665	0.0	0.0	7288.0
440	3204.3333333333335	0.0	0.0	11934.0
450	3296.5	0.0	0.0	11808.0
460	2929.8333333333335	0.0	0.0	10630.0
470	3661.6666666666665	0.0	0.0	10194.0
480	3500.6666666666665	0.0	0.0	9101.0
490	3635.0	0.0	0.0	6336.0
500	2736.5	0.0	0.0	10124.0
510	3362.6666666666665	0.0	0.0	12006.0
520	3573.8333333333335	0.0	0.0	7412.0
530	3263.6666666666665	0.0	0.0	8372.0
540	3646.6666666666665	0.0	0.0	10024.0
550	3158.6666666666665	0.0	0.0	7368.0
560	3428.8333333333335	0.0	0.0	12853.0
570	3609.3333333333335	0.0	0.0	10343.0
580	3439.3333333333335	0.0	0.0	10206.0
590	3056.3333333333335	0.0	0.0	10018.0
600	3541.8333333333335	0.0	0.0	9271.0
610	3026.0	0.0	0.0	10085.0
620	3595.5	0.0	0.0	10382.0
630	3097.0	0.0	0.0	11636.0
640	3635.6666666666665	0.0	0.0	10965.0
650	3952.5	0.0	0.0	12178.0
660	3509.1666666666665	0.0	0.0	8285.0
670	3499.3333333333335	0.0	0.0	11082.0
680	3866.6666666666665	0.0	0.0	10938.0
690	3831.1666666666665	0.0	0.0	12288.0
700	3816.1666666666665	0.0	0.0	10076.0
710	3710.6666666666665	0.0	0.0	12279.0
720	3493.3333333333335	0.0	0.0	9583.0
730	3801.6666666666665	0.0	0.0	10005.0
740	3760.0	0.0	0.0	10615.0
750	3710.3333333333335	0.0	0.0	8329.0
760	4119.0	0.0	0.0	8503.0
770	3764.3333333333335	0.0	0.0	10288.0
780	3517.6666666666665	0.0	0.0	9049.0
790	3466.5	0.0	0.0	9660.0
800	3758.5	0.0	0.0	9589.0
810	3824.3333333333335	0.0	0.0	7599.0
820	3462.3333333333335	0.0	0.0	8490.0
830	3717.1666666666665	0.0	0.0	9797.0
840	3810.3333333333335	0.0	0.0	10492.0
850	3551.0	0.0	0.0	10104.0
860	3678.6666666666665	0.0	0.0	9254.0
870	3836.6666666666665	0.0	0.0	11360.0
880	3690.8333333333335	0.0	0.0	9668.0
890	3870.0	0.0	0.0	10624.0
900	3757.1666666666665	0.0	0.0	10062.0
910	3910.8333333333335	0.0	0.0	10719.0
920	3715.3333333333335	0.0	0.0	10219.0
930	3880.3333333333335	0.0	0.0	9340.0
940	3402.0	0.0	0.0	9636.0
950	3583.8333333333335	0.0	0.0	10442.0
960	3483.5	0.0	0.0	8644.0
970	3704.8333333333335	0.0	0.0	9910.0
980	3568.6666666666665	0.0	0.0	10245.0
990	3660.6666666666665	0.0	0.0	10530.0
1000	3848.8333333333335	0.0	0.0	9610.0
