0	1595.0	0.0	0.0	0.0
10	1943.8333333333333	672.0	2272.0	12057.0
20	1985.6666666666667	328.0	1510.0	11371.0
30	2166.8333333333335	0.0	0.0	7256.0
40	2206.0	0.0	0.0	9574.0
50	2047.5	0.0	0.0	7119.0
60	2293.5	0.0	0.0	9808.0
70	2130.6666666666665	0.0	0.0	8940.0
80	2188.3333333333335	0.0	0.0	8958.0
90	2076.3333333333335	0.0	0.0	6909.0
100	2319.0	0.0	0.0	9458.0
110	2175.3333333333335	0.0	0.0	8471.0
120	2239.8333333333335	0.0	0.0	8710.0
130	1972.0	0.0	0.0	6357.0
140	2232.5	0.0	0.0	6650.0
150	2268.0	0.0	0.0	9461.0
160	2034.1666666666667	0.0	0.0	12520.0
170	2510.6666666666665	0.0	0.0	8826.0
180	2064.6666666666665	0.0	0.0	8985.0
190	2197.1666666666665	0.0	0.0	10567.0
200	2437.5	0.0	0.0	10373.0
210	2695.3333333333335	0.0	0.0	10747.0
220	2486.0	0.0	0.0	8532.0
230	2300.0	0.0	0.0	8877.0
240	2453.8333333333335	0.0	0.0	8302.0
250	2462.3333333333335	0.0	0.0	8095.0
260	2574.8333333333335	0.0	0.0	6896.0
270	2717.8333333333335	0.0	0.0	8467.0
280	2268.6666666666665	0.0	0.0	10904.0
290	2840.0	0.0	0.0	12157.0
300	2890.0	0.0	0.0	8011.0
310	2415.3333333333335	0.0	0.0	6342.0
320	2499.0	0.0	0.0	7956.0
330	2462.3333333333335	0.0	0.0	12396.0
340	2929.5	0.0	0.0	7340.0
350	2678.0	0.0	0.0	6495.0
360	2706.5	0.0	0.0	8034.0
370	2695.1666666666665	0.0	0.0	7397.0
380	3133.0	0.0	0.0	9746.0
390	2406.1666666666665	0.0	0.0	7914.0
400	2992.1666666666665	0.0	0.0	7943.0
410	2479.1666666666665	0.0	0.0	7611.0
420	2574.0	0.0	0.0	9606.0
430	3251.6666666666665	0.0	0.0	10144.0
440	3025.6666666666665	0.0	0.0	9021.0
450	3043.8333333333335	0.0	0.0	10264.0
460	3300.5	0.0	0.0	8232.0
470	3316.8333333333335	0.0	0.0	9295.0
480	3192.8333333333335	0.0	0.0	7488.0
490	3055.6666666666665	0.0	0.0	13358.0
500	3605.0	0.0	0.0	5947.0
510	3614.5	0.0	0.0	13662.0
520	3454.5	0.0	0.0	12020.0
530	3656.1666666666665	0.0	0.0	10777.0
540	3757.1666666666665	0.0	0.0	10664.0
550	3432.1666666666665	0.0	0.0	10059.0
560	3613.8333333333335	0.0	0.0	11821.0
570	3542.6666666666665	0.0	0.0	9317.0
580	3674.6666666666665	0.0	0.0	14805.0
590	3367.5	0.0	0.0	8177.0
600	3239.5	0.0	0.0	9788.0
610	3648.5	0.0	0.0	6933.0
620	3330.6666666666665	0.0	0.0	11088.0
630	3959.8333333333335	0.0	0.0	12538.0
640	3329.0	0.0	0.0	9410.0
650	3348.3333333333335	0.0	0.0	10173.0
660	3760.5	0.0	0.0	11302.0
670	3403.6666666666665	0.0	0.0	9734.0
680	3959.0	0.0	0.0	11300.0
690	4002.5	0.0	0.0	10802.0
700	3681.6666666666665	0.0	0.0	13596.0
710	4016.6666666666665	0.0	0.0	12097.0
720	3664.0	0.0	0.0	12005.0
730	3778.5	0.0	0.0	8033.0
740	3644.1666666666665	0.0	0.0	9557.0
750	3928.1666666666665	0.0	0.0	9008.0
760	4124.166666666667	0.0	0.0	10658.0
770	3633.8333333333335	0.0	0.0	12278.0
780	4044.5	0.0	0.0	9555.0
790	3980.3333333333335	0.0	0.0	14649.0
800	3514.8333333333335	0.0	0.0	10449.0
810	3482.8333333333335	0.0	0.0	10255.0
820	3497.1666666666665	0.0	0.0	11673.0
830	3775.5	0.0	0.0	11763.0
840	3782.5	0.0	0.0	9264.0
850	3337.6666666666665	0.0	0.0	9478.0
860	3834.0	0.0	0.0	10685.0
870	3730.8333333333335	0.0	0.0	10508.0
880	3805.6666666666665	0.0	0.0	10611.0
890	3635.1666666666665	0.0	0.0	10122.0
900	3709.6666666666665	0.0	0.0	9763.0
910	3957.6666666666665	0.0	0.0	8617.0
920	3628.1666666666665	0.0	0.0	8874.0
930	4049.8333333333335	0.0	0.0	10765.0
940	3969.8333333333335	0.0	0.0	11411.0
950	3720.5	0.0	0.0	11307.0
960	3674.5	0.0	0.0	10756.0
970	3908.3333333333335	0.0	0.0	10932.0
980	3799.5	0.0	0.0	8151.0
990	3808.8333333333335	0.0	0.0	13247.0
1000	3537.3333333333335	0.0	0.0	8067.0
