0	1707.0	0.0	0.0	0.0
10	1560.3333333333333	1000.0	1000.0	7372.0
20	1418.0	0.0	0.0	8436.0
30	1591.3333333333333	0.0	0.0	8903.0
40	1613.1666666666667	0.0	0.0	6331.0
50	1625.5	0.0	0.0	9621.0
60	1592.3333333333333	0.0	0.0	6462.0
70	1753.6666666666667	0.0	0.0	6555.0
80	1481.3333333333333	0.0	0.0	8844.0
90	1828.1666666666667	0.0	0.0	9644.0
100	1528.3333333333333	0.0	0.0	7330.0
110	1720.6666666666667	0.0	0.0	5620.0
120	1470.8333333333333	0.0	0.0	5359.0
130	1602.0	0.0	0.0	6317.0
140	1475.3333333333333	0.0	0.0	6969.0
150	1628.1666666666667	0.0	0.0	6829.0
160	1368.6666666666667	0.0	0.0	4607.0
170	1693.3333333333333	0.0	0.0	6141.0
180	1396.5	0.0	0.0	7098.0
190	1646.0	0.0	0.0	7455.0
200	1485.8333333333333	0.0	0.0	8992.0
210	1610.3333333333333	0.0	0.0	6105.0
220	1636.6666666666667	0.0	0.0	6153.0
230	1631.3333333333333	0.0	0.0	6983.0
240	1517.0	0.0	0.0	7837.0
250	1548.0	0.0	0.0	6863.0
260	1740.3333333333333	0.0	0.0	6031.0
270	1528.8333333333333	0.0	0.0	6788.0
280	1601.1666666666667	0.0	0.0	8209.0
290	1614.6666666666667	0.0	0.0	4893.0
300	1544.0	0.0	0.0	8032.0
310	1536.0	0.0	0.0	5801.0
320	1411.8333333333333	0.0	0.0	5236.0
330	1634.0	0.0	0.0	5447.0
340	1480.3333333333333	0.0	0.0	5763.0
350	1453.6666666666667	0.0	0.0	7687.0
360	1511.1666666666667	0.0	0.0	6173.0
370	1373.0	0.0	0.0	6037.0
380	1407.6666666666667	0.0	0.0	6642.0
390	1348.6666666666667	0.0	0.0	5241.0
400	1261.1666666666667	0.0	0.0	7566.0
410	1388.0	0.0	0.0	6810.0
420	1421.0	0.0	0.0	6395.0
430	1346.0	0.0	0.0	6979.0
440	1235.6666666666667	0.0	0.0	7091.0
450	1484.6666666666667	0.0	0.0	6756.0
460	1497.5	0.0	0.0	5995.0
470	1432.6666666666667	0.0	0.0	4736.0
480	1521.0	0.0	0.0	7118.0
490	1476.6666666666667	0.0	0.0	5354.0
500	1300.3333333333333	0.0	0.0	7722.0
510	1440.3333333333333	0.0	0.0	9402.0
520	1283.0	0.0	0.0	4352.0
530	1382.0	0.0	0.0	5786.0
540	1410.8333333333333	0.0	0.0	6690.0
550	1442.3333333333333	0.0	0.0	5395.0
560	1286.0	0.0	0.0	5400.0
570	1363.6666666666667	0.0	0.0	5119.0
580	1221.3333333333333	0.0	0.0	9888.0
590	1475.0	0.0	0.0	6712.0
600	1380.3333333333333	0.0	0.0	5242.0
610	1279.6666666666667	0.0	0.0	7243.0
620	1261.3333333333333	0.0	0.0	5654.0
630	1313.0	0.0	0.0	4714.0
640	1242.3333333333333	0.0	0.0	6957.0
650	1277.0	0.0	0.0	8027.0
660	1439.0	0.0	0.0	5648.0
670	1353.3333333333333	0.0	0.0	7921.0
680	1419.6666666666667	0.0	0.0	4849.0
690	1457.6666666666667	0.0	0.0	6596.0
700	1410.0	0.0	0.0	7302.0
710	1238.0	0.0	0.0	4855.0
720	1301.0	0.0	0.0	6169.0
730	1379.6666666666667	0.0	0.0	7372.0
740	1412.0	0.0	0.0	6132.0
750	1366.0	0.0	0.0	5873.0
760	1072.6666666666667	0.0	0.0	6277.0
770	1211.0	0.0	0.0	6630.0
780	1184.3333333333333	0.0	0.0	4932.0
790	1411.3333333333333	0.0	0.0	5896.0
800	1416.3333333333333	0.0	0.0	7314.0
810	1293.0	0.0	0.0	5325.0
820	1425.3333333333333	0.0	0.0	5084.0
830	1110.6666666666667	0.0	0.0	7520.0
840	1257.0	0.0	0.0	5448.0
850	1279.3333333333333	0.0	0.0	5980.0
860	1310.3333333333333	0.0	0.0	4404.0
870	1353.0	0.0	0.0	5209.0
880	1063.3333333333333	0.0	0.0	5706.0
890	1418.0	0.0	0.0	6579.0
900	1118.0	0.0	0.0	6827.0
910	1238.0	0.0	0.0	5603.0
920	1383.6666666666667	0.0	0.0	5344.0
930	1171.6666666666667	0.0	0.0	4160.0
940	1144.6666666666667	0.0	0.0	5775.0
950	1275.6666666666667	0.0	0.0	4494.0
960	1190.0	0.0	0.0	4088.0
970	1282.3333333333333	0.0	0.0	6098.0
980	1359.0	0.0	0.0	4388.0
990	1281.0	0.0	0.0	4611.0
1000	1125.3333333333333	0.0	0.0	5982.0
