0	2257.5	0.0	0.0	0.0
10	2415.5	598.0	10304.0	10304.0
20	2101.6666666666665	402.0	7785.0	12222.0
30	2524.3333333333335	0.0	0.0	6244.0
40	2036.5	0.0	0.0	7032.0
50	2510.6666666666665	0.0	0.0	9417.0
60	2254.3333333333335	0.0	0.0	6488.0
70	2687.1666666666665	0.0	0.0	7224.0
80	2705.5	0.0	0.0	10530.0
90	2662.1666666666665	0.0	0.0	9068.0
100	3006.6666666666665	0.0	0.0	9637.0
110	2908.0	0.0	0.0	5493.0
120	2858.1666666666665	0.0	0.0	6972.0
130	2407.0	0.0	0.0	8801.0
140	2646.5	0.0	0.0	6724.0
150	2410.6666666666665	0.0	0.0	6700.0
160	2474.0	0.0	0.0	5504.0
170	2558.6666666666665	0.0	0.0	7323.0
180	2506.6666666666665	0.0	0.0	8134.0
190	2714.3333333333335	0.0	0.0	10714.0
200	2793.6666666666665	0.0	0.0	7630.0
210	2816.3333333333335	0.0	0.0	10622.0
220	2546.1666666666665	0.0	0.0	7652.0
230	2636.1666666666665	0.0	0.0	11735.0
240	2998.1666666666665	0.0	0.0	9990.0
250	2965.0	0.0	0.0	10468.0
260	2493.5	0.0	0.0	9210.0
270	2540.1666666666665	0.0	0.0	10410.0
280	2946.8333333333335	0.0	0.0	7451.0
290	3060.0	0.0	0.0	13732.0
300	3013.0	0.0	0.0	11218.0
310	3311.0	0.0	0.0	11158.0
320	3184.6666666666665	0.0	0.0	9991.0
330	3322.0	0.0	0.0	6433.0
340	3668.6666666666665	0.0	0.0	6483.0
350	3326.1666666666665	0.0	0.0	10311.0
360	3054.6666666666665	0.0	0.0	16676.0
370	3906.6666666666665	0.0	0.0	10306.0
380	3195.5	0.0	0.0	12662.0
390	3170.0	0.0	0.0	10344.0
400	3390.0	0.0	0.0	9752.0
410	3559.5	0.0	0.0	8923.0
420	2957.0	0.0	0.0	10051.0
430	3454.8333333333335	0.0	0.0	9084.0
440	3475.5	0.0	0.0	15019.0
450	3477.5	0.0	0.0	10374.0
460	3590.3333333333335	0.0	0.0	11316.0
470	2625.0	0.0	0.0	11523.0
480	3909.0	0.0	0.0	8514.0
490	3785.6666666666665	0.0	0.0	9439.0
500	3727.3333333333335	0.0	0.0	8972.0
510	3832.3333333333335	0.0	0.0	11068.0
520	4010.6666666666665	0.0	0.0	8591.0
530	3595.0	0.0	0.0	8467.0
540	3607.6666666666665	0.0	0.0	9008.0
550	3601.5	0.0	0.0	9561.0
560	3889.3333333333335	0.0	0.0	11919.0
570	3789.0	0.0	0.0	11074.0
580	3671.5	0.0	0.0	11333.0
590	3543.5	0.0	0.0	8924.0
600	3523.0	0.0	0.0	12258.0
610	4064.6666666666665	0.0	0.0	11089.0
620	3792.8333333333335	0.0	0.0	9264.0
630	3867.8333333333335	0.0	0.0	9969.0
640	3589.3333333333335	0.0	0.0	10859.0
650	3279.8333333333335	0.0	0.0	11805.0
660	4080.8333333333335	0.0	0.0	10061.0
670	3752.1666666666665	0.0	0.0	8424.0
680	3583.6666666666665	0.0	0.0	9601.0
690	4001.6666666666665	0.0	0.0	11081.0
700	3588.5	0.0	0.0	12175.0
710	3649.0	0.0	0.0	11072.0
720	3578.3333333333335	0.0	0.0	11383.0
730	3745.3333333333335	0.0	0.0	8419.0
740	3709.3333333333335	0.0	0.0	9406.0
750	4171.666666666667	0.0	0.0	10722.0
760	3599.8333333333335	0.0	0.0	11058.0
770	3582.1666666666665	0.0	0.0	9829.0
780	3690.3333333333335	0.0	0.0	11387.0
790	3578.6666666666665	0.0	0.0	7423.0
800	3929.5	0.0	0.0	8786.0
