0	2543.1944444444443	0.0	0.0	0.0
10	2578.105555555556	182.3	714.0666666666667	8608.933333333332
20	2633.7666666666673	179.3	784.6333333333333	9504.733333333334
30	2667.8555555555563	163.13333333333333	716.4	8877.133333333333
40	2732.45	147.63333333333333	699.4333333333333	8690.266666666666
50	2795.722222222222	125.13333333333334	613.1333333333333	9554.066666666668
60	2777.694444444445	85.2	446.1333333333333	9317.133333333333
70	2882.8499999999995	86.6	347.4	8584.033333333333
80	2999.9444444444453	27.933333333333334	133.2	9132.3
90	2929.133333333333	2.7666666666666666	17.833333333333332	9155.7
100	3009.9888888888886	0.0	0.0	9671.4
110	3000.888888888889	0.0	0.0	10011.733333333334
120	3064.2722222222224	0.0	0.0	9748.466666666667
130	3132.333333333334	0.0	0.0	10471.6
140	3162.3444444444444	0.0	0.0	9954.8
150	3387.2444444444436	0.0	0.0	9499.366666666667
160	3199.9555555555557	0.0	0.0	9527.633333333333
170	3202.6333333333337	0.0	0.0	9781.2
180	3281.211111111111	0.0	0.0	9997.333333333334
190	3287.6499999999996	0.0	0.0	9869.6
200	3402.161111111111	0.0	0.0	10287.966666666667
210	3359.5055555555546	0.0	0.0	10529.033333333333
220	3382.7833333333338	0.0	0.0	10191.733333333334
230	3394.8722222222227	0.0	0.0	10138.633333333333
240	3400.655555555555	0.0	0.0	9767.533333333333
250	3479.3333333333335	0.0	0.0	9968.366666666667
260	3372.8888888888887	0.0	0.0	10422.566666666668
270	3502.2944444444447	0.0	0.0	10254.033333333333
280	3567.972222222221	0.0	0.0	10204.666666666666
290	3528.088888888889	0.0	0.0	10379.633333333333
300	3498.144444444445	0.0	0.0	9624.566666666668
310	3514.2388888888877	0.0	0.0	10628.433333333332
320	3531.4666666666676	0.0	0.0	10128.433333333332
330	3540.488888888889	0.0	0.0	10451.7
340	3481.744444444445	0.0	0.0	9950.566666666668
350	3537.6777777777775	0.0	0.0	10433.266666666666
360	3548.266666666667	0.0	0.0	10210.266666666666
370	3580.8	0.0	0.0	10811.166666666666
380	3621.366666666667	0.0	0.0	9969.0
390	3619.683333333333	0.0	0.0	10283.066666666668
400	3657.65	0.0	0.0	10252.2
410	3571.4555555555553	0.0	0.0	10164.3
420	3745.1166666666672	0.0	0.0	10517.766666666666
430	3706.1888888888893	0.0	0.0	10728.3
440	3746.294444444444	0.0	0.0	10437.133333333333
450	3722.672222222222	0.0	0.0	10200.966666666667
460	3738.4055555555556	0.0	0.0	10166.933333333332
470	3703.7888888888897	0.0	0.0	9977.1
480	3678.6388888888887	0.0	0.0	10198.466666666667
490	3719.177777777777	0.0	0.0	10125.8
500	3684.6388888888896	0.0	0.0	10622.666666666666
510	3662.1333333333337	0.0	0.0	10376.333333333334
520	3655.288888888888	0.0	0.0	9993.566666666668
530	3725.311111111112	0.0	0.0	10559.066666666668
540	3760.3888888888882	0.0	0.0	10272.066666666668
550	3796.6611111111115	0.0	0.0	10174.133333333333
560	3725.7055555555553	0.0	0.0	10164.9
570	3770.505555555555	0.0	0.0	9986.133333333333
580	3659.8444444444463	0.0	0.0	10269.033333333333
590	3791.905555555556	0.0	0.0	10228.133333333333
600	3728.261111111111	0.0	0.0	10514.433333333332
