0	1722.3333333333333	0.0	0.0	0.0
10	2044.5	82.0	5676.0	11407.0
20	2001.0	135.0	4470.0	9590.0
30	1916.1666666666667	62.0	4507.0	9486.0
40	2096.1666666666665	25.0	5184.0	10681.0
50	2265.8333333333335	22.0	4567.0	9300.0
60	2265.3333333333335	72.0	4371.0	8976.0
70	2282.0	61.0	3959.0	8465.0
80	2263.3333333333335	13.0	4009.0	8416.0
90	2413.1666666666665	53.0	3231.0	7149.0
100	2412.5	63.0	5841.0	12024.0
110	2670.8333333333335	54.0	2957.0	6117.0
120	2173.0	19.0	5312.0	10862.0
130	2656.1666666666665	22.0	4335.0	8685.0
140	1928.3333333333333	54.0	5111.0	10544.0
150	2283.6666666666665	57.0	3371.0	6951.0
160	2184.6666666666665	15.0	2727.0	5647.0
170	2251.0	65.0	5252.0	10413.0
180	2201.6666666666665	65.0	5943.0	11766.0
190	2731.1666666666665	6.0	5841.0	11797.0
200	2841.1666666666665	10.0	4588.0	9390.0
210	2712.0	45.0	4451.0	9445.0
220	2616.6666666666665	0.0	0.0	8538.0
230	2250.5	0.0	0.0	7743.0
240	2381.6666666666665	0.0	0.0	11351.0
250	2447.0	0.0	0.0	7509.0
260	2630.6666666666665	0.0	0.0	8144.0
270	2619.0	0.0	0.0	10267.0
280	2553.3333333333335	0.0	0.0	10855.0
290	2528.3333333333335	0.0	0.0	10775.0
300	2712.8333333333335	0.0	0.0	9016.0
310	3736.6666666666665	0.0	0.0	11392.0
320	2939.6666666666665	0.0	0.0	7354.0
330	2879.5	0.0	0.0	10076.0
340	3153.3333333333335	0.0	0.0	8826.0
350	3475.3333333333335	0.0	0.0	10437.0
360	3610.8333333333335	0.0	0.0	8693.0
370	3279.0	0.0	0.0	10583.0
380	3237.1666666666665	0.0	0.0	8348.0
390	3571.1666666666665	0.0	0.0	9654.0
400	3958.8333333333335	0.0	0.0	11694.0
410	3329.3333333333335	0.0	0.0	10483.0
420	3123.1666666666665	0.0	0.0	11501.0
430	3371.8333333333335	0.0	0.0	10181.0
440	3678.1666666666665	0.0	0.0	9255.0
450	3999.3333333333335	0.0	0.0	11138.0
460	3128.0	0.0	0.0	8464.0
470	3318.1666666666665	0.0	0.0	8708.0
480	3758.5	0.0	0.0	10704.0
490	3552.1666666666665	0.0	0.0	14517.0
500	3931.5	0.0	0.0	11380.0
510	3672.8333333333335	0.0	0.0	8239.0
520	3332.3333333333335	0.0	0.0	11490.0
530	2957.5	0.0	0.0	7103.0
540	3553.0	0.0	0.0	11848.0
550	3742.5	0.0	0.0	12625.0
560	3290.0	0.0	0.0	10547.0
570	3579.6666666666665	0.0	0.0	9876.0
580	3719.3333333333335	0.0	0.0	12496.0
590	3619.5	0.0	0.0	8825.0
600	3334.3333333333335	0.0	0.0	10379.0
610	3713.0	0.0	0.0	11981.0
620	3798.1666666666665	0.0	0.0	7647.0
630	3764.5	0.0	0.0	13476.0
640	3620.3333333333335	0.0	0.0	8723.0
650	3768.6666666666665	0.0	0.0	9703.0
660	3711.3333333333335	0.0	0.0	10149.0
670	3184.3333333333335	0.0	0.0	13306.0
680	3584.1666666666665	0.0	0.0	9233.0
690	3375.3333333333335	0.0	0.0	9076.0
700	4098.833333333333	0.0	0.0	9601.0
710	3731.5	0.0	0.0	10535.0
720	3845.6666666666665	0.0	0.0	13537.0
730	3597.0	0.0	0.0	8444.0
740	3691.6666666666665	0.0	0.0	13550.0
750	3747.0	0.0	0.0	9553.0
760	3897.5	0.0	0.0	11051.0
770	3500.3333333333335	0.0	0.0	11628.0
780	3431.0	0.0	0.0	9036.0
790	4077.1666666666665	0.0	0.0	11971.0
800	3811.0	0.0	0.0	9786.0
810	3823.8333333333335	0.0	0.0	9117.0
820	3778.5	0.0	0.0	9725.0
830	3663.0	0.0	0.0	5832.0
840	3809.3333333333335	0.0	0.0	10293.0
850	3867.6666666666665	0.0	0.0	10614.0
860	3745.5	0.0	0.0	10800.0
870	3849.0	0.0	0.0	9783.0
880	3664.1666666666665	0.0	0.0	9046.0
890	3883.3333333333335	0.0	0.0	11905.0
900	3952.0	0.0	0.0	11108.0
910	3651.1666666666665	0.0	0.0	10118.0
920	3475.3333333333335	0.0	0.0	9942.0
930	4054.0	0.0	0.0	12852.0
940	4097.0	0.0	0.0	9117.0
950	3855.6666666666665	0.0	0.0	8782.0
960	3942.0	0.0	0.0	8538.0
970	4156.666666666667	0.0	0.0	11440.0
980	3814.1666666666665	0.0	0.0	12147.0
990	3756.1666666666665	0.0	0.0	10102.0
1000	3661.8333333333335	0.0	0.0	10766.0
