0	1702.5	0.0	0.0	0.0
10	1599.0	55.0	3239.0	6938.0
20	1933.6666666666667	55.0	3538.0	7362.0
30	1622.6666666666667	28.0	2628.0	5607.0
40	1824.3333333333333	101.0	3695.0	7452.0
50	1895.5	54.0	4443.0	9406.0
60	2017.3333333333333	71.0	4651.0	9783.0
70	2029.0	106.0	5026.0	10819.0
80	2258.5	55.0	4721.0	10023.0
90	2459.5	47.0	4034.0	8252.0
100	2418.0	89.0	5120.0	10193.0
110	2140.8333333333335	84.0	6349.0	13088.0
120	2273.3333333333335	48.0	5783.0	11810.0
130	2493.3333333333335	22.0	3787.0	7774.0
140	2463.0	52.0	4332.0	8864.0
150	2381.3333333333335	43.0	3636.0	7510.0
160	2607.0	16.0	4843.0	10108.0
170	2322.6666666666665	29.0	4171.0	8519.0
180	2729.1666666666665	1.0	3057.0	6139.0
190	2924.1666666666665	18.0	5205.0	9941.0
200	2769.5	8.0	5462.0	10961.0
210	2670.0	1.0	2937.0	6036.0
220	2779.1666666666665	6.0	3083.0	5704.0
230	2963.3333333333335	8.0	4224.0	8403.0
240	2914.3333333333335	3.0	994.0	9525.0
250	2590.8333333333335	0.0	0.0	10004.0
260	3077.0	0.0	0.0	7038.0
270	3218.0	0.0	0.0	8140.0
280	2757.0	0.0	0.0	9379.0
290	3146.0	0.0	0.0	7393.0
300	2684.0	0.0	0.0	9046.0
310	3291.1666666666665	0.0	0.0	7015.0
320	3128.0	0.0	0.0	8532.0
330	3590.1666666666665	0.0	0.0	7530.0
340	3687.5	0.0	0.0	4777.0
350	3093.1666666666665	0.0	0.0	9581.0
360	3721.8333333333335	0.0	0.0	10382.0
370	3492.6666666666665	0.0	0.0	9717.0
380	2996.6666666666665	0.0	0.0	11467.0
390	3227.8333333333335	0.0	0.0	10902.0
400	3365.1666666666665	0.0	0.0	9293.0
410	3665.1666666666665	0.0	0.0	11374.0
420	3528.1666666666665	0.0	0.0	11963.0
430	3401.8333333333335	0.0	0.0	9100.0
440	3568.3333333333335	0.0	0.0	11659.0
450	3357.5	0.0	0.0	12255.0
460	3508.1666666666665	0.0	0.0	10267.0
470	3869.3333333333335	0.0	0.0	9139.0
480	3776.5	0.0	0.0	10437.0
490	3365.6666666666665	0.0	0.0	9744.0
500	3595.1666666666665	0.0	0.0	11720.0
510	3364.3333333333335	0.0	0.0	12299.0
520	3596.8333333333335	0.0	0.0	9014.0
530	3490.1666666666665	0.0	0.0	10531.0
540	3497.6666666666665	0.0	0.0	7322.0
550	3748.1666666666665	0.0	0.0	13719.0
560	3897.1666666666665	0.0	0.0	10819.0
570	3684.1666666666665	0.0	0.0	11514.0
580	3391.0	0.0	0.0	9043.0
590	3742.8333333333335	0.0	0.0	9546.0
600	3880.1666666666665	0.0	0.0	8722.0
610	3426.3333333333335	0.0	0.0	11909.0
620	3569.8333333333335	0.0	0.0	10304.0
630	3512.1666666666665	0.0	0.0	12133.0
640	3481.1666666666665	0.0	0.0	13497.0
650	3550.1666666666665	0.0	0.0	10894.0
660	3561.8333333333335	0.0	0.0	9991.0
670	3581.5	0.0	0.0	12379.0
680	3674.3333333333335	0.0	0.0	10768.0
690	3030.0	0.0	0.0	9370.0
700	3961.1666666666665	0.0	0.0	11236.0
710	3996.0	0.0	0.0	7539.0
720	3585.1666666666665	0.0	0.0	12322.0
730	3655.0	0.0	0.0	10972.0
740	3615.1666666666665	0.0	0.0	12198.0
750	4160.5	0.0	0.0	11111.0
760	3776.6666666666665	0.0	0.0	8578.0
770	3823.3333333333335	0.0	0.0	11343.0
780	3966.8333333333335	0.0	0.0	10813.0
790	3850.3333333333335	0.0	0.0	11750.0
800	3676.8333333333335	0.0	0.0	12886.0
810	3789.1666666666665	0.0	0.0	10226.0
820	3881.8333333333335	0.0	0.0	11671.0
830	3990.3333333333335	0.0	0.0	10690.0
840	3885.5	0.0	0.0	10487.0
850	3850.8333333333335	0.0	0.0	8905.0
860	4002.8333333333335	0.0	0.0	10696.0
870	4071.8333333333335	0.0	0.0	8621.0
880	3906.6666666666665	0.0	0.0	11666.0
890	3947.5	0.0	0.0	11690.0
900	3969.0	0.0	0.0	11305.0
910	3849.5	0.0	0.0	8527.0
920	3883.5	0.0	0.0	10631.0
930	3836.1666666666665	0.0	0.0	11948.0
940	3903.1666666666665	0.0	0.0	11300.0
950	3938.8333333333335	0.0	0.0	8991.0
960	3676.5	0.0	0.0	12256.0
970	3858.1666666666665	0.0	0.0	11391.0
980	3750.5	0.0	0.0	9303.0
990	3702.1666666666665	0.0	0.0	10803.0
1000	3805.5	0.0	0.0	11580.0
