0	1668.1666666666667	0.0	0.0	0.0
10	1568.8333333333333	116.0	4901.0	10139.0
20	1955.5	45.0	4413.0	9266.0
30	2125.8333333333335	33.0	3984.0	8099.0
40	2086.8333333333335	6.0	4437.0	8990.0
50	1930.3333333333333	36.0	4233.0	9393.0
60	2189.3333333333335	60.0	4631.0	9701.0
70	2222.8333333333335	45.0	4413.0	9584.0
80	2182.8333333333335	34.0	2668.0	6205.0
90	2179.3333333333335	97.0	5245.0	10965.0
100	2596.5	23.0	4787.0	9838.0
110	2299.1666666666665	66.0	4597.0	9989.0
120	2511.8333333333335	40.0	4520.0	9567.0
130	2173.8333333333335	51.0	4602.0	9471.0
140	2291.6666666666665	79.0	6892.0	13717.0
150	2150.6666666666665	22.0	4318.0	9066.0
160	2115.0	125.0	5974.0	12011.0
170	2409.6666666666665	89.0	7541.0	14888.0
180	2548.3333333333335	32.0	3834.0	7396.0
190	2569.5	1.0	2861.0	10268.0
200	2356.8333333333335	0.0	0.0	7873.0
210	2646.8333333333335	0.0	0.0	9712.0
220	2423.5	0.0	0.0	7584.0
230	2835.3333333333335	0.0	0.0	7819.0
240	2565.3333333333335	0.0	0.0	7900.0
250	2540.3333333333335	0.0	0.0	6572.0
260	2831.0	0.0	0.0	10466.0
270	2797.6666666666665	0.0	0.0	9625.0
280	2611.0	0.0	0.0	11937.0
290	2698.5	0.0	0.0	10179.0
300	2794.1666666666665	0.0	0.0	12630.0
310	3301.8333333333335	0.0	0.0	9923.0
320	2924.8333333333335	0.0	0.0	9496.0
330	3274.0	0.0	0.0	7414.0
340	3274.3333333333335	0.0	0.0	10650.0
350	3270.0	0.0	0.0	9844.0
360	3545.3333333333335	0.0	0.0	9675.0
370	3227.6666666666665	0.0	0.0	9525.0
380	3375.8333333333335	0.0	0.0	9065.0
390	3278.6666666666665	0.0	0.0	8085.0
400	3400.5	0.0	0.0	11296.0
410	3427.8333333333335	0.0	0.0	9378.0
420	3123.0	0.0	0.0	11687.0
430	3478.5	0.0	0.0	11306.0
440	3758.0	0.0	0.0	10761.0
450	3603.0	0.0	0.0	11240.0
460	3695.6666666666665	0.0	0.0	9517.0
470	3344.6666666666665	0.0	0.0	9944.0
480	3369.0	0.0	0.0	11184.0
490	3196.6666666666665	0.0	0.0	8536.0
500	3669.5	0.0	0.0	8741.0
510	3207.1666666666665	0.0	0.0	14637.0
520	3806.8333333333335	0.0	0.0	9194.0
530	3935.0	0.0	0.0	8741.0
540	3864.6666666666665	0.0	0.0	7483.0
550	3521.6666666666665	0.0	0.0	10254.0
560	3483.3333333333335	0.0	0.0	10502.0
570	3783.0	0.0	0.0	12043.0
580	3967.1666666666665	0.0	0.0	8433.0
590	3756.3333333333335	0.0	0.0	10296.0
600	3882.0	0.0	0.0	12119.0
610	3840.5	0.0	0.0	10203.0
620	3244.5	0.0	0.0	11255.0
630	3935.3333333333335	0.0	0.0	12579.0
640	3664.0	0.0	0.0	8447.0
650	3650.1666666666665	0.0	0.0	9571.0
660	3698.6666666666665	0.0	0.0	9952.0
670	3369.8333333333335	0.0	0.0	10363.0
680	4056.5	0.0	0.0	9817.0
690	3591.0	0.0	0.0	11502.0
700	4070.3333333333335	0.0	0.0	12847.0
710	3698.5	0.0	0.0	11225.0
720	3920.0	0.0	0.0	12614.0
730	3544.1666666666665	0.0	0.0	13137.0
740	3727.3333333333335	0.0	0.0	9581.0
750	3838.5	0.0	0.0	9405.0
760	3697.8333333333335	0.0	0.0	10961.0
770	4050.5	0.0	0.0	10459.0
780	3983.0	0.0	0.0	10543.0
790	3800.8333333333335	0.0	0.0	11581.0
800	3755.3333333333335	0.0	0.0	9926.0
810	3823.8333333333335	0.0	0.0	9183.0
820	4042.8333333333335	0.0	0.0	9878.0
830	3505.1666666666665	0.0	0.0	8796.0
840	3705.3333333333335	0.0	0.0	9913.0
850	3747.8333333333335	0.0	0.0	10279.0
860	3896.1666666666665	0.0	0.0	9373.0
870	3805.3333333333335	0.0	0.0	8922.0
880	3704.5	0.0	0.0	11588.0
890	3884.1666666666665	0.0	0.0	12591.0
900	3698.6666666666665	0.0	0.0	8097.0
910	3883.5	0.0	0.0	9911.0
920	3519.0	0.0	0.0	9824.0
930	4044.3333333333335	0.0	0.0	8228.0
940	4275.166666666667	0.0	0.0	15571.0
950	3788.1666666666665	0.0	0.0	10651.0
960	3484.6666666666665	0.0	0.0	12799.0
970	3763.8333333333335	0.0	0.0	10080.0
980	3538.5	0.0	0.0	10755.0
990	4084.8333333333335	0.0	0.0	11245.0
1000	3767.5	0.0	0.0	10834.0
