0	2597.0	0.0	0.0	0.0
10	2585.8333333333335	89.0	15626.0	15626.0
20	2843.0	95.0	13183.0	13183.0
30	2859.6666666666665	25.0	7782.0	7782.0
40	3292.8333333333335	84.0	14536.0	14536.0
50	3181.6666666666665	16.0	10896.0	10896.0
60	3499.3333333333335	35.0	10766.0	10766.0
70	3374.3333333333335	32.0	12742.0	12742.0
80	3649.1666666666665	72.0	15576.0	15576.0
90	3362.3333333333335	53.0	11752.0	11752.0
100	3263.5	33.0	12310.0	12310.0
110	3014.1666666666665	43.0	10608.0	10608.0
120	3357.3333333333335	29.0	10159.0	10159.0
130	3161.3333333333335	38.0	11709.0	11709.0
140	3297.6666666666665	24.0	9182.0	9182.0
150	3890.0	26.0	12435.0	12435.0
160	3656.1666666666665	22.0	8307.0	8307.0
170	3732.0	38.0	13165.0	13165.0
180	3346.3333333333335	31.0	12648.0	12648.0
190	3522.1666666666665	30.0	12259.0	12259.0
200	3311.5	27.0	11660.0	11660.0
210	3456.1666666666665	39.0	14268.0	14268.0
220	3646.5	10.0	8648.0	8648.0
230	3706.1666666666665	44.0	13319.0	13319.0
240	3720.1666666666665	32.0	10770.0	10770.0
250	3597.0	28.0	12214.0	12214.0
260	3696.0	5.0	1328.0	10637.0
270	3899.3333333333335	0.0	0.0	11597.0
280	4147.333333333333	0.0	0.0	12469.0
290	3911.1666666666665	0.0	0.0	10026.0
300	3465.3333333333335	0.0	0.0	10129.0
310	3723.0	0.0	0.0	11434.0
320	3578.6666666666665	0.0	0.0	13377.0
330	3597.0	0.0	0.0	12641.0
340	3471.0	0.0	0.0	11513.0
350	3702.0	0.0	0.0	11219.0
360	3933.5	0.0	0.0	11596.0
370	3420.1666666666665	0.0	0.0	13018.0
380	4005.1666666666665	0.0	0.0	11270.0
390	3679.8333333333335	0.0	0.0	8305.0
400	3840.6666666666665	0.0	0.0	12344.0
410	3480.1666666666665	0.0	0.0	9932.0
420	3716.3333333333335	0.0	0.0	10310.0
430	3810.8333333333335	0.0	0.0	10139.0
440	3692.8333333333335	0.0	0.0	9775.0
450	3865.3333333333335	0.0	0.0	10011.0
460	3931.5	0.0	0.0	11939.0
470	3739.8333333333335	0.0	0.0	11462.0
480	3957.0	0.0	0.0	9520.0
490	3718.1666666666665	0.0	0.0	12464.0
500	3589.6666666666665	0.0	0.0	12160.0
