0	2469.0	0.0	0.0	0.0
10	2376.0	49.0	10354.0	10354.0
20	3240.8333333333335	52.0	13436.0	13436.0
30	2348.3333333333335	48.0	12680.0	12680.0
40	2959.8333333333335	36.0	9492.0	9492.0
50	2893.6666666666665	40.0	10090.0	10090.0
60	2626.0	63.0	13127.0	13127.0
70	3075.6666666666665	43.0	10527.0	10527.0
80	3306.5	56.0	10733.0	10733.0
90	3491.5	22.0	10759.0	10759.0
100	3157.3333333333335	34.0	9856.0	9856.0
110	3184.3333333333335	38.0	12812.0	12812.0
120	3627.6666666666665	19.0	9439.0	9439.0
130	2934.8333333333335	37.0	10136.0	10136.0
140	3315.0	34.0	11980.0	11980.0
150	3705.0	48.0	13152.0	13152.0
160	3110.6666666666665	28.0	9742.0	9742.0
170	3418.0	28.0	13935.0	13935.0
180	3375.8333333333335	12.0	8710.0	8710.0
190	3310.3333333333335	35.0	14013.0	14013.0
200	3358.0	21.0	8992.0	8992.0
210	3694.0	37.0	11010.0	11010.0
220	2961.5	27.0	11179.0	11179.0
230	3487.6666666666665	30.0	14295.0	14295.0
240	3631.1666666666665	39.0	11086.0	11086.0
250	3796.1666666666665	52.0	11286.0	11286.0
260	3528.8333333333335	30.0	10382.0	10382.0
270	3105.0	16.0	8836.0	8836.0
280	3812.0	26.0	9283.0	11641.0
290	3680.3333333333335	0.0	0.0	7583.0
300	3709.6666666666665	0.0	0.0	10786.0
310	3961.0	0.0	0.0	12541.0
320	3863.1666666666665	0.0	0.0	10290.0
330	3578.6666666666665	0.0	0.0	7625.0
340	3509.8333333333335	0.0	0.0	11561.0
350	3754.8333333333335	0.0	0.0	10232.0
360	3743.5	0.0	0.0	6813.0
370	3473.5	0.0	0.0	9397.0
380	3538.1666666666665	0.0	0.0	9276.0
390	3836.8333333333335	0.0	0.0	7933.0
400	3290.0	0.0	0.0	12241.0
410	3941.8333333333335	0.0	0.0	9954.0
420	3593.6666666666665	0.0	0.0	10297.0
430	3755.1666666666665	0.0	0.0	10521.0
440	3724.1666666666665	0.0	0.0	8906.0
450	3739.8333333333335	0.0	0.0	11145.0
460	3925.1666666666665	0.0	0.0	10514.0
470	3695.6666666666665	0.0	0.0	13509.0
480	3686.8333333333335	0.0	0.0	10824.0
490	3549.3333333333335	0.0	0.0	9973.0
500	4019.6666666666665	0.0	0.0	10064.0
