0	2392.3333333333335	0.0	0.0	0.0
10	2322.8333333333335	34.0	1720.0	11766.0
20	2374.8333333333335	85.0	1231.0	8981.0
30	2349.6666666666665	61.0	1051.0	7535.0
40	2414.0	98.0	1520.0	9195.0
50	2368.6666666666665	94.0	1180.0	8517.0
60	2445.5	84.0	1554.0	10495.0
70	2336.1666666666665	3.0	902.0	6853.0
80	2753.6666666666665	49.0	1258.0	9265.0
90	2425.8333333333335	121.0	1664.0	11678.0
100	2460.3333333333335	143.0	1963.0	12426.0
110	2406.6666666666665	34.0	945.0	6956.0
120	2466.6666666666665	96.0	1431.0	10115.0
130	2776.0	12.0	1042.0	9785.0
140	2957.8333333333335	86.0	1672.0	13192.0
150	2842.8333333333335	0.0	0.0	10915.0
160	2941.8333333333335	0.0	0.0	8776.0
170	2743.1666666666665	0.0	0.0	9644.0
180	2568.8333333333335	0.0	0.0	8328.0
190	2695.0	0.0	0.0	7043.0
200	2591.5	0.0	0.0	10300.0
210	2491.8333333333335	0.0	0.0	8248.0
220	3055.0	0.0	0.0	5682.0
230	2412.0	0.0	0.0	12016.0
240	2944.6666666666665	0.0	0.0	10544.0
250	2805.6666666666665	0.0	0.0	6032.0
260	2902.3333333333335	0.0	0.0	11981.0
270	2652.6666666666665	0.0	0.0	7687.0
280	3260.0	0.0	0.0	9307.0
290	2930.0	0.0	0.0	9325.0
300	3291.5	0.0	0.0	9181.0
310	3283.8333333333335	0.0	0.0	8011.0
320	2984.5	0.0	0.0	7150.0
330	3088.1666666666665	0.0	0.0	12640.0
340	2893.1666666666665	0.0	0.0	10303.0
350	3103.6666666666665	0.0	0.0	11608.0
360	2838.0	0.0	0.0	11346.0
370	2846.8333333333335	0.0	0.0	10879.0
380	3556.6666666666665	0.0	0.0	7476.0
390	3075.8333333333335	0.0	0.0	10184.0
400	3346.5	0.0	0.0	11516.0
410	3386.3333333333335	0.0	0.0	12494.0
420	3595.6666666666665	0.0	0.0	14493.0
430	3372.3333333333335	0.0	0.0	11369.0
440	3074.6666666666665	0.0	0.0	13965.0
450	3937.0	0.0	0.0	11567.0
460	2996.8333333333335	0.0	0.0	9975.0
470	3665.6666666666665	0.0	0.0	10280.0
480	3807.0	0.0	0.0	9868.0
490	3800.3333333333335	0.0	0.0	11186.0
500	3914.1666666666665	0.0	0.0	9606.0
510	3973.3333333333335	0.0	0.0	12221.0
520	3814.6666666666665	0.0	0.0	12738.0
530	3403.3333333333335	0.0	0.0	8130.0
540	3739.5	0.0	0.0	12054.0
550	3576.0	0.0	0.0	10075.0
560	3680.1666666666665	0.0	0.0	12046.0
570	3668.1666666666665	0.0	0.0	13759.0
580	3507.6666666666665	0.0	0.0	11394.0
590	3755.1666666666665	0.0	0.0	13077.0
600	3958.1666666666665	0.0	0.0	11485.0
610	3708.1666666666665	0.0	0.0	12367.0
620	3741.5	0.0	0.0	9825.0
630	3869.0	0.0	0.0	10701.0
640	3845.1666666666665	0.0	0.0	10359.0
650	3566.5	0.0	0.0	7616.0
660	3642.6666666666665	0.0	0.0	10872.0
670	4115.666666666667	0.0	0.0	9781.0
680	3360.8333333333335	0.0	0.0	8574.0
690	3769.1666666666665	0.0	0.0	10554.0
700	3636.5	0.0	0.0	12358.0
710	3972.6666666666665	0.0	0.0	10941.0
720	3764.5	0.0	0.0	10800.0
730	3865.8333333333335	0.0	0.0	10183.0
740	3844.6666666666665	0.0	0.0	8543.0
750	4015.5	0.0	0.0	12542.0
760	3794.0	0.0	0.0	8857.0
770	3944.3333333333335	0.0	0.0	8374.0
780	4077.6666666666665	0.0	0.0	6750.0
790	3666.0	0.0	0.0	10187.0
800	4030.0	0.0	0.0	12841.0
