0	2575.5	0.0	0.0	0.0
10	2675.5	1000.0	1000.0	9134.0
20	2305.5	0.0	0.0	8552.0
30	2381.1666666666665	0.0	0.0	8948.0
40	2432.1666666666665	0.0	0.0	10266.0
50	2575.5	0.0	0.0	12723.0
60	2532.5	0.0	0.0	9005.0
70	2296.8333333333335	0.0	0.0	8350.0
80	2740.1666666666665	0.0	0.0	7964.0
90	2649.5	0.0	0.0	8813.0
100	2607.8333333333335	0.0	0.0	10115.0
110	2756.0	0.0	0.0	7154.0
120	2333.0	0.0	0.0	10626.0
130	2945.3333333333335	0.0	0.0	7393.0
140	3152.3333333333335	0.0	0.0	9498.0
150	3198.5	0.0	0.0	6465.0
160	3049.5	0.0	0.0	7745.0
170	2698.6666666666665	0.0	0.0	10188.0
180	2947.6666666666665	0.0	0.0	13679.0
190	2850.0	0.0	0.0	12326.0
200	3154.3333333333335	0.0	0.0	10361.0
210	2830.1666666666665	0.0	0.0	12367.0
220	2833.6666666666665	0.0	0.0	7474.0
230	2933.0	0.0	0.0	11097.0
240	3016.0	0.0	0.0	8783.0
250	3224.6666666666665	0.0	0.0	10696.0
260	2555.3333333333335	0.0	0.0	12349.0
270	3330.8333333333335	0.0	0.0	12803.0
280	3609.1666666666665	0.0	0.0	10077.0
290	3387.6666666666665	0.0	0.0	11916.0
300	3653.5	0.0	0.0	9812.0
310	3138.8333333333335	0.0	0.0	9412.0
320	3519.6666666666665	0.0	0.0	10883.0
330	3549.1666666666665	0.0	0.0	8266.0
340	2963.6666666666665	0.0	0.0	11378.0
350	2820.0	0.0	0.0	10171.0
360	3812.5	0.0	0.0	10041.0
370	3514.3333333333335	0.0	0.0	10775.0
380	3670.0	0.0	0.0	9522.0
390	3567.1666666666665	0.0	0.0	10073.0
400	3141.8333333333335	0.0	0.0	10497.0
410	3371.1666666666665	0.0	0.0	8426.0
420	3498.3333333333335	0.0	0.0	6743.0
430	3591.1666666666665	0.0	0.0	12113.0
440	3634.5	0.0	0.0	9471.0
450	3580.3333333333335	0.0	0.0	9041.0
460	3939.0	0.0	0.0	9099.0
470	4048.6666666666665	0.0	0.0	11201.0
480	2759.1666666666665	0.0	0.0	8749.0
490	3214.6666666666665	0.0	0.0	12972.0
500	3753.5	0.0	0.0	12656.0
510	3203.0	0.0	0.0	12370.0
520	3807.1666666666665	0.0	0.0	7992.0
530	3740.0	0.0	0.0	11713.0
540	3448.0	0.0	0.0	9465.0
550	3666.8333333333335	0.0	0.0	11265.0
560	3585.3333333333335	0.0	0.0	11761.0
570	3215.8333333333335	0.0	0.0	10048.0
580	3746.0	0.0	0.0	9274.0
590	3707.1666666666665	0.0	0.0	12893.0
600	3767.0	0.0	0.0	8826.0
610	3622.1666666666665	0.0	0.0	7936.0
620	3779.1666666666665	0.0	0.0	8591.0
630	3992.6666666666665	0.0	0.0	9896.0
640	3726.6666666666665	0.0	0.0	11275.0
650	3821.8333333333335	0.0	0.0	8836.0
660	3935.1666666666665	0.0	0.0	12085.0
670	3947.3333333333335	0.0	0.0	11019.0
680	3825.1666666666665	0.0	0.0	11124.0
690	3733.1666666666665	0.0	0.0	6882.0
700	4117.166666666667	0.0	0.0	9499.0
710	3510.8333333333335	0.0	0.0	8346.0
720	3265.5	0.0	0.0	8755.0
730	4130.0	0.0	0.0	14438.0
740	3876.5	0.0	0.0	10118.0
750	3733.0	0.0	0.0	11832.0
760	3645.1666666666665	0.0	0.0	9104.0
770	4158.5	0.0	0.0	13326.0
780	3760.8333333333335	0.0	0.0	12077.0
790	3670.8333333333335	0.0	0.0	11174.0
800	4060.0	0.0	0.0	8761.0
