0	1633.0	0.0	0.0	0.0
10	2052.5	283.0	10457.0	10457.0
20	2099.1666666666665	140.0	7734.0	7734.0
30	2253.1666666666665	272.0	12191.0	12191.0
40	2371.1666666666665	129.0	13202.0	13202.0
50	2221.5	129.0	13323.0	13323.0
60	2580.3333333333335	47.0	4307.0	12544.0
70	2865.3333333333335	0.0	0.0	10052.0
80	2634.8333333333335	0.0	0.0	8837.0
90	2614.0	0.0	0.0	8228.0
100	1987.6666666666667	0.0	0.0	10032.0
110	2451.0	0.0	0.0	6536.0
120	2628.6666666666665	0.0	0.0	11028.0
130	2851.5	0.0	0.0	8068.0
140	2471.3333333333335	0.0	0.0	10580.0
150	2635.3333333333335	0.0	0.0	9299.0
160	2692.1666666666665	0.0	0.0	12539.0
170	3164.3333333333335	0.0	0.0	9282.0
180	2401.3333333333335	0.0	0.0	10703.0
190	2476.1666666666665	0.0	0.0	9560.0
200	3042.0	0.0	0.0	8842.0
210	2880.1666666666665	0.0	0.0	6552.0
220	3056.5	0.0	0.0	8403.0
230	3057.3333333333335	0.0	0.0	9696.0
240	2614.1666666666665	0.0	0.0	10965.0
250	3090.8333333333335	0.0	0.0	7167.0
260	3080.1666666666665	0.0	0.0	10026.0
270	2959.6666666666665	0.0	0.0	9081.0
280	3539.1666666666665	0.0	0.0	8423.0
290	3458.8333333333335	0.0	0.0	12540.0
300	3421.1666666666665	0.0	0.0	7262.0
310	3774.1666666666665	0.0	0.0	15073.0
320	3244.0	0.0	0.0	8882.0
330	3623.6666666666665	0.0	0.0	7461.0
340	3173.5	0.0	0.0	11331.0
350	3500.3333333333335	0.0	0.0	10732.0
360	3620.8333333333335	0.0	0.0	9573.0
370	3140.5	0.0	0.0	12794.0
380	3597.0	0.0	0.0	10407.0
390	2958.6666666666665	0.0	0.0	10940.0
400	3304.0	0.0	0.0	11261.0
410	3709.0	0.0	0.0	10198.0
420	4027.5	0.0	0.0	8956.0
430	3945.5	0.0	0.0	11425.0
440	3108.0	0.0	0.0	9709.0
450	2981.0	0.0	0.0	12523.0
460	3142.3333333333335	0.0	0.0	8818.0
470	3781.1666666666665	0.0	0.0	8098.0
480	3233.3333333333335	0.0	0.0	10075.0
490	3507.1666666666665	0.0	0.0	10889.0
500	3829.1666666666665	0.0	0.0	14682.0
510	3730.1666666666665	0.0	0.0	13396.0
520	3712.6666666666665	0.0	0.0	9518.0
530	3741.3333333333335	0.0	0.0	9526.0
540	3768.8333333333335	0.0	0.0	10834.0
550	3679.1666666666665	0.0	0.0	9970.0
560	3822.0	0.0	0.0	12614.0
570	3683.8333333333335	0.0	0.0	9524.0
580	3850.5	0.0	0.0	11862.0
590	3602.6666666666665	0.0	0.0	10198.0
600	3426.0	0.0	0.0	9677.0
610	3926.8333333333335	0.0	0.0	8398.0
620	3783.3333333333335	0.0	0.0	8292.0
630	3090.6666666666665	0.0	0.0	10550.0
640	3830.3333333333335	0.0	0.0	10232.0
650	3744.1666666666665	0.0	0.0	12211.0
660	3601.8333333333335	0.0	0.0	8446.0
670	3944.6666666666665	0.0	0.0	9001.0
680	3578.3333333333335	0.0	0.0	9422.0
690	3724.8333333333335	0.0	0.0	10863.0
700	3578.8333333333335	0.0	0.0	11789.0
710	3888.0	0.0	0.0	12867.0
720	3980.0	0.0	0.0	10258.0
730	3779.5	0.0	0.0	9902.0
740	3913.3333333333335	0.0	0.0	10737.0
750	3620.5	0.0	0.0	12597.0
760	3631.3333333333335	0.0	0.0	8596.0
770	3438.6666666666665	0.0	0.0	9811.0
780	3581.0	0.0	0.0	11213.0
790	3885.6666666666665	0.0	0.0	8720.0
800	3970.1666666666665	0.0	0.0	11872.0
810	3858.8333333333335	0.0	0.0	9165.0
820	3843.3333333333335	0.0	0.0	13137.0
830	3982.5	0.0	0.0	11064.0
840	3874.1666666666665	0.0	0.0	12585.0
850	3541.8333333333335	0.0	0.0	8292.0
860	3440.1666666666665	0.0	0.0	7919.0
870	3682.5	0.0	0.0	13329.0
880	3634.8333333333335	0.0	0.0	9615.0
890	3651.3333333333335	0.0	0.0	11383.0
900	3634.0	0.0	0.0	8310.0
910	3824.3333333333335	0.0	0.0	13404.0
920	3553.0	0.0	0.0	9352.0
930	3328.1666666666665	0.0	0.0	10544.0
940	3695.1666666666665	0.0	0.0	11794.0
950	3698.6666666666665	0.0	0.0	11914.0
960	3120.3333333333335	0.0	0.0	9132.0
970	3209.6666666666665	0.0	0.0	8391.0
980	4090.5	0.0	0.0	10069.0
990	3698.0	0.0	0.0	10145.0
1000	3960.3333333333335	0.0	0.0	10374.0
