0	2176.1666666666665	0.0	0.0	0.0
10	2423.3333333333335	51.0	5668.0	11492.0
20	2225.1666666666665	91.0	4596.0	9525.0
30	2528.1666666666665	36.0	4087.0	8442.0
40	2203.6666666666665	33.0	3479.0	7385.0
50	2391.3333333333335	23.0	3922.0	8009.0
60	2202.1666666666665	42.0	5985.0	12280.0
70	2558.1666666666665	0.0	3801.0	8063.0
80	2677.0	19.0	5233.0	10695.0
90	2731.3333333333335	10.0	3480.0	7199.0
100	2723.1666666666665	7.0	4740.0	9935.0
110	2466.1666666666665	13.0	4562.0	9523.0
120	2446.0	45.0	4210.0	8723.0
130	2538.3333333333335	41.0	5288.0	10711.0
140	2769.0	5.0	4288.0	8769.0
150	2737.1666666666665	12.0	5246.0	10234.0
160	2801.8333333333335	4.0	4131.0	8588.0
170	2287.5	38.0	3483.0	7229.0
180	2632.1666666666665	8.0	3629.0	7280.0
190	2693.1666666666665	7.0	4303.0	8525.0
200	2993.8333333333335	3.0	5011.0	9852.0
210	3003.6666666666665	1.0	2789.0	5625.0
220	2518.5	10.0	5210.0	10173.0
230	2806.3333333333335	2.0	4490.0	9072.0
240	3201.0	2.0	3686.0	7408.0
250	3096.1666666666665	19.0	6473.0	12660.0
260	2951.3333333333335	5.0	5382.0	10409.0
270	2532.6666666666665	9.0	4855.0	9433.0
280	3007.0	10.0	6455.0	12284.0
290	3010.8333333333335	6.0	4625.0	9678.0
300	3369.5	9.0	7453.0	14755.0
310	3252.5	3.0	5687.0	11122.0
320	3606.8333333333335	4.0	6690.0	13054.0
330	3511.0	3.0	6268.0	12357.0
340	3859.1666666666665	1.0	5706.0	11369.0
350	3173.5	2.0	5302.0	10373.0
360	3599.8333333333335	8.0	7772.0	15291.0
370	3418.8333333333335	4.0	4729.0	9425.0
380	3563.8333333333335	0.0	5527.0	11001.0
390	3425.1666666666665	1.0	4839.0	9099.0
400	3337.1666666666665	4.0	6129.0	11722.0
410	3119.3333333333335	2.0	5444.0	10886.0
420	3328.6666666666665	2.0	4582.0	8938.0
430	3028.3333333333335	1.0	5043.0	9753.0
440	3705.0	2.0	6636.0	13124.0
450	3198.6666666666665	1.0	4473.0	8389.0
460	3538.1666666666665	0.0	6306.0	12010.0
470	3989.3333333333335	1.0	6299.0	11924.0
480	3990.5	3.0	5954.0	11477.0
490	3597.1666666666665	0.0	5703.0	11002.0
500	3428.3333333333335	2.0	4689.0	9153.0
510	3627.8333333333335	1.0	5919.0	11355.0
520	3741.0	0.0	4842.0	9666.0
530	3871.3333333333335	3.0	4385.0	8663.0
540	3709.5	2.0	4403.0	8926.0
550	3585.6666666666665	0.0	5896.0	12042.0
560	3854.6666666666665	0.0	4419.0	8857.0
570	3806.1666666666665	1.0	4881.0	9433.0
580	3814.1666666666665	0.0	6705.0	13052.0
590	3917.8333333333335	2.0	6811.0	12914.0
600	4008.6666666666665	1.0	4580.0	9021.0
610	4034.6666666666665	2.0	6259.0	12192.0
620	4027.3333333333335	0.0	3919.0	7725.0
630	3782.5	1.0	5006.0	9835.0
640	3568.5	2.0	4900.0	9370.0
650	3400.1666666666665	0.0	5156.0	10142.0
660	3739.8333333333335	1.0	6096.0	11632.0
670	3558.5	0.0	6752.0	13035.0
680	3762.6666666666665	0.0	4686.0	9088.0
690	3731.0	0.0	4945.0	9733.0
700	3542.5	5.0	5650.0	11265.0
710	3540.0	3.0	5478.0	10957.0
720	3628.6666666666665	1.0	6978.0	13491.0
730	3989.6666666666665	6.0	6100.0	11975.0
740	3337.5	0.0	6636.0	12842.0
750	4219.666666666667	4.0	3978.0	7812.0
760	3834.3333333333335	0.0	6485.0	12925.0
770	3714.6666666666665	1.0	5724.0	10933.0
780	3661.5	2.0	5013.0	9662.0
790	4178.833333333333	1.0	5600.0	10877.0
800	3918.1666666666665	2.0	5163.0	10147.0
