0	1456.6666666666667	0.0	0.0
10	2338.3333333333335	62.0	20000.0
20	2307.5	69.0	20000.0
30	2413.0	30.0	20000.0
40	2342.0	32.0	20000.0
50	2590.8333333333335	27.0	20000.0
60	2482.3333333333335	34.0	19626.0
70	2523.0	37.0	20000.0
80	2654.1666666666665	31.0	20000.0
90	2759.0	56.0	20000.0
100	2858.5	24.0	20000.0
110	2932.1666666666665	39.0	19911.0
120	2884.3333333333335	42.0	19837.0
130	2821.3333333333335	32.0	19481.0
140	2976.8333333333335	33.0	19978.0
150	2953.0	27.0	19590.0
160	2950.5	16.0	19306.0
170	3141.1666666666665	41.0	19434.0
180	3153.3333333333335	29.0	19377.0
190	3354.8333333333335	43.0	19635.0
200	3216.5	24.0	18108.0
210	3297.3333333333335	17.0	19017.0
220	3310.5	22.0	19317.0
230	3374.1666666666665	33.0	18482.0
240	3277.0	22.0	18337.0
250	3391.8333333333335	22.0	19791.0
260	3391.3333333333335	19.0	18367.0
270	3371.1666666666665	20.0	19619.0
280	3339.5	19.0	19797.0
290	3399.5	23.0	19778.0
300	3420.3333333333335	23.0	18981.0
310	3645.8333333333335	16.0	18890.0
320	3399.5	24.0	19121.0
330	3738.0	24.0	19429.0
340	3710.0	34.0	18810.0
350	3600.3333333333335	21.0	19463.0
360	3766.6666666666665	23.0	19920.0
370	3673.5	17.0	19572.0
380	3836.0	14.0	19202.0
390	3861.1666666666665	23.0	19504.0
400	3810.1666666666665	16.0	19828.0
410	3929.8333333333335	25.0	19642.0
420	3885.1666666666665	18.0	19880.0
430	4006.1666666666665	13.0	20000.0
440	3838.8333333333335	22.0	19414.0
450	3977.8333333333335	23.0	19544.0
460	3959.0	23.0	19041.0
470	3917.0	12.0	19451.0
480	3941.0	18.0	19619.0
490	4081.3333333333335	12.0	19545.0
500	3991.8333333333335	14.0	20000.0
510	4284.5	21.0	19524.0
520	4212.0	9.0	20000.0
530	4084.1666666666665	8.0	20000.0
540	4085.1666666666665	17.0	19926.0
550	4020.8333333333335	18.0	20000.0
560	4192.166666666667	12.0	19485.0
570	4216.166666666667	16.0	20000.0
580	4225.833333333333	18.0	19420.0
590	4195.833333333333	32.0	20000.0
600	4238.666666666667	14.0	19834.0
610	4122.666666666667	22.0	19719.0
620	4311.166666666667	18.0	19628.0
630	4376.833333333333	17.0	20000.0
640	4180.0	17.0	19778.0
650	4174.666666666667	25.0	19704.0
660	4117.833333333333	18.0	19720.0
670	4411.666666666667	22.0	20000.0
680	4064.6666666666665	20.0	20000.0
690	4352.833333333333	21.0	19902.0
700	4155.833333333333	13.0	19925.0
710	4290.666666666667	15.0	20000.0
720	4264.333333333333	15.0	20000.0
730	4444.0	20.0	20000.0
740	4384.0	25.0	20000.0
750	4358.5	14.0	20000.0
760	4429.5	11.0	20000.0
770	4487.666666666667	25.0	20000.0
780	4302.166666666667	24.0	20000.0
790	4391.333333333333	13.0	19879.0
800	4447.666666666667	16.0	19964.0
810	4301.333333333333	18.0	19589.0
820	4442.666666666667	13.0	20000.0
830	4292.0	13.0	20000.0
840	4383.5	18.0	20000.0
850	4412.833333333333	17.0	20000.0
860	4209.0	19.0	20000.0
870	3985.0	20.0	19708.0
880	4027.6666666666665	21.0	19730.0
890	3815.6666666666665	20.0	20000.0
900	3920.5	25.0	19731.0
910	3738.0	20.0	19622.0
920	3675.8333333333335	24.0	19816.0
930	3750.8333333333335	23.0	19957.0
940	3664.6666666666665	17.0	19839.0
950	3791.0	22.0	19621.0
960	4052.0	19.0	19858.0
970	3735.3333333333335	9.0	19938.0
980	3846.5	20.0	19619.0
990	3821.1666666666665	24.0	19589.0
1000	3738.8333333333335	23.0	19702.0
