0	2601.6666666666665	0.0	0.0	0.0
10	2624.1666666666665	219.0	11341.0	11341.0
20	2692.8333333333335	172.0	9653.0	9653.0
30	2400.8333333333335	198.0	12598.0	12598.0
40	2471.8333333333335	166.0	11927.0	11927.0
50	2340.5	85.0	9680.0	9680.0
60	2869.5	124.0	12667.0	12667.0
70	2659.3333333333335	36.0	2442.0	8370.0
80	3249.5	0.0	0.0	8923.0
90	3578.3333333333335	0.0	0.0	11142.0
100	3236.1666666666665	0.0	0.0	9361.0
110	2779.8333333333335	0.0	0.0	9489.0
120	3344.6666666666665	0.0	0.0	8667.0
130	3835.3333333333335	0.0	0.0	9643.0
140	3381.6666666666665	0.0	0.0	11830.0
150	3591.8333333333335	0.0	0.0	9842.0
160	3241.8333333333335	0.0	0.0	12490.0
170	3037.3333333333335	0.0	0.0	11318.0
180	3252.3333333333335	0.0	0.0	12454.0
190	3089.0	0.0	0.0	8964.0
200	3607.0	0.0	0.0	11028.0
210	3064.8333333333335	0.0	0.0	10767.0
220	3571.1666666666665	0.0	0.0	7990.0
230	3498.5	0.0	0.0	10218.0
240	3286.3333333333335	0.0	0.0	8100.0
250	3402.5	0.0	0.0	12450.0
260	3006.5	0.0	0.0	11081.0
270	3174.1666666666665	0.0	0.0	10459.0
280	3584.5	0.0	0.0	9698.0
290	3565.1666666666665	0.0	0.0	8837.0
300	3384.6666666666665	0.0	0.0	10895.0
310	3482.1666666666665	0.0	0.0	10706.0
320	3294.3333333333335	0.0	0.0	10852.0
330	3577.8333333333335	0.0	0.0	10878.0
340	3359.5	0.0	0.0	9161.0
350	3838.1666666666665	0.0	0.0	9315.0
360	3511.0	0.0	0.0	9205.0
370	3843.1666666666665	0.0	0.0	9817.0
380	4112.333333333333	0.0	0.0	11271.0
390	4035.6666666666665	0.0	0.0	8818.0
400	3527.1666666666665	0.0	0.0	8810.0
410	3548.1666666666665	0.0	0.0	8398.0
420	3864.5	0.0	0.0	11734.0
430	3501.8333333333335	0.0	0.0	9637.0
440	3716.0	0.0	0.0	11951.0
450	4006.1666666666665	0.0	0.0	10712.0
460	3611.1666666666665	0.0	0.0	12604.0
470	3553.1666666666665	0.0	0.0	10607.0
480	3627.5	0.0	0.0	10252.0
490	3632.0	0.0	0.0	9577.0
500	3667.5	0.0	0.0	11445.0
510	3627.1666666666665	0.0	0.0	11273.0
520	3919.1666666666665	0.0	0.0	11005.0
530	3644.1666666666665	0.0	0.0	9817.0
540	3867.1666666666665	0.0	0.0	11567.0
550	3557.0	0.0	0.0	12743.0
560	3928.8333333333335	0.0	0.0	11906.0
570	3664.6666666666665	0.0	0.0	9439.0
580	3796.5	0.0	0.0	12993.0
590	3701.1666666666665	0.0	0.0	12540.0
600	3718.5	0.0	0.0	11067.0
610	3793.3333333333335	0.0	0.0	9936.0
620	3846.8333333333335	0.0	0.0	11602.0
630	3829.5	0.0	0.0	9760.0
640	3589.0	0.0	0.0	9713.0
650	4020.0	0.0	0.0	10819.0
660	3851.8333333333335	0.0	0.0	8234.0
670	3295.3333333333335	0.0	0.0	10614.0
680	3561.5	0.0	0.0	11982.0
690	3975.0	0.0	0.0	11830.0
700	3823.3333333333335	0.0	0.0	8838.0
710	3568.5	0.0	0.0	10183.0
720	4106.333333333333	0.0	0.0	10188.0
730	4085.3333333333335	0.0	0.0	12279.0
740	3602.8333333333335	0.0	0.0	9828.0
750	3966.1666666666665	0.0	0.0	9519.0
760	3371.1666666666665	0.0	0.0	12017.0
770	3615.3333333333335	0.0	0.0	9654.0
780	3441.5	0.0	0.0	6916.0
790	3640.8333333333335	0.0	0.0	15267.0
800	3751.5	0.0	0.0	8783.0
