0	2590.3333333333335	0.0	0.0	0.0
10	2514.8333333333335	42.0	4075.0	11925.0
20	2767.6666666666665	33.0	3278.0	11879.0
30	2257.6666666666665	11.0	2736.0	8731.0
40	2100.3333333333335	45.0	3665.0	11304.0
50	2535.8333333333335	41.0	4071.0	10664.0
60	2654.6666666666665	24.0	3850.0	11305.0
70	2423.1666666666665	36.0	4547.0	12134.0
80	2674.8333333333335	36.0	4469.0	14742.0
90	3162.6666666666665	35.0	3673.0	12322.0
100	3103.1666666666665	35.0	2928.0	8817.0
110	2938.1666666666665	30.0	3954.0	12149.0
120	3030.6666666666665	38.0	3252.0	10940.0
130	3662.8333333333335	16.0	2161.0	8006.0
140	2994.5	11.0	1735.0	8993.0
150	3737.1666666666665	15.0	2339.0	10559.0
160	3041.3333333333335	21.0	2874.0	11255.0
170	3253.3333333333335	32.0	3078.0	10424.0
180	3481.0	38.0	4232.0	13412.0
190	2954.6666666666665	42.0	3997.0	11823.0
200	3339.0	29.0	4807.0	12019.0
210	2938.0	46.0	4459.0	9643.0
220	3307.3333333333335	38.0	4694.0	12151.0
230	3648.1666666666665	46.0	3479.0	11741.0
240	3666.0	27.0	1977.0	9563.0
250	3858.0	30.0	3328.0	13035.0
260	3644.8333333333335	16.0	3363.0	9897.0
270	3710.1666666666665	36.0	5156.0	12190.0
280	3489.1666666666665	38.0	4956.0	12566.0
290	3591.5	58.0	6568.0	13857.0
300	4011.3333333333335	29.0	4511.0	11220.0
310	3611.5	20.0	3142.0	9055.0
320	3656.5	6.0	413.0	12674.0
330	3645.3333333333335	0.0	0.0	10596.0
340	2864.1666666666665	0.0	0.0	11784.0
350	3097.5	0.0	0.0	13862.0
360	3666.5	0.0	0.0	8503.0
370	3795.1666666666665	0.0	0.0	10888.0
380	3704.5	0.0	0.0	9116.0
390	3751.3333333333335	0.0	0.0	7867.0
400	3551.0	0.0	0.0	13852.0
410	3557.6666666666665	0.0	0.0	9314.0
420	3700.3333333333335	0.0	0.0	11077.0
430	3232.3333333333335	0.0	0.0	11543.0
440	4076.8333333333335	0.0	0.0	8610.0
450	3780.0	0.0	0.0	9097.0
460	3683.5	0.0	0.0	9770.0
470	4079.3333333333335	0.0	0.0	13132.0
480	3831.8333333333335	0.0	0.0	10451.0
490	3972.6666666666665	0.0	0.0	10292.0
500	3615.1666666666665	0.0	0.0	11989.0
510	3510.1666666666665	0.0	0.0	8707.0
520	3621.8333333333335	0.0	0.0	8267.0
530	3679.6666666666665	0.0	0.0	9305.0
540	3699.5	0.0	0.0	10532.0
550	3994.1666666666665	0.0	0.0	10682.0
560	3536.5	0.0	0.0	10741.0
570	3855.8333333333335	0.0	0.0	12131.0
580	4146.0	0.0	0.0	12182.0
590	3860.1666666666665	0.0	0.0	12482.0
600	3860.0	0.0	0.0	8703.0
610	4139.5	0.0	0.0	11742.0
620	3697.5	0.0	0.0	9844.0
630	3641.5	0.0	0.0	14951.0
640	3868.8333333333335	0.0	0.0	9455.0
650	3686.1666666666665	0.0	0.0	12451.0
660	3662.0	0.0	0.0	8035.0
670	3753.6666666666665	0.0	0.0	7276.0
680	3778.1666666666665	0.0	0.0	11571.0
690	3654.0	0.0	0.0	12229.0
700	3868.3333333333335	0.0	0.0	10368.0
710	3519.1666666666665	0.0	0.0	13872.0
720	3892.0	0.0	0.0	9338.0
730	3902.3333333333335	0.0	0.0	10896.0
740	3668.1666666666665	0.0	0.0	10265.0
750	3555.6666666666665	0.0	0.0	10453.0
760	3745.0	0.0	0.0	10613.0
770	3958.8333333333335	0.0	0.0	8935.0
780	3637.0	0.0	0.0	12158.0
790	3745.5	0.0	0.0	11520.0
800	3925.1666666666665	0.0	0.0	11219.0
810	3546.8333333333335	0.0	0.0	9308.0
820	3733.0	0.0	0.0	9796.0
830	3592.0	0.0	0.0	12317.0
840	3976.1666666666665	0.0	0.0	10664.0
850	3689.1666666666665	0.0	0.0	9313.0
860	3526.1666666666665	0.0	0.0	13297.0
870	3677.5	0.0	0.0	10904.0
880	3421.3333333333335	0.0	0.0	9504.0
890	3885.5	0.0	0.0	10220.0
900	3427.3333333333335	0.0	0.0	13284.0
910	3848.0	0.0	0.0	10311.0
920	3822.1666666666665	0.0	0.0	8182.0
930	3412.0	0.0	0.0	11572.0
940	3896.1666666666665	0.0	0.0	10315.0
950	3689.0	0.0	0.0	13546.0
960	3731.0	0.0	0.0	9840.0
970	3774.0	0.0	0.0	11035.0
980	4001.8333333333335	0.0	0.0	11111.0
990	3516.3333333333335	0.0	0.0	10073.0
1000	3934.0	0.0	0.0	9838.0
