0	2048.25	0.0	0.0	0.0
10	2272.75	1000.0	4757.0	10357.0
20	2238.0	0.0	0.0	8532.0
30	2252.0	0.0	0.0	6465.0
40	2418.5	0.0	0.0	4995.0
50	2221.75	0.0	0.0	7745.0
60	2577.5	0.0	0.0	8745.0
70	2557.0	0.0	0.0	10366.0
80	2573.0	0.0	0.0	5511.0
90	2415.5	0.0	0.0	7918.0
100	2099.75	0.0	0.0	5817.0
110	2144.5	0.0	0.0	9865.0
120	2288.5	0.0	0.0	9634.0
130	2430.5	0.0	0.0	5706.0
140	2439.25	0.0	0.0	8096.0
150	2405.25	0.0	0.0	7316.0
160	2964.75	0.0	0.0	11129.0
170	2600.75	0.0	0.0	7462.0
180	2719.0	0.0	0.0	10307.0
190	2577.25	0.0	0.0	7352.0
200	2933.5	0.0	0.0	7530.0
210	3058.75	0.0	0.0	10934.0
220	2542.25	0.0	0.0	8969.0
230	2501.25	0.0	0.0	10684.0
240	2798.25	0.0	0.0	5396.0
250	2794.25	0.0	0.0	8446.0
260	2235.0	0.0	0.0	6009.0
270	2959.0	0.0	0.0	11601.0
280	2928.0	0.0	0.0	12394.0
290	2857.0	0.0	0.0	9605.0
300	2543.5	0.0	0.0	6630.0
310	3043.5	0.0	0.0	8217.0
320	2537.5	0.0	0.0	6865.0
330	3351.5	0.0	0.0	10667.0
340	3240.75	0.0	0.0	8814.0
350	2957.25	0.0	0.0	10604.0
360	2744.75	0.0	0.0	10593.0
370	2998.25	0.0	0.0	8404.0
380	3693.5	0.0	0.0	9452.0
390	3260.5	0.0	0.0	10101.0
400	3481.75	0.0	0.0	8756.0
410	3350.25	0.0	0.0	8846.0
420	3408.0	0.0	0.0	7944.0
430	3186.5	0.0	0.0	7487.0
440	3836.5	0.0	0.0	7184.0
450	3207.0	0.0	0.0	8331.0
460	2732.25	0.0	0.0	10558.0
470	3455.25	0.0	0.0	7498.0
480	3246.25	0.0	0.0	8795.0
490	3748.5	0.0	0.0	9790.0
500	3013.25	0.0	0.0	11408.0
510	3160.75	0.0	0.0	9868.0
520	3435.0	0.0	0.0	12257.0
530	3618.75	0.0	0.0	6288.0
540	3932.75	0.0	0.0	9407.0
550	3729.5	0.0	0.0	8509.0
560	2938.75	0.0	0.0	9492.0
570	3033.25	0.0	0.0	10184.0
580	3757.75	0.0	0.0	10035.0
590	3271.75	0.0	0.0	12318.0
600	4074.75	0.0	0.0	12385.0
610	3515.75	0.0	0.0	10579.0
620	2858.0	0.0	0.0	7262.0
630	3736.25	0.0	0.0	10969.0
640	4048.5	0.0	0.0	13826.0
650	3802.5	0.0	0.0	10735.0
660	3865.0	0.0	0.0	11344.0
670	3603.75	0.0	0.0	10763.0
680	3857.25	0.0	0.0	9483.0
690	3696.75	0.0	0.0	12131.0
700	3694.5	0.0	0.0	8774.0
710	3631.0	0.0	0.0	8710.0
720	3906.25	0.0	0.0	8681.0
730	3466.75	0.0	0.0	10664.0
740	3916.0	0.0	0.0	7511.0
750	3973.5	0.0	0.0	11698.0
760	3739.25	0.0	0.0	8555.0
770	3822.25	0.0	0.0	12689.0
780	3597.5	0.0	0.0	9681.0
790	3648.25	0.0	0.0	8011.0
800	3926.25	0.0	0.0	8340.0
