0	2706.3333333333335	0.0	0.0	0.0
10	2373.0	131.0	5233.0	11134.0
20	2333.3333333333335	10.0	4883.0	9743.0
30	2080.6666666666665	52.0	4225.0	8265.0
40	2612.0	28.0	5239.0	10393.0
50	2129.8333333333335	8.0	3773.0	8076.0
60	1973.5	41.0	5569.0	11214.0
70	2697.0	17.0	5500.0	10571.0
80	2894.5	13.0	6137.0	12570.0
90	2978.8333333333335	9.0	4889.0	9897.0
100	3209.1666666666665	21.0	3679.0	7393.0
110	2953.6666666666665	5.0	6805.0	13231.0
120	2960.1666666666665	3.0	6539.0	12943.0
130	2454.3333333333335	10.0	5773.0	11256.0
140	2989.3333333333335	1.0	3687.0	7357.0
150	3180.0	10.0	5968.0	11666.0
160	3018.5	4.0	5106.0	9826.0
170	3728.0	2.0	5464.0	10853.0
180	3565.3333333333335	1.0	5590.0	10857.0
190	3473.5	1.0	5002.0	9713.0
200	3611.5	3.0	7741.0	14755.0
210	3753.3333333333335	1.0	5272.0	10552.0
220	3075.1666666666665	1.0	4870.0	9938.0
230	3443.5	3.0	6199.0	12077.0
240	3613.1666666666665	0.0	5344.0	10295.0
250	3564.5	0.0	5788.0	11267.0
260	3274.1666666666665	0.0	5948.0	11491.0
270	3864.0	7.0	5775.0	11413.0
280	3633.6666666666665	1.0	5289.0	10548.0
290	3039.1666666666665	6.0	5207.0	10170.0
300	3345.0	1.0	5181.0	10035.0
310	3510.8333333333335	1.0	6453.0	12163.0
320	3842.5	1.0	6066.0	11930.0
330	3814.3333333333335	0.0	4947.0	9692.0
340	3333.1666666666665	3.0	5341.0	10176.0
350	3511.5	0.0	6587.0	12576.0
360	3033.5	0.0	5086.0	9659.0
370	3582.3333333333335	1.0	5995.0	11556.0
380	3664.8333333333335	2.0	4707.0	8829.0
390	3274.8333333333335	3.0	5474.0	10660.0
400	3867.5	0.0	5124.0	10165.0
410	3174.3333333333335	1.0	4514.0	9004.0
420	3181.1666666666665	1.0	7574.0	14772.0
430	3814.1666666666665	0.0	4525.0	8649.0
440	3990.6666666666665	0.0	6416.0	12809.0
450	3950.5	1.0	5301.0	9855.0
460	3756.1666666666665	1.0	6200.0	12012.0
470	3737.8333333333335	1.0	5097.0	9964.0
480	3612.3333333333335	0.0	5540.0	10705.0
490	3070.5	1.0	5429.0	10172.0
500	3927.3333333333335	1.0	5798.0	10887.0
510	3929.3333333333335	1.0	4974.0	9351.0
520	3635.8333333333335	3.0	5294.0	10262.0
530	3914.3333333333335	2.0	5918.0	11408.0
540	3920.6666666666665	3.0	5742.0	11402.0
550	3931.3333333333335	0.0	5990.0	11313.0
560	3733.3333333333335	0.0	4591.0	8963.0
570	3758.6666666666665	1.0	6130.0	11916.0
580	3817.5	1.0	5390.0	10425.0
590	3896.3333333333335	0.0	5741.0	11144.0
600	3617.6666666666665	1.0	6992.0	13521.0
610	3703.0	1.0	5213.0	9911.0
620	3724.0	3.0	5282.0	10471.0
630	3865.6666666666665	1.0	5707.0	10809.0
640	3625.5	5.0	6085.0	11407.0
650	3587.8333333333335	3.0	5305.0	10357.0
660	3856.0	4.0	5159.0	10229.0
670	4116.0	1.0	4890.0	9689.0
680	3747.5	2.0	5108.0	9979.0
690	3838.5	0.0	5363.0	10682.0
700	4040.5	1.0	4487.0	8392.0
710	3779.5	0.0	5936.0	11440.0
720	4028.1666666666665	2.0	5098.0	9707.0
730	3537.0	3.0	5560.0	10318.0
740	3786.0	0.0	4172.0	8078.0
750	4077.8333333333335	0.0	5134.0	9872.0
760	3699.8333333333335	0.0	6129.0	12159.0
770	3841.1666666666665	3.0	5623.0	10886.0
780	3506.8333333333335	0.0	5037.0	9732.0
790	3986.8333333333335	1.0	4968.0	9560.0
800	3794.8333333333335	3.0	5837.0	11279.0
810	3824.6666666666665	0.0	5004.0	9924.0
820	3846.0	2.0	5362.0	10843.0
830	4105.666666666667	1.0	4810.0	9608.0
840	3855.8333333333335	3.0	6875.0	13344.0
850	3884.5	1.0	4938.0	9475.0
860	3794.0	3.0	4983.0	9539.0
870	3759.1666666666665	3.0	4717.0	9302.0
880	3804.3333333333335	0.0	5374.0	10668.0
890	4207.333333333333	3.0	5363.0	10776.0
900	3787.5	4.0	5871.0	11427.0
910	3463.8333333333335	5.0	5987.0	11629.0
920	3476.1666666666665	0.0	6812.0	13669.0
930	3882.3333333333335	0.0	5436.0	10277.0
940	3867.5	0.0	5569.0	11227.0
950	3930.6666666666665	4.0	5823.0	11028.0
960	3924.8333333333335	1.0	3691.0	7143.0
970	4118.5	1.0	4798.0	9652.0
980	3704.0	1.0	5563.0	10897.0
990	3580.0	1.0	4140.0	7960.0
1000	3776.6666666666665	1.0	4942.0	9757.0
