0	2538.5	0.0	0.0	0.0
10	2492.0	1000.0	1613.0	13727.0
20	2478.0	0.0	0.0	7508.0
30	2403.0	0.0	0.0	8727.0
40	2538.0	0.0	0.0	5660.0
50	2933.75	0.0	0.0	11722.0
60	2658.25	0.0	0.0	11066.0
70	3141.5	0.0	0.0	8060.0
80	2658.0	0.0	0.0	11945.0
90	2396.25	0.0	0.0	10244.0
100	2958.5	0.0	0.0	14564.0
110	2348.5	0.0	0.0	7913.0
120	2572.0	0.0	0.0	11371.0
130	2847.5	0.0	0.0	7832.0
140	2028.0	0.0	0.0	7148.0
150	3111.0	0.0	0.0	11996.0
160	3036.75	0.0	0.0	10111.0
170	2938.25	0.0	0.0	8299.0
180	2950.5	0.0	0.0	10021.0
190	3261.0	0.0	0.0	9717.0
200	3303.0	0.0	0.0	8318.0
210	3172.25	0.0	0.0	9846.0
220	2898.5	0.0	0.0	12971.0
230	2722.0	0.0	0.0	9812.0
240	2884.5	0.0	0.0	9067.0
250	3183.5	0.0	0.0	12846.0
260	3351.25	0.0	0.0	9574.0
270	3388.75	0.0	0.0	8338.0
280	3632.0	0.0	0.0	10733.0
290	3301.25	0.0	0.0	10849.0
300	2855.0	0.0	0.0	7945.0
310	3119.5	0.0	0.0	10286.0
320	3301.0	0.0	0.0	13253.0
330	3320.25	0.0	0.0	11304.0
340	3241.0	0.0	0.0	10859.0
350	3125.75	0.0	0.0	9734.0
360	3282.0	0.0	0.0	11563.0
370	3505.0	0.0	0.0	12108.0
380	2834.5	0.0	0.0	12589.0
390	3810.5	0.0	0.0	8120.0
400	3956.75	0.0	0.0	9169.0
410	3693.0	0.0	0.0	9834.0
420	3840.25	0.0	0.0	8138.0
430	3736.75	0.0	0.0	5177.0
440	3423.25	0.0	0.0	11300.0
450	3301.75	0.0	0.0	13888.0
460	3960.0	0.0	0.0	13406.0
470	3681.25	0.0	0.0	11484.0
480	3834.5	0.0	0.0	8855.0
490	3467.25	0.0	0.0	11075.0
500	3655.25	0.0	0.0	9135.0
510	3439.0	0.0	0.0	11284.0
520	3677.25	0.0	0.0	10608.0
530	3625.25	0.0	0.0	9657.0
540	3765.75	0.0	0.0	12007.0
550	3663.5	0.0	0.0	11941.0
560	3690.0	0.0	0.0	12600.0
570	4019.25	0.0	0.0	9250.0
580	3782.5	0.0	0.0	9860.0
590	4051.5	0.0	0.0	10850.0
600	4024.75	0.0	0.0	10114.0
610	3771.5	0.0	0.0	13145.0
620	3929.25	0.0	0.0	11093.0
630	4071.0	0.0	0.0	8047.0
640	3471.5	0.0	0.0	12332.0
650	3446.25	0.0	0.0	11286.0
660	4038.25	0.0	0.0	11489.0
670	3878.75	0.0	0.0	12048.0
680	3993.75	0.0	0.0	11820.0
690	4030.75	0.0	0.0	11954.0
700	4100.0	0.0	0.0	11351.0
710	3908.0	0.0	0.0	11960.0
720	3510.0	0.0	0.0	10259.0
730	3960.5	0.0	0.0	10710.0
740	3641.5	0.0	0.0	12181.0
750	3506.5	0.0	0.0	8646.0
760	4019.0	0.0	0.0	10222.0
770	3756.0	0.0	0.0	9934.0
780	3621.5	0.0	0.0	13045.0
790	3890.0	0.0	0.0	6636.0
800	3849.75	0.0	0.0	11013.0
