0	2715.75	0.0	0.0	0.0
10	2494.25	1000.0	1564.0	6834.0
20	2614.0	0.0	0.0	10472.0
30	2676.5	0.0	0.0	8737.0
40	2595.5	0.0	0.0	7328.0
50	2798.5	0.0	0.0	11495.0
60	2665.0	0.0	0.0	10923.0
70	3118.25	0.0	0.0	11301.0
80	2571.75	0.0	0.0	10996.0
90	2716.5	0.0	0.0	12013.0
100	1912.0	0.0	0.0	10151.0
110	2683.5	0.0	0.0	11649.0
120	2974.75	0.0	0.0	11028.0
130	2898.5	0.0	0.0	6670.0
140	3008.25	0.0	0.0	7230.0
150	2066.25	0.0	0.0	9413.0
160	2514.75	0.0	0.0	6732.0
170	2993.25	0.0	0.0	7732.0
180	2399.75	0.0	0.0	8165.0
190	2879.0	0.0	0.0	8941.0
200	2732.0	0.0	0.0	11738.0
210	3367.5	0.0	0.0	9729.0
220	3017.75	0.0	0.0	8927.0
230	3341.5	0.0	0.0	8564.0
240	3689.75	0.0	0.0	8945.0
250	3796.5	0.0	0.0	9501.0
260	3688.5	0.0	0.0	10837.0
270	3350.5	0.0	0.0	9823.0
280	3567.0	0.0	0.0	9635.0
290	3015.0	0.0	0.0	10424.0
300	3755.25	0.0	0.0	7286.0
310	3730.75	0.0	0.0	11297.0
320	3479.0	0.0	0.0	11631.0
330	3522.0	0.0	0.0	12680.0
340	3567.75	0.0	0.0	9516.0
350	3662.75	0.0	0.0	9349.0
360	3411.75	0.0	0.0	7291.0
370	3374.0	0.0	0.0	10431.0
380	2930.0	0.0	0.0	11772.0
390	3333.5	0.0	0.0	12659.0
400	3984.25	0.0	0.0	10405.0
410	3433.0	0.0	0.0	7399.0
420	3435.0	0.0	0.0	13045.0
430	3813.5	0.0	0.0	12711.0
440	3455.5	0.0	0.0	11128.0
450	3269.5	0.0	0.0	10656.0
460	3888.0	0.0	0.0	10581.0
470	3513.75	0.0	0.0	11553.0
480	3748.75	0.0	0.0	10525.0
490	3617.75	0.0	0.0	6898.0
500	3941.0	0.0	0.0	8385.0
510	4031.0	0.0	0.0	10855.0
520	3864.0	0.0	0.0	8756.0
530	3304.25	0.0	0.0	11242.0
540	3485.25	0.0	0.0	10039.0
550	4153.75	0.0	0.0	9713.0
560	3827.25	0.0	0.0	9526.0
570	3716.0	0.0	0.0	9789.0
580	3492.25	0.0	0.0	12277.0
590	3629.75	0.0	0.0	10494.0
600	4013.5	0.0	0.0	9923.0
610	3759.25	0.0	0.0	9764.0
620	3224.0	0.0	0.0	9817.0
630	3471.75	0.0	0.0	9841.0
640	3853.5	0.0	0.0	10269.0
650	3514.25	0.0	0.0	9824.0
660	3837.5	0.0	0.0	10570.0
670	3920.5	0.0	0.0	11400.0
680	3847.5	0.0	0.0	6100.0
690	3942.5	0.0	0.0	11226.0
700	3652.25	0.0	0.0	8967.0
710	3849.5	0.0	0.0	5753.0
720	3470.5	0.0	0.0	7727.0
730	3598.5	0.0	0.0	8951.0
740	3716.75	0.0	0.0	12243.0
750	3506.25	0.0	0.0	8452.0
760	3583.5	0.0	0.0	11621.0
770	3617.25	0.0	0.0	9718.0
780	4017.5	0.0	0.0	8631.0
790	4083.75	0.0	0.0	8885.0
800	3517.75	0.0	0.0	11305.0
