0	2213.4611111111103	0.0	0.0	0.0
10	2224.05	27.866666666666667	446.76666666666665	8846.8
20	2256.5111111111105	26.766666666666666	529.8333333333334	9352.166666666666
30	2288.755555555556	34.833333333333336	551.1333333333333	9279.1
40	2390.6	32.666666666666664	498.93333333333334	8870.166666666666
50	2381.783333333333	29.366666666666667	548.4666666666667	9351.833333333334
60	2407.2499999999995	33.733333333333334	543.2333333333333	8769.966666666667
70	2408.3055555555557	33.8	588.2	9169.766666666666
80	2488.894444444444	30.1	652.3333333333334	9449.333333333334
90	2471.8833333333337	29.466666666666665	647.6666666666666	9583.566666666668
100	2515.744444444445	27.6	678.4333333333333	8988.9
110	2434.605555555556	28.366666666666667	714.2	8843.6
120	2435.1166666666663	26.2	729.5666666666667	8815.266666666666
130	2468.522222222222	23.066666666666666	755.5666666666667	8952.0
140	2488.866666666667	28.966666666666665	880.8	9359.3
150	2472.177777777778	28.3	895.1	8598.466666666667
160	2476.1611111111106	27.1	964.0666666666667	9366.333333333334
170	2543.5166666666673	28.633333333333333	1071.6666666666667	10072.7
180	2535.983333333334	25.5	963.4333333333333	8512.166666666666
190	2518.244444444444	22.6	1101.0333333333333	9512.233333333334
200	2524.0388888888892	21.166666666666668	1088.3333333333333	8766.166666666666
210	2593.6111111111118	30.466666666666665	1146.1666666666667	9408.833333333334
220	2662.083333333333	21.833333333333332	1180.5666666666666	9336.233333333334
230	2698.322222222222	23.333333333333332	1172.6	9515.366666666667
240	2703.083333333333	20.833333333333332	1228.7333333333333	9408.166666666666
250	2738.133333333333	22.7	1308.2	9849.866666666667
260	2870.8111111111107	19.3	1240.3666666666666	9391.733333333334
270	2847.777777777778	16.533333333333335	1254.9666666666667	9219.5
280	2887.6499999999996	20.033333333333335	1324.5666666666666	9949.333333333334
290	3034.594444444444	16.133333333333333	1275.7666666666667	9633.066666666668
300	2986.516666666668	16.8	1292.6333333333334	9219.933333333332
310	3094.85	13.733333333333333	1322.7666666666667	9639.866666666667
320	3165.288888888889	16.433333333333334	1327.0	10003.4
330	3131.605555555555	15.5	1366.8666666666666	10353.666666666666
340	3104.1999999999994	15.7	1333.3	9578.9
350	3151.6944444444443	13.666666666666666	1388.5666666666666	10348.733333333334
360	3258.322222222222	13.766666666666667	1410.1333333333334	10426.666666666666
370	3338.222222222222	13.533333333333333	1353.8333333333333	10264.033333333333
380	3226.1611111111115	12.1	1372.7	10336.033333333333
390	3357.6888888888884	12.733333333333333	1384.9666666666667	10177.033333333333
400	3354.0277777777765	11.1	1328.3	10031.233333333334
410	3409.8166666666666	10.433333333333334	1249.3666666666666	10016.033333333333
420	3449.383333333333	9.633333333333333	1307.3	10738.966666666667
430	3458.833333333333	8.7	1277.0333333333333	10949.266666666666
440	3427.205555555556	8.866666666666667	1200.7666666666667	10483.366666666667
450	3469.272222222223	7.766666666666667	1072.5333333333333	10185.3
460	3479.1611111111115	5.533333333333333	893.8333333333334	10366.933333333332
470	3582.577777777778	5.566666666666666	853.1	10261.7
480	3497.994444444446	5.533333333333333	877.4666666666667	10716.6
490	3552.827777777778	4.4	709.2333333333333	9899.566666666668
500	3516.1777777777775	3.8666666666666667	621.6666666666666	10524.733333333334
510	3511.5999999999995	3.5	416.1333333333333	10648.666666666666
520	3462.9833333333327	2.433333333333333	372.56666666666666	10602.833333333334
530	3522.1222222222227	1.6333333333333333	314.4	10233.966666666667
540	3503.1777777777793	2.033333333333333	280.76666666666665	10344.033333333333
550	3640.188888888888	1.2333333333333334	237.83333333333334	10492.3
560	3630.0111111111105	1.0333333333333334	209.33333333333334	10235.133333333333
570	3524.2222222222217	1.1666666666666667	172.6	10282.133333333333
580	3598.661111111111	0.9	159.96666666666667	10621.633333333333
590	3645.322222222222	0.7	157.93333333333334	10387.6
600	3598.594444444444	0.6333333333333333	89.96666666666667	10501.0
610	3637.2222222222213	0.2	52.63333333333333	10505.666666666666
620	3617.994444444445	0.4666666666666667	40.5	10380.6
630	3652.6333333333323	0.26666666666666666	39.333333333333336	10493.833333333334
640	3718.6722222222224	0.23333333333333334	42.96666666666667	10373.033333333333
650	3697.605555555556	0.2	30.266666666666666	10360.033333333333
660	3683.533333333333	0.13333333333333333	33.833333333333336	10478.466666666667
670	3678.4611111111108	0.13333333333333333	45.13333333333333	9957.2
680	3665.4611111111108	0.4	33.233333333333334	10201.266666666666
690	3739.944444444445	0.06666666666666667	15.7	10511.733333333334
700	3706.961111111111	0.0	0.0	10803.2
710	3756.688888888889	0.0	0.0	9988.766666666666
720	3703.2111111111108	0.0	0.0	10458.933333333332
730	3705.3888888888887	0.0	0.0	10840.733333333334
740	3781.144444444444	0.0	0.0	10352.533333333333
750	3774.7500000000005	0.0	0.0	10437.0
760	3789.2611111111105	0.0	0.0	10602.933333333332
770	3732.8722222222223	0.0	0.0	10150.2
780	3721.727777777778	0.0	0.0	9951.733333333334
790	3715.9722222222213	0.0	0.0	10340.2
800	3706.766666666668	0.0	0.0	9816.9
