0	2038.1666666666667	0.0	0.0	0.0
10	2372.8333333333335	9.0	458.0	8543.0
20	2346.0	24.0	570.0	8809.0
30	2098.1666666666665	63.0	779.0	8928.0
40	2519.0	5.0	260.0	6294.0
50	2210.8333333333335	6.0	263.0	7002.0
60	2208.6666666666665	84.0	636.0	9105.0
70	2212.6666666666665	27.0	647.0	7494.0
80	2133.1666666666665	15.0	978.0	9982.0
90	2527.3333333333335	77.0	1251.0	14282.0
100	2436.0	25.0	320.0	7067.0
110	2398.8333333333335	20.0	560.0	10400.0
120	2678.0	11.0	270.0	7617.0
130	2416.6666666666665	10.0	659.0	8545.0
140	2700.3333333333335	36.0	855.0	11300.0
150	2677.8333333333335	12.0	246.0	4807.0
160	2616.8333333333335	20.0	630.0	9110.0
170	2858.6666666666665	22.0	504.0	9857.0
180	2404.3333333333335	42.0	900.0	7018.0
190	2191.8333333333335	21.0	929.0	7135.0
200	2328.8333333333335	33.0	1014.0	8541.0
210	2291.8333333333335	27.0	937.0	9340.0
220	2410.3333333333335	10.0	1225.0	9061.0
230	2595.0	16.0	1313.0	9948.0
240	2511.8333333333335	25.0	1200.0	10627.0
250	3065.0	20.0	1025.0	9351.0
260	2744.5	34.0	1366.0	11686.0
270	2663.1666666666665	12.0	1050.0	8682.0
280	3007.6666666666665	17.0	1484.0	11320.0
290	2691.8333333333335	24.0	1221.0	8499.0
300	2856.8333333333335	14.0	1521.0	10263.0
310	2911.0	9.0	1540.0	9525.0
320	3120.8333333333335	10.0	1565.0	13084.0
330	3269.1666666666665	12.0	1147.0	8939.0
340	2901.6666666666665	34.0	1438.0	9914.0
350	3274.0	15.0	1494.0	11778.0
360	3015.0	31.0	1896.0	13750.0
370	3416.3333333333335	10.0	1437.0	7827.0
380	3391.5	4.0	1072.0	7635.0
390	3091.5	4.0	1225.0	7588.0
400	3572.3333333333335	23.0	1779.0	10136.0
410	3403.8333333333335	14.0	1606.0	9170.0
420	3400.1666666666665	27.0	1775.0	14371.0
430	4045.8333333333335	13.0	1074.0	8818.0
440	3540.6666666666665	20.0	1334.0	9428.0
450	3076.1666666666665	10.0	1759.0	12423.0
460	3628.6666666666665	3.0	467.0	7307.0
470	4042.6666666666665	0.0	0.0	10697.0
480	3620.8333333333335	0.0	0.0	9363.0
490	3451.3333333333335	0.0	0.0	12195.0
500	3506.0	0.0	0.0	9369.0
510	3382.6666666666665	0.0	0.0	9730.0
520	3188.3333333333335	0.0	0.0	12270.0
530	2919.0	0.0	0.0	8702.0
540	3739.5	0.0	0.0	9074.0
550	3815.5	0.0	0.0	10159.0
560	3377.6666666666665	0.0	0.0	7994.0
570	3639.3333333333335	0.0	0.0	10063.0
580	3670.8333333333335	0.0	0.0	8924.0
590	3664.3333333333335	0.0	0.0	9617.0
600	3810.8333333333335	0.0	0.0	10927.0
610	3227.5	0.0	0.0	13006.0
620	3633.6666666666665	0.0	0.0	10795.0
630	3194.8333333333335	0.0	0.0	10944.0
640	3480.8333333333335	0.0	0.0	9284.0
650	3063.1666666666665	0.0	0.0	12665.0
660	3493.3333333333335	0.0	0.0	10854.0
670	3335.8333333333335	0.0	0.0	11445.0
680	4146.833333333333	0.0	0.0	10701.0
690	3810.6666666666665	0.0	0.0	10092.0
700	3939.8333333333335	0.0	0.0	12126.0
710	3734.5	0.0	0.0	10795.0
720	3612.3333333333335	0.0	0.0	10513.0
730	3938.3333333333335	0.0	0.0	12118.0
740	3700.6666666666665	0.0	0.0	9366.0
750	4035.8333333333335	0.0	0.0	9849.0
760	3921.3333333333335	0.0	0.0	9024.0
770	4027.0	0.0	0.0	9462.0
780	3265.5	0.0	0.0	8155.0
790	3834.3333333333335	0.0	0.0	9305.0
800	3928.6666666666665	0.0	0.0	6849.0
