0	2455.0	0.0	0.0	0.0
10	2662.1666666666665	69.0	5905.0	11994.0
20	3164.1666666666665	88.0	4619.0	9417.0
30	2609.0	29.0	2085.0	4427.0
40	2645.5	130.0	4967.0	9848.0
50	2559.1666666666665	62.0	4878.0	10131.0
60	2652.0	37.0	4542.0	9570.0
70	2837.1666666666665	29.0	5168.0	10774.0
80	2523.3333333333335	28.0	4524.0	9730.0
90	2320.0	30.0	3749.0	7638.0
100	2508.1666666666665	53.0	4195.0	8982.0
110	1981.6666666666667	32.0	3834.0	8102.0
120	2098.3333333333335	85.0	5546.0	10972.0
130	2388.3333333333335	40.0	3570.0	7334.0
140	2410.8333333333335	37.0	6813.0	13303.0
150	2426.3333333333335	13.0	4755.0	9411.0
160	2494.6666666666665	7.0	5480.0	11134.0
170	3129.1666666666665	26.0	5570.0	11194.0
180	3233.0	8.0	4215.0	8917.0
190	2658.8333333333335	10.0	4551.0	9422.0
200	3349.0	0.0	2495.0	5075.0
210	3177.1666666666665	2.0	4830.0	9627.0
220	2953.8333333333335	8.0	6792.0	13347.0
230	3108.5	46.0	6855.0	13067.0
240	3114.3333333333335	5.0	4054.0	8080.0
250	3153.3333333333335	17.0	4281.0	8467.0
260	3314.0	0.0	2643.0	5163.0
270	3391.6666666666665	0.0	3584.0	6814.0
280	2965.3333333333335	0.0	5784.0	11334.0
290	3014.5	1.0	4417.0	8502.0
300	3334.1666666666665	0.0	4079.0	8167.0
310	3860.3333333333335	0.0	4740.0	9222.0
320	3563.0	3.0	5437.0	10492.0
330	3071.6666666666665	1.0	5168.0	10134.0
340	3112.1666666666665	4.0	4858.0	9728.0
350	3629.3333333333335	1.0	5146.0	10271.0
360	3143.5	2.0	5120.0	9899.0
370	3026.1666666666665	5.0	6429.0	12504.0
380	3551.6666666666665	1.0	5606.0	10925.0
390	3486.5	2.0	5098.0	9911.0
400	3911.5	1.0	4787.0	9303.0
410	3650.3333333333335	5.0	6047.0	11913.0
420	3560.8333333333335	4.0	4359.0	8499.0
430	3376.3333333333335	2.0	5313.0	10735.0
440	3313.6666666666665	1.0	4545.0	8929.0
450	3426.6666666666665	2.0	6578.0	12402.0
460	3787.0	1.0	4234.0	8488.0
470	3817.5	5.0	6529.0	13051.0
480	3486.6666666666665	1.0	5918.0	11847.0
490	3774.5	1.0	4993.0	9809.0
500	3537.8333333333335	1.0	4345.0	8725.0
510	3707.5	2.0	4765.0	9445.0
520	3714.3333333333335	3.0	6661.0	12981.0
530	3298.1666666666665	0.0	4353.0	8333.0
540	3367.8333333333335	0.0	6402.0	12943.0
550	3459.5	3.0	5732.0	11086.0
560	3739.8333333333335	0.0	6316.0	12346.0
570	3198.0	0.0	3624.0	6995.0
580	3947.6666666666665	1.0	6042.0	11506.0
590	3664.8333333333335	0.0	5636.0	10898.0
600	4030.1666666666665	1.0	4287.0	7963.0
610	3934.3333333333335	0.0	4525.0	8606.0
620	3890.3333333333335	1.0	4949.0	9628.0
630	3599.1666666666665	3.0	6303.0	12478.0
640	3521.1666666666665	0.0	5524.0	10991.0
650	3694.8333333333335	0.0	5843.0	11275.0
660	3892.3333333333335	2.0	4560.0	8835.0
670	4054.6666666666665	0.0	4273.0	8316.0
680	3668.8333333333335	3.0	5223.0	10781.0
690	3841.1666666666665	1.0	6345.0	11992.0
700	3773.5	4.0	5453.0	10721.0
710	3859.1666666666665	0.0	4988.0	9569.0
720	3716.8333333333335	0.0	5202.0	10037.0
730	3643.0	1.0	7090.0	13574.0
740	3642.3333333333335	1.0	5050.0	10118.0
750	4008.6666666666665	5.0	4750.0	9657.0
760	3468.5	1.0	5517.0	10893.0
770	3642.6666666666665	2.0	6274.0	12506.0
780	3889.8333333333335	2.0	5040.0	9994.0
790	3565.6666666666665	0.0	7384.0	14717.0
800	3737.3333333333335	0.0	5019.0	10226.0
810	3810.5	1.0	4860.0	9909.0
820	3965.3333333333335	1.0	4247.0	8094.0
830	3843.8333333333335	0.0	3965.0	7767.0
840	3566.6666666666665	0.0	4745.0	9405.0
850	3805.8333333333335	1.0	5658.0	11248.0
860	3976.8333333333335	0.0	4863.0	9632.0
870	3751.0	2.0	4411.0	8768.0
880	3581.0	2.0	4958.0	9430.0
890	3605.0	1.0	4579.0	8917.0
900	3673.6666666666665	3.0	6699.0	13164.0
910	3477.3333333333335	2.0	4723.0	9858.0
920	4001.1666666666665	3.0	4629.0	9654.0
930	4049.6666666666665	1.0	4103.0	8320.0
940	3921.0	5.0	5232.0	10479.0
950	3594.5	1.0	4040.0	7869.0
960	3716.6666666666665	1.0	6238.0	12253.0
970	4210.166666666667	0.0	3692.0	7222.0
980	3799.0	1.0	5289.0	10069.0
990	3441.1666666666665	1.0	5172.0	10656.0
1000	4043.1666666666665	0.0	5644.0	11184.0
