0	2317.3333333333335	0.0	0.0	0.0
10	2314.8333333333335	1000.0	1000.0	7286.0
20	2401.6666666666665	0.0	0.0	8503.0
30	2208.1666666666665	0.0	0.0	5621.0
40	2194.6666666666665	0.0	0.0	4913.0
50	2317.6666666666665	0.0	0.0	6872.0
60	2242.3333333333335	0.0	0.0	8803.0
70	2403.6666666666665	0.0	0.0	10548.0
80	2201.0	0.0	0.0	8113.0
90	2503.6666666666665	0.0	0.0	11977.0
100	2519.3333333333335	0.0	0.0	11161.0
110	2645.6666666666665	0.0	0.0	5514.0
120	2560.6666666666665	0.0	0.0	8867.0
130	2819.6666666666665	0.0	0.0	11159.0
140	2640.8333333333335	0.0	0.0	10288.0
150	2722.5	0.0	0.0	8918.0
160	2559.8333333333335	0.0	0.0	13058.0
170	2806.8333333333335	0.0	0.0	6407.0
180	2739.3333333333335	0.0	0.0	10451.0
190	2621.6666666666665	0.0	0.0	8275.0
200	2883.1666666666665	0.0	0.0	7397.0
210	2219.8333333333335	0.0	0.0	9137.0
220	2385.3333333333335	0.0	0.0	7728.0
230	2255.3333333333335	0.0	0.0	6080.0
240	2742.3333333333335	0.0	0.0	7124.0
250	2598.1666666666665	0.0	0.0	8138.0
260	2411.1666666666665	0.0	0.0	5106.0
270	2502.6666666666665	0.0	0.0	8642.0
280	2669.8333333333335	0.0	0.0	10280.0
290	2541.5	0.0	0.0	11740.0
300	2467.5	0.0	0.0	10810.0
310	2812.8333333333335	0.0	0.0	7140.0
320	2720.0	0.0	0.0	9876.0
330	2551.6666666666665	0.0	0.0	7656.0
340	3144.1666666666665	0.0	0.0	8944.0
350	3028.0	0.0	0.0	10065.0
360	2720.0	0.0	0.0	12360.0
370	3069.0	0.0	0.0	10998.0
380	3009.1666666666665	0.0	0.0	12770.0
390	3112.6666666666665	0.0	0.0	9625.0
400	3260.6666666666665	0.0	0.0	7836.0
410	3013.1666666666665	0.0	0.0	11136.0
420	3173.1666666666665	0.0	0.0	10307.0
430	2929.3333333333335	0.0	0.0	9127.0
440	3227.5	0.0	0.0	8812.0
450	3278.0	0.0	0.0	7651.0
460	3472.0	0.0	0.0	10688.0
470	3125.0	0.0	0.0	8885.0
480	3297.1666666666665	0.0	0.0	11041.0
490	3105.1666666666665	0.0	0.0	10021.0
500	3064.8333333333335	0.0	0.0	14511.0
510	3617.0	0.0	0.0	10102.0
520	4091.0	0.0	0.0	12696.0
530	3466.8333333333335	0.0	0.0	11038.0
540	3439.1666666666665	0.0	0.0	9187.0
550	3437.3333333333335	0.0	0.0	12356.0
560	3722.3333333333335	0.0	0.0	11510.0
570	3431.3333333333335	0.0	0.0	9723.0
580	3531.5	0.0	0.0	10148.0
590	3976.1666666666665	0.0	0.0	9875.0
600	3583.0	0.0	0.0	11152.0
610	3542.6666666666665	0.0	0.0	10960.0
620	3738.3333333333335	0.0	0.0	12015.0
630	3621.5	0.0	0.0	11601.0
640	3190.8333333333335	0.0	0.0	11232.0
650	3720.1666666666665	0.0	0.0	9527.0
660	3579.6666666666665	0.0	0.0	10409.0
670	3007.6666666666665	0.0	0.0	13937.0
680	3649.3333333333335	0.0	0.0	9965.0
690	4010.0	0.0	0.0	11495.0
700	3563.8333333333335	0.0	0.0	9981.0
710	3720.1666666666665	0.0	0.0	10615.0
720	3858.0	0.0	0.0	11197.0
730	3441.1666666666665	0.0	0.0	9998.0
740	3949.1666666666665	0.0	0.0	12641.0
750	3879.1666666666665	0.0	0.0	10043.0
760	3740.6666666666665	0.0	0.0	11156.0
770	3691.3333333333335	0.0	0.0	12261.0
780	3230.3333333333335	0.0	0.0	10359.0
790	3587.6666666666665	0.0	0.0	9606.0
800	3776.5	0.0	0.0	8920.0
