0	2731.6666666666665	0.0	0.0	0.0
10	2112.8333333333335	1000.0	10622.0	13619.0
20	2480.3333333333335	0.0	0.0	8365.0
30	3012.0	0.0	0.0	7740.0
40	2273.3333333333335	0.0	0.0	5968.0
50	3329.6666666666665	0.0	0.0	7908.0
60	2611.3333333333335	0.0	0.0	13008.0
70	2850.3333333333335	0.0	0.0	8041.0
80	3096.0	0.0	0.0	9064.0
90	2938.0	0.0	0.0	13580.0
100	3114.3333333333335	0.0	0.0	8239.0
110	3291.0	0.0	0.0	7947.0
120	3000.0	0.0	0.0	11887.0
130	3442.6666666666665	0.0	0.0	7525.0
140	3599.0	0.0	0.0	11325.0
150	3236.6666666666665	0.0	0.0	8333.0
160	3439.0	0.0	0.0	11140.0
170	2966.6666666666665	0.0	0.0	11903.0
180	3261.8333333333335	0.0	0.0	11201.0
190	2943.1666666666665	0.0	0.0	10886.0
200	3573.3333333333335	0.0	0.0	10307.0
210	4017.8333333333335	0.0	0.0	10368.0
220	3439.0	0.0	0.0	10312.0
230	3444.8333333333335	0.0	0.0	9846.0
240	3937.5	0.0	0.0	10316.0
250	3694.1666666666665	0.0	0.0	13412.0
260	3138.6666666666665	0.0	0.0	12558.0
270	3374.5	0.0	0.0	12504.0
280	3492.8333333333335	0.0	0.0	10529.0
290	3612.0	0.0	0.0	10541.0
300	3701.0	0.0	0.0	12470.0
310	3853.3333333333335	0.0	0.0	13005.0
320	3758.8333333333335	0.0	0.0	8038.0
330	3568.6666666666665	0.0	0.0	8572.0
340	3400.3333333333335	0.0	0.0	9887.0
350	3569.5	0.0	0.0	9282.0
360	3381.3333333333335	0.0	0.0	13901.0
370	3110.1666666666665	0.0	0.0	11592.0
380	3231.1666666666665	0.0	0.0	13179.0
390	3359.1666666666665	0.0	0.0	12279.0
400	3532.1666666666665	0.0	0.0	10073.0
410	3464.1666666666665	0.0	0.0	9239.0
420	3144.8333333333335	0.0	0.0	13788.0
430	3901.0	0.0	0.0	11155.0
440	3763.6666666666665	0.0	0.0	10695.0
450	3656.3333333333335	0.0	0.0	9027.0
460	3877.6666666666665	0.0	0.0	10961.0
470	3819.1666666666665	0.0	0.0	7528.0
480	3874.6666666666665	0.0	0.0	7892.0
490	4032.8333333333335	0.0	0.0	12784.0
500	3887.5	0.0	0.0	10775.0
510	3891.5	0.0	0.0	10586.0
520	3751.8333333333335	0.0	0.0	9537.0
530	3946.1666666666665	0.0	0.0	9662.0
540	3880.1666666666665	0.0	0.0	11382.0
550	3716.1666666666665	0.0	0.0	10810.0
560	3704.0	0.0	0.0	11617.0
570	3697.8333333333335	0.0	0.0	12521.0
580	3888.0	0.0	0.0	11742.0
590	4142.0	0.0	0.0	9306.0
600	3641.0	0.0	0.0	10473.0
