0	2893.5	0.0	0.0	0.0
10	2807.1666666666665	1000.0	12570.0	15395.0
20	2559.8333333333335	0.0	0.0	10847.0
30	3265.6666666666665	0.0	0.0	12622.0
40	2877.6666666666665	0.0	0.0	8451.0
50	2630.5	0.0	0.0	8327.0
60	3047.1666666666665	0.0	0.0	8250.0
70	3050.5	0.0	0.0	5328.0
80	3009.5	0.0	0.0	10137.0
90	3381.3333333333335	0.0	0.0	9130.0
100	3515.5	0.0	0.0	11257.0
110	3104.3333333333335	0.0	0.0	9420.0
120	3611.3333333333335	0.0	0.0	6602.0
130	3311.8333333333335	0.0	0.0	9842.0
140	3780.6666666666665	0.0	0.0	8092.0
150	3578.6666666666665	0.0	0.0	10160.0
160	3241.6666666666665	0.0	0.0	8495.0
170	3354.3333333333335	0.0	0.0	6923.0
180	3324.6666666666665	0.0	0.0	12950.0
190	3855.6666666666665	0.0	0.0	10570.0
200	3820.3333333333335	0.0	0.0	11158.0
210	3236.6666666666665	0.0	0.0	8904.0
220	2957.0	0.0	0.0	11653.0
230	3661.8333333333335	0.0	0.0	10131.0
240	3365.1666666666665	0.0	0.0	11326.0
250	3374.8333333333335	0.0	0.0	11521.0
260	3717.8333333333335	0.0	0.0	11104.0
270	3619.0	0.0	0.0	10674.0
280	4051.1666666666665	0.0	0.0	9620.0
290	3366.5	0.0	0.0	13353.0
300	3670.6666666666665	0.0	0.0	12586.0
310	3677.1666666666665	0.0	0.0	10042.0
320	3827.0	0.0	0.0	13606.0
330	3766.5	0.0	0.0	9722.0
340	3464.6666666666665	0.0	0.0	11367.0
350	4033.8333333333335	0.0	0.0	13151.0
360	3646.8333333333335	0.0	0.0	10678.0
370	3403.0	0.0	0.0	12672.0
380	3695.0	0.0	0.0	10867.0
390	3613.5	0.0	0.0	12136.0
400	3376.8333333333335	0.0	0.0	9041.0
410	3318.5	0.0	0.0	13676.0
420	3558.0	0.0	0.0	9814.0
430	3547.6666666666665	0.0	0.0	9337.0
440	3972.8333333333335	0.0	0.0	11129.0
450	3956.8333333333335	0.0	0.0	9621.0
460	3592.0	0.0	0.0	10649.0
470	3463.6666666666665	0.0	0.0	8471.0
480	3791.3333333333335	0.0	0.0	9601.0
490	3488.0	0.0	0.0	10593.0
500	3786.0	0.0	0.0	11440.0
510	3807.6666666666665	0.0	0.0	8707.0
520	3527.6666666666665	0.0	0.0	11789.0
530	3992.3333333333335	0.0	0.0	9694.0
540	3471.5	0.0	0.0	9490.0
550	3670.8333333333335	0.0	0.0	9701.0
560	3281.1666666666665	0.0	0.0	11485.0
570	3643.3333333333335	0.0	0.0	10315.0
580	3202.5	0.0	0.0	9624.0
590	3508.8333333333335	0.0	0.0	11659.0
600	4107.0	0.0	0.0	9921.0
