0	2471.6111111111113	0.0	0.0	0.0
10	2469.7962962962965	0.0	0.0	8423.777777777777
20	2458.944444444445	0.0	0.0	9620.0
30	2504.5	0.0	0.0	8893.222222222223
40	2558.518518518519	0.0	0.0	8996.888888888889
50	2484.2407407407413	0.0	0.0	9207.111111111111
60	2591.703703703704	0.0	0.0	8961.555555555555
70	2539.7592592592596	0.0	0.0	8607.111111111111
80	2454.537037037037	0.0	0.0	9448.222222222223
90	2645.796296296296	0.0	0.0	9390.666666666666
100	2575.796296296296	0.0	0.0	9748.0
110	2602.037037037037	0.0	0.0	10499.0
120	2591.4259259259256	0.0	0.0	9453.888888888889
130	2608.703703703703	0.0	0.0	9558.0
140	2557.8518518518517	0.0	0.0	10065.666666666666
150	2582.074074074074	0.0	0.0	8456.333333333334
160	2546.944444444445	0.0	0.0	8930.555555555555
170	2643.6296296296296	0.0	0.0	9603.0
180	2593.296296296296	0.0	0.0	9397.222222222223
190	2635.574074074074	0.0	0.0	9261.222222222223
200	2669.1111111111113	0.0	0.0	8090.222222222223
210	2805.3888888888887	0.0	0.0	8907.222222222223
220	2648.5740740740744	0.0	0.0	9823.555555555555
230	2846.185185185185	0.0	0.0	8867.444444444445
240	2849.4999999999995	0.0	0.0	10007.222222222223
250	2850.6296296296296	0.0	0.0	8750.0
260	2791.2962962962965	0.0	0.0	9747.222222222223
270	2931.6851851851848	0.0	0.0	9607.555555555555
280	3015.37037037037	0.0	0.0	9993.666666666666
290	2972.8703703703704	0.0	0.0	9800.111111111111
300	2910.833333333334	0.0	0.0	9854.666666666666
310	3042.0370370370374	0.0	0.0	10493.0
320	3068.981481481481	0.0	0.0	10582.222222222223
330	3140.444444444444	0.0	0.0	9506.0
340	2996.9074074074074	0.0	0.0	9880.111111111111
350	3152.574074074074	0.0	0.0	10740.0
360	3189.7407407407404	0.0	0.0	9952.888888888889
370	3284.9259259259256	0.0	0.0	9711.777777777777
380	3165.5185185185187	0.0	0.0	11419.111111111111
390	3430.0555555555557	0.0	0.0	9451.666666666666
400	3422.2777777777783	0.0	0.0	10897.888888888889
410	3369.6296296296296	0.0	0.0	9852.777777777777
420	3348.0185185185187	0.0	0.0	10443.0
430	3212.759259259259	0.0	0.0	11184.666666666666
440	3547.4629629629626	0.0	0.0	10034.777777777777
450	3593.648148148148	0.0	0.0	9913.555555555555
460	3481.3518518518513	0.0	0.0	10596.777777777777
470	3301.759259259259	0.0	0.0	10864.0
480	3556.574074074074	0.0	0.0	10047.444444444445
490	3534.703703703704	0.0	0.0	9953.555555555555
500	3564.5185185185187	0.0	0.0	10516.0
510	3471.648148148148	0.0	0.0	9729.888888888889
520	3431.037037037037	0.0	0.0	11144.777777777777
530	3578.537037037037	0.0	0.0	10641.555555555555
540	3499.0000000000005	0.0	0.0	10427.0
550	3545.9629629629635	0.0	0.0	10236.444444444445
560	3520.685185185185	0.0	0.0	9980.555555555555
570	3578.462962962963	0.0	0.0	10075.777777777777
580	3621.555555555555	0.0	0.0	10759.555555555555
590	3603.8333333333335	0.0	0.0	9723.333333333334
600	3520.148148148148	0.0	0.0	11068.333333333334
610	3603.703703703704	0.0	0.0	11853.444444444445
620	3478.0185185185187	0.0	0.0	11224.888888888889
630	3640.851851851852	0.0	0.0	11319.666666666666
640	3672.6666666666665	0.0	0.0	10845.777777777777
650	3785.1481481481483	0.0	0.0	9959.555555555555
660	3687.8333333333335	0.0	0.0	10031.666666666666
670	3641.296296296296	0.0	0.0	11081.111111111111
680	3622.185185185185	0.0	0.0	10209.222222222223
690	3644.925925925925	0.0	0.0	10538.777777777777
700	3796.7592592592596	0.0	0.0	11187.0
710	3591.537037037037	0.0	0.0	11243.0
720	3713.8333333333335	0.0	0.0	10203.333333333334
730	3746.0370370370374	0.0	0.0	9817.111111111111
740	3825.0	0.0	0.0	10576.666666666666
750	3583.277777777778	0.0	0.0	10300.111111111111
760	3679.148148148148	0.0	0.0	9839.777777777777
770	3727.9629629629635	0.0	0.0	10317.222222222223
780	3809.8888888888887	0.0	0.0	10229.888888888889
790	3736.2592592592596	0.0	0.0	11722.444444444445
800	3942.12962962963	0.0	0.0	10637.111111111111
