0	2798.0	0.0	0.0	0.0
10	2338.8333333333335	10.0	891.0	7059.0
20	2990.1666666666665	18.0	1154.0	9306.0
30	2642.3333333333335	11.0	1175.0	9174.0
40	2939.8333333333335	31.0	952.0	7219.0
50	2998.0	14.0	1157.0	10023.0
60	2838.3333333333335	0.0	1253.0	8769.0
70	2293.6666666666665	2.0	1112.0	8034.0
80	3254.8333333333335	14.0	1358.0	9608.0
90	3201.6666666666665	9.0	1439.0	10969.0
100	3167.3333333333335	2.0	1278.0	9687.0
110	3235.0	0.0	1530.0	12551.0
120	3188.6666666666665	0.0	1433.0	12044.0
130	3445.8333333333335	2.0	1173.0	9395.0
140	3517.1666666666665	1.0	1209.0	8890.0
150	3309.5	1.0	1440.0	11213.0
160	3297.0	7.0	1317.0	9095.0
170	3322.5	0.0	1713.0	11640.0
180	3809.8333333333335	0.0	1227.0	9403.0
190	3641.6666666666665	2.0	1969.0	13082.0
200	3872.3333333333335	0.0	1307.0	10084.0
210	2857.3333333333335	2.0	1629.0	10874.0
220	3589.6666666666665	2.0	1568.0	10735.0
230	2942.0	0.0	1538.0	10750.0
240	3259.5	1.0	1113.0	7718.0
250	3098.1666666666665	0.0	1421.0	8657.0
260	4078.6666666666665	0.0	1499.0	9513.0
270	3014.3333333333335	0.0	1731.0	10267.0
280	3832.0	0.0	1749.0	11950.0
290	2419.3333333333335	0.0	1656.0	10012.0
300	3525.1666666666665	0.0	1655.0	9895.0
310	3504.8333333333335	0.0	1478.0	10277.0
320	3675.0	0.0	1765.0	12071.0
330	3082.0	0.0	1810.0	11617.0
340	3472.3333333333335	0.0	1774.0	12011.0
350	3762.8333333333335	0.0	1410.0	9287.0
360	3616.1666666666665	0.0	1752.0	10620.0
370	3826.8333333333335	0.0	1426.0	9480.0
380	3342.1666666666665	0.0	1698.0	11375.0
390	3923.8333333333335	0.0	1607.0	10950.0
400	3357.5	0.0	1767.0	12582.0
410	3815.0	0.0	1284.0	8457.0
420	3644.1666666666665	0.0	1078.0	7596.0
430	3504.8333333333335	0.0	1713.0	9072.0
440	4015.0	0.0	1816.0	12673.0
450	3734.3333333333335	0.0	1745.0	10774.0
460	3706.6666666666665	0.0	1131.0	7572.0
470	3755.8333333333335	0.0	1199.0	8668.0
480	4023.8333333333335	0.0	2075.0	13724.0
490	3596.8333333333335	0.0	938.0	8494.0
500	3918.3333333333335	0.0	1262.0	9411.0
510	3619.0	0.0	1661.0	9434.0
520	3781.1666666666665	0.0	1278.0	8996.0
530	4004.0	0.0	1814.0	12502.0
540	3895.1666666666665	0.0	2036.0	12668.0
550	3929.6666666666665	0.0	1309.0	8290.0
560	3689.1666666666665	0.0	1133.0	8334.0
570	3632.8333333333335	0.0	1873.0	10981.0
580	3864.6666666666665	0.0	1323.0	8818.0
590	3965.5	0.0	1357.0	9228.0
600	3780.1666666666665	0.0	1735.0	11222.0
