0	1107.0	0.0	0.0	0.0
10	1312.5	0.0	6763.0	6763.0
20	1068.6666666666667	0.0	4929.0	4929.0
30	1580.8333333333333	0.0	6910.0	6910.0
40	1704.5	0.0	4829.0	4829.0
50	1745.3333333333333	0.0	7301.0	7301.0
60	1989.8333333333333	0.0	7501.0	7501.0
70	2220.0	0.0	7353.0	7353.0
80	1280.0	0.0	9688.0	9688.0
90	1848.6666666666667	0.0	6000.0	6000.0
100	2043.6666666666667	0.0	8724.0	8724.0
110	2415.3333333333335	0.0	9690.0	9690.0
120	2181.5	0.0	8350.0	8350.0
130	2490.1666666666665	0.0	9764.0	9764.0
140	2664.6666666666665	0.0	9597.0	9597.0
150	2330.1666666666665	0.0	9142.0	9142.0
160	2580.5	0.0	6392.0	6392.0
170	2469.6666666666665	0.0	8552.0	8552.0
180	2529.8333333333335	0.0	8057.0	8057.0
190	2552.3333333333335	0.0	9087.0	9087.0
200	2710.8333333333335	0.0	7567.0	7567.0
210	1967.0	0.0	9155.0	9155.0
220	1713.3333333333333	0.0	9075.0	9075.0
230	1635.3333333333333	0.0	10197.0	10197.0
240	1426.3333333333333	0.0	9805.0	9805.0
250	1796.0	0.0	10273.0	10273.0
260	1926.3333333333333	0.0	6369.0	6369.0
270	2381.6666666666665	0.0	6463.0	6463.0
280	1207.6666666666667	0.0	10788.0	10788.0
290	1218.5	0.0	8976.0	8976.0
300	2478.3333333333335	0.0	9867.0	9867.0
310	2274.1666666666665	0.0	6837.0	6837.0
320	1739.3333333333333	0.0	7043.0	7043.0
330	1716.6666666666667	0.0	9556.0	9556.0
340	2498.3333333333335	0.0	9246.0	9246.0
350	2658.6666666666665	0.0	8155.0	8155.0
360	2485.8333333333335	0.0	6927.0	6927.0
370	2234.3333333333335	0.0	9376.0	9376.0
380	2284.3333333333335	0.0	9795.0	9795.0
390	2419.3333333333335	0.0	7727.0	7727.0
400	2433.3333333333335	0.0	8493.0	8493.0
410	2484.3333333333335	0.0	7659.0	7659.0
420	2216.0	0.0	9499.0	9499.0
430	2405.6666666666665	0.0	10027.0	10027.0
440	2358.5	0.0	9250.0	9250.0
450	2256.6666666666665	0.0	8429.0	8429.0
460	2258.5	0.0	8778.0	8778.0
470	2585.1666666666665	0.0	11484.0	11484.0
480	2578.1666666666665	0.0	9428.0	9428.0
490	2298.5	0.0	8631.0	8631.0
500	2337.5	0.0	6876.0	6876.0
510	2307.3333333333335	0.0	9225.0	9225.0
520	2355.8333333333335	0.0	10208.0	10208.0
530	2348.8333333333335	0.0	6565.0	6565.0
540	2403.6666666666665	0.0	9140.0	9140.0
550	2540.1666666666665	0.0	7844.0	7844.0
560	2425.6666666666665	0.0	7607.0	7607.0
570	2460.0	0.0	8517.0	8517.0
580	2423.0	0.0	10304.0	10304.0
590	2462.6666666666665	0.0	9902.0	9902.0
600	2474.1666666666665	0.0	8352.0	8352.0
610	1922.6666666666667	0.0	6970.0	6970.0
620	2040.8333333333333	0.0	8785.0	8785.0
630	1620.6666666666667	0.0	7302.0	7302.0
640	2052.1666666666665	0.0	11569.0	11569.0
650	1645.5	0.0	10400.0	10400.0
660	1742.1666666666667	0.0	8940.0	8940.0
670	2396.6666666666665	0.0	9773.0	9773.0
680	1736.3333333333333	0.0	9925.0	9925.0
690	2162.0	0.0	10582.0	10582.0
700	1954.8333333333333	0.0	8444.0	8444.0
710	2085.1666666666665	0.0	7421.0	7421.0
720	1841.6666666666667	0.0	8750.0	8750.0
730	1680.6666666666667	0.0	9289.0	9289.0
740	1940.8333333333333	0.0	9614.0	9614.0
750	1580.8333333333333	0.0	8794.0	8794.0
760	2398.6666666666665	0.0	7906.0	7906.0
770	2394.1666666666665	0.0	8553.0	8553.0
780	2294.1666666666665	0.0	9373.0	9373.0
790	2451.0	0.0	8543.0	8543.0
800	2363.0	0.0	8919.0	8919.0
810	1812.3333333333333	0.0	10536.0	10536.0
820	2624.1666666666665	0.0	9709.0	9709.0
830	2127.5	0.0	10243.0	10243.0
840	2364.0	0.0	10610.0	10610.0
850	2134.3333333333335	0.0	8984.0	8984.0
860	2337.6666666666665	0.0	7190.0	7190.0
870	2108.5	0.0	9756.0	9756.0
880	2279.3333333333335	0.0	8939.0	8939.0
890	2419.1666666666665	0.0	7986.0	7986.0
900	1976.6666666666667	0.0	7946.0	7946.0
910	2201.6666666666665	0.0	7171.0	7171.0
920	1789.5	0.0	7663.0	7663.0
930	2430.3333333333335	0.0	9898.0	9898.0
940	1625.3333333333333	0.0	9212.0	9212.0
950	2463.5	0.0	8432.0	8432.0
960	1831.0	0.0	8697.0	8697.0
970	2113.5	0.0	10317.0	10317.0
980	2446.3333333333335	0.0	7986.0	7986.0
990	2498.3333333333335	0.0	8836.0	8836.0
1000	2779.1666666666665	0.0	12347.0	12347.0
