0	914.3333333333334	0.0	0.0	0.0
10	1146.8333333333333	0.0	4820.0	4820.0
20	1103.3333333333333	0.0	5479.0	5479.0
30	1039.6666666666667	0.0	5938.0	5938.0
40	1709.3333333333333	0.0	7211.0	7211.0
50	1933.8333333333333	0.0	10035.0	10035.0
60	1383.0	0.0	5009.0	5009.0
70	2038.5	0.0	7641.0	7641.0
80	2501.3333333333335	0.0	12185.0	12185.0
90	2090.1666666666665	0.0	6695.0	6695.0
100	1470.3333333333333	0.0	6792.0	6792.0
110	1792.0	0.0	9657.0	9657.0
120	2057.8333333333335	0.0	8983.0	8983.0
130	1557.3333333333333	0.0	8556.0	8556.0
140	1185.0	0.0	8242.0	8242.0
150	1877.1666666666667	0.0	4152.0	4152.0
160	1856.6666666666667	0.0	9346.0	9346.0
170	1739.0	0.0	8499.0	8499.0
180	1528.8333333333333	0.0	8270.0	8270.0
190	1714.3333333333333	0.0	7838.0	7838.0
200	1691.8333333333333	0.0	7352.0	7352.0
210	1724.0	0.0	8813.0	8813.0
220	1943.8333333333333	0.0	6887.0	6887.0
230	2152.1666666666665	0.0	10981.0	10981.0
240	2132.5	0.0	6202.0	6202.0
250	1867.8333333333333	0.0	10336.0	10336.0
260	1999.6666666666667	0.0	7548.0	7548.0
270	1706.5	0.0	8815.0	8815.0
280	1702.6666666666667	0.0	8981.0	8981.0
290	2003.6666666666667	0.0	7906.0	7906.0
300	2037.8333333333333	0.0	8074.0	8074.0
310	1902.0	0.0	9624.0	9624.0
320	2041.3333333333333	0.0	11623.0	11623.0
330	1859.3333333333333	0.0	10844.0	10844.0
340	1891.8333333333333	0.0	9644.0	9644.0
350	1978.0	0.0	6073.0	6073.0
360	2277.5	0.0	9109.0	9109.0
370	1944.3333333333333	0.0	9424.0	9424.0
380	2219.0	0.0	9900.0	9900.0
390	2391.1666666666665	0.0	10508.0	10508.0
400	2621.8333333333335	0.0	9583.0	9583.0
410	1846.6666666666667	0.0	7665.0	7665.0
420	1846.3333333333333	0.0	9401.0	9401.0
430	1888.5	0.0	11220.0	11220.0
440	2349.3333333333335	0.0	9284.0	9284.0
450	2309.5	0.0	9468.0	9468.0
460	1558.3333333333333	0.0	8399.0	8399.0
470	2033.6666666666667	0.0	9098.0	9098.0
480	1874.0	0.0	11472.0	11472.0
490	2368.1666666666665	0.0	8505.0	8505.0
500	2485.3333333333335	0.0	9714.0	9714.0
510	2529.1666666666665	0.0	8728.0	8728.0
520	2636.6666666666665	0.0	11795.0	11795.0
530	2364.6666666666665	0.0	8767.0	8767.0
540	2438.3333333333335	0.0	10314.0	10314.0
550	2284.8333333333335	0.0	8402.0	8402.0
560	2512.3333333333335	0.0	7919.0	7919.0
570	2401.6666666666665	0.0	7144.0	7144.0
580	2400.1666666666665	0.0	7575.0	7575.0
590	2413.6666666666665	0.0	8756.0	8756.0
600	2293.6666666666665	0.0	8004.0	8004.0
610	2676.0	0.0	8650.0	8650.0
620	2559.6666666666665	0.0	10979.0	10979.0
630	2555.5	0.0	8130.0	8130.0
640	2434.1666666666665	0.0	8275.0	8275.0
650	2429.5	0.0	9741.0	9741.0
660	2417.8333333333335	0.0	10661.0	10661.0
670	2153.6666666666665	0.0	9050.0	9050.0
680	2376.6666666666665	0.0	7745.0	7745.0
690	2403.0	0.0	9068.0	9068.0
700	2310.0	0.0	9726.0	9726.0
710	2487.1666666666665	0.0	8667.0	8667.0
720	2472.5	0.0	8881.0	8881.0
730	2005.5	0.0	8380.0	8380.0
740	2056.6666666666665	0.0	9854.0	9854.0
750	2126.0	0.0	9027.0	9027.0
760	2046.6666666666667	0.0	8635.0	8635.0
770	2141.3333333333335	0.0	9365.0	9365.0
780	2212.6666666666665	0.0	10479.0	10479.0
790	2102.5	0.0	8589.0	8589.0
800	2351.5	0.0	7878.0	7878.0
810	1590.0	0.0	10767.0	10767.0
820	1884.5	0.0	9985.0	9985.0
830	1766.0	0.0	7306.0	7306.0
840	2072.3333333333335	0.0	10584.0	10584.0
850	2378.8333333333335	0.0	11234.0	11234.0
860	1704.0	0.0	8671.0	8671.0
870	2610.0	0.0	8778.0	8778.0
880	2292.3333333333335	0.0	7251.0	7251.0
890	2262.3333333333335	0.0	5636.0	5636.0
900	2303.8333333333335	0.0	9019.0	9019.0
910	2133.3333333333335	0.0	6066.0	6066.0
920	2130.1666666666665	0.0	8418.0	8418.0
930	2174.6666666666665	0.0	9240.0	9240.0
940	2396.6666666666665	0.0	11766.0	11766.0
950	2512.3333333333335	0.0	9159.0	9159.0
960	2236.0	0.0	8596.0	8596.0
970	2418.3333333333335	0.0	9089.0	9089.0
980	2430.0	0.0	6331.0	6331.0
990	2377.3333333333335	0.0	8251.0	8251.0
1000	2520.6666666666665	0.0	8232.0	8232.0
