0	1451.6666666666667	0.0	0.0	0.0
10	1448.0	0.0	6216.0	6216.0
20	1382.1666666666667	0.0	5625.0	5625.0
30	1477.1666666666667	0.0	6657.0	6657.0
40	1825.1666666666667	0.0	5106.0	5106.0
50	2141.3333333333335	0.0	6563.0	6563.0
60	1593.3333333333333	0.0	9057.0	9057.0
70	1994.1666666666667	0.0	8974.0	8974.0
80	2288.3333333333335	0.0	8909.0	8909.0
90	2225.5	0.0	7708.0	7708.0
100	1541.3333333333333	0.0	7761.0	7761.0
110	2014.6666666666667	0.0	7211.0	7211.0
120	1776.0	0.0	10335.0	10335.0
130	1957.5	0.0	8664.0	8664.0
140	2465.8333333333335	0.0	8438.0	8438.0
150	1723.1666666666667	0.0	7786.0	7786.0
160	1614.0	0.0	5952.0	5952.0
170	1773.6666666666667	0.0	10233.0	10233.0
180	1775.5	0.0	6698.0	6698.0
190	2085.1666666666665	0.0	5930.0	5930.0
200	2001.8333333333333	0.0	10727.0	10727.0
210	2490.1666666666665	0.0	7368.0	7368.0
220	2317.0	0.0	8998.0	8998.0
230	2390.3333333333335	0.0	8106.0	8106.0
240	2129.6666666666665	0.0	8555.0	8555.0
250	2357.6666666666665	0.0	8404.0	8404.0
260	2501.1666666666665	0.0	8851.0	8851.0
270	1632.6666666666667	0.0	7355.0	7355.0
280	1714.0	0.0	7956.0	7956.0
290	1763.8333333333333	0.0	8082.0	8082.0
300	1881.5	0.0	6857.0	6857.0
310	2135.1666666666665	0.0	6866.0	6866.0
320	2139.3333333333335	0.0	7181.0	7181.0
330	1734.5	0.0	5492.0	5492.0
340	1108.0	0.0	4798.0	4798.0
350	2027.5	0.0	7102.0	7102.0
360	1739.1666666666667	0.0	5478.0	5478.0
370	1886.5	0.0	11117.0	11117.0
380	1671.5	0.0	9762.0	9762.0
390	1701.1666666666667	0.0	6907.0	6907.0
400	2008.5	0.0	10112.0	10112.0
410	2129.3333333333335	0.0	8979.0	8979.0
420	2295.0	0.0	9321.0	9321.0
430	2377.3333333333335	0.0	7340.0	7340.0
440	2358.0	0.0	8097.0	8097.0
450	2350.0	0.0	7062.0	7062.0
460	2697.3333333333335	0.0	8793.0	8793.0
470	2565.6666666666665	0.0	8943.0	8943.0
480	2338.0	0.0	8078.0	8078.0
490	2446.3333333333335	0.0	8653.0	8653.0
500	2573.0	0.0	9587.0	9587.0
510	2540.1666666666665	0.0	7984.0	7984.0
520	2333.0	0.0	7866.0	7866.0
530	2432.8333333333335	0.0	6506.0	6506.0
540	2352.8333333333335	0.0	9802.0	9802.0
550	2684.3333333333335	0.0	10079.0	10079.0
560	2247.6666666666665	0.0	7869.0	7869.0
570	2504.8333333333335	0.0	10077.0	10077.0
580	2258.1666666666665	0.0	6985.0	6985.0
590	2568.0	0.0	9521.0	9521.0
600	2517.8333333333335	0.0	8659.0	8659.0
610	2332.3333333333335	0.0	9770.0	9770.0
620	2440.0	0.0	9007.0	9007.0
630	2073.0	0.0	9321.0	9321.0
640	2434.3333333333335	0.0	7765.0	7765.0
650	2365.3333333333335	0.0	8550.0	8550.0
660	2110.3333333333335	0.0	9437.0	9437.0
670	2379.8333333333335	0.0	8202.0	8202.0
680	2268.6666666666665	0.0	8707.0	8707.0
690	2232.8333333333335	0.0	9700.0	9700.0
700	2466.0	0.0	8312.0	8312.0
710	2440.0	0.0	9710.0	9710.0
720	2445.3333333333335	0.0	10175.0	10175.0
730	2390.0	0.0	8129.0	8129.0
740	1782.8333333333333	0.0	9503.0	9503.0
750	1802.8333333333333	0.0	6700.0	6700.0
760	1861.0	0.0	7379.0	7379.0
770	1912.3333333333333	0.0	9570.0	9570.0
780	1707.6666666666667	0.0	10887.0	10887.0
790	1719.1666666666667	0.0	8486.0	8486.0
800	1771.0	0.0	10059.0	10059.0
810	1794.6666666666667	0.0	8179.0	8179.0
820	1865.6666666666667	0.0	11229.0	11229.0
830	2224.1666666666665	0.0	9569.0	9569.0
840	2208.3333333333335	0.0	10324.0	10324.0
850	2420.3333333333335	0.0	11038.0	11038.0
860	1779.5	0.0	8199.0	8199.0
870	1599.6666666666667	0.0	9651.0	9651.0
880	1817.0	0.0	8909.0	8909.0
890	1882.3333333333333	0.0	9902.0	9902.0
900	2245.6666666666665	0.0	10791.0	10791.0
910	1878.3333333333333	0.0	7926.0	7926.0
920	1787.0	0.0	10878.0	10878.0
930	2463.8333333333335	0.0	9925.0	9925.0
940	2510.1666666666665	0.0	8717.0	8717.0
950	2638.5	0.0	10072.0	10072.0
960	2162.5	0.0	8334.0	8334.0
970	2754.3333333333335	0.0	10386.0	10386.0
980	2808.6666666666665	0.0	9469.0	9469.0
990	2425.6666666666665	0.0	8211.0	8211.0
1000	2225.6666666666665	0.0	10167.0	10167.0
