0	282.3333333333333	0.0	0.0	0.0
10	1708.6666666666667	94.0	11043.0	11043.0
20	1863.3333333333333	100.0	9566.0	9566.0
30	2346.8333333333335	74.0	8831.0	8831.0
40	2172.1666666666665	58.0	11023.0	11023.0
50	2309.0	28.0	9157.0	9157.0
60	2066.1666666666665	39.0	7048.0	7048.0
70	2058.3333333333335	35.0	9516.0	9516.0
80	2485.8333333333335	16.0	8933.0	8933.0
90	2132.1666666666665	64.0	7203.0	7203.0
100	1992.3333333333333	62.0	11652.0	11652.0
110	2648.0	74.0	13012.0	13012.0
120	2716.0	57.0	9648.0	9648.0
130	2620.0	26.0	11265.0	11265.0
140	2654.1666666666665	48.0	14809.0	14809.0
150	2964.0	21.0	9128.0	9128.0
160	2457.3333333333335	16.0	12015.0	12015.0
170	3179.5	14.0	11397.0	11397.0
180	3102.3333333333335	3.0	5939.0	5939.0
190	2832.5	20.0	10877.0	10877.0
200	3139.5	10.0	10452.0	10452.0
210	3199.0	6.0	7693.0	7693.0
220	3296.5	10.0	10075.0	10075.0
230	3659.1666666666665	20.0	11701.0	11701.0
240	3344.5	18.0	13545.0	13545.0
250	3527.1666666666665	19.0	11136.0	11136.0
260	3497.8333333333335	7.0	10292.0	10292.0
270	3151.8333333333335	16.0	9237.0	9237.0
280	3439.8333333333335	13.0	11499.0	11499.0
290	3601.0	12.0	8484.0	8484.0
300	3250.3333333333335	10.0	11692.0	11692.0
310	3680.6666666666665	10.0	3823.0	11463.0
320	2784.6666666666665	0.0	0.0	7529.0
330	3834.8333333333335	0.0	0.0	9192.0
340	3480.3333333333335	0.0	0.0	9791.0
350	3389.3333333333335	0.0	0.0	9335.0
360	3894.8333333333335	0.0	0.0	12451.0
370	3579.1666666666665	0.0	0.0	13049.0
380	3446.0	0.0	0.0	11061.0
390	2931.5	0.0	0.0	11988.0
400	3804.5	0.0	0.0	10389.0
410	3377.1666666666665	0.0	0.0	8911.0
420	3586.3333333333335	0.0	0.0	12209.0
430	3812.0	0.0	0.0	14615.0
440	3774.5	0.0	0.0	10010.0
450	3660.1666666666665	0.0	0.0	9729.0
460	2931.0	0.0	0.0	11640.0
470	3835.3333333333335	0.0	0.0	12650.0
480	3392.5	0.0	0.0	12706.0
490	3628.1666666666665	0.0	0.0	11394.0
500	3836.5	0.0	0.0	12063.0
510	3849.0	0.0	0.0	10215.0
520	3687.8333333333335	0.0	0.0	13036.0
530	3545.0	0.0	0.0	7216.0
540	4052.6666666666665	0.0	0.0	9228.0
550	3320.3333333333335	0.0	0.0	9779.0
560	3839.6666666666665	0.0	0.0	9215.0
570	3541.6666666666665	0.0	0.0	8840.0
580	3063.5	0.0	0.0	10083.0
590	3927.6666666666665	0.0	0.0	10512.0
600	3810.1666666666665	0.0	0.0	11437.0
610	3817.3333333333335	0.0	0.0	8901.0
620	3813.8333333333335	0.0	0.0	12651.0
630	3654.8333333333335	0.0	0.0	13265.0
640	3595.0	0.0	0.0	12012.0
650	3507.1666666666665	0.0	0.0	10955.0
660	3783.5	0.0	0.0	10773.0
670	3901.5	0.0	0.0	9827.0
680	3439.8333333333335	0.0	0.0	10516.0
690	3979.5	0.0	0.0	11082.0
700	3640.6666666666665	0.0	0.0	7945.0
710	3651.0	0.0	0.0	10875.0
720	4071.0	0.0	0.0	12737.0
730	3911.6666666666665	0.0	0.0	10830.0
740	3812.8333333333335	0.0	0.0	8036.0
750	3930.6666666666665	0.0	0.0	7911.0
760	3686.8333333333335	0.0	0.0	9536.0
770	3671.1666666666665	0.0	0.0	13556.0
780	3796.8333333333335	0.0	0.0	13919.0
790	3903.1666666666665	0.0	0.0	8656.0
800	3838.5	0.0	0.0	10353.0
810	3735.0	0.0	0.0	12425.0
820	3708.0	0.0	0.0	12396.0
830	3431.0	0.0	0.0	10518.0
840	3837.0	0.0	0.0	9620.0
850	3821.8333333333335	0.0	0.0	11890.0
860	3885.8333333333335	0.0	0.0	11076.0
870	3575.1666666666665	0.0	0.0	11782.0
880	4028.1666666666665	0.0	0.0	10504.0
890	4008.1666666666665	0.0	0.0	12155.0
900	3615.0	0.0	0.0	8853.0
910	3748.3333333333335	0.0	0.0	10078.0
920	3536.8333333333335	0.0	0.0	12583.0
930	3775.1666666666665	0.0	0.0	8096.0
940	3565.5	0.0	0.0	11197.0
950	3818.6666666666665	0.0	0.0	8838.0
960	3895.0	0.0	0.0	10025.0
970	3673.0	0.0	0.0	9535.0
980	3807.0	0.0	0.0	8916.0
990	3735.8333333333335	0.0	0.0	11193.0
1000	3775.1666666666665	0.0	0.0	9879.0
