0	242.0	0.0	0.0	0.0
10	2098.6666666666665	16.0	6172.0	6172.0
20	2238.0	111.0	12619.0	12619.0
30	2183.1666666666665	57.0	10598.0	10598.0
40	2491.1666666666665	93.0	11338.0	11338.0
50	2165.6666666666665	60.0	8414.0	8414.0
60	2561.3333333333335	50.0	13179.0	13179.0
70	2100.6666666666665	63.0	8499.0	8499.0
80	2590.8333333333335	66.0	12048.0	12048.0
90	3026.5	67.0	9065.0	9065.0
100	2580.6666666666665	70.0	12181.0	12181.0
110	2297.8333333333335	28.0	10267.0	10267.0
120	2596.6666666666665	38.0	10155.0	10155.0
130	2579.8333333333335	54.0	8559.0	8559.0
140	2586.5	18.0	11975.0	11975.0
150	2596.6666666666665	16.0	10146.0	10146.0
160	2933.5	20.0	14133.0	14133.0
170	2822.6666666666665	26.0	11302.0	11302.0
180	2877.8333333333335	27.0	10914.0	10914.0
190	2395.8333333333335	15.0	10786.0	10786.0
200	3141.3333333333335	14.0	7382.0	7382.0
210	3056.8333333333335	21.0	11926.0	11926.0
220	3030.5	3.0	10919.0	10919.0
230	3513.1666666666665	16.0	10480.0	10480.0
240	3685.1666666666665	14.0	10558.0	10558.0
250	3453.0	7.0	8866.0	8866.0
260	3470.1666666666665	11.0	8745.0	8745.0
270	3363.0	15.0	12677.0	12677.0
280	3447.3333333333335	3.0	6095.0	6095.0
290	3799.8333333333335	1.0	4732.0	10519.0
300	3553.0	0.0	0.0	7746.0
310	3512.5	0.0	0.0	11391.0
320	3606.8333333333335	0.0	0.0	11138.0
330	3205.6666666666665	0.0	0.0	13768.0
340	3536.3333333333335	0.0	0.0	10256.0
350	3178.0	0.0	0.0	12830.0
360	3056.0	0.0	0.0	11355.0
370	3805.3333333333335	0.0	0.0	8876.0
380	3782.3333333333335	0.0	0.0	12735.0
390	4127.833333333333	0.0	0.0	9938.0
400	4121.833333333333	0.0	0.0	10466.0
410	3928.6666666666665	0.0	0.0	9357.0
420	3241.5	0.0	0.0	9484.0
430	4040.6666666666665	0.0	0.0	8201.0
440	3977.8333333333335	0.0	0.0	10552.0
450	3829.0	0.0	0.0	9667.0
460	3781.5	0.0	0.0	11686.0
470	3867.8333333333335	0.0	0.0	10008.0
480	3380.0	0.0	0.0	9781.0
490	3710.5	0.0	0.0	10198.0
500	3643.0	0.0	0.0	12065.0
510	3889.6666666666665	0.0	0.0	11873.0
520	3883.5	0.0	0.0	10330.0
530	3539.6666666666665	0.0	0.0	10262.0
540	3658.3333333333335	0.0	0.0	12278.0
550	3678.0	0.0	0.0	11196.0
560	4180.666666666667	0.0	0.0	10333.0
570	3728.0	0.0	0.0	9518.0
580	3656.1666666666665	0.0	0.0	10897.0
590	3764.6666666666665	0.0	0.0	8160.0
600	3619.3333333333335	0.0	0.0	11180.0
610	3755.5	0.0	0.0	10234.0
620	3424.8333333333335	0.0	0.0	12235.0
630	3599.5	0.0	0.0	9830.0
640	3506.5	0.0	0.0	9782.0
650	3921.1666666666665	0.0	0.0	14148.0
660	3249.1666666666665	0.0	0.0	11223.0
670	3980.1666666666665	0.0	0.0	9752.0
680	4355.5	0.0	0.0	10810.0
690	3637.1666666666665	0.0	0.0	11209.0
700	3571.6666666666665	0.0	0.0	11194.0
710	3698.1666666666665	0.0	0.0	8910.0
720	3695.8333333333335	0.0	0.0	8194.0
730	4030.0	0.0	0.0	10315.0
740	3833.0	0.0	0.0	9428.0
750	3712.0	0.0	0.0	10688.0
760	3577.1666666666665	0.0	0.0	9177.0
770	3880.0	0.0	0.0	10142.0
780	3806.6666666666665	0.0	0.0	10747.0
790	3834.0	0.0	0.0	8954.0
800	3830.8333333333335	0.0	0.0	11377.0
810	3316.1666666666665	0.0	0.0	10476.0
820	3638.8333333333335	0.0	0.0	9894.0
830	3866.0	0.0	0.0	10269.0
840	3738.3333333333335	0.0	0.0	10142.0
850	3875.6666666666665	0.0	0.0	10396.0
860	3509.0	0.0	0.0	11585.0
870	3675.5	0.0	0.0	11572.0
880	3728.5	0.0	0.0	9905.0
890	3618.8333333333335	0.0	0.0	11738.0
900	3576.8333333333335	0.0	0.0	7751.0
910	3635.8333333333335	0.0	0.0	8672.0
920	3665.3333333333335	0.0	0.0	9721.0
930	4055.6666666666665	0.0	0.0	12410.0
940	3888.6666666666665	0.0	0.0	11476.0
950	4062.0	0.0	0.0	10059.0
960	3755.6666666666665	0.0	0.0	11060.0
970	3831.1666666666665	0.0	0.0	12058.0
980	3569.1666666666665	0.0	0.0	10762.0
990	3734.5	0.0	0.0	11248.0
1000	3669.3333333333335	0.0	0.0	10681.0
