0	2484.5	0.0	0.0	0.0
10	2703.5	628.0	15598.0	15598.0
20	2369.5	352.0	8832.0	8832.0
30	2622.0	20.0	1118.0	5958.0
40	2410.25	0.0	0.0	7952.0
50	2905.5	0.0	0.0	10938.0
60	2760.5	0.0	0.0	6530.0
70	2619.5	0.0	0.0	9435.0
80	2273.0	0.0	0.0	10073.0
90	2873.75	0.0	0.0	7837.0
100	2737.25	0.0	0.0	11451.0
110	1928.25	0.0	0.0	9844.0
120	2969.0	0.0	0.0	9228.0
130	2708.75	0.0	0.0	11249.0
140	2946.5	0.0	0.0	9430.0
150	2896.25	0.0	0.0	9726.0
160	3102.75	0.0	0.0	9250.0
170	3094.0	0.0	0.0	7821.0
180	3359.0	0.0	0.0	6808.0
190	2707.5	0.0	0.0	11553.0
200	3647.25	0.0	0.0	8893.0
210	3369.0	0.0	0.0	9932.0
220	3219.0	0.0	0.0	10973.0
230	3471.75	0.0	0.0	9390.0
240	3477.0	0.0	0.0	10100.0
250	3780.5	0.0	0.0	9006.0
260	3545.25	0.0	0.0	13385.0
270	3591.25	0.0	0.0	12769.0
280	3062.0	0.0	0.0	9098.0
290	3907.25	0.0	0.0	10398.0
300	3804.5	0.0	0.0	13392.0
310	3455.5	0.0	0.0	9399.0
320	3245.75	0.0	0.0	8792.0
330	3245.75	0.0	0.0	10753.0
340	3170.25	0.0	0.0	9432.0
350	3398.5	0.0	0.0	11437.0
360	4022.5	0.0	0.0	8217.0
370	3436.75	0.0	0.0	8785.0
380	3398.0	0.0	0.0	11377.0
390	3510.5	0.0	0.0	8550.0
400	3216.5	0.0	0.0	11950.0
410	4041.5	0.0	0.0	12194.0
420	3678.5	0.0	0.0	8593.0
430	2927.75	0.0	0.0	10249.0
440	3937.5	0.0	0.0	13667.0
450	3659.0	0.0	0.0	11741.0
460	3843.0	0.0	0.0	9658.0
470	3706.5	0.0	0.0	9675.0
480	4149.75	0.0	0.0	10963.0
490	4096.75	0.0	0.0	9825.0
500	3759.75	0.0	0.0	7815.0
510	3411.25	0.0	0.0	10654.0
520	3382.75	0.0	0.0	9589.0
530	3495.0	0.0	0.0	10858.0
540	3749.0	0.0	0.0	11048.0
550	3869.5	0.0	0.0	10584.0
560	3810.5	0.0	0.0	6852.0
570	3669.75	0.0	0.0	10980.0
580	4206.75	0.0	0.0	10521.0
590	4143.75	0.0	0.0	12490.0
600	3653.25	0.0	0.0	7507.0
610	3990.0	0.0	0.0	7061.0
620	4108.25	0.0	0.0	9696.0
630	4084.0	0.0	0.0	12773.0
640	3945.75	0.0	0.0	9446.0
650	3985.5	0.0	0.0	9133.0
660	3616.25	0.0	0.0	10327.0
670	3643.0	0.0	0.0	8719.0
680	3830.75	0.0	0.0	7861.0
690	3353.25	0.0	0.0	9915.0
700	3812.5	0.0	0.0	10455.0
710	3440.5	0.0	0.0	9214.0
720	3582.5	0.0	0.0	9629.0
730	3645.75	0.0	0.0	11916.0
740	3960.25	0.0	0.0	12044.0
750	3698.25	0.0	0.0	12190.0
760	3825.5	0.0	0.0	11801.0
770	3978.75	0.0	0.0	11488.0
780	3809.25	0.0	0.0	9705.0
790	3939.75	0.0	0.0	9374.0
800	4055.25	0.0	0.0	11567.0
