0	2352.6666666666665	0.0	0.0	0.0
10	2460.6666666666665	1000.0	1000.0	7281.0
20	2505.5	0.0	0.0	9290.0
30	2487.6666666666665	0.0	0.0	5502.0
40	2356.6666666666665	0.0	0.0	6938.0
50	2227.0	0.0	0.0	9655.0
60	2264.8333333333335	0.0	0.0	13056.0
70	2706.3333333333335	0.0	0.0	9130.0
80	2395.1666666666665	0.0	0.0	9141.0
90	2445.1666666666665	0.0	0.0	9377.0
100	2714.8333333333335	0.0	0.0	8660.0
110	2836.1666666666665	0.0	0.0	10613.0
120	2713.0	0.0	0.0	8990.0
130	2730.8333333333335	0.0	0.0	10199.0
140	2569.8333333333335	0.0	0.0	7963.0
150	2637.0	0.0	0.0	8341.0
160	2857.5	0.0	0.0	10143.0
170	2890.8333333333335	0.0	0.0	7870.0
180	2974.1666666666665	0.0	0.0	8081.0
190	3014.6666666666665	0.0	0.0	7630.0
200	3080.1666666666665	0.0	0.0	11973.0
210	3390.6666666666665	0.0	0.0	7156.0
220	2975.0	0.0	0.0	11758.0
230	3392.3333333333335	0.0	0.0	11802.0
240	3290.8333333333335	0.0	0.0	9063.0
250	3393.3333333333335	0.0	0.0	8726.0
260	3346.8333333333335	0.0	0.0	9760.0
270	3647.0	0.0	0.0	9054.0
280	3711.5	0.0	0.0	11745.0
290	3659.6666666666665	0.0	0.0	11813.0
300	3372.6666666666665	0.0	0.0	10573.0
310	3621.8333333333335	0.0	0.0	11049.0
320	3475.6666666666665	0.0	0.0	13114.0
330	3902.8333333333335	0.0	0.0	13848.0
340	3461.8333333333335	0.0	0.0	14421.0
350	3441.3333333333335	0.0	0.0	12067.0
360	3274.5	0.0	0.0	7733.0
370	3403.0	0.0	0.0	10855.0
380	3325.0	0.0	0.0	9069.0
390	3280.0	0.0	0.0	10219.0
400	3501.5	0.0	0.0	9077.0
410	3517.0	0.0	0.0	9475.0
420	3582.8333333333335	0.0	0.0	11156.0
430	3636.1666666666665	0.0	0.0	6559.0
440	3663.0	0.0	0.0	10581.0
450	3507.5	0.0	0.0	9939.0
460	3640.1666666666665	0.0	0.0	7262.0
470	3634.1666666666665	0.0	0.0	10642.0
480	3538.1666666666665	0.0	0.0	12177.0
490	3720.0	0.0	0.0	10739.0
500	3880.6666666666665	0.0	0.0	12099.0
510	3946.8333333333335	0.0	0.0	8008.0
520	3949.8333333333335	0.0	0.0	9547.0
530	3576.0	0.0	0.0	11885.0
540	3768.0	0.0	0.0	8217.0
550	3655.6666666666665	0.0	0.0	10014.0
560	3962.8333333333335	0.0	0.0	9553.0
570	3314.8333333333335	0.0	0.0	10226.0
580	3908.8333333333335	0.0	0.0	9344.0
590	3474.6666666666665	0.0	0.0	9299.0
600	4108.0	0.0	0.0	10126.0
610	3835.6666666666665	0.0	0.0	8513.0
620	3332.5	0.0	0.0	9294.0
630	3881.5	0.0	0.0	8953.0
640	3914.1666666666665	0.0	0.0	9838.0
650	3721.8333333333335	0.0	0.0	8384.0
660	3688.0	0.0	0.0	8711.0
670	3744.3333333333335	0.0	0.0	9256.0
680	3410.8333333333335	0.0	0.0	10636.0
690	3420.8333333333335	0.0	0.0	7324.0
700	3782.1666666666665	0.0	0.0	9521.0
710	3676.3333333333335	0.0	0.0	10314.0
720	3834.0	0.0	0.0	9553.0
730	3908.6666666666665	0.0	0.0	11316.0
740	3665.1666666666665	0.0	0.0	10669.0
750	3746.1666666666665	0.0	0.0	10259.0
760	3146.5	0.0	0.0	8568.0
770	3560.6666666666665	0.0	0.0	12835.0
780	3731.3333333333335	0.0	0.0	9518.0
790	3656.6666666666665	0.0	0.0	9830.0
800	3670.0	0.0	0.0	11331.0
