0	2196.8333333333335	0.0	0.0	0.0
10	2445.1666666666665	0.0	477.0	6229.0
20	2180.5	0.0	509.0	7407.0
30	2234.3333333333335	0.0	534.0	7659.0
40	2564.5	0.0	540.0	7337.0
50	2623.5	0.0	485.0	7887.0
60	2989.6666666666665	0.0	464.0	6414.0
70	2477.3333333333335	0.0	467.0	6483.0
80	2654.3333333333335	0.0	815.0	9904.0
90	2994.1666666666665	0.0	583.0	8330.0
100	3266.1666666666665	0.0	444.0	5565.0
110	3131.1666666666665	0.0	749.0	11459.0
120	3127.6666666666665	0.0	586.0	8352.0
130	2669.6666666666665	0.0	583.0	8016.0
140	2928.1666666666665	0.0	627.0	8393.0
150	2907.0	0.0	612.0	8697.0
160	2614.1666666666665	0.0	734.0	10958.0
170	2951.5	0.0	784.0	11367.0
180	2938.3333333333335	0.0	416.0	6683.0
190	3088.1666666666665	0.0	537.0	7135.0
200	3028.6666666666665	0.0	644.0	9669.0
210	3862.3333333333335	0.0	482.0	6516.0
220	3070.6666666666665	0.0	727.0	10554.0
230	3127.1666666666665	0.0	791.0	9870.0
240	3368.6666666666665	0.0	874.0	13069.0
250	3632.8333333333335	0.0	847.0	11307.0
260	3488.0	0.0	790.0	11330.0
270	3270.1666666666665	0.0	723.0	11349.0
280	3857.5	0.0	902.0	10366.0
290	3576.3333333333335	0.0	756.0	8478.0
300	3304.5	0.0	1041.0	10068.0
310	3293.6666666666665	0.0	974.0	11207.0
320	2904.8333333333335	0.0	710.0	8013.0
330	3757.3333333333335	0.0	970.0	11530.0
340	3228.1666666666665	0.0	856.0	11952.0
350	3944.1666666666665	0.0	1030.0	13600.0
360	3407.0	0.0	703.0	9016.0
370	3329.0	0.0	844.0	12106.0
380	3816.5	0.0	667.0	9093.0
390	2873.6666666666665	0.0	687.0	9254.0
400	3533.8333333333335	0.0	997.0	12817.0
410	3211.8333333333335	0.0	823.0	9810.0
420	3362.1666666666665	0.0	955.0	9820.0
430	3278.5	0.0	1087.0	11447.0
440	3870.8333333333335	0.0	1082.0	10189.0
450	3562.6666666666665	0.0	710.0	8156.0
460	3761.6666666666665	0.0	795.0	9657.0
470	4061.5	0.0	760.0	7899.0
480	3873.1666666666665	0.0	969.0	10490.0
490	3830.3333333333335	0.0	1006.0	12530.0
500	3733.6666666666665	0.0	943.0	10439.0
510	3597.3333333333335	0.0	1063.0	10023.0
520	3630.0	0.0	887.0	8882.0
530	3638.3333333333335	0.0	1210.0	11772.0
540	3284.5	0.0	1121.0	11997.0
550	3531.8333333333335	0.0	1293.0	11164.0
560	3676.8333333333335	0.0	1171.0	10761.0
570	4029.8333333333335	0.0	1242.0	10946.0
580	3981.1666666666665	0.0	1179.0	12268.0
590	3633.0	0.0	947.0	10217.0
600	3666.3333333333335	0.0	1362.0	12629.0
