0	1926.3333333333333	0.0	0.0	0.0
10	2349.3333333333335	74.0	8315.0	8315.0
20	1946.3333333333333	182.0	10352.0	10352.0
30	2187.1666666666665	135.0	8867.0	8867.0
40	2243.1666666666665	113.0	9631.0	9631.0
50	2158.3333333333335	107.0	10872.0	10872.0
60	2358.0	149.0	13327.0	13327.0
70	2275.8333333333335	115.0	11029.0	11029.0
80	2484.0	74.0	11351.0	11351.0
90	2759.3333333333335	51.0	10638.0	10774.0
100	2882.3333333333335	0.0	0.0	8477.0
110	3097.8333333333335	0.0	0.0	9142.0
120	2636.0	0.0	0.0	11596.0
130	2635.6666666666665	0.0	0.0	9491.0
140	3014.8333333333335	0.0	0.0	8905.0
150	3344.5	0.0	0.0	9073.0
160	3020.1666666666665	0.0	0.0	10752.0
170	3272.0	0.0	0.0	11283.0
180	3489.3333333333335	0.0	0.0	9329.0
190	3455.0	0.0	0.0	12248.0
200	3439.1666666666665	0.0	0.0	10871.0
210	3236.6666666666665	0.0	0.0	11609.0
220	3335.3333333333335	0.0	0.0	12301.0
230	3445.0	0.0	0.0	9747.0
240	3072.8333333333335	0.0	0.0	8525.0
250	3277.1666666666665	0.0	0.0	12796.0
260	3180.1666666666665	0.0	0.0	10457.0
270	3254.0	0.0	0.0	9571.0
280	3488.8333333333335	0.0	0.0	11901.0
290	3370.0	0.0	0.0	10134.0
300	3355.6666666666665	0.0	0.0	7206.0
310	3511.0	0.0	0.0	12412.0
320	3589.8333333333335	0.0	0.0	12266.0
330	3392.1666666666665	0.0	0.0	10745.0
340	3847.1666666666665	0.0	0.0	10364.0
350	3110.1666666666665	0.0	0.0	10707.0
360	3552.0	0.0	0.0	10242.0
370	3537.8333333333335	0.0	0.0	11058.0
380	3605.6666666666665	0.0	0.0	13427.0
390	3944.6666666666665	0.0	0.0	10705.0
400	3427.8333333333335	0.0	0.0	8807.0
410	3419.6666666666665	0.0	0.0	11853.0
420	3978.1666666666665	0.0	0.0	11027.0
430	3655.8333333333335	0.0	0.0	9409.0
440	4010.6666666666665	0.0	0.0	10176.0
450	3658.3333333333335	0.0	0.0	10551.0
460	3227.5	0.0	0.0	12780.0
470	3480.8333333333335	0.0	0.0	9848.0
480	4038.8333333333335	0.0	0.0	10351.0
490	3661.1666666666665	0.0	0.0	10895.0
500	3598.3333333333335	0.0	0.0	10761.0
510	3902.8333333333335	0.0	0.0	7987.0
520	3242.5	0.0	0.0	9774.0
530	3380.5	0.0	0.0	10039.0
540	3232.8333333333335	0.0	0.0	10536.0
550	4001.3333333333335	0.0	0.0	11619.0
560	3902.8333333333335	0.0	0.0	11046.0
570	3211.0	0.0	0.0	9918.0
580	3754.6666666666665	0.0	0.0	12364.0
590	3816.8333333333335	0.0	0.0	10681.0
600	3982.6666666666665	0.0	0.0	10606.0
610	3779.0	0.0	0.0	8801.0
620	3993.1666666666665	0.0	0.0	10530.0
630	3896.5	0.0	0.0	8778.0
640	3462.6666666666665	0.0	0.0	9340.0
650	3784.1666666666665	0.0	0.0	9113.0
660	3822.0	0.0	0.0	11566.0
670	3789.8333333333335	0.0	0.0	8514.0
680	3737.3333333333335	0.0	0.0	7323.0
690	3444.0	0.0	0.0	10197.0
700	3936.1666666666665	0.0	0.0	11533.0
