0	274.0	0.0	0.0
10	1706.5	516.0	10353.0
20	1849.5	1274.0	10546.0
30	2314.6666666666665	210.0	11804.0
40	2485.6666666666665	0.0	10088.0
50	2212.3333333333335	0.0	6906.0
60	2322.0	0.0	8047.0
70	2191.1666666666665	0.0	9480.0
80	2281.6666666666665	0.0	5200.0
90	2254.0	0.0	8535.0
100	2101.5	0.0	8939.0
110	2285.3333333333335	0.0	9123.0
120	2449.8333333333335	0.0	7043.0
130	2644.8333333333335	0.0	9348.0
140	2413.1666666666665	0.0	8131.0
150	2673.1666666666665	0.0	10113.0
160	2519.8333333333335	0.0	9069.0
170	2629.6666666666665	0.0	6106.0
180	2644.0	0.0	11350.0
190	2361.6666666666665	0.0	8149.0
200	2386.3333333333335	0.0	8602.0
210	2732.6666666666665	0.0	10815.0
220	2876.5	0.0	12481.0
230	2972.5	0.0	10745.0
240	2891.5	0.0	9762.0
250	2685.3333333333335	0.0	7703.0
260	2846.5	0.0	8252.0
270	2642.6666666666665	0.0	9326.0
280	2451.3333333333335	0.0	9589.0
290	2571.0	0.0	7927.0
300	2618.6666666666665	0.0	8081.0
310	2786.1666666666665	0.0	8232.0
320	2682.3333333333335	0.0	6484.0
330	2638.5	0.0	6840.0
340	2429.0	0.0	10877.0
350	2470.0	0.0	10185.0
360	2917.5	0.0	7198.0
370	3248.0	0.0	8082.0
380	2796.3333333333335	0.0	9657.0
390	2772.1666666666665	0.0	8203.0
400	2754.8333333333335	0.0	11164.0
410	3222.1666666666665	0.0	9444.0
420	2884.5	0.0	8859.0
430	2704.8333333333335	0.0	12542.0
440	2895.0	0.0	5737.0
450	2785.3333333333335	0.0	8270.0
460	2940.1666666666665	0.0	7831.0
470	2840.5	0.0	8372.0
480	3417.6666666666665	0.0	9953.0
490	3258.6666666666665	0.0	11142.0
500	3136.1666666666665	0.0	7850.0
510	2935.3333333333335	0.0	10650.0
520	3742.3333333333335	0.0	9953.0
530	3262.1666666666665	0.0	7396.0
540	2933.5	0.0	11126.0
550	3481.3333333333335	0.0	10279.0
560	3738.5	0.0	8889.0
570	3106.6666666666665	0.0	11208.0
580	3941.6666666666665	0.0	9358.0
590	3465.8333333333335	0.0	10575.0
600	3341.5	0.0	11628.0
610	3437.8333333333335	0.0	8163.0
620	3872.1666666666665	0.0	10942.0
630	3356.1666666666665	0.0	8484.0
640	3259.0	0.0	9321.0
650	3194.8333333333335	0.0	9591.0
660	3383.3333333333335	0.0	10799.0
670	3014.1666666666665	0.0	12608.0
680	3858.5	0.0	7422.0
690	3364.6666666666665	0.0	11362.0
700	3758.1666666666665	0.0	10748.0
710	3796.1666666666665	0.0	7869.0
720	3822.3333333333335	0.0	12703.0
730	3788.0	0.0	10528.0
740	3745.5	0.0	11432.0
750	3406.3333333333335	0.0	8947.0
760	3675.1666666666665	0.0	9446.0
770	3898.0	0.0	10393.0
780	3698.0	0.0	11801.0
790	3824.8333333333335	0.0	10075.0
800	3863.1666666666665	0.0	11392.0
810	3537.5	0.0	12087.0
820	3702.6666666666665	0.0	10306.0
830	3455.1666666666665	0.0	8859.0
840	3828.1666666666665	0.0	14748.0
850	3817.6666666666665	0.0	9887.0
860	2894.5	0.0	9560.0
870	4085.1666666666665	0.0	12429.0
880	4030.0	0.0	9705.0
890	3635.3333333333335	0.0	10681.0
900	3992.0	0.0	9137.0
910	3883.5	0.0	9848.0
920	3718.1666666666665	0.0	11231.0
930	3594.0	0.0	10578.0
940	3498.3333333333335	0.0	10098.0
950	3923.3333333333335	0.0	9522.0
960	3797.3333333333335	0.0	9311.0
970	3859.5	0.0	7910.0
980	3646.3333333333335	0.0	11998.0
990	4114.5	0.0	9566.0
1000	3743.6666666666665	0.0	11495.0
