0	233.0	0.0	0.0
10	1831.3333333333333	204.0	8478.0
20	2016.5	1473.0	13518.0
30	2281.8333333333335	323.0	8798.0
40	2307.0	0.0	10338.0
50	2365.5	0.0	7969.0
60	2509.3333333333335	0.0	8401.0
70	2775.0	0.0	12117.0
80	2547.1666666666665	0.0	6295.0
90	2583.1666666666665	0.0	10185.0
100	2580.6666666666665	0.0	7656.0
110	2066.0	0.0	8970.0
120	2243.6666666666665	0.0	6850.0
130	2479.0	0.0	10466.0
140	2603.6666666666665	0.0	9617.0
150	2642.6666666666665	0.0	10777.0
160	2842.8333333333335	0.0	12730.0
170	2930.6666666666665	0.0	7511.0
180	3226.6666666666665	0.0	11191.0
190	2778.1666666666665	0.0	8589.0
200	2996.0	0.0	12762.0
210	2516.1666666666665	0.0	9164.0
220	2649.0	0.0	8503.0
230	2802.5	0.0	10047.0
240	2506.8333333333335	0.0	8224.0
250	2772.5	0.0	11354.0
260	3091.1666666666665	0.0	6972.0
270	2876.3333333333335	0.0	10090.0
280	2454.5	0.0	8733.0
290	2983.6666666666665	0.0	11571.0
300	3571.8333333333335	0.0	7997.0
310	3377.6666666666665	0.0	10276.0
320	3369.5	0.0	13123.0
330	3354.6666666666665	0.0	11073.0
340	3590.6666666666665	0.0	9434.0
350	3514.8333333333335	0.0	13871.0
360	3350.5	0.0	8179.0
370	3340.0	0.0	8396.0
380	3274.5	0.0	12361.0
390	3424.1666666666665	0.0	11657.0
400	3023.1666666666665	0.0	9264.0
410	3207.0	0.0	9147.0
420	3463.5	0.0	13072.0
430	3757.1666666666665	0.0	10788.0
440	3497.3333333333335	0.0	7118.0
450	3859.3333333333335	0.0	10082.0
460	3608.8333333333335	0.0	12136.0
470	3034.0	0.0	8956.0
480	3244.5	0.0	9838.0
490	3573.5	0.0	11142.0
500	3315.1666666666665	0.0	8824.0
510	2942.0	0.0	13421.0
520	3514.5	0.0	11632.0
530	3270.5	0.0	8715.0
540	3921.0	0.0	9822.0
550	3873.1666666666665	0.0	14399.0
560	3050.3333333333335	0.0	10497.0
570	3771.5	0.0	10392.0
580	3702.6666666666665	0.0	10294.0
590	3015.8333333333335	0.0	10039.0
600	3860.0	0.0	11831.0
610	4050.1666666666665	0.0	6525.0
620	3440.6666666666665	0.0	8513.0
630	3843.8333333333335	0.0	9188.0
640	3967.0	0.0	10076.0
650	3798.6666666666665	0.0	11114.0
660	3373.8333333333335	0.0	9342.0
670	4125.5	0.0	5661.0
680	3771.6666666666665	0.0	10695.0
690	3661.6666666666665	0.0	8755.0
700	3775.3333333333335	0.0	7958.0
710	3680.8333333333335	0.0	10543.0
720	3669.8333333333335	0.0	14825.0
730	4135.666666666667	0.0	11526.0
740	3708.0	0.0	9601.0
750	3974.5	0.0	12350.0
760	3988.1666666666665	0.0	10346.0
770	3821.8333333333335	0.0	11844.0
780	4063.1666666666665	0.0	10670.0
790	3807.6666666666665	0.0	10786.0
800	4037.0	0.0	10553.0
810	3579.5	0.0	10229.0
820	3705.6666666666665	0.0	11870.0
830	3767.3333333333335	0.0	9087.0
840	3793.6666666666665	0.0	10949.0
850	3848.6666666666665	0.0	11131.0
860	3673.0	0.0	8975.0
870	4111.0	0.0	9004.0
880	3694.6666666666665	0.0	8858.0
890	3502.5	0.0	8037.0
900	4065.1666666666665	0.0	11902.0
910	4056.1666666666665	0.0	13255.0
920	3808.5	0.0	12731.0
930	3769.0	0.0	9725.0
940	3843.8333333333335	0.0	11369.0
950	3924.1666666666665	0.0	8350.0
960	3900.3333333333335	0.0	11178.0
970	3813.5	0.0	8479.0
980	3992.5	0.0	8057.0
990	3589.3333333333335	0.0	10518.0
1000	4012.3333333333335	0.0	9289.0
