0	1599.6666666666667	0.0	0.0	0.0
10	1728.6666666666667	256.0	1107.0	11102.0
20	1499.6666666666667	47.0	318.0	7493.0
30	1707.6666666666667	203.0	754.0	9826.0
40	1985.3333333333333	410.0	2109.0	10269.0
50	2125.5	84.0	220.0	8169.0
60	2258.0	0.0	0.0	9956.0
70	2031.6666666666667	0.0	0.0	7825.0
80	2486.8333333333335	0.0	0.0	8397.0
90	2332.0	0.0	0.0	5817.0
100	1923.0	0.0	0.0	9035.0
110	2156.1666666666665	0.0	0.0	8971.0
120	2188.6666666666665	0.0	0.0	11476.0
130	2408.0	0.0	0.0	10173.0
140	2015.3333333333333	0.0	0.0	5756.0
150	2424.5	0.0	0.0	7883.0
160	1913.8333333333333	0.0	0.0	6445.0
170	2604.3333333333335	0.0	0.0	6428.0
180	2841.0	0.0	0.0	8911.0
190	2416.6666666666665	0.0	0.0	7392.0
200	2725.5	0.0	0.0	10114.0
210	2304.0	0.0	0.0	6628.0
220	2560.1666666666665	0.0	0.0	8226.0
230	2766.6666666666665	0.0	0.0	7150.0
240	2228.8333333333335	0.0	0.0	6279.0
250	2395.3333333333335	0.0	0.0	10814.0
260	2282.8333333333335	0.0	0.0	9763.0
270	2848.0	0.0	0.0	7294.0
280	2734.5	0.0	0.0	9966.0
290	2507.6666666666665	0.0	0.0	7378.0
300	2484.5	0.0	0.0	8701.0
310	2352.5	0.0	0.0	7698.0
320	2453.6666666666665	0.0	0.0	7641.0
330	2469.3333333333335	0.0	0.0	7615.0
340	2263.8333333333335	0.0	0.0	9438.0
350	2444.8333333333335	0.0	0.0	8751.0
360	2448.3333333333335	0.0	0.0	9362.0
370	2577.6666666666665	0.0	0.0	7610.0
380	2135.1666666666665	0.0	0.0	10343.0
390	2734.6666666666665	0.0	0.0	8831.0
400	2733.5	0.0	0.0	11179.0
410	2838.1666666666665	0.0	0.0	5012.0
420	3106.8333333333335	0.0	0.0	11722.0
430	2792.0	0.0	0.0	7416.0
440	3054.1666666666665	0.0	0.0	13878.0
450	3185.3333333333335	0.0	0.0	8499.0
460	3212.0	0.0	0.0	6719.0
470	3392.1666666666665	0.0	0.0	6323.0
480	3185.6666666666665	0.0	0.0	10873.0
490	3082.1666666666665	0.0	0.0	11425.0
500	3060.0	0.0	0.0	13299.0
510	3720.3333333333335	0.0	0.0	9732.0
520	3264.3333333333335	0.0	0.0	11437.0
530	3314.6666666666665	0.0	0.0	12814.0
540	3544.1666666666665	0.0	0.0	8970.0
550	3391.0	0.0	0.0	11474.0
560	3340.0	0.0	0.0	14987.0
570	2178.8333333333335	0.0	0.0	10952.0
580	3657.3333333333335	0.0	0.0	10925.0
590	3382.1666666666665	0.0	0.0	9533.0
600	3512.1666666666665	0.0	0.0	11253.0
610	3316.5	0.0	0.0	10284.0
620	3419.3333333333335	0.0	0.0	12922.0
630	3824.1666666666665	0.0	0.0	9595.0
640	3654.8333333333335	0.0	0.0	13369.0
650	3518.8333333333335	0.0	0.0	8418.0
660	3216.8333333333335	0.0	0.0	10254.0
670	3344.5	0.0	0.0	7043.0
680	3961.6666666666665	0.0	0.0	11046.0
690	3524.8333333333335	0.0	0.0	13858.0
700	3708.3333333333335	0.0	0.0	11966.0
710	4288.5	0.0	0.0	9058.0
720	4072.6666666666665	0.0	0.0	11811.0
730	3136.6666666666665	0.0	0.0	8869.0
740	3852.8333333333335	0.0	0.0	11522.0
750	3965.1666666666665	0.0	0.0	11494.0
760	3838.0	0.0	0.0	9203.0
770	3643.8333333333335	0.0	0.0	11282.0
780	3829.1666666666665	0.0	0.0	10917.0
790	3535.1666666666665	0.0	0.0	7863.0
800	4026.8333333333335	0.0	0.0	9401.0
810	3758.6666666666665	0.0	0.0	12814.0
820	3800.1666666666665	0.0	0.0	11873.0
830	4020.0	0.0	0.0	12683.0
840	3765.0	0.0	0.0	11872.0
850	3501.5	0.0	0.0	9226.0
860	4095.0	0.0	0.0	11167.0
870	3817.6666666666665	0.0	0.0	8524.0
880	3901.0	0.0	0.0	10193.0
890	4263.0	0.0	0.0	10194.0
900	3420.6666666666665	0.0	0.0	7951.0
910	3711.3333333333335	0.0	0.0	12817.0
920	3650.0	0.0	0.0	10960.0
930	3980.8333333333335	0.0	0.0	10110.0
940	4002.1666666666665	0.0	0.0	7945.0
950	3425.8333333333335	0.0	0.0	9422.0
960	3854.8333333333335	0.0	0.0	12881.0
970	3931.6666666666665	0.0	0.0	11527.0
980	3755.8333333333335	0.0	0.0	10760.0
990	3797.1666666666665	0.0	0.0	11566.0
1000	3440.6666666666665	0.0	0.0	13103.0
