0	1562.6666666666667	0.0	0.0	0.0
10	1758.0	181.0	1138.0	8847.0
20	1659.5	271.0	1004.0	7554.0
30	1757.6666666666667	254.0	834.0	9573.0
40	1952.1666666666667	184.0	1052.0	8935.0
50	2160.6666666666665	110.0	608.0	8744.0
60	2138.0	0.0	0.0	9876.0
70	1849.6666666666667	0.0	0.0	7057.0
80	2043.3333333333333	0.0	0.0	9445.0
90	2008.6666666666667	0.0	0.0	7256.0
100	1945.3333333333333	0.0	0.0	7702.0
110	2134.8333333333335	0.0	0.0	8669.0
120	2076.5	0.0	0.0	8848.0
130	2023.0	0.0	0.0	5285.0
140	1873.6666666666667	0.0	0.0	7047.0
150	2135.8333333333335	0.0	0.0	6771.0
160	2082.1666666666665	0.0	0.0	6376.0
170	1923.6666666666667	0.0	0.0	11390.0
180	2114.0	0.0	0.0	8057.0
190	2076.1666666666665	0.0	0.0	9610.0
200	2256.3333333333335	0.0	0.0	11117.0
210	2070.3333333333335	0.0	0.0	10261.0
220	2344.0	0.0	0.0	9669.0
230	2475.8333333333335	0.0	0.0	8708.0
240	2418.3333333333335	0.0	0.0	6447.0
250	2419.8333333333335	0.0	0.0	9271.0
260	2275.6666666666665	0.0	0.0	5649.0
270	2330.5	0.0	0.0	10661.0
280	2327.3333333333335	0.0	0.0	10723.0
290	2567.5	0.0	0.0	8778.0
300	2549.8333333333335	0.0	0.0	7209.0
310	2292.0	0.0	0.0	6572.0
320	2737.0	0.0	0.0	9666.0
330	2447.8333333333335	0.0	0.0	8430.0
340	2343.6666666666665	0.0	0.0	8733.0
350	2757.5	0.0	0.0	4813.0
360	2337.8333333333335	0.0	0.0	5944.0
370	1903.6666666666667	0.0	0.0	7986.0
380	2171.8333333333335	0.0	0.0	8200.0
390	2395.1666666666665	0.0	0.0	7675.0
400	2337.5	0.0	0.0	8241.0
410	2270.3333333333335	0.0	0.0	5890.0
420	2800.1666666666665	0.0	0.0	9983.0
430	2457.8333333333335	0.0	0.0	5816.0
440	2387.1666666666665	0.0	0.0	13225.0
450	2585.5	0.0	0.0	12994.0
460	2322.5	0.0	0.0	8205.0
470	2599.6666666666665	0.0	0.0	8603.0
480	2902.3333333333335	0.0	0.0	7992.0
490	2701.5	0.0	0.0	8655.0
500	3004.0	0.0	0.0	9137.0
510	2823.3333333333335	0.0	0.0	8280.0
520	2936.3333333333335	0.0	0.0	10698.0
530	2803.1666666666665	0.0	0.0	7720.0
540	2957.8333333333335	0.0	0.0	7753.0
550	3258.5	0.0	0.0	9875.0
560	3167.3333333333335	0.0	0.0	11507.0
570	3212.5	0.0	0.0	8864.0
580	2932.5	0.0	0.0	13306.0
590	2872.5	0.0	0.0	11998.0
600	3457.6666666666665	0.0	0.0	5964.0
610	2829.6666666666665	0.0	0.0	9281.0
620	3186.6666666666665	0.0	0.0	11792.0
630	3121.0	0.0	0.0	10885.0
640	3398.8333333333335	0.0	0.0	8482.0
650	3097.8333333333335	0.0	0.0	6827.0
660	3695.1666666666665	0.0	0.0	10904.0
670	3077.1666666666665	0.0	0.0	10993.0
680	3490.5	0.0	0.0	11974.0
690	3430.5	0.0	0.0	13104.0
700	3512.0	0.0	0.0	7241.0
710	3551.5	0.0	0.0	10165.0
720	3690.6666666666665	0.0	0.0	10280.0
730	3533.3333333333335	0.0	0.0	12350.0
740	3446.6666666666665	0.0	0.0	10391.0
750	3833.3333333333335	0.0	0.0	13569.0
760	3092.8333333333335	0.0	0.0	10309.0
770	3114.1666666666665	0.0	0.0	12056.0
780	3035.1666666666665	0.0	0.0	11662.0
790	3416.8333333333335	0.0	0.0	12113.0
800	3464.8333333333335	0.0	0.0	8703.0
810	3199.5	0.0	0.0	9762.0
820	3741.0	0.0	0.0	10451.0
830	3699.8333333333335	0.0	0.0	9140.0
840	3857.0	0.0	0.0	9661.0
850	3785.8333333333335	0.0	0.0	11568.0
860	3566.5	0.0	0.0	11595.0
870	3923.8333333333335	0.0	0.0	12207.0
880	3716.0	0.0	0.0	12287.0
890	4328.833333333333	0.0	0.0	9139.0
900	3602.8333333333335	0.0	0.0	7539.0
910	3997.3333333333335	0.0	0.0	9283.0
920	3640.3333333333335	0.0	0.0	11389.0
930	3382.6666666666665	0.0	0.0	16237.0
940	3269.5	0.0	0.0	10808.0
950	3721.6666666666665	0.0	0.0	11181.0
960	4067.5	0.0	0.0	9633.0
970	3812.3333333333335	0.0	0.0	12064.0
980	3642.8333333333335	0.0	0.0	11714.0
990	3922.3333333333335	0.0	0.0	12385.0
1000	3527.0	0.0	0.0	12070.0
