0	1617.5	0.0	0.0	0.0
10	1945.3333333333333	534.0	1608.0	10187.0
20	1991.0	149.0	913.0	7563.0
30	1999.3333333333333	238.0	1315.0	10918.0
40	2294.3333333333335	79.0	276.0	9810.0
50	2065.3333333333335	0.0	0.0	5254.0
60	2222.1666666666665	0.0	0.0	7915.0
70	2305.3333333333335	0.0	0.0	7973.0
80	2061.5	0.0	0.0	6799.0
90	1921.3333333333333	0.0	0.0	8696.0
100	1894.0	0.0	0.0	4977.0
110	2186.3333333333335	0.0	0.0	11072.0
120	2274.5	0.0	0.0	6790.0
130	2350.5	0.0	0.0	8209.0
140	2439.8333333333335	0.0	0.0	9893.0
150	2752.3333333333335	0.0	0.0	9536.0
160	2574.3333333333335	0.0	0.0	9682.0
170	2425.3333333333335	0.0	0.0	10780.0
180	2217.6666666666665	0.0	0.0	12489.0
190	2279.3333333333335	0.0	0.0	8002.0
200	2594.5	0.0	0.0	8216.0
210	2490.5	0.0	0.0	10360.0
220	2400.3333333333335	0.0	0.0	7919.0
230	2603.3333333333335	0.0	0.0	7655.0
240	2237.0	0.0	0.0	9389.0
250	2301.0	0.0	0.0	7864.0
260	2529.1666666666665	0.0	0.0	9619.0
270	2487.1666666666665	0.0	0.0	11948.0
280	2122.8333333333335	0.0	0.0	8725.0
290	2489.1666666666665	0.0	0.0	7948.0
300	2815.8333333333335	0.0	0.0	7994.0
310	2211.8333333333335	0.0	0.0	11960.0
320	2557.3333333333335	0.0	0.0	7373.0
330	2980.3333333333335	0.0	0.0	8469.0
340	2905.6666666666665	0.0	0.0	12371.0
350	2818.6666666666665	0.0	0.0	10103.0
360	2719.0	0.0	0.0	6446.0
370	2786.5	0.0	0.0	10173.0
380	3236.3333333333335	0.0	0.0	6371.0
390	2793.3333333333335	0.0	0.0	9613.0
400	2915.8333333333335	0.0	0.0	10217.0
410	2978.5	0.0	0.0	10410.0
420	3095.1666666666665	0.0	0.0	8567.0
430	2998.8333333333335	0.0	0.0	8531.0
440	2941.8333333333335	0.0	0.0	7598.0
450	2880.6666666666665	0.0	0.0	12030.0
460	3551.3333333333335	0.0	0.0	8081.0
470	2945.0	0.0	0.0	7965.0
480	3419.0	0.0	0.0	8063.0
490	3157.1666666666665	0.0	0.0	11073.0
500	3565.8333333333335	0.0	0.0	8130.0
510	3984.5	0.0	0.0	11707.0
520	3450.8333333333335	0.0	0.0	9552.0
530	3353.6666666666665	0.0	0.0	9859.0
540	3701.6666666666665	0.0	0.0	13168.0
550	3533.3333333333335	0.0	0.0	10217.0
560	3340.3333333333335	0.0	0.0	8570.0
570	3616.0	0.0	0.0	6947.0
580	3400.0	0.0	0.0	5808.0
590	3010.3333333333335	0.0	0.0	8934.0
600	3706.1666666666665	0.0	0.0	9489.0
610	3404.0	0.0	0.0	12099.0
620	3630.8333333333335	0.0	0.0	10369.0
630	3602.0	0.0	0.0	12703.0
640	3686.5	0.0	0.0	8632.0
650	3614.5	0.0	0.0	10597.0
660	3259.3333333333335	0.0	0.0	8786.0
670	3543.8333333333335	0.0	0.0	13218.0
680	3585.6666666666665	0.0	0.0	10350.0
690	3825.1666666666665	0.0	0.0	9835.0
700	3483.8333333333335	0.0	0.0	10461.0
710	3569.3333333333335	0.0	0.0	12406.0
720	3706.0	0.0	0.0	9239.0
730	4206.333333333333	0.0	0.0	9922.0
740	3683.5	0.0	0.0	8721.0
750	3839.3333333333335	0.0	0.0	9893.0
760	3369.0	0.0	0.0	10320.0
770	4007.0	0.0	0.0	11481.0
780	3691.3333333333335	0.0	0.0	8874.0
790	4002.1666666666665	0.0	0.0	12448.0
800	3865.3333333333335	0.0	0.0	9228.0
810	3802.6666666666665	0.0	0.0	10155.0
820	4028.1666666666665	0.0	0.0	12661.0
830	3735.5	0.0	0.0	8213.0
840	3584.3333333333335	0.0	0.0	14166.0
850	3848.0	0.0	0.0	9919.0
860	3612.5	0.0	0.0	12159.0
870	3710.8333333333335	0.0	0.0	14740.0
880	3734.0	0.0	0.0	11084.0
890	3568.0	0.0	0.0	9963.0
900	3783.6666666666665	0.0	0.0	9258.0
910	3888.3333333333335	0.0	0.0	10581.0
920	3568.6666666666665	0.0	0.0	11509.0
930	3982.1666666666665	0.0	0.0	13681.0
940	3538.6666666666665	0.0	0.0	7155.0
950	3724.8333333333335	0.0	0.0	10360.0
960	3767.8333333333335	0.0	0.0	9583.0
970	3973.5	0.0	0.0	11733.0
980	3551.1666666666665	0.0	0.0	9227.0
990	3633.8333333333335	0.0	0.0	10512.0
1000	3541.5	0.0	0.0	7037.0
