0	1569.6666666666667	0.0	0.0	0.0
10	1399.8333333333333	31.0	242.0	5187.0
20	1672.6666666666667	403.0	1354.0	9138.0
30	1679.5	186.0	520.0	7381.0
40	1757.3333333333333	241.0	707.0	9009.0
50	1885.5	139.0	609.0	10528.0
60	1749.6666666666667	0.0	0.0	7150.0
70	2012.6666666666667	0.0	0.0	5856.0
80	1893.0	0.0	0.0	8017.0
90	1765.6666666666667	0.0	0.0	6237.0
100	2015.8333333333333	0.0	0.0	6207.0
110	2075.6666666666665	0.0	0.0	5118.0
120	1917.3333333333333	0.0	0.0	9939.0
130	1941.8333333333333	0.0	0.0	9014.0
140	2417.5	0.0	0.0	5667.0
150	2078.1666666666665	0.0	0.0	6420.0
160	1975.0	0.0	0.0	7124.0
170	2199.3333333333335	0.0	0.0	11342.0
180	2199.6666666666665	0.0	0.0	6999.0
190	2222.8333333333335	0.0	0.0	8213.0
200	2031.1666666666667	0.0	0.0	8047.0
210	2059.6666666666665	0.0	0.0	10637.0
220	1945.6666666666667	0.0	0.0	6504.0
230	2338.0	0.0	0.0	7651.0
240	2436.8333333333335	0.0	0.0	8526.0
250	2369.8333333333335	0.0	0.0	6329.0
260	2622.3333333333335	0.0	0.0	9479.0
270	2568.8333333333335	0.0	0.0	10099.0
280	2623.8333333333335	0.0	0.0	9913.0
290	2247.0	0.0	0.0	8876.0
300	2160.0	0.0	0.0	9221.0
310	2284.1666666666665	0.0	0.0	6373.0
320	1915.3333333333333	0.0	0.0	5757.0
330	2438.0	0.0	0.0	6586.0
340	2006.6666666666667	0.0	0.0	8674.0
350	2229.5	0.0	0.0	11896.0
360	2225.0	0.0	0.0	6755.0
370	2177.0	0.0	0.0	13037.0
380	2537.0	0.0	0.0	7248.0
390	2425.8333333333335	0.0	0.0	6232.0
400	2462.3333333333335	0.0	0.0	11326.0
410	2351.5	0.0	0.0	10683.0
420	2807.6666666666665	0.0	0.0	9686.0
430	2774.1666666666665	0.0	0.0	9428.0
440	2876.0	0.0	0.0	10003.0
450	2858.6666666666665	0.0	0.0	9807.0
460	2846.3333333333335	0.0	0.0	9706.0
470	2522.8333333333335	0.0	0.0	10204.0
480	2856.6666666666665	0.0	0.0	7838.0
490	2649.5	0.0	0.0	8077.0
500	2666.0	0.0	0.0	12954.0
510	2847.5	0.0	0.0	11055.0
520	3322.6666666666665	0.0	0.0	10329.0
530	3284.3333333333335	0.0	0.0	6948.0
540	3447.6666666666665	0.0	0.0	8307.0
550	3168.5	0.0	0.0	11206.0
560	3426.5	0.0	0.0	9386.0
570	3174.6666666666665	0.0	0.0	11063.0
580	3147.8333333333335	0.0	0.0	9681.0
590	2905.6666666666665	0.0	0.0	11458.0
600	3010.6666666666665	0.0	0.0	11254.0
610	3502.5	0.0	0.0	7079.0
620	3258.0	0.0	0.0	11264.0
630	3493.3333333333335	0.0	0.0	10968.0
640	3329.5	0.0	0.0	11336.0
650	3707.5	0.0	0.0	13409.0
660	4034.3333333333335	0.0	0.0	9978.0
670	3410.3333333333335	0.0	0.0	10844.0
680	3143.8333333333335	0.0	0.0	12942.0
690	4060.3333333333335	0.0	0.0	11393.0
700	3604.5	0.0	0.0	8281.0
710	3172.0	0.0	0.0	11960.0
720	3342.3333333333335	0.0	0.0	8696.0
730	3060.1666666666665	0.0	0.0	10514.0
740	3702.5	0.0	0.0	10824.0
750	3769.3333333333335	0.0	0.0	10984.0
760	3926.0	0.0	0.0	8134.0
770	3514.3333333333335	0.0	0.0	8890.0
780	3530.3333333333335	0.0	0.0	9743.0
790	3628.5	0.0	0.0	9411.0
800	3569.3333333333335	0.0	0.0	13660.0
810	3157.0	0.0	0.0	12475.0
820	3961.5	0.0	0.0	10123.0
830	3879.3333333333335	0.0	0.0	11018.0
840	3880.5	0.0	0.0	10749.0
850	3692.8333333333335	0.0	0.0	13928.0
860	3364.6666666666665	0.0	0.0	13081.0
870	3682.3333333333335	0.0	0.0	9663.0
880	3867.5	0.0	0.0	10420.0
890	3944.6666666666665	0.0	0.0	12624.0
900	3935.1666666666665	0.0	0.0	11493.0
910	3450.3333333333335	0.0	0.0	10827.0
920	3888.1666666666665	0.0	0.0	8479.0
930	3342.3333333333335	0.0	0.0	9859.0
940	3655.3333333333335	0.0	0.0	9841.0
950	3873.6666666666665	0.0	0.0	8821.0
960	4009.3333333333335	0.0	0.0	12522.0
970	3572.3333333333335	0.0	0.0	8580.0
980	3816.5	0.0	0.0	11688.0
990	3697.6666666666665	0.0	0.0	10514.0
1000	3735.3333333333335	0.0	0.0	11503.0
