0	2219.3333333333335	0.0	0.0	0.0
10	2362.8333333333335	262.0	1251.0	11585.0
20	2338.0	161.0	705.0	8826.0
30	2203.5	105.0	528.0	6827.0
40	2076.6666666666665	192.0	916.0	8591.0
50	2295.5	107.0	613.0	8749.0
60	2366.5	173.0	651.0	8517.0
70	2114.6666666666665	0.0	0.0	7410.0
80	2130.0	0.0	0.0	7920.0
90	2487.6666666666665	0.0	0.0	10264.0
100	2517.5	0.0	0.0	7874.0
110	2456.0	0.0	0.0	6046.0
120	2143.8333333333335	0.0	0.0	7731.0
130	2651.3333333333335	0.0	0.0	10612.0
140	2466.1666666666665	0.0	0.0	11264.0
150	2240.6666666666665	0.0	0.0	10411.0
160	2221.8333333333335	0.0	0.0	6290.0
170	2444.6666666666665	0.0	0.0	11306.0
180	2646.8333333333335	0.0	0.0	10309.0
190	2267.3333333333335	0.0	0.0	9142.0
200	2423.3333333333335	0.0	0.0	6571.0
210	2802.5	0.0	0.0	7532.0
220	2347.3333333333335	0.0	0.0	8998.0
230	2403.0	0.0	0.0	6809.0
240	2332.1666666666665	0.0	0.0	9786.0
250	2523.6666666666665	0.0	0.0	9356.0
260	2736.8333333333335	0.0	0.0	8078.0
270	3272.3333333333335	0.0	0.0	6915.0
280	3122.1666666666665	0.0	0.0	9728.0
290	2656.1666666666665	0.0	0.0	9077.0
300	3021.1666666666665	0.0	0.0	10355.0
310	2899.3333333333335	0.0	0.0	10886.0
320	3633.5	0.0	0.0	7881.0
330	3402.8333333333335	0.0	0.0	9929.0
340	3182.3333333333335	0.0	0.0	10397.0
350	2922.0	0.0	0.0	12917.0
360	3069.6666666666665	0.0	0.0	12962.0
370	3541.5	0.0	0.0	8110.0
380	2755.1666666666665	0.0	0.0	12367.0
390	3193.8333333333335	0.0	0.0	7292.0
400	3430.3333333333335	0.0	0.0	11022.0
410	3285.5	0.0	0.0	9541.0
420	3341.1666666666665	0.0	0.0	9520.0
430	3091.8333333333335	0.0	0.0	10341.0
440	2848.1666666666665	0.0	0.0	9893.0
450	3921.1666666666665	0.0	0.0	8660.0
460	3741.6666666666665	0.0	0.0	10704.0
470	3639.3333333333335	0.0	0.0	9761.0
480	3382.5	0.0	0.0	15673.0
490	3371.3333333333335	0.0	0.0	9463.0
500	3692.0	0.0	0.0	12080.0
510	3561.8333333333335	0.0	0.0	8170.0
520	3714.0	0.0	0.0	11936.0
530	3240.6666666666665	0.0	0.0	11683.0
540	3500.8333333333335	0.0	0.0	13180.0
550	3778.5	0.0	0.0	9832.0
560	2963.0	0.0	0.0	11706.0
570	2939.0	0.0	0.0	13154.0
580	3635.0	0.0	0.0	12367.0
590	3693.3333333333335	0.0	0.0	9516.0
600	4139.5	0.0	0.0	7628.0
610	3487.8333333333335	0.0	0.0	11214.0
620	3604.6666666666665	0.0	0.0	11964.0
630	4038.1666666666665	0.0	0.0	8828.0
640	4035.0	0.0	0.0	9499.0
650	3645.5	0.0	0.0	11077.0
660	3479.6666666666665	0.0	0.0	10561.0
670	4083.3333333333335	0.0	0.0	10310.0
680	3887.8333333333335	0.0	0.0	10828.0
690	3909.1666666666665	0.0	0.0	9272.0
700	3885.8333333333335	0.0	0.0	10623.0
710	3825.6666666666665	0.0	0.0	10356.0
720	3793.3333333333335	0.0	0.0	9891.0
730	3816.0	0.0	0.0	11253.0
740	3993.3333333333335	0.0	0.0	8758.0
750	3717.8333333333335	0.0	0.0	11616.0
760	3759.8333333333335	0.0	0.0	8837.0
770	3730.8333333333335	0.0	0.0	9793.0
780	3602.5	0.0	0.0	10968.0
790	3497.8333333333335	0.0	0.0	10757.0
800	3893.1666666666665	0.0	0.0	10387.0
