0	2942.3333333333335	0.0	0.0	0.0
10	2204.1666666666665	66.0	401.0	7193.0
20	2472.3333333333335	228.0	947.0	11546.0
30	2431.5	151.0	754.0	9571.0
40	2648.6666666666665	134.0	702.0	8765.0
50	2300.5	169.0	801.0	10422.0
60	2405.1666666666665	58.0	395.0	5481.0
70	2673.6666666666665	141.0	669.0	10124.0
80	2581.1666666666665	53.0	225.0	12170.0
90	2676.0	0.0	0.0	9741.0
100	2891.5	0.0	0.0	7960.0
110	2545.6666666666665	0.0	0.0	8061.0
120	2807.5	0.0	0.0	10367.0
130	2573.5	0.0	0.0	6477.0
140	2917.6666666666665	0.0	0.0	8953.0
150	2701.0	0.0	0.0	7578.0
160	3150.8333333333335	0.0	0.0	7041.0
170	2993.1666666666665	0.0	0.0	5115.0
180	2954.0	0.0	0.0	7768.0
190	3352.6666666666665	0.0	0.0	8502.0
200	2466.8333333333335	0.0	0.0	9504.0
210	2721.5	0.0	0.0	11675.0
220	3032.1666666666665	0.0	0.0	13607.0
230	3398.8333333333335	0.0	0.0	7078.0
240	3390.5	0.0	0.0	11342.0
250	2976.6666666666665	0.0	0.0	9889.0
260	3576.0	0.0	0.0	6482.0
270	3269.6666666666665	0.0	0.0	10015.0
280	3130.6666666666665	0.0	0.0	11638.0
290	3343.5	0.0	0.0	11359.0
300	2895.1666666666665	0.0	0.0	11431.0
310	2966.5	0.0	0.0	10264.0
320	3143.3333333333335	0.0	0.0	10929.0
330	2910.8333333333335	0.0	0.0	11356.0
340	3765.8333333333335	0.0	0.0	10047.0
350	3167.8333333333335	0.0	0.0	8333.0
360	3282.3333333333335	0.0	0.0	9937.0
370	3262.5	0.0	0.0	9636.0
380	3369.6666666666665	0.0	0.0	8608.0
390	3378.0	0.0	0.0	9850.0
400	3845.1666666666665	0.0	0.0	10143.0
410	3709.3333333333335	0.0	0.0	10683.0
420	3941.8333333333335	0.0	0.0	8063.0
430	3571.5	0.0	0.0	12267.0
440	3900.3333333333335	0.0	0.0	10616.0
450	3671.6666666666665	0.0	0.0	11022.0
460	3996.6666666666665	0.0	0.0	10049.0
470	3730.3333333333335	0.0	0.0	10509.0
480	3409.6666666666665	0.0	0.0	8993.0
490	3716.8333333333335	0.0	0.0	9965.0
500	3778.5	0.0	0.0	10311.0
510	3528.6666666666665	0.0	0.0	12247.0
520	3625.8333333333335	0.0	0.0	12049.0
530	3426.1666666666665	0.0	0.0	6446.0
540	3508.0	0.0	0.0	9449.0
550	3772.5	0.0	0.0	9798.0
560	3453.6666666666665	0.0	0.0	12351.0
570	3980.5	0.0	0.0	7692.0
580	3919.8333333333335	0.0	0.0	9221.0
590	3295.1666666666665	0.0	0.0	9808.0
600	3670.8333333333335	0.0	0.0	10758.0
610	3641.6666666666665	0.0	0.0	11697.0
620	3651.0	0.0	0.0	11182.0
630	3765.6666666666665	0.0	0.0	9681.0
640	3836.1666666666665	0.0	0.0	10056.0
650	3520.5	0.0	0.0	9474.0
660	3728.1666666666665	0.0	0.0	10297.0
670	3334.0	0.0	0.0	10031.0
680	3792.3333333333335	0.0	0.0	10520.0
690	3957.5	0.0	0.0	12994.0
700	3454.5	0.0	0.0	11469.0
710	3628.6666666666665	0.0	0.0	10570.0
720	3497.1666666666665	0.0	0.0	7302.0
730	3738.1666666666665	0.0	0.0	11810.0
740	4133.666666666667	0.0	0.0	9428.0
750	3705.1666666666665	0.0	0.0	8371.0
760	3500.5	0.0	0.0	10637.0
770	3708.3333333333335	0.0	0.0	10208.0
780	3838.1666666666665	0.0	0.0	8221.0
790	4026.3333333333335	0.0	0.0	9637.0
800	3812.1666666666665	0.0	0.0	9804.0
