0	1778.3333333333333	0.0	0.0	0.0
10	1844.6666666666667	1000.0	1000.0	7510.0
20	1885.6666666666667	0.0	0.0	6601.0
30	1732.8333333333333	0.0	0.0	6760.0
40	1830.0	0.0	0.0	5938.0
50	1716.5	0.0	0.0	4658.0
60	1743.8333333333333	0.0	0.0	5409.0
70	1598.3333333333333	0.0	0.0	5636.0
80	1730.6666666666667	0.0	0.0	7480.0
90	1789.8333333333333	0.0	0.0	4558.0
100	1834.1666666666667	0.0	0.0	5476.0
110	1850.8333333333333	0.0	0.0	7044.0
120	1746.3333333333333	0.0	0.0	5629.0
130	1818.1666666666667	0.0	0.0	6759.0
140	1747.5	0.0	0.0	7896.0
150	1682.1666666666667	0.0	0.0	4305.0
160	1669.0	0.0	0.0	5046.0
170	1722.1666666666667	0.0	0.0	6773.0
180	1618.8333333333333	0.0	0.0	5174.0
190	1891.8333333333333	0.0	0.0	7429.0
200	1683.6666666666667	0.0	0.0	5981.0
210	1776.8333333333333	0.0	0.0	6500.0
220	1765.5	0.0	0.0	4710.0
230	1678.1666666666667	0.0	0.0	5027.0
240	1788.3333333333333	0.0	0.0	6233.0
250	1706.1666666666667	0.0	0.0	4313.0
260	1788.5	0.0	0.0	6538.0
270	1794.3333333333333	0.0	0.0	6402.0
280	1925.6666666666667	0.0	0.0	6481.0
290	1646.1666666666667	0.0	0.0	6791.0
300	1731.5	0.0	0.0	6265.0
310	1638.6666666666667	0.0	0.0	6230.0
320	1708.8333333333333	0.0	0.0	5468.0
330	1769.6666666666667	0.0	0.0	5690.0
340	1907.1666666666667	0.0	0.0	6814.0
350	1682.1666666666667	0.0	0.0	4815.0
360	1729.5	0.0	0.0	5110.0
370	1616.0	0.0	0.0	4595.0
380	1586.1666666666667	0.0	0.0	6025.0
390	1647.6666666666667	0.0	0.0	5888.0
400	1779.3333333333333	0.0	0.0	4721.0
410	1648.8333333333333	0.0	0.0	4624.0
420	1788.5	0.0	0.0	6216.0
430	1748.0	0.0	0.0	6489.0
440	1556.6666666666667	0.0	0.0	6357.0
450	1641.5	0.0	0.0	6273.0
460	1698.6666666666667	0.0	0.0	7066.0
470	1677.1666666666667	0.0	0.0	5408.0
480	1663.3333333333333	0.0	0.0	5262.0
490	1731.0	0.0	0.0	6721.0
500	1865.6666666666667	0.0	0.0	4905.0
510	1594.3333333333333	0.0	0.0	5318.0
520	1647.5	0.0	0.0	8647.0
530	1692.3333333333333	0.0	0.0	5585.0
540	1641.3333333333333	0.0	0.0	5294.0
550	1610.6666666666667	0.0	0.0	6030.0
560	1513.6666666666667	0.0	0.0	3619.0
570	1611.5	0.0	0.0	5376.0
580	1532.5	0.0	0.0	4460.0
590	1573.6666666666667	0.0	0.0	5591.0
600	1701.0	0.0	0.0	4743.0
610	1690.1666666666667	0.0	0.0	5693.0
620	1738.0	0.0	0.0	4352.0
630	1674.8333333333333	0.0	0.0	4753.0
640	1648.3333333333333	0.0	0.0	4223.0
650	1736.5	0.0	0.0	4350.0
660	1714.0	0.0	0.0	4577.0
670	1734.6666666666667	0.0	0.0	5320.0
680	1620.6666666666667	0.0	0.0	6615.0
690	1627.5	0.0	0.0	5476.0
700	1709.6666666666667	0.0	0.0	4732.0
710	1707.6666666666667	0.0	0.0	5508.0
720	1604.0	0.0	0.0	6237.0
730	1732.1666666666667	0.0	0.0	4299.0
740	1896.6666666666667	0.0	0.0	8041.0
750	1755.6666666666667	0.0	0.0	5893.0
760	1682.3333333333333	0.0	0.0	5158.0
770	1582.5	0.0	0.0	6397.0
780	1800.1666666666667	0.0	0.0	4324.0
790	1762.0	0.0	0.0	5917.0
800	1804.3333333333333	0.0	0.0	5817.0
810	1498.3333333333333	0.0	0.0	6982.0
820	1571.0	0.0	0.0	4792.0
830	1632.6666666666667	0.0	0.0	3931.0
840	1680.1666666666667	0.0	0.0	5016.0
850	1815.8333333333333	0.0	0.0	5728.0
860	1654.8333333333333	0.0	0.0	6705.0
870	1605.6666666666667	0.0	0.0	5748.0
880	1540.6666666666667	0.0	0.0	4765.0
890	1640.0	0.0	0.0	7032.0
900	1675.1666666666667	0.0	0.0	5472.0
910	1694.6666666666667	0.0	0.0	3945.0
920	1660.0	0.0	0.0	6401.0
930	1475.6666666666667	0.0	0.0	5584.0
940	1566.0	0.0	0.0	6602.0
950	1640.8333333333333	0.0	0.0	6670.0
960	1259.6666666666667	0.0	0.0	6299.0
970	1661.6666666666667	0.0	0.0	5243.0
980	1604.5	0.0	0.0	5270.0
990	1711.6666666666667	0.0	0.0	6254.0
1000	1681.1666666666667	0.0	0.0	5519.0
