0	2522.6666666666665	0.0	0.0	0.0
10	2333.6666666666665	1000.0	1000.0	6419.0
20	2336.6666666666665	0.0	0.0	4765.0
30	2589.6666666666665	0.0	0.0	9272.0
40	2384.0	0.0	0.0	9453.0
50	2289.1666666666665	0.0	0.0	9094.0
60	2552.3333333333335	0.0	0.0	9671.0
70	2826.0	0.0	0.0	9264.0
80	2376.0	0.0	0.0	9103.0
90	2796.0	0.0	0.0	5946.0
100	2786.0	0.0	0.0	9025.0
110	2307.6666666666665	0.0	0.0	8760.0
120	2749.3333333333335	0.0	0.0	7568.0
130	2808.6666666666665	0.0	0.0	10111.0
140	2820.1666666666665	0.0	0.0	7302.0
150	2723.0	0.0	0.0	8698.0
160	2709.5	0.0	0.0	8909.0
170	2856.3333333333335	0.0	0.0	10239.0
180	3153.6666666666665	0.0	0.0	8961.0
190	2768.3333333333335	0.0	0.0	14250.0
200	2859.6666666666665	0.0	0.0	9464.0
210	3519.5	0.0	0.0	8525.0
220	2655.0	0.0	0.0	13240.0
230	2763.0	0.0	0.0	11819.0
240	3056.1666666666665	0.0	0.0	10286.0
250	2829.0	0.0	0.0	8486.0
260	3317.5	0.0	0.0	8365.0
270	3092.6666666666665	0.0	0.0	9258.0
280	3425.5	0.0	0.0	8128.0
290	3441.6666666666665	0.0	0.0	9639.0
300	3554.3333333333335	0.0	0.0	13882.0
310	3554.8333333333335	0.0	0.0	8778.0
320	3438.1666666666665	0.0	0.0	11118.0
330	3405.5	0.0	0.0	9387.0
340	2783.5	0.0	0.0	8695.0
350	3163.1666666666665	0.0	0.0	11079.0
360	3510.6666666666665	0.0	0.0	9506.0
370	3847.0	0.0	0.0	9744.0
380	3744.3333333333335	0.0	0.0	9090.0
390	3527.8333333333335	0.0	0.0	10643.0
400	3797.6666666666665	0.0	0.0	10106.0
410	3511.0	0.0	0.0	11973.0
420	4047.8333333333335	0.0	0.0	10067.0
430	3284.1666666666665	0.0	0.0	10471.0
440	3200.8333333333335	0.0	0.0	10640.0
450	3655.5	0.0	0.0	8349.0
460	3780.3333333333335	0.0	0.0	10612.0
470	3311.5	0.0	0.0	11474.0
480	3297.1666666666665	0.0	0.0	13443.0
490	3923.3333333333335	0.0	0.0	9175.0
500	3346.0	0.0	0.0	9585.0
510	3426.1666666666665	0.0	0.0	12024.0
520	3933.8333333333335	0.0	0.0	11079.0
530	3315.1666666666665	0.0	0.0	11134.0
540	3577.6666666666665	0.0	0.0	10711.0
550	3536.5	0.0	0.0	9360.0
560	3270.8333333333335	0.0	0.0	10270.0
570	3806.3333333333335	0.0	0.0	8749.0
580	3750.0	0.0	0.0	11114.0
590	3632.8333333333335	0.0	0.0	7679.0
600	3586.0	0.0	0.0	9410.0
610	3286.1666666666665	0.0	0.0	9522.0
620	3825.1666666666665	0.0	0.0	12539.0
630	3818.5	0.0	0.0	11848.0
640	3872.3333333333335	0.0	0.0	8548.0
650	3870.3333333333335	0.0	0.0	11800.0
660	3187.8333333333335	0.0	0.0	10645.0
670	3841.0	0.0	0.0	12179.0
680	3342.5	0.0	0.0	10229.0
690	4086.3333333333335	0.0	0.0	11489.0
700	3617.1666666666665	0.0	0.0	11944.0
710	3438.8333333333335	0.0	0.0	9604.0
720	3860.1666666666665	0.0	0.0	8290.0
730	3651.5	0.0	0.0	11197.0
740	3575.5	0.0	0.0	8530.0
750	4193.333333333333	0.0	0.0	9770.0
760	3687.0	0.0	0.0	8783.0
770	3587.3333333333335	0.0	0.0	10985.0
780	4068.0	0.0	0.0	10822.0
790	3900.6666666666665	0.0	0.0	10305.0
800	3766.3333333333335	0.0	0.0	7485.0
810	3897.5	0.0	0.0	8889.0
820	3984.0	0.0	0.0	9462.0
830	3910.0	0.0	0.0	10042.0
840	3827.5	0.0	0.0	9870.0
850	3751.0	0.0	0.0	9318.0
860	3623.1666666666665	0.0	0.0	6632.0
870	3985.0	0.0	0.0	10613.0
880	3958.1666666666665	0.0	0.0	12198.0
890	3863.6666666666665	0.0	0.0	8878.0
900	4004.6666666666665	0.0	0.0	8918.0
910	4054.5	0.0	0.0	10220.0
920	3556.0	0.0	0.0	11159.0
930	3027.6666666666665	0.0	0.0	9993.0
940	3967.6666666666665	0.0	0.0	9781.0
950	3532.0	0.0	0.0	8984.0
960	4095.6666666666665	0.0	0.0	8884.0
970	3473.6666666666665	0.0	0.0	7085.0
980	3808.8333333333335	0.0	0.0	7956.0
990	3814.1666666666665	0.0	0.0	10672.0
1000	3544.8333333333335	0.0	0.0	10766.0
