0	2722.6666666666665	0.0	0.0	0.0
10	2767.0	1000.0	1000.0	8098.0
20	2794.6666666666665	0.0	0.0	11761.0
30	2699.1666666666665	0.0	0.0	9452.0
40	2597.3333333333335	0.0	0.0	13639.0
50	2657.1666666666665	0.0	0.0	8610.0
60	2240.6666666666665	0.0	0.0	8313.0
70	2958.3333333333335	0.0	0.0	8200.0
80	2569.3333333333335	0.0	0.0	11177.0
90	2634.3333333333335	0.0	0.0	8848.0
100	2697.1666666666665	0.0	0.0	7582.0
110	3058.6666666666665	0.0	0.0	10732.0
120	2896.1666666666665	0.0	0.0	10293.0
130	2951.1666666666665	0.0	0.0	10863.0
140	2342.1666666666665	0.0	0.0	9179.0
150	2834.1666666666665	0.0	0.0	9759.0
160	2775.8333333333335	0.0	0.0	12616.0
170	2942.1666666666665	0.0	0.0	11067.0
180	3216.6666666666665	0.0	0.0	10229.0
190	3041.1666666666665	0.0	0.0	8157.0
200	3446.6666666666665	0.0	0.0	11779.0
210	2544.5	0.0	0.0	11118.0
220	2825.6666666666665	0.0	0.0	8706.0
230	2811.3333333333335	0.0	0.0	8865.0
240	3283.5	0.0	0.0	9661.0
250	3546.5	0.0	0.0	12342.0
260	3144.1666666666665	0.0	0.0	8843.0
270	3458.0	0.0	0.0	12797.0
280	3504.0	0.0	0.0	7221.0
290	2919.0	0.0	0.0	8506.0
300	3718.6666666666665	0.0	0.0	8962.0
310	3129.1666666666665	0.0	0.0	7793.0
320	3470.6666666666665	0.0	0.0	12786.0
330	3677.5	0.0	0.0	10358.0
340	3712.3333333333335	0.0	0.0	13192.0
350	2809.1666666666665	0.0	0.0	10191.0
360	3436.8333333333335	0.0	0.0	9610.0
370	3683.6666666666665	0.0	0.0	13904.0
380	3374.3333333333335	0.0	0.0	10291.0
390	3669.3333333333335	0.0	0.0	12628.0
400	3252.0	0.0	0.0	9895.0
410	2546.5	0.0	0.0	9747.0
420	3424.3333333333335	0.0	0.0	10821.0
430	3835.6666666666665	0.0	0.0	12386.0
440	3529.1666666666665	0.0	0.0	11982.0
450	3958.5	0.0	0.0	11372.0
460	3207.1666666666665	0.0	0.0	10073.0
470	3456.8333333333335	0.0	0.0	10254.0
480	4101.333333333333	0.0	0.0	9641.0
490	3765.5	0.0	0.0	10977.0
500	3768.1666666666665	0.0	0.0	9627.0
510	3570.5	0.0	0.0	10494.0
520	3872.6666666666665	0.0	0.0	9141.0
530	3743.0	0.0	0.0	8399.0
540	3906.5	0.0	0.0	10476.0
550	3850.0	0.0	0.0	9227.0
560	3862.3333333333335	0.0	0.0	10288.0
570	3514.5	0.0	0.0	10620.0
580	3552.8333333333335	0.0	0.0	11767.0
590	3419.3333333333335	0.0	0.0	7324.0
600	4164.166666666667	0.0	0.0	7784.0
610	3902.1666666666665	0.0	0.0	13318.0
620	3805.8333333333335	0.0	0.0	11267.0
630	3652.8333333333335	0.0	0.0	11463.0
640	4071.0	0.0	0.0	10842.0
650	3650.6666666666665	0.0	0.0	11801.0
660	3712.5	0.0	0.0	10611.0
670	3606.3333333333335	0.0	0.0	10497.0
680	3734.6666666666665	0.0	0.0	8886.0
690	3970.8333333333335	0.0	0.0	10344.0
700	3678.3333333333335	0.0	0.0	9802.0
710	3455.1666666666665	0.0	0.0	8399.0
720	3664.6666666666665	0.0	0.0	11757.0
730	3532.0	0.0	0.0	8526.0
740	3923.0	0.0	0.0	12015.0
750	3814.5	0.0	0.0	11184.0
760	3229.8333333333335	0.0	0.0	10253.0
770	3804.5	0.0	0.0	9942.0
780	3961.1666666666665	0.0	0.0	9287.0
790	3779.6666666666665	0.0	0.0	10230.0
800	4169.5	0.0	0.0	10258.0
810	3740.1666666666665	0.0	0.0	14013.0
820	3392.3333333333335	0.0	0.0	11053.0
830	4004.6666666666665	0.0	0.0	9714.0
840	3623.0	0.0	0.0	8218.0
850	3850.8333333333335	0.0	0.0	9036.0
860	3718.1666666666665	0.0	0.0	11435.0
870	4037.1666666666665	0.0	0.0	11403.0
880	3907.5	0.0	0.0	9343.0
890	3994.1666666666665	0.0	0.0	11551.0
900	4137.333333333333	0.0	0.0	7296.0
910	3725.5	0.0	0.0	13127.0
920	3779.6666666666665	0.0	0.0	10368.0
930	3988.1666666666665	0.0	0.0	7931.0
940	3490.6666666666665	0.0	0.0	10819.0
950	3630.6666666666665	0.0	0.0	9475.0
960	3647.8333333333335	0.0	0.0	8736.0
970	3844.8333333333335	0.0	0.0	9535.0
980	3831.3333333333335	0.0	0.0	9085.0
990	3697.0	0.0	0.0	8146.0
1000	4064.3333333333335	0.0	0.0	12447.0
