0	1611.6666666666667	0.0	0.0	0.0
10	2031.3333333333333	1000.0	11307.0	12163.0
20	2084.5	0.0	0.0	5205.0
30	2162.6666666666665	0.0	0.0	7664.0
40	1917.0	0.0	0.0	9987.0
50	1990.0	0.0	0.0	8519.0
60	2343.0	0.0	0.0	9037.0
70	2320.0	0.0	0.0	9605.0
80	2064.1666666666665	0.0	0.0	7591.0
90	2204.0	0.0	0.0	7069.0
100	2436.6666666666665	0.0	0.0	10991.0
110	2344.0	0.0	0.0	8615.0
120	2476.8333333333335	0.0	0.0	9345.0
130	2630.6666666666665	0.0	0.0	9918.0
140	2257.0	0.0	0.0	8641.0
150	2264.0	0.0	0.0	8546.0
160	2210.6666666666665	0.0	0.0	9722.0
170	2556.8333333333335	0.0	0.0	6566.0
180	2580.6666666666665	0.0	0.0	5824.0
190	2265.8333333333335	0.0	0.0	6794.0
200	2381.5	0.0	0.0	14848.0
210	2339.6666666666665	0.0	0.0	9189.0
220	2489.0	0.0	0.0	8590.0
230	2454.0	0.0	0.0	7408.0
240	2634.3333333333335	0.0	0.0	7171.0
250	2496.5	0.0	0.0	9278.0
260	2520.8333333333335	0.0	0.0	9208.0
270	2260.5	0.0	0.0	9097.0
280	2357.8333333333335	0.0	0.0	7648.0
290	2812.8333333333335	0.0	0.0	8573.0
300	2420.5	0.0	0.0	7884.0
310	2397.0	0.0	0.0	5875.0
320	2557.5	0.0	0.0	6011.0
330	2584.3333333333335	0.0	0.0	9827.0
340	2686.8333333333335	0.0	0.0	7338.0
350	2865.5	0.0	0.0	9942.0
360	2836.8333333333335	0.0	0.0	7896.0
370	2411.5	0.0	0.0	7296.0
380	2622.3333333333335	0.0	0.0	7466.0
390	3121.5	0.0	0.0	6745.0
400	3099.6666666666665	0.0	0.0	10265.0
410	2482.1666666666665	0.0	0.0	9878.0
420	2812.3333333333335	0.0	0.0	11307.0
430	3261.3333333333335	0.0	0.0	8277.0
440	2568.1666666666665	0.0	0.0	12672.0
450	2918.5	0.0	0.0	8338.0
460	2810.0	0.0	0.0	8986.0
470	3057.3333333333335	0.0	0.0	10578.0
480	3216.5	0.0	0.0	9851.0
490	3902.1666666666665	0.0	0.0	9649.0
500	3290.0	0.0	0.0	11319.0
510	3260.5	0.0	0.0	14530.0
520	3715.0	0.0	0.0	8616.0
530	3309.6666666666665	0.0	0.0	10327.0
540	3130.1666666666665	0.0	0.0	10040.0
550	3113.3333333333335	0.0	0.0	10431.0
560	3594.3333333333335	0.0	0.0	11832.0
570	3347.3333333333335	0.0	0.0	7123.0
580	2866.5	0.0	0.0	9435.0
590	3688.1666666666665	0.0	0.0	9848.0
600	3373.6666666666665	0.0	0.0	11763.0
610	3244.5	0.0	0.0	12639.0
620	3545.0	0.0	0.0	8431.0
630	3264.0	0.0	0.0	7721.0
640	3815.0	0.0	0.0	14350.0
650	3705.0	0.0	0.0	8935.0
660	3552.8333333333335	0.0	0.0	10978.0
670	4096.666666666667	0.0	0.0	11537.0
680	3695.8333333333335	0.0	0.0	12560.0
690	3917.8333333333335	0.0	0.0	9924.0
700	3284.3333333333335	0.0	0.0	10958.0
710	3258.5	0.0	0.0	8053.0
720	4011.3333333333335	0.0	0.0	12265.0
730	3837.1666666666665	0.0	0.0	10096.0
740	3556.1666666666665	0.0	0.0	12214.0
750	3965.6666666666665	0.0	0.0	9870.0
760	3716.6666666666665	0.0	0.0	8196.0
770	3810.3333333333335	0.0	0.0	10672.0
780	3931.6666666666665	0.0	0.0	10070.0
790	3760.0	0.0	0.0	9051.0
800	3580.0	0.0	0.0	10317.0
810	3851.3333333333335	0.0	0.0	7099.0
820	3980.0	0.0	0.0	9289.0
830	3436.8333333333335	0.0	0.0	8060.0
840	3768.5	0.0	0.0	9979.0
850	3859.5	0.0	0.0	9778.0
860	3970.8333333333335	0.0	0.0	12333.0
870	3740.1666666666665	0.0	0.0	10340.0
880	3625.3333333333335	0.0	0.0	10121.0
890	3696.6666666666665	0.0	0.0	8576.0
900	3758.8333333333335	0.0	0.0	12947.0
910	3932.0	0.0	0.0	10033.0
920	3663.6666666666665	0.0	0.0	11662.0
930	3978.6666666666665	0.0	0.0	9313.0
940	3685.0	0.0	0.0	10180.0
950	3728.8333333333335	0.0	0.0	10901.0
960	3907.5	0.0	0.0	9821.0
970	3689.6666666666665	0.0	0.0	11477.0
980	3662.3333333333335	0.0	0.0	6914.0
990	3505.8333333333335	0.0	0.0	11184.0
1000	3722.0	0.0	0.0	7852.0
