0	2855.6666666666665	0.0	0.0	0.0
10	2630.6666666666665	0.0	625.0	7593.0
20	2684.6666666666665	0.0	612.0	9427.0
30	2299.0	2.0	785.0	8480.0
40	2711.0	4.0	902.0	11655.0
50	2936.5	3.0	576.0	7206.0
60	2802.5	2.0	699.0	8634.0
70	2720.3333333333335	2.0	598.0	8367.0
80	2870.5	1.0	671.0	7402.0
90	2686.6666666666665	1.0	597.0	10470.0
100	3067.8333333333335	1.0	576.0	7986.0
110	3412.1666666666665	1.0	1000.0	9377.0
120	3119.0	2.0	978.0	9651.0
130	2853.0	2.0	896.0	10406.0
140	3149.3333333333335	6.0	715.0	9407.0
150	3494.1666666666665	1.0	874.0	10696.0
160	3620.3333333333335	1.0	1098.0	9726.0
170	3217.8333333333335	2.0	950.0	9125.0
180	3649.5	1.0	784.0	10934.0
190	3260.0	0.0	1173.0	11323.0
200	3300.6666666666665	1.0	1020.0	10927.0
210	3657.3333333333335	1.0	756.0	7958.0
220	3358.8333333333335	0.0	1078.0	9261.0
230	3333.3333333333335	0.0	962.0	9216.0
240	3601.1666666666665	3.0	1097.0	11028.0
250	2860.0	0.0	799.0	9653.0
260	3479.8333333333335	0.0	1075.0	12171.0
270	3445.1666666666665	3.0	1129.0	11052.0
280	3638.0	1.0	742.0	7995.0
290	3638.0	0.0	690.0	8082.0
300	3878.5	0.0	780.0	9405.0
310	3473.8333333333335	1.0	522.0	9708.0
320	3885.6666666666665	3.0	807.0	8586.0
330	3868.0	0.0	784.0	11593.0
340	3299.3333333333335	1.0	513.0	10882.0
350	3249.0	4.0	777.0	11645.0
360	3355.5	1.0	688.0	9795.0
370	3468.5	1.0	1138.0	11392.0
380	4077.6666666666665	2.0	867.0	12561.0
390	4087.6666666666665	1.0	743.0	8918.0
400	3967.5	1.0	528.0	8010.0
410	3875.8333333333335	4.0	841.0	10917.0
420	4057.0	0.0	656.0	11196.0
430	3544.5	3.0	646.0	11855.0
440	3844.6666666666665	2.0	476.0	8216.0
450	3268.8333333333335	2.0	910.0	10010.0
460	3503.3333333333335	1.0	572.0	9136.0
470	3818.6666666666665	2.0	848.0	10140.0
480	3749.6666666666665	2.0	712.0	10885.0
490	3169.1666666666665	2.0	911.0	11209.0
500	3207.6666666666665	1.0	644.0	7831.0
510	3776.1666666666665	0.0	806.0	9273.0
520	3679.6666666666665	4.0	1213.0	11828.0
530	3739.0	2.0	853.0	9736.0
540	3705.1666666666665	2.0	507.0	8874.0
550	3969.8333333333335	1.0	748.0	11799.0
560	3475.0	2.0	820.0	12809.0
570	3752.5	3.0	692.0	10953.0
580	3549.3333333333335	1.0	428.0	9632.0
590	3469.1666666666665	2.0	814.0	10258.0
600	3874.8333333333335	2.0	694.0	10096.0
