0	2253.3333333333335	0.0	0.0	0.0
10	2374.5	4.0	5664.0	9543.0
20	2355.5	19.0	7183.0	12508.0
30	2430.6666666666665	17.0	5028.0	6932.0
40	2495.0	12.0	5995.0	9098.0
50	2519.8333333333335	10.0	7363.0	12677.0
60	2383.0	17.0	5092.0	7353.0
70	2788.3333333333335	24.0	7480.0	12709.0
80	2484.6666666666665	26.0	7222.0	10889.0
90	2771.5	22.0	7242.0	9920.0
100	2349.3333333333335	28.0	5315.0	7111.0
110	2871.5	11.0	5473.0	9242.0
120	2996.1666666666665	43.0	8530.0	14000.0
130	2212.3333333333335	10.0	6351.0	10613.0
140	2513.8333333333335	3.0	4475.0	7363.0
150	3084.1666666666665	3.0	5978.0	11584.0
160	3044.5	21.0	6553.0	10506.0
170	2711.0	3.0	4029.0	6103.0
180	2919.0	10.0	3415.0	5630.0
190	2894.6666666666665	5.0	3709.0	6360.0
200	2381.6666666666665	7.0	4949.0	8739.0
210	2698.3333333333335	4.0	6662.0	11621.0
220	2535.8333333333335	12.0	4856.0	7406.0
230	2647.1666666666665	6.0	5123.0	8092.0
240	2968.3333333333335	10.0	6034.0	9716.0
250	3002.5	9.0	8337.0	12974.0
260	3610.8333333333335	8.0	5309.0	8652.0
270	3461.0	2.0	6052.0	11285.0
280	3151.3333333333335	4.0	6726.0	10455.0
290	3416.8333333333335	6.0	6663.0	11112.0
300	3484.0	3.0	6459.0	9580.0
310	3475.8333333333335	3.0	6856.0	11349.0
320	3643.0	12.0	8193.0	11833.0
330	3525.5	6.0	7322.0	11543.0
340	3070.6666666666665	6.0	5570.0	10492.0
350	3392.8333333333335	6.0	6644.0	10882.0
360	3680.8333333333335	7.0	7181.0	11007.0
370	3217.1666666666665	2.0	7750.0	11318.0
380	3149.6666666666665	4.0	5377.0	7983.0
390	3619.8333333333335	2.0	5047.0	7576.0
400	3469.8333333333335	5.0	6638.0	10081.0
410	3673.0	9.0	7536.0	11302.0
420	3223.0	6.0	6743.0	9623.0
430	3399.5	13.0	6851.0	9805.0
440	3256.8333333333335	9.0	5606.0	7509.0
450	3566.1666666666665	8.0	5736.0	9082.0
460	3682.1666666666665	1.0	5722.0	8679.0
470	3557.8333333333335	8.0	7881.0	11936.0
480	3026.5	5.0	6930.0	9630.0
490	3504.6666666666665	10.0	6400.0	10536.0
500	3337.0	5.0	8061.0	12455.0
510	3555.8333333333335	10.0	5862.0	9557.0
520	3124.0	5.0	4880.0	7473.0
530	3433.3333333333335	2.0	5559.0	8873.0
540	4136.0	3.0	7571.0	12446.0
550	2346.0	6.0	7590.0	11507.0
560	3915.3333333333335	7.0	8384.0	12414.0
570	3450.6666666666665	2.0	7655.0	11052.0
580	4051.0	10.0	7523.0	11003.0
590	3755.1666666666665	11.0	8688.0	12809.0
600	3642.1666666666665	8.0	8932.0	12030.0
610	3612.1666666666665	8.0	6857.0	10698.0
620	3746.8333333333335	9.0	8435.0	12065.0
630	3835.0	8.0	6551.0	9307.0
640	3903.5	3.0	6647.0	9098.0
650	3540.5	2.0	6724.0	10021.0
660	3820.5	11.0	7277.0	9997.0
670	3811.5	5.0	6798.0	9665.0
680	3840.5	9.0	7995.0	11904.0
690	3801.5	7.0	7600.0	10508.0
700	3868.6666666666665	7.0	7339.0	10086.0
710	3800.3333333333335	6.0	8165.0	12166.0
720	3661.0	2.0	7475.0	10791.0
730	4091.0	2.0	5979.0	8472.0
740	3895.8333333333335	9.0	7155.0	10870.0
750	3583.6666666666665	9.0	9456.0	13562.0
760	3837.8333333333335	10.0	9727.0	13266.0
770	4165.5	2.0	7935.0	11469.0
780	3633.1666666666665	3.0	2752.0	5025.0
790	3939.3333333333335	10.0	6760.0	10035.0
800	3890.6666666666665	6.0	8387.0	11213.0
