0	2234.1666666666665	0.0	0.0	0.0
10	2202.3333333333335	1000.0	1000.0	7531.0
20	2176.5	0.0	0.0	6794.0
30	2424.8333333333335	0.0	0.0	9671.0
40	2250.6666666666665	0.0	0.0	8796.0
50	2377.0	0.0	0.0	8249.0
60	2468.5	0.0	0.0	10922.0
70	2375.8333333333335	0.0	0.0	11592.0
80	2670.1666666666665	0.0	0.0	7209.0
90	2473.0	0.0	0.0	8195.0
100	2357.8333333333335	0.0	0.0	7964.0
110	2359.0	0.0	0.0	8744.0
120	2730.1666666666665	0.0	0.0	8214.0
130	2100.3333333333335	0.0	0.0	8106.0
140	1962.1666666666667	0.0	0.0	7431.0
150	2092.3333333333335	0.0	0.0	13269.0
160	2439.5	0.0	0.0	11593.0
170	2529.8333333333335	0.0	0.0	9665.0
180	2473.1666666666665	0.0	0.0	9002.0
190	2485.6666666666665	0.0	0.0	10451.0
200	2578.1666666666665	0.0	0.0	6947.0
210	2454.6666666666665	0.0	0.0	6009.0
220	2831.1666666666665	0.0	0.0	6963.0
230	2654.5	0.0	0.0	9445.0
240	2274.8333333333335	0.0	0.0	10354.0
250	2781.1666666666665	0.0	0.0	8062.0
260	2868.0	0.0	0.0	9975.0
270	2684.0	0.0	0.0	9737.0
280	2658.6666666666665	0.0	0.0	9004.0
290	2883.8333333333335	0.0	0.0	8936.0
300	2925.1666666666665	0.0	0.0	9703.0
310	3037.3333333333335	0.0	0.0	10331.0
320	2601.6666666666665	0.0	0.0	12672.0
330	3216.3333333333335	0.0	0.0	10662.0
340	3022.1666666666665	0.0	0.0	12034.0
350	3264.5	0.0	0.0	9879.0
360	2736.0	0.0	0.0	13850.0
370	3413.5	0.0	0.0	11481.0
380	3194.8333333333335	0.0	0.0	9894.0
390	3466.6666666666665	0.0	0.0	9502.0
400	3229.5	0.0	0.0	11826.0
410	3255.1666666666665	0.0	0.0	9729.0
420	3036.1666666666665	0.0	0.0	12635.0
430	3270.6666666666665	0.0	0.0	12940.0
440	3618.1666666666665	0.0	0.0	12098.0
450	3293.6666666666665	0.0	0.0	13276.0
460	3610.8333333333335	0.0	0.0	10404.0
470	3552.1666666666665	0.0	0.0	11619.0
480	3487.3333333333335	0.0	0.0	10165.0
490	3498.6666666666665	0.0	0.0	9695.0
500	3637.3333333333335	0.0	0.0	12562.0
510	3565.3333333333335	0.0	0.0	14181.0
520	3447.5	0.0	0.0	12069.0
530	3209.0	0.0	0.0	7684.0
540	3603.1666666666665	0.0	0.0	13346.0
550	3309.8333333333335	0.0	0.0	7680.0
560	3141.8333333333335	0.0	0.0	10420.0
570	3796.0	0.0	0.0	10557.0
580	3496.0	0.0	0.0	12585.0
590	3586.6666666666665	0.0	0.0	12803.0
600	3693.1666666666665	0.0	0.0	10501.0
610	2741.0	0.0	0.0	10044.0
620	3878.6666666666665	0.0	0.0	10461.0
630	3532.3333333333335	0.0	0.0	12178.0
640	3961.5	0.0	0.0	11267.0
650	3761.8333333333335	0.0	0.0	10604.0
660	3630.5	0.0	0.0	10749.0
670	3638.6666666666665	0.0	0.0	11498.0
680	3619.0	0.0	0.0	8637.0
690	3877.5	0.0	0.0	9565.0
700	3932.3333333333335	0.0	0.0	10883.0
710	3625.6666666666665	0.0	0.0	11779.0
720	3308.3333333333335	0.0	0.0	8795.0
730	3284.1666666666665	0.0	0.0	9761.0
740	3890.5	0.0	0.0	11165.0
750	3819.5	0.0	0.0	10736.0
760	3775.3333333333335	0.0	0.0	8722.0
770	3879.1666666666665	0.0	0.0	11929.0
780	3684.0	0.0	0.0	12180.0
790	3952.6666666666665	0.0	0.0	6985.0
800	3795.5	0.0	0.0	10993.0
