0	2144.1666666666665	0.0	0.0	0.0
10	2235.6666666666665	4.0	264.0	11090.0
20	2061.0	0.0	46.0	5136.0
30	2385.5	1.0	118.0	9842.0
40	2195.3333333333335	0.0	58.0	9170.0
50	2430.1666666666665	0.0	37.0	8116.0
60	2056.0	0.0	96.0	8335.0
70	1968.3333333333333	0.0	38.0	5934.0
80	2583.3333333333335	0.0	53.0	10443.0
90	2554.1666666666665	0.0	107.0	7526.0
100	2515.5	0.0	88.0	13137.0
110	2637.6666666666665	0.0	26.0	9904.0
120	2671.5	0.0	38.0	6942.0
130	2647.0	0.0	37.0	9676.0
140	2474.8333333333335	0.0	79.0	9166.0
150	2888.1666666666665	0.0	14.0	10337.0
160	2733.0	0.0	51.0	8564.0
170	2800.0	0.0	89.0	12403.0
180	2750.6666666666665	0.0	93.0	11065.0
190	2672.0	0.0	34.0	8686.0
200	2332.0	0.0	37.0	8838.0
210	2297.6666666666665	0.0	71.0	13882.0
220	2722.0	0.0	53.0	8313.0
230	2522.0	0.0	62.0	8720.0
240	2347.0	0.0	47.0	9040.0
250	2575.3333333333335	0.0	31.0	7318.0
260	2673.5	0.0	54.0	6473.0
270	2409.6666666666665	0.0	73.0	9772.0
280	2140.6666666666665	1.0	32.0	14109.0
290	2825.1666666666665	0.0	52.0	11176.0
300	3007.8333333333335	0.0	46.0	7345.0
310	3097.5	0.0	64.0	10275.0
320	2876.8333333333335	0.0	59.0	9843.0
330	2799.0	0.0	54.0	7355.0
340	3216.0	0.0	34.0	8785.0
350	3095.5	0.0	34.0	9320.0
360	3445.6666666666665	0.0	102.0	6973.0
370	3592.8333333333335	0.0	63.0	10664.0
380	2706.3333333333335	0.0	30.0	10684.0
390	3052.6666666666665	0.0	52.0	8369.0
400	2924.1666666666665	0.0	87.0	11891.0
410	2843.8333333333335	0.0	58.0	10260.0
420	3716.3333333333335	0.0	60.0	12740.0
430	3049.5	0.0	18.0	12552.0
440	3464.6666666666665	0.0	29.0	11118.0
450	3250.6666666666665	0.0	51.0	9684.0
460	3487.8333333333335	0.0	40.0	10031.0
470	3762.6666666666665	0.0	70.0	11201.0
480	3586.1666666666665	0.0	42.0	11540.0
490	3493.1666666666665	0.0	45.0	9775.0
500	3308.8333333333335	0.0	21.0	8622.0
510	3792.3333333333335	0.0	17.0	11097.0
520	3923.1666666666665	0.0	93.0	11334.0
530	3458.3333333333335	0.0	38.0	9960.0
540	3379.0	0.0	10.0	8992.0
550	4114.5	0.0	49.0	10118.0
560	3425.6666666666665	0.0	54.0	8794.0
570	3240.5	0.0	35.0	10464.0
580	3715.3333333333335	0.0	41.0	14114.0
590	3833.5	0.0	65.0	10603.0
600	3179.5	0.0	60.0	10760.0
610	3686.0	0.0	63.0	9770.0
620	3981.6666666666665	0.0	56.0	10719.0
630	3872.6666666666665	0.0	69.0	11664.0
640	3523.3333333333335	0.0	26.0	9571.0
650	3967.3333333333335	0.0	32.0	13488.0
660	3920.5	0.0	61.0	8335.0
670	3924.3333333333335	0.0	32.0	7756.0
680	3677.3333333333335	0.0	65.0	12800.0
690	3618.3333333333335	0.0	38.0	12417.0
700	3766.5	0.0	99.0	11579.0
710	3747.8333333333335	0.0	83.0	10945.0
720	3019.6666666666665	0.0	43.0	8001.0
730	3693.0	0.0	67.0	12899.0
740	3683.6666666666665	0.0	38.0	10005.0
750	3908.0	0.0	51.0	10894.0
760	3747.8333333333335	0.0	60.0	6697.0
770	3393.6666666666665	0.0	36.0	11830.0
780	3786.3333333333335	0.0	110.0	7764.0
790	3344.8333333333335	0.0	60.0	8745.0
800	4060.6666666666665	0.0	36.0	12218.0
