0	2281.6666666666665	0.0	0.0	0.0
10	2337.6666666666665	47.0	3258.0	6864.0
20	2390.8333333333335	70.0	3571.0	7435.0
30	2393.8333333333335	91.0	6131.0	12734.0
40	2523.8333333333335	46.0	4851.0	10030.0
50	2358.0	59.0	4770.0	10344.0
60	1969.1666666666667	63.0	5261.0	11152.0
70	2438.3333333333335	45.0	4409.0	9346.0
80	2232.8333333333335	26.0	4682.0	9623.0
90	2337.3333333333335	6.0	3072.0	6619.0
100	2318.3333333333335	12.0	4583.0	9330.0
110	2090.1666666666665	32.0	4311.0	8515.0
120	2180.1666666666665	14.0	5486.0	10571.0
130	2557.8333333333335	22.0	4936.0	9496.0
140	2694.1666666666665	5.0	3746.0	7398.0
150	2965.6666666666665	8.0	5741.0	11688.0
160	2922.8333333333335	17.0	5592.0	10779.0
170	2874.8333333333335	13.0	4606.0	9067.0
180	2692.5	8.0	5339.0	10241.0
190	3037.8333333333335	3.0	4016.0	8074.0
200	2799.0	12.0	5208.0	10393.0
210	3099.6666666666665	4.0	4457.0	8923.0
220	2827.0	9.0	6451.0	13048.0
230	3458.0	8.0	4812.0	9626.0
240	3288.3333333333335	7.0	5850.0	11823.0
250	3230.5	2.0	3903.0	7577.0
260	3198.5	7.0	3650.0	7132.0
270	2941.3333333333335	1.0	4911.0	9466.0
280	3775.6666666666665	1.0	3930.0	7705.0
290	2997.6666666666665	0.0	4605.0	8661.0
300	3388.0	5.0	5472.0	10444.0
310	3090.3333333333335	1.0	4443.0	8503.0
320	3035.8333333333335	2.0	4894.0	9320.0
330	3837.6666666666665	0.0	4112.0	7729.0
340	3402.5	0.0	5026.0	9316.0
350	3571.6666666666665	0.0	2746.0	5240.0
360	3586.6666666666665	3.0	5440.0	10751.0
370	3131.5	0.0	3891.0	7568.0
380	3714.8333333333335	1.0	6289.0	12012.0
390	3890.0	1.0	4782.0	9260.0
400	3524.6666666666665	0.0	3949.0	7628.0
410	4037.1666666666665	0.0	6368.0	12421.0
420	3314.6666666666665	2.0	6435.0	12489.0
430	3536.6666666666665	0.0	6406.0	12912.0
440	3601.8333333333335	0.0	5767.0	11019.0
450	3628.3333333333335	1.0	5942.0	11394.0
460	3536.1666666666665	0.0	5073.0	9807.0
470	3865.8333333333335	0.0	3792.0	7414.0
480	3805.8333333333335	1.0	6140.0	12087.0
490	3793.0	2.0	3960.0	7579.0
500	3489.1666666666665	1.0	4488.0	8748.0
510	3167.1666666666665	0.0	6238.0	12135.0
520	3707.1666666666665	2.0	5960.0	11364.0
530	3862.5	0.0	4816.0	8997.0
540	4138.333333333333	0.0	5073.0	9740.0
550	2973.5	2.0	4609.0	9284.0
560	4071.6666666666665	1.0	4777.0	9440.0
570	4233.666666666667	2.0	5107.0	10050.0
580	3655.0	5.0	5296.0	10076.0
590	3848.3333333333335	0.0	4881.0	9797.0
600	3573.0	1.0	5308.0	10276.0
610	3847.0	1.0	4953.0	9791.0
620	3548.6666666666665	0.0	5297.0	10586.0
630	3852.8333333333335	1.0	5062.0	9929.0
640	3897.1666666666665	2.0	4692.0	9210.0
650	3910.0	0.0	4545.0	8869.0
660	3500.3333333333335	1.0	4838.0	9558.0
670	3730.6666666666665	4.0	5798.0	11577.0
680	3713.5	3.0	4824.0	9439.0
690	3841.0	2.0	6476.0	12333.0
700	3347.1666666666665	0.0	4457.0	8976.0
710	3836.5	3.0	5243.0	10230.0
720	3862.5	0.0	4940.0	9967.0
730	4018.1666666666665	2.0	4297.0	8667.0
740	3635.1666666666665	0.0	5138.0	10036.0
750	3827.3333333333335	3.0	5336.0	10670.0
760	3218.8333333333335	3.0	5583.0	10881.0
770	3560.5	0.0	5946.0	11716.0
780	3769.0	2.0	4984.0	9619.0
790	3889.5	0.0	3884.0	7757.0
800	3759.3333333333335	1.0	6065.0	12367.0
