0	2124.5	0.0	0.0	0.0
10	2256.0	1000.0	1000.0	8692.0
20	2371.1666666666665	0.0	0.0	11425.0
30	2573.0	0.0	0.0	10409.0
40	2316.6666666666665	0.0	0.0	10445.0
50	2403.6666666666665	0.0	0.0	10190.0
60	2500.8333333333335	0.0	0.0	10072.0
70	2587.8333333333335	0.0	0.0	13412.0
80	2491.5	0.0	0.0	6404.0
90	2708.5	0.0	0.0	8292.0
100	2639.0	0.0	0.0	6922.0
110	2298.3333333333335	0.0	0.0	6842.0
120	2646.0	0.0	0.0	8103.0
130	2651.0	0.0	0.0	7325.0
140	2493.5	0.0	0.0	6807.0
150	2518.6666666666665	0.0	0.0	8183.0
160	2576.5	0.0	0.0	13356.0
170	2673.0	0.0	0.0	10424.0
180	2558.0	0.0	0.0	8042.0
190	2886.5	0.0	0.0	8540.0
200	2626.5	0.0	0.0	7382.0
210	2713.0	0.0	0.0	11527.0
220	2594.1666666666665	0.0	0.0	9962.0
230	2245.5	0.0	0.0	8090.0
240	2618.6666666666665	0.0	0.0	9061.0
250	2413.1666666666665	0.0	0.0	6368.0
260	2475.0	0.0	0.0	11289.0
270	2704.8333333333335	0.0	0.0	9038.0
280	2330.6666666666665	0.0	0.0	7936.0
290	2652.5	0.0	0.0	8886.0
300	2213.0	0.0	0.0	11823.0
310	2716.3333333333335	0.0	0.0	10172.0
320	2829.5	0.0	0.0	10273.0
330	2393.8333333333335	0.0	0.0	10660.0
340	2828.6666666666665	0.0	0.0	7192.0
350	3032.0	0.0	0.0	10838.0
360	3175.8333333333335	0.0	0.0	5728.0
370	2886.3333333333335	0.0	0.0	8793.0
380	3005.0	0.0	0.0	9119.0
390	3055.5	0.0	0.0	7940.0
400	3311.6666666666665	0.0	0.0	10863.0
410	2777.5	0.0	0.0	9877.0
420	2724.3333333333335	0.0	0.0	10579.0
430	3645.8333333333335	0.0	0.0	12258.0
440	2791.6666666666665	0.0	0.0	9954.0
450	3155.8333333333335	0.0	0.0	13924.0
460	3325.6666666666665	0.0	0.0	8830.0
470	3582.1666666666665	0.0	0.0	7839.0
480	3751.5	0.0	0.0	8258.0
490	3285.8333333333335	0.0	0.0	12608.0
500	3275.0	0.0	0.0	12595.0
510	3532.1666666666665	0.0	0.0	9492.0
520	3568.5	0.0	0.0	12780.0
530	3596.8333333333335	0.0	0.0	10663.0
540	3668.1666666666665	0.0	0.0	9146.0
550	3481.5	0.0	0.0	9613.0
560	3107.1666666666665	0.0	0.0	6794.0
570	3430.3333333333335	0.0	0.0	13070.0
580	3875.5	0.0	0.0	9398.0
590	3838.3333333333335	0.0	0.0	11825.0
600	3415.6666666666665	0.0	0.0	9333.0
610	3628.1666666666665	0.0	0.0	14221.0
620	3453.6666666666665	0.0	0.0	13343.0
630	3183.0	0.0	0.0	7175.0
640	3229.1666666666665	0.0	0.0	11285.0
650	3625.8333333333335	0.0	0.0	9844.0
660	3502.3333333333335	0.0	0.0	8971.0
670	3716.6666666666665	0.0	0.0	11085.0
680	3819.8333333333335	0.0	0.0	10660.0
690	3434.1666666666665	0.0	0.0	12452.0
700	3639.6666666666665	0.0	0.0	13093.0
710	4038.0	0.0	0.0	9506.0
720	3773.1666666666665	0.0	0.0	13853.0
730	3645.8333333333335	0.0	0.0	9390.0
740	3938.0	0.0	0.0	9854.0
750	3897.1666666666665	0.0	0.0	8524.0
760	3316.1666666666665	0.0	0.0	11449.0
770	3708.8333333333335	0.0	0.0	9605.0
780	3634.1666666666665	0.0	0.0	13075.0
790	3623.8333333333335	0.0	0.0	9279.0
800	3917.5	0.0	0.0	10981.0
