0	2162.1666666666665	0.0	0.0	0.0
10	2492.8333333333335	1000.0	1000.0	9352.0
20	2300.0	0.0	0.0	6040.0
30	2556.6666666666665	0.0	0.0	7692.0
40	2233.6666666666665	0.0	0.0	6832.0
50	2316.8333333333335	0.0	0.0	7711.0
60	2351.8333333333335	0.0	0.0	7693.0
70	2551.0	0.0	0.0	7917.0
80	2664.3333333333335	0.0	0.0	10844.0
90	2496.3333333333335	0.0	0.0	8678.0
100	2583.5	0.0	0.0	8631.0
110	2434.8333333333335	0.0	0.0	8475.0
120	2280.8333333333335	0.0	0.0	8308.0
130	2759.3333333333335	0.0	0.0	8977.0
140	2492.0	0.0	0.0	9837.0
150	2362.6666666666665	0.0	0.0	6724.0
160	2732.5	0.0	0.0	5855.0
170	2706.3333333333335	0.0	0.0	12155.0
180	2413.6666666666665	0.0	0.0	8983.0
190	2625.0	0.0	0.0	11230.0
200	2605.3333333333335	0.0	0.0	9524.0
210	2671.0	0.0	0.0	7541.0
220	2881.0	0.0	0.0	8055.0
230	2808.3333333333335	0.0	0.0	9413.0
240	2544.1666666666665	0.0	0.0	8732.0
250	2482.5	0.0	0.0	9897.0
260	2775.0	0.0	0.0	12307.0
270	2359.0	0.0	0.0	7594.0
280	2616.0	0.0	0.0	7485.0
290	2494.3333333333335	0.0	0.0	8298.0
300	2951.6666666666665	0.0	0.0	6857.0
310	3059.6666666666665	0.0	0.0	9660.0
320	2654.8333333333335	0.0	0.0	7834.0
330	2490.8333333333335	0.0	0.0	8149.0
340	2845.6666666666665	0.0	0.0	9433.0
350	2945.3333333333335	0.0	0.0	6661.0
360	2949.1666666666665	0.0	0.0	9641.0
370	2963.8333333333335	0.0	0.0	12282.0
380	2389.0	0.0	0.0	8559.0
390	2725.8333333333335	0.0	0.0	8962.0
400	3089.6666666666665	0.0	0.0	8379.0
410	3011.5	0.0	0.0	9823.0
420	3225.8333333333335	0.0	0.0	8714.0
430	3174.1666666666665	0.0	0.0	12868.0
440	2712.6666666666665	0.0	0.0	12208.0
450	3302.1666666666665	0.0	0.0	10370.0
460	3251.6666666666665	0.0	0.0	12328.0
470	3076.6666666666665	0.0	0.0	8290.0
480	2891.5	0.0	0.0	10270.0
490	3044.5	0.0	0.0	10509.0
500	3768.1666666666665	0.0	0.0	9938.0
510	3284.6666666666665	0.0	0.0	13861.0
520	3322.6666666666665	0.0	0.0	11489.0
530	3349.1666666666665	0.0	0.0	7498.0
540	3230.5	0.0	0.0	8372.0
550	3267.3333333333335	0.0	0.0	9592.0
560	3936.6666666666665	0.0	0.0	7870.0
570	3116.8333333333335	0.0	0.0	9440.0
580	3830.8333333333335	0.0	0.0	9253.0
590	3521.6666666666665	0.0	0.0	6745.0
600	2901.6666666666665	0.0	0.0	9172.0
610	3472.0	0.0	0.0	9416.0
620	3596.3333333333335	0.0	0.0	9303.0
630	3702.1666666666665	0.0	0.0	11036.0
640	3561.3333333333335	0.0	0.0	9741.0
650	3272.8333333333335	0.0	0.0	10918.0
660	3647.8333333333335	0.0	0.0	11345.0
670	3211.6666666666665	0.0	0.0	10275.0
680	3201.1666666666665	0.0	0.0	8745.0
690	3892.1666666666665	0.0	0.0	11680.0
700	3566.6666666666665	0.0	0.0	11130.0
710	3979.5	0.0	0.0	11274.0
720	3340.3333333333335	0.0	0.0	12901.0
730	3659.8333333333335	0.0	0.0	11771.0
740	3759.1666666666665	0.0	0.0	11718.0
750	3645.3333333333335	0.0	0.0	8352.0
760	3588.5	0.0	0.0	12423.0
770	3683.6666666666665	0.0	0.0	10987.0
780	3590.8333333333335	0.0	0.0	10259.0
790	3472.8333333333335	0.0	0.0	8695.0
800	3796.1666666666665	0.0	0.0	11501.0
