0	1723.6666666666667	0.0	0.0	0.0
10	1936.5	1000.0	5269.0	10455.0
20	2106.0	0.0	0.0	10650.0
30	2047.8333333333333	0.0	0.0	8712.0
40	1969.1666666666667	0.0	0.0	3755.0
50	2156.0	0.0	0.0	7272.0
60	2203.6666666666665	0.0	0.0	13216.0
70	2363.8333333333335	0.0	0.0	6986.0
80	2106.0	0.0	0.0	11179.0
90	2311.8333333333335	0.0	0.0	6205.0
100	2255.3333333333335	0.0	0.0	7435.0
110	1861.3333333333333	0.0	0.0	9512.0
120	2234.0	0.0	0.0	7108.0
130	2137.8333333333335	0.0	0.0	9394.0
140	2144.8333333333335	0.0	0.0	5862.0
150	2259.0	0.0	0.0	9943.0
160	2242.8333333333335	0.0	0.0	9241.0
170	2328.0	0.0	0.0	9161.0
180	2326.0	0.0	0.0	6784.0
190	2421.8333333333335	0.0	0.0	6887.0
200	2129.3333333333335	0.0	0.0	8974.0
210	2075.0	0.0	0.0	8523.0
220	2329.1666666666665	0.0	0.0	7159.0
230	2303.1666666666665	0.0	0.0	6481.0
240	2228.1666666666665	0.0	0.0	9476.0
250	2097.1666666666665	0.0	0.0	9091.0
260	2393.1666666666665	0.0	0.0	5424.0
270	2347.6666666666665	0.0	0.0	9447.0
280	2537.3333333333335	0.0	0.0	5961.0
290	2346.0	0.0	0.0	8424.0
300	2229.1666666666665	0.0	0.0	9301.0
310	2528.8333333333335	0.0	0.0	5802.0
320	2454.6666666666665	0.0	0.0	6801.0
330	1956.3333333333333	0.0	0.0	7156.0
340	2840.1666666666665	0.0	0.0	7493.0
350	2749.3333333333335	0.0	0.0	10018.0
360	2368.6666666666665	0.0	0.0	9250.0
370	2848.5	0.0	0.0	10979.0
380	2725.8333333333335	0.0	0.0	8956.0
390	2979.8333333333335	0.0	0.0	8213.0
400	2447.3333333333335	0.0	0.0	10581.0
410	2930.8333333333335	0.0	0.0	13413.0
420	3159.6666666666665	0.0	0.0	9663.0
430	2816.1666666666665	0.0	0.0	8372.0
440	2748.3333333333335	0.0	0.0	7770.0
450	3002.1666666666665	0.0	0.0	8233.0
460	2735.0	0.0	0.0	8338.0
470	3187.5	0.0	0.0	6852.0
480	3538.5	0.0	0.0	8238.0
490	3475.3333333333335	0.0	0.0	11315.0
500	3309.1666666666665	0.0	0.0	11906.0
510	3141.5	0.0	0.0	10041.0
520	3788.8333333333335	0.0	0.0	7167.0
530	2786.5	0.0	0.0	11821.0
540	3423.3333333333335	0.0	0.0	8487.0
550	3677.5	0.0	0.0	7140.0
560	3293.6666666666665	0.0	0.0	13526.0
570	2986.0	0.0	0.0	9123.0
580	2565.1666666666665	0.0	0.0	8948.0
590	3333.1666666666665	0.0	0.0	9402.0
600	3716.1666666666665	0.0	0.0	8490.0
610	3031.8333333333335	0.0	0.0	11048.0
620	3359.8333333333335	0.0	0.0	9284.0
630	4013.8333333333335	0.0	0.0	11395.0
640	3554.8333333333335	0.0	0.0	10311.0
650	3710.1666666666665	0.0	0.0	9329.0
660	3484.8333333333335	0.0	0.0	8878.0
670	3506.0	0.0	0.0	13310.0
680	3472.1666666666665	0.0	0.0	9553.0
690	3212.0	0.0	0.0	9452.0
700	3838.8333333333335	0.0	0.0	8428.0
710	3811.6666666666665	0.0	0.0	11419.0
720	3490.8333333333335	0.0	0.0	10539.0
730	3878.3333333333335	0.0	0.0	11097.0
740	3015.8333333333335	0.0	0.0	11052.0
750	3719.6666666666665	0.0	0.0	10876.0
760	4144.333333333333	0.0	0.0	13909.0
770	3939.0	0.0	0.0	10610.0
780	3858.8333333333335	0.0	0.0	12996.0
790	3830.3333333333335	0.0	0.0	11733.0
800	3445.0	0.0	0.0	9616.0
810	3907.3333333333335	0.0	0.0	10267.0
820	3874.8333333333335	0.0	0.0	10090.0
830	3812.1666666666665	0.0	0.0	10723.0
840	3599.3333333333335	0.0	0.0	12235.0
850	2974.5	0.0	0.0	7066.0
860	3537.6666666666665	0.0	0.0	12550.0
870	3646.0	0.0	0.0	8066.0
880	3659.3333333333335	0.0	0.0	8090.0
890	3789.3333333333335	0.0	0.0	11091.0
900	3927.0	0.0	0.0	7336.0
910	3525.3333333333335	0.0	0.0	11199.0
920	3487.5	0.0	0.0	9425.0
930	3770.1666666666665	0.0	0.0	9587.0
940	3398.6666666666665	0.0	0.0	10965.0
950	3705.3333333333335	0.0	0.0	10311.0
960	4147.0	0.0	0.0	9224.0
970	4000.8333333333335	0.0	0.0	8853.0
980	3629.0	0.0	0.0	13043.0
990	3760.6666666666665	0.0	0.0	11235.0
1000	3619.5	0.0	0.0	10693.0
