0	2540.25	0.0	0.0	0.0
10	2973.75	112.0	4579.0	11166.0
20	2736.75	148.0	6047.0	14187.0
30	2558.25	53.0	6042.0	13408.0
40	2509.0	97.0	4597.0	10933.0
50	3020.75	44.0	6881.0	14593.0
60	2300.5	32.0	4021.0	7985.0
70	2871.75	21.0	5246.0	11753.0
80	3020.5	31.0	4249.0	11678.0
90	2863.75	30.0	5881.0	13169.0
100	3119.25	44.0	4536.0	10039.0
110	3283.75	23.0	4897.0	13070.0
120	3247.75	35.0	5086.0	11555.0
130	3454.75	22.0	3501.0	7238.0
140	3552.0	23.0	4011.0	9588.0
150	3130.5	53.0	6102.0	13221.0
160	3690.75	23.0	4051.0	10150.0
170	3607.75	42.0	5184.0	11278.0
180	3020.5	16.0	3254.0	7646.0
190	3093.5	41.0	6222.0	14459.0
200	4364.75	15.0	3918.0	9430.0
210	3185.5	27.0	4608.0	11727.0
220	3761.75	42.0	5692.0	11715.0
230	3188.25	26.0	3982.0	13178.0
240	3485.5	0.0	0.0	12347.0
250	3737.5	0.0	0.0	9944.0
260	3990.75	0.0	0.0	7648.0
270	3731.0	0.0	0.0	9883.0
280	3628.0	0.0	0.0	12360.0
290	3227.75	0.0	0.0	10685.0
300	3552.75	0.0	0.0	11503.0
310	3456.25	0.0	0.0	8863.0
320	3487.5	0.0	0.0	7767.0
330	3487.25	0.0	0.0	10380.0
340	4092.75	0.0	0.0	10330.0
350	3404.0	0.0	0.0	9766.0
360	3535.0	0.0	0.0	9749.0
370	3422.0	0.0	0.0	11328.0
380	3611.25	0.0	0.0	7950.0
390	3730.75	0.0	0.0	12212.0
400	3960.5	0.0	0.0	8671.0
410	3491.75	0.0	0.0	12857.0
420	3473.5	0.0	0.0	10229.0
430	4122.75	0.0	0.0	8454.0
440	3951.75	0.0	0.0	12006.0
450	4057.75	0.0	0.0	9812.0
460	3611.75	0.0	0.0	11533.0
470	3660.25	0.0	0.0	10283.0
480	3879.0	0.0	0.0	11348.0
490	3688.5	0.0	0.0	8665.0
500	3878.0	0.0	0.0	12203.0
510	3626.25	0.0	0.0	12784.0
520	3943.5	0.0	0.0	10270.0
530	3491.5	0.0	0.0	13271.0
540	3700.0	0.0	0.0	12199.0
550	3802.25	0.0	0.0	10835.0
560	3823.75	0.0	0.0	11078.0
570	3920.5	0.0	0.0	10242.0
580	3767.0	0.0	0.0	9617.0
590	4178.25	0.0	0.0	9722.0
600	3094.25	0.0	0.0	10252.0
610	3153.75	0.0	0.0	11945.0
620	3418.5	0.0	0.0	11598.0
630	4049.0	0.0	0.0	10699.0
640	4006.0	0.0	0.0	8658.0
650	3911.25	0.0	0.0	11337.0
660	3530.5	0.0	0.0	10416.0
670	3904.5	0.0	0.0	10052.0
680	3972.25	0.0	0.0	10013.0
690	3919.25	0.0	0.0	8240.0
700	3762.25	0.0	0.0	10772.0
710	3724.75	0.0	0.0	8584.0
720	3820.5	0.0	0.0	11963.0
730	4015.0	0.0	0.0	12115.0
740	3765.25	0.0	0.0	10367.0
750	3678.75	0.0	0.0	12111.0
760	3707.25	0.0	0.0	10684.0
770	3618.75	0.0	0.0	10994.0
780	4044.5	0.0	0.0	8196.0
790	3506.25	0.0	0.0	9491.0
800	4098.5	0.0	0.0	6609.0
