0	2630.5	0.0	0.0	0.0
10	2342.5	76.0	3480.0	9011.0
20	2336.25	52.0	3736.0	8769.0
30	2344.75	75.0	5468.0	11818.0
40	1934.5	43.0	4573.0	11396.0
50	2548.5	37.0	4233.0	8653.0
60	2831.5	40.0	3702.0	7860.0
70	2374.5	64.0	5871.0	13608.0
80	2820.5	25.0	4074.0	9532.0
90	2619.5	34.0	5047.0	10480.0
100	2544.5	47.0	5518.0	10561.0
110	2325.5	31.0	4408.0	8864.0
120	2847.0	75.0	8050.0	15197.0
130	3206.75	56.0	5954.0	10632.0
140	3512.25	39.0	5474.0	10484.0
150	3493.5	39.0	4861.0	10937.0
160	3170.75	55.0	5660.0	11755.0
170	3647.25	25.0	5388.0	11438.0
180	2421.5	25.0	4754.0	10738.0
190	3438.25	31.0	5488.0	10890.0
200	3291.75	38.0	6086.0	11764.0
210	3160.75	25.0	5479.0	10725.0
220	3636.0	39.0	5762.0	11651.0
230	2943.5	29.0	5910.0	12894.0
240	2987.25	0.0	0.0	11540.0
250	3739.75	0.0	0.0	10801.0
260	3065.5	0.0	0.0	9651.0
270	3350.0	0.0	0.0	8999.0
280	3863.75	0.0	0.0	10915.0
290	3910.5	0.0	0.0	9491.0
300	3462.0	0.0	0.0	11297.0
310	3741.25	0.0	0.0	11721.0
320	3099.0	0.0	0.0	10917.0
330	2897.5	0.0	0.0	11882.0
340	3825.75	0.0	0.0	13574.0
350	3810.5	0.0	0.0	8369.0
360	3745.0	0.0	0.0	12995.0
370	3427.75	0.0	0.0	8153.0
380	3452.75	0.0	0.0	10811.0
390	3541.25	0.0	0.0	12156.0
400	3829.5	0.0	0.0	12505.0
410	3427.25	0.0	0.0	11086.0
420	3689.75	0.0	0.0	9011.0
430	3687.75	0.0	0.0	10005.0
440	3569.75	0.0	0.0	7837.0
450	3863.25	0.0	0.0	9642.0
460	3813.75	0.0	0.0	8204.0
470	4238.5	0.0	0.0	10941.0
480	3363.75	0.0	0.0	10127.0
490	3363.0	0.0	0.0	11542.0
500	3559.75	0.0	0.0	9390.0
510	3455.5	0.0	0.0	11458.0
520	3876.75	0.0	0.0	11839.0
530	3944.5	0.0	0.0	10087.0
540	3495.0	0.0	0.0	6776.0
550	4157.5	0.0	0.0	12713.0
560	3791.25	0.0	0.0	11298.0
570	3931.75	0.0	0.0	7071.0
580	3442.5	0.0	0.0	8717.0
590	3771.75	0.0	0.0	11258.0
600	3818.5	0.0	0.0	11399.0
610	4065.5	0.0	0.0	7563.0
620	3618.0	0.0	0.0	10804.0
630	3630.25	0.0	0.0	9932.0
640	3500.0	0.0	0.0	12310.0
650	3577.5	0.0	0.0	7615.0
660	4156.75	0.0	0.0	8483.0
670	3806.25	0.0	0.0	11491.0
680	3602.75	0.0	0.0	13569.0
690	3883.0	0.0	0.0	8351.0
700	3611.5	0.0	0.0	11510.0
710	3610.0	0.0	0.0	8860.0
720	3824.75	0.0	0.0	8859.0
730	3990.75	0.0	0.0	10434.0
740	3729.5	0.0	0.0	7519.0
750	3789.25	0.0	0.0	9125.0
760	3499.75	0.0	0.0	7730.0
770	3893.75	0.0	0.0	10442.0
780	3541.0	0.0	0.0	8336.0
790	3683.0	0.0	0.0	7534.0
800	3953.75	0.0	0.0	8864.0
