0	1450.0	0.0	0.0
10	2359.8333333333335	100.0	20000.0
20	2372.6666666666665	1029.0	19849.0
30	2370.8333333333335	1976.0	20000.0
40	2401.5	2155.0	20000.0
50	2551.5	2144.0	20000.0
60	2661.8333333333335	2271.0	20000.0
70	2762.5	325.0	20000.0
80	2926.6666666666665	0.0	20000.0
90	3121.1666666666665	0.0	20000.0
100	3454.1666666666665	0.0	20000.0
110	3443.0	0.0	19064.0
120	3574.1666666666665	0.0	19688.0
130	3670.5	0.0	19769.0
140	3628.0	0.0	19459.0
150	3699.0	0.0	19763.0
160	3607.3333333333335	0.0	19262.0
170	3726.1666666666665	0.0	19660.0
180	3701.8333333333335	0.0	19384.0
190	3789.8333333333335	0.0	19419.0
200	3779.8333333333335	0.0	18982.0
210	3662.6666666666665	0.0	19943.0
220	3884.0	0.0	19770.0
230	3874.1666666666665	0.0	20000.0
240	3786.5	0.0	19228.0
250	4085.3333333333335	0.0	19403.0
260	3939.6666666666665	0.0	20000.0
270	4073.3333333333335	0.0	19601.0
280	4031.5	0.0	19126.0
290	3984.1666666666665	0.0	19626.0
300	4003.8333333333335	0.0	20000.0
310	4134.5	0.0	19631.0
320	3937.1666666666665	0.0	19984.0
330	4153.333333333333	0.0	19982.0
340	4037.5	0.0	19949.0
350	4168.5	0.0	19774.0
360	4102.833333333333	0.0	20000.0
370	4265.0	0.0	19969.0
380	4414.833333333333	0.0	19923.0
390	4310.333333333333	0.0	19940.0
400	4299.166666666667	0.0	19975.0
410	4366.333333333333	0.0	19774.0
420	4207.666666666667	0.0	19826.0
430	4299.833333333333	0.0	20000.0
440	4419.833333333333	0.0	20000.0
450	4192.5	0.0	20000.0
460	4293.166666666667	0.0	19797.0
470	4260.833333333333	0.0	20000.0
480	4338.333333333333	0.0	20000.0
490	4372.166666666667	0.0	19502.0
500	4288.166666666667	0.0	19952.0
510	4434.333333333333	0.0	19670.0
520	4299.333333333333	0.0	20000.0
530	4365.333333333333	0.0	20000.0
540	4305.333333333333	0.0	20000.0
550	4296.333333333333	0.0	20000.0
560	4379.666666666667	0.0	19957.0
570	4378.5	0.0	20000.0
580	4373.166666666667	0.0	20000.0
590	4293.0	0.0	20000.0
600	4262.5	0.0	20000.0
610	4380.333333333333	0.0	19787.0
620	4298.5	0.0	20000.0
630	4497.0	0.0	20000.0
640	4283.166666666667	0.0	20000.0
650	4375.833333333333	0.0	20000.0
660	4019.5	0.0	20000.0
670	3922.3333333333335	0.0	20000.0
680	4044.6666666666665	0.0	20000.0
690	3812.1666666666665	0.0	19664.0
700	3677.1666666666665	0.0	19098.0
710	3732.8333333333335	0.0	20000.0
720	3683.1666666666665	0.0	20000.0
730	3733.6666666666665	0.0	20000.0
740	3719.8333333333335	0.0	19710.0
750	3638.1666666666665	0.0	20000.0
760	3803.5	0.0	19638.0
770	3895.6666666666665	0.0	20000.0
780	3908.6666666666665	0.0	19275.0
790	3780.1666666666665	0.0	20000.0
800	3684.0	0.0	19729.0
810	3597.1666666666665	0.0	20000.0
820	3887.3333333333335	0.0	20000.0
830	3595.8333333333335	0.0	19836.0
840	3749.0	0.0	20000.0
850	3661.1666666666665	0.0	19808.0
860	3678.8333333333335	0.0	19740.0
870	3779.6666666666665	0.0	19875.0
880	3645.6666666666665	0.0	19863.0
890	3736.1666666666665	0.0	20000.0
900	3789.6666666666665	0.0	20000.0
910	3789.8333333333335	0.0	19348.0
920	3998.5	0.0	19967.0
930	3941.1666666666665	0.0	19695.0
940	3912.1666666666665	0.0	19588.0
950	3969.5	0.0	19733.0
960	3951.1666666666665	0.0	19678.0
970	3773.3333333333335	0.0	20000.0
980	3823.0	0.0	20000.0
990	3969.5	0.0	20000.0
1000	3850.1666666666665	0.0	20000.0
