0	274.0	0.0	0.0
10	2031.1666666666667	0.0	5776.0
20	2148.5	225.0	7718.0
30	1726.6666666666667	356.0	8447.0
40	2098.0	419.0	10284.0
50	1784.8333333333333	0.0	8724.0
60	2292.0	0.0	7496.0
70	2309.1666666666665	0.0	7530.0
80	2076.6666666666665	0.0	5643.0
90	2154.1666666666665	0.0	11353.0
100	2089.5	0.0	9223.0
110	2198.6666666666665	0.0	11320.0
120	2289.6666666666665	0.0	8300.0
130	2486.6666666666665	0.0	9456.0
140	2418.6666666666665	0.0	5451.0
150	2613.5	0.0	8292.0
160	2076.3333333333335	0.0	10036.0
170	2493.6666666666665	0.0	10717.0
180	2782.1666666666665	0.0	10772.0
190	2650.6666666666665	0.0	9667.0
200	2176.1666666666665	0.0	9716.0
210	2375.8333333333335	0.0	10756.0
220	2720.3333333333335	0.0	10043.0
230	2370.0	0.0	6839.0
240	1906.0	0.0	8920.0
250	2630.6666666666665	0.0	12317.0
260	2714.6666666666665	0.0	7819.0
270	2696.8333333333335	0.0	10053.0
280	2723.6666666666665	0.0	6148.0
290	2779.6666666666665	0.0	8257.0
300	3060.3333333333335	0.0	8057.0
310	3199.6666666666665	0.0	10869.0
320	2620.6666666666665	0.0	11162.0
330	2794.0	0.0	9389.0
340	2841.0	0.0	7151.0
350	2669.8333333333335	0.0	11437.0
360	3218.0	0.0	10370.0
370	3329.3333333333335	0.0	7667.0
380	3319.6666666666665	0.0	11422.0
390	3147.5	0.0	10796.0
400	3040.3333333333335	0.0	9765.0
410	3048.6666666666665	0.0	8520.0
420	3113.8333333333335	0.0	8965.0
430	3174.3333333333335	0.0	7596.0
440	2926.6666666666665	0.0	11387.0
450	3733.3333333333335	0.0	10619.0
460	3776.5	0.0	11539.0
470	3135.5	0.0	14416.0
480	3456.5	0.0	10889.0
490	3082.0	0.0	7781.0
500	3329.8333333333335	0.0	9045.0
510	3949.8333333333335	0.0	11692.0
520	3279.5	0.0	12873.0
530	3306.6666666666665	0.0	14121.0
540	3489.6666666666665	0.0	12049.0
550	3489.0	0.0	10256.0
560	3587.5	0.0	10605.0
570	3511.5	0.0	10887.0
580	2880.5	0.0	10818.0
590	3998.6666666666665	0.0	11456.0
600	3115.3333333333335	0.0	8944.0
610	2818.0	0.0	9125.0
620	3438.6666666666665	0.0	10996.0
630	3549.3333333333335	0.0	10196.0
640	3010.6666666666665	0.0	10833.0
650	3551.0	0.0	8941.0
660	3678.1666666666665	0.0	10627.0
670	4100.333333333333	0.0	9033.0
680	3655.8333333333335	0.0	13355.0
690	3477.5	0.0	11580.0
700	3778.5	0.0	10689.0
710	3256.0	0.0	13739.0
720	3574.5	0.0	8916.0
730	3473.3333333333335	0.0	9658.0
740	3806.6666666666665	0.0	9356.0
750	3454.6666666666665	0.0	9350.0
760	3365.8333333333335	0.0	11561.0
770	3436.6666666666665	0.0	10638.0
780	3501.0	0.0	7959.0
790	3900.8333333333335	0.0	9129.0
800	3635.6666666666665	0.0	9699.0
810	3541.5	0.0	12836.0
820	3530.5	0.0	9122.0
830	3565.3333333333335	0.0	11171.0
840	3696.1666666666665	0.0	11348.0
850	3775.6666666666665	0.0	12816.0
860	3924.1666666666665	0.0	11240.0
870	3600.1666666666665	0.0	8743.0
880	3489.3333333333335	0.0	8750.0
890	3729.1666666666665	0.0	9204.0
900	3761.5	0.0	11031.0
910	3771.3333333333335	0.0	10078.0
920	3978.8333333333335	0.0	10915.0
930	4038.6666666666665	0.0	11638.0
940	3910.3333333333335	0.0	8514.0
950	3615.1666666666665	0.0	13269.0
960	3786.3333333333335	0.0	7636.0
970	3858.5	0.0	8523.0
980	3435.5	0.0	7229.0
990	3866.0	0.0	9827.0
1000	3761.0	0.0	11941.0
