0	245.0	0.0	0.0
10	2137.5	0.0	8982.0
20	1926.3333333333333	0.0	8836.0
30	2047.6666666666667	66.0	9483.0
40	1958.1666666666667	198.0	11817.0
50	1710.8333333333333	520.0	11793.0
60	1898.0	1125.0	16346.0
70	2045.5	1289.0	16264.0
80	1915.5	1151.0	14835.0
90	1966.8333333333333	1033.0	12728.0
100	1824.6666666666667	1279.0	15253.0
110	2019.3333333333333	1702.0	16875.0
120	2354.5	1544.0	17444.0
130	2316.8333333333335	2088.0	18947.0
140	2733.5	1524.0	17263.0
150	2579.6666666666665	988.0	14925.0
160	2719.6666666666665	1096.0	15389.0
170	2937.8333333333335	694.0	16492.0
180	3009.6666666666665	442.0	16742.0
190	3178.5	245.0	15018.0
200	3517.6666666666665	199.0	16345.0
210	3731.8333333333335	96.0	14879.0
220	3409.0	125.0	14523.0
230	3485.0	87.0	12334.0
240	3545.6666666666665	133.0	12946.0
250	3497.1666666666665	145.0	12679.0
260	3177.1666666666665	140.0	15124.0
270	3494.5	154.0	13653.0
280	3386.0	137.0	11862.0
290	3706.5	157.0	13035.0
300	3852.0	161.0	14177.0
310	3776.8333333333335	177.0	15248.0
320	3817.1666666666665	138.0	13613.0
330	3583.8333333333335	165.0	12476.0
340	3869.8333333333335	151.0	13172.0
350	3559.1666666666665	202.0	16650.0
360	3568.5	142.0	13071.0
370	3828.8333333333335	154.0	12746.0
380	3727.5	185.0	13861.0
390	3402.0	173.0	14611.0
400	3600.0	233.0	15236.0
410	3866.3333333333335	141.0	12736.0
420	3783.3333333333335	216.0	14495.0
430	3813.3333333333335	138.0	9730.0
440	3662.6666666666665	169.0	13624.0
450	3750.5	175.0	14334.0
460	3773.8333333333335	222.0	15016.0
470	4094.1666666666665	209.0	15837.0
480	3609.0	195.0	15751.0
490	3874.0	188.0	15355.0
500	3659.3333333333335	161.0	12947.0
510	3806.6666666666665	168.0	13116.0
520	3927.1666666666665	167.0	13993.0
530	3877.5	153.0	10985.0
540	3692.8333333333335	219.0	14152.0
550	3721.1666666666665	177.0	13162.0
560	3865.0	211.0	16351.0
570	3153.6666666666665	219.0	14768.0
580	3566.1666666666665	190.0	15554.0
590	3562.8333333333335	197.0	14267.0
600	3755.8333333333335	175.0	13796.0
610	4019.1666666666665	151.0	12596.0
620	3518.5	158.0	14178.0
630	4019.5	243.0	16780.0
640	3942.1666666666665	200.0	14606.0
650	3632.6666666666665	178.0	13150.0
660	3478.6666666666665	188.0	14872.0
670	3532.8333333333335	201.0	14971.0
680	3791.5	213.0	16921.0
690	3516.3333333333335	166.0	10133.0
700	3673.3333333333335	210.0	15168.0
710	4054.0	216.0	15346.0
720	3990.3333333333335	167.0	12440.0
730	3669.8333333333335	155.0	9954.0
740	3791.5	222.0	14417.0
750	3556.1666666666665	208.0	16554.0
760	3553.5	170.0	11423.0
770	3656.1666666666665	225.0	16791.0
780	3781.5	222.0	15345.0
790	3616.5	230.0	15916.0
800	3564.1666666666665	169.0	13704.0
810	3448.3333333333335	263.0	16599.0
820	3792.1666666666665	170.0	11787.0
830	3597.8333333333335	215.0	14747.0
840	3600.5	182.0	13625.0
850	3490.1666666666665	271.0	16292.0
860	4027.6666666666665	233.0	16119.0
870	3761.0	207.0	12861.0
880	3679.6666666666665	172.0	12537.0
890	3889.6666666666665	189.0	12771.0
900	3888.5	179.0	13673.0
910	4064.6666666666665	205.0	14298.0
920	4046.1666666666665	214.0	13548.0
930	3892.6666666666665	189.0	13890.0
940	3857.0	208.0	15100.0
950	3847.5	200.0	14188.0
960	3789.8333333333335	216.0	14499.0
970	3567.1666666666665	239.0	14530.0
980	3564.8333333333335	192.0	13261.0
990	3550.6666666666665	217.0	12780.0
1000	3733.8333333333335	207.0	13522.0
