0	254.66666666666666	0.0	0.0
10	2156.6666666666665	0.0	7037.0
20	1949.8333333333333	139.0	9305.0
30	1674.8333333333333	745.0	13908.0
40	2029.8333333333333	1326.0	13134.0
50	2055.3333333333335	1423.0	12601.0
60	1856.1666666666667	1989.0	14782.0
70	2199.8333333333335	1942.0	15453.0
80	2143.6666666666665	2513.0	19123.0
90	2056.0	1748.0	14106.0
100	1965.8333333333333	2065.0	15644.0
110	2185.3333333333335	1973.0	16980.0
120	2306.0	1990.0	14875.0
130	2313.8333333333335	1410.0	15928.0
140	2511.0	1469.0	15102.0
150	2476.5	967.0	13944.0
160	3139.6666666666665	858.0	14460.0
170	3093.1666666666665	742.0	15542.0
180	3591.1666666666665	495.0	16752.0
190	2810.1666666666665	351.0	15763.0
200	3337.6666666666665	351.0	16992.0
210	2842.6666666666665	283.0	14663.0
220	3281.3333333333335	215.0	11963.0
230	3728.1666666666665	257.0	15168.0
240	3823.6666666666665	210.0	11052.0
250	3292.8333333333335	285.0	15964.0
260	3729.0	245.0	14576.0
270	3659.3333333333335	246.0	14909.0
280	3964.1666666666665	295.0	17343.0
290	4000.6666666666665	267.0	16064.0
300	3865.0	182.0	11320.0
310	3584.6666666666665	267.0	15767.0
320	3769.5	230.0	12747.0
330	3789.6666666666665	333.0	15622.0
340	3772.8333333333335	272.0	14879.0
350	3541.0	272.0	15628.0
360	3667.1666666666665	266.0	14486.0
370	3695.0	230.0	12945.0
380	3771.6666666666665	280.0	14999.0
390	3326.8333333333335	322.0	16357.0
400	3886.5	277.0	15987.0
410	3492.0	317.0	15870.0
420	3806.3333333333335	205.0	11640.0
430	3872.1666666666665	319.0	16131.0
440	3888.5	316.0	15625.0
450	3747.6666666666665	284.0	13094.0
460	3621.8333333333335	295.0	15093.0
470	3681.0	195.0	11089.0
480	3874.8333333333335	265.0	15322.0
490	3872.0	319.0	15762.0
500	4010.3333333333335	282.0	15908.0
510	3891.5	286.0	15675.0
520	3749.5	359.0	18891.0
530	4051.1666666666665	276.0	14730.0
540	3296.5	293.0	15491.0
550	3776.3333333333335	274.0	14816.0
560	3518.1666666666665	314.0	15767.0
570	3906.5	357.0	16961.0
580	4062.6666666666665	228.0	11984.0
590	3736.6666666666665	274.0	15079.0
600	3669.8333333333335	253.0	13848.0
610	3617.6666666666665	245.0	13197.0
620	3855.6666666666665	312.0	16128.0
630	3575.3333333333335	279.0	14118.0
640	3830.0	252.0	13501.0
650	3971.8333333333335	314.0	16281.0
660	3871.8333333333335	245.0	13823.0
670	3787.1666666666665	350.0	16993.0
680	3592.6666666666665	303.0	15282.0
690	3749.0	323.0	14501.0
700	3787.1666666666665	290.0	13369.0
710	3900.0	351.0	17338.0
720	3838.5	281.0	13526.0
730	3945.8333333333335	241.0	13159.0
740	4057.6666666666665	304.0	16509.0
750	3885.5	260.0	14350.0
760	3752.0	383.0	18147.0
770	3666.1666666666665	273.0	13915.0
780	3595.6666666666665	275.0	14314.0
790	3734.8333333333335	272.0	13112.0
800	3942.1666666666665	338.0	17500.0
810	4204.166666666667	237.0	12482.0
820	3961.1666666666665	237.0	12312.0
830	3578.1666666666665	261.0	13132.0
840	3966.5	296.0	14450.0
850	3657.1666666666665	318.0	15641.0
860	3849.8333333333335	230.0	12770.0
870	3979.5	256.0	14287.0
880	3827.3333333333335	293.0	14408.0
890	3965.0	286.0	14828.0
900	3726.3333333333335	310.0	16221.0
910	3776.5	349.0	14199.0
920	3983.8333333333335	360.0	17678.0
930	3684.3333333333335	344.0	16635.0
940	3974.0	233.0	10821.0
950	3850.1666666666665	267.0	11063.0
960	3848.0	324.0	15062.0
970	3964.1666666666665	284.0	12468.0
980	3788.1666666666665	285.0	14934.0
990	3562.1666666666665	331.0	16345.0
1000	3750.6666666666665	327.0	17016.0
