0	286.0	0.0	0.0
10	2101.5	0.0	7351.0
20	2038.3333333333333	111.0	9577.0
30	2007.6666666666667	764.0	12117.0
40	1720.6666666666667	1840.0	18587.0
50	1871.6666666666667	1976.0	17472.0
60	1801.0	1508.0	12544.0
70	2162.5	2106.0	15322.0
80	2114.5	2244.0	16472.0
90	2089.1666666666665	2193.0	16506.0
100	2015.6666666666667	2529.0	17813.0
110	2248.1666666666665	2327.0	17733.0
120	2107.6666666666665	2215.0	17701.0
130	2262.1666666666665	1827.0	16830.0
140	2738.6666666666665	1839.0	17155.0
150	2709.5	1540.0	16918.0
160	2807.3333333333335	983.0	13253.0
170	3595.0	885.0	16364.0
180	3545.0	459.0	17152.0
190	3215.8333333333335	240.0	13752.0
200	3660.3333333333335	326.0	15698.0
210	3185.1666666666665	276.0	13317.0
220	3275.1666666666665	345.0	15525.0
230	3350.6666666666665	319.0	17571.0
240	3857.3333333333335	274.0	14297.0
250	3937.5	268.0	15282.0
260	3517.0	339.0	16255.0
270	3716.3333333333335	290.0	16477.0
280	3641.1666666666665	278.0	14737.0
290	4160.0	245.0	13266.0
300	3900.0	295.0	17085.0
310	3487.6666666666665	264.0	15206.0
320	3954.0	320.0	16100.0
330	4121.0	294.0	15448.0
340	3659.0	219.0	13001.0
350	3976.5	258.0	15303.0
360	3678.1666666666665	286.0	17645.0
370	4004.5	332.0	17986.0
380	4116.5	252.0	14120.0
390	3786.8333333333335	289.0	16454.0
400	3658.0	314.0	17269.0
410	3891.6666666666665	260.0	14590.0
420	3551.8333333333335	288.0	13133.0
430	3844.8333333333335	342.0	18367.0
440	3566.1666666666665	283.0	15158.0
450	3534.3333333333335	313.0	16342.0
460	3603.5	295.0	14591.0
470	3758.1666666666665	285.0	14718.0
480	3850.5	274.0	15120.0
490	3570.6666666666665	307.0	16647.0
500	3983.3333333333335	258.0	12274.0
510	3885.1666666666665	232.0	12985.0
520	3564.8333333333335	311.0	15514.0
530	3861.6666666666665	255.0	13969.0
540	3901.8333333333335	261.0	13918.0
550	3543.3333333333335	246.0	14120.0
560	3373.0	323.0	15797.0
570	3837.3333333333335	327.0	17114.0
580	3879.6666666666665	307.0	16173.0
590	3956.3333333333335	292.0	12910.0
600	4142.333333333333	255.0	14408.0
610	3867.6666666666665	288.0	15500.0
620	4122.666666666667	339.0	15109.0
630	3595.1666666666665	300.0	15266.0
640	3541.5	275.0	14404.0
650	3875.5	306.0	16254.0
660	3965.1666666666665	258.0	13485.0
670	3889.5	254.0	14071.0
680	3613.3333333333335	270.0	13497.0
690	3568.1666666666665	253.0	13987.0
700	4173.166666666667	275.0	15386.0
710	3976.5	312.0	16303.0
720	3843.6666666666665	278.0	13762.0
730	4016.0	300.0	13998.0
740	3774.0	357.0	17885.0
750	3257.8333333333335	297.0	13571.0
760	4053.8333333333335	325.0	15883.0
770	3734.0	312.0	15321.0
780	3609.5	276.0	13842.0
790	3633.6666666666665	299.0	13859.0
800	4034.5	309.0	15991.0
810	3722.3333333333335	297.0	16135.0
820	3619.8333333333335	329.0	17100.0
830	3931.8333333333335	294.0	13648.0
840	3827.0	301.0	13286.0
850	3730.8333333333335	276.0	13986.0
860	3630.5	293.0	14122.0
870	3704.5	278.0	13029.0
880	3997.6666666666665	390.0	18369.0
890	3552.0	257.0	13746.0
900	3476.0	289.0	13343.0
910	3642.3333333333335	305.0	14373.0
920	3615.6666666666665	226.0	12868.0
930	3488.0	347.0	17662.0
940	3992.3333333333335	315.0	15819.0
950	3941.6666666666665	363.0	16492.0
960	3358.0	283.0	14013.0
970	3640.8333333333335	282.0	14458.0
980	3932.8333333333335	350.0	16474.0
990	3624.8333333333335	281.0	13280.0
1000	3845.8333333333335	389.0	16819.0
