0	260.6666666666667	0.0	0.0
10	2006.0	0.0	7799.0
20	1957.5	130.0	10568.0
30	1677.3333333333333	471.0	9753.0
40	2073.0	1442.0	16277.0
50	1968.1666666666667	1491.0	14655.0
60	1622.6666666666667	1341.0	12838.0
70	2043.3333333333333	1715.0	13802.0
80	2091.8333333333335	1701.0	15692.0
90	2206.3333333333335	2095.0	14423.0
100	1911.6666666666667	2616.0	18571.0
110	2350.8333333333335	1977.0	14068.0
120	2467.3333333333335	1971.0	15716.0
130	2159.0	2111.0	16536.0
140	2128.6666666666665	1301.0	13732.0
150	1978.3333333333333	1779.0	16138.0
160	2803.6666666666665	1239.0	14233.0
170	2999.1666666666665	1424.0	17322.0
180	3346.5	726.0	16229.0
190	3329.5	556.0	17935.0
200	3061.3333333333335	241.0	11463.0
210	4026.5	355.0	16341.0
220	3615.3333333333335	309.0	16656.0
230	3300.6666666666665	310.0	16293.0
240	3881.6666666666665	234.0	14091.0
250	3460.8333333333335	279.0	15164.0
260	4039.1666666666665	288.0	14708.0
270	3705.8333333333335	299.0	16051.0
280	3562.1666666666665	295.0	15751.0
290	3604.6666666666665	314.0	17480.0
300	3566.0	265.0	14423.0
310	3572.0	239.0	14247.0
320	3070.0	274.0	15795.0
330	3892.5	281.0	15290.0
340	3852.1666666666665	283.0	14407.0
350	3832.0	284.0	16688.0
360	3917.1666666666665	267.0	16310.0
370	3686.1666666666665	240.0	12409.0
380	3951.1666666666665	304.0	15826.0
390	3762.8333333333335	176.0	11230.0
400	3959.8333333333335	218.0	11888.0
410	3569.3333333333335	271.0	15429.0
420	3901.8333333333335	248.0	12860.0
430	3907.0	310.0	15129.0
440	3770.8333333333335	281.0	16329.0
450	3883.3333333333335	296.0	14106.0
460	3919.5	269.0	14856.0
470	3369.8333333333335	257.0	13514.0
480	3858.3333333333335	288.0	14119.0
490	3720.3333333333335	261.0	13448.0
500	3434.8333333333335	213.0	12399.0
510	3485.0	295.0	17548.0
520	3614.3333333333335	307.0	15827.0
530	3537.3333333333335	263.0	13675.0
540	3525.6666666666665	263.0	13674.0
550	3774.8333333333335	286.0	15377.0
560	3900.8333333333335	294.0	16588.0
570	3727.5	283.0	14508.0
580	3767.6666666666665	243.0	13259.0
590	3564.8333333333335	174.0	10963.0
600	3604.6666666666665	280.0	13226.0
610	3563.6666666666665	294.0	14004.0
620	3833.1666666666665	316.0	15799.0
630	3513.0	319.0	17648.0
640	3795.1666666666665	307.0	14324.0
650	3878.1666666666665	251.0	13513.0
660	3606.3333333333335	319.0	15806.0
670	3749.0	284.0	14155.0
680	3583.6666666666665	281.0	13489.0
690	3487.8333333333335	278.0	14071.0
700	3913.5	311.0	14801.0
710	3573.3333333333335	232.0	12868.0
720	3677.0	315.0	14355.0
730	3842.8333333333335	305.0	16470.0
740	3853.8333333333335	292.0	15883.0
750	3837.8333333333335	250.0	12336.0
760	3886.0	322.0	15819.0
770	3435.6666666666665	286.0	15800.0
780	3711.5	281.0	13545.0
790	4060.5	309.0	16932.0
800	3858.8333333333335	293.0	15196.0
810	3963.5	355.0	17820.0
820	3706.3333333333335	392.0	17452.0
830	4037.8333333333335	363.0	18848.0
840	3526.3333333333335	311.0	15912.0
850	3707.0	295.0	15086.0
860	3821.1666666666665	263.0	13050.0
870	3893.3333333333335	283.0	15137.0
880	3759.6666666666665	306.0	14308.0
890	3811.8333333333335	295.0	14260.0
900	3687.1666666666665	270.0	13442.0
910	3969.5	334.0	15820.0
920	3698.5	346.0	17060.0
930	3723.0	275.0	14225.0
940	4124.166666666667	280.0	12110.0
950	3862.6666666666665	303.0	13325.0
960	4082.8333333333335	348.0	15450.0
970	3975.1666666666665	230.0	11499.0
980	4011.5	286.0	13388.0
990	3792.0	390.0	17583.0
1000	3594.6666666666665	325.0	16565.0
