0	246.33333333333334	0.0	0.0
10	2057.1666666666665	0.0	8999.0
20	1753.3333333333333	312.0	12773.0
30	1883.0	984.0	13595.0
40	1673.3333333333333	1590.0	16428.0
50	1964.3333333333333	1561.0	16726.0
60	2015.6666666666667	1006.0	10157.0
70	2023.0	1834.0	15114.0
80	1504.6666666666667	1661.0	15144.0
90	2341.3333333333335	1872.0	16534.0
100	2274.6666666666665	2118.0	17387.0
110	2321.0	2054.0	17847.0
120	2350.0	1963.0	18416.0
130	2404.8333333333335	1419.0	15010.0
140	2518.3333333333335	1226.0	14641.0
150	2756.0	1278.0	16513.0
160	2559.0	1027.0	16634.0
170	3251.3333333333335	620.0	12077.0
180	3190.8333333333335	384.0	11920.0
190	3599.3333333333335	364.0	16991.0
200	3682.0	294.0	13571.0
210	3357.3333333333335	323.0	15985.0
220	3406.3333333333335	343.0	18388.0
230	3757.8333333333335	309.0	15637.0
240	3512.8333333333335	287.0	14050.0
250	3317.6666666666665	321.0	15518.0
260	3528.3333333333335	266.0	14695.0
270	3465.3333333333335	293.0	16065.0
280	3616.8333333333335	331.0	17023.0
290	3666.1666666666665	314.0	16173.0
300	3911.8333333333335	230.0	13607.0
310	3738.6666666666665	228.0	12342.0
320	3835.5	288.0	14367.0
330	3737.0	288.0	15686.0
340	3419.5	278.0	15484.0
350	3663.8333333333335	313.0	15631.0
360	3815.6666666666665	286.0	15535.0
370	3718.6666666666665	276.0	14285.0
380	3863.1666666666665	292.0	16109.0
390	3513.0	275.0	15428.0
400	3824.0	302.0	16369.0
410	4226.166666666667	264.0	14484.0
420	3864.6666666666665	238.0	13974.0
430	3682.8333333333335	240.0	12457.0
440	3549.5	289.0	14170.0
450	3962.8333333333335	346.0	17774.0
460	3675.1666666666665	220.0	12558.0
470	3725.0	254.0	13390.0
480	4034.0	274.0	14038.0
490	3612.8333333333335	255.0	13806.0
500	3811.3333333333335	300.0	16141.0
510	3626.3333333333335	373.0	18765.0
520	3795.8333333333335	251.0	11430.0
530	3791.1666666666665	249.0	12409.0
540	3953.5	314.0	16155.0
550	4150.333333333333	318.0	15767.0
560	3604.0	221.0	11235.0
570	3585.1666666666665	354.0	16656.0
580	3715.5	275.0	12513.0
590	3614.6666666666665	301.0	14071.0
600	3977.8333333333335	277.0	15372.0
610	3687.0	279.0	16211.0
620	3756.8333333333335	282.0	14191.0
630	3813.5	283.0	14713.0
640	3690.6666666666665	349.0	15736.0
650	3891.0	288.0	13185.0
660	3770.5	292.0	14355.0
670	3878.6666666666665	336.0	16298.0
680	3894.0	214.0	12605.0
690	3571.6666666666665	274.0	13923.0
700	3503.0	287.0	15001.0
710	3892.0	234.0	11194.0
720	3513.8333333333335	219.0	12431.0
730	3817.1666666666665	302.0	16019.0
740	3794.5	284.0	13625.0
750	3873.6666666666665	312.0	16098.0
760	3731.5	271.0	12246.0
770	3847.6666666666665	331.0	16853.0
780	3830.0	310.0	15063.0
790	3671.1666666666665	315.0	15801.0
800	3628.0	302.0	14242.0
810	3725.1666666666665	282.0	14988.0
820	3575.8333333333335	278.0	15150.0
830	3895.0	302.0	14046.0
840	3899.0	317.0	14121.0
850	4123.833333333333	276.0	12155.0
860	3923.8333333333335	339.0	17387.0
870	3583.0	249.0	14022.0
880	3500.1666666666665	253.0	12378.0
890	3788.5	305.0	15619.0
900	3533.1666666666665	295.0	15170.0
910	3719.8333333333335	343.0	16434.0
920	3743.5	292.0	14149.0
930	3973.3333333333335	197.0	11426.0
940	3735.5	267.0	14937.0
950	3870.8333333333335	302.0	14846.0
960	3941.5	303.0	14701.0
970	4074.6666666666665	265.0	13384.0
980	3836.6666666666665	318.0	15125.0
990	4032.1666666666665	269.0	12904.0
1000	3921.1666666666665	353.0	16838.0
