0	269.3333333333333	0.0	0.0
10	1992.5	0.0	7956.0
20	1872.5	105.0	8058.0
30	1879.5	693.0	12445.0
40	1824.8333333333333	1460.0	13707.0
50	2014.5	1971.0	16322.0
60	1977.1666666666667	2380.0	17937.0
70	2194.6666666666665	2271.0	17150.0
80	1997.0	2058.0	15763.0
90	1987.8333333333333	1964.0	14379.0
100	2654.6666666666665	2343.0	19027.0
110	2044.5	1808.0	15587.0
120	2232.8333333333335	1337.0	13619.0
130	2368.3333333333335	1285.0	13560.0
140	2773.0	1098.0	14466.0
150	2912.0	761.0	14623.0
160	3403.0	578.0	17334.0
170	3242.6666666666665	380.0	13843.0
180	3338.8333333333335	221.0	10071.0
190	3287.8333333333335	367.0	15614.0
200	3780.8333333333335	295.0	15377.0
210	3349.0	205.0	11006.0
220	3682.6666666666665	266.0	16645.0
230	3693.8333333333335	291.0	16135.0
240	3473.1666666666665	254.0	14844.0
250	3392.3333333333335	210.0	13167.0
260	3563.0	226.0	13508.0
270	3682.8333333333335	200.0	12220.0
280	3608.8333333333335	232.0	12865.0
290	3781.0	279.0	14862.0
300	3745.6666666666665	212.0	13379.0
310	3651.6666666666665	189.0	11672.0
320	3793.5	260.0	12966.0
330	3704.5	266.0	15566.0
340	3649.0	289.0	17443.0
350	3556.1666666666665	264.0	13800.0
360	3853.3333333333335	283.0	13564.0
370	3955.1666666666665	318.0	17017.0
380	3574.6666666666665	281.0	16402.0
390	3404.6666666666665	286.0	14034.0
400	3837.8333333333335	263.0	15302.0
410	3713.1666666666665	241.0	13412.0
420	3477.3333333333335	253.0	15238.0
430	3580.6666666666665	320.0	16191.0
440	3359.8333333333335	280.0	13146.0
450	2947.3333333333335	277.0	15535.0
460	3567.6666666666665	313.0	16495.0
470	3765.3333333333335	329.0	17209.0
480	3834.6666666666665	227.0	12884.0
490	3936.5	293.0	15652.0
500	3336.5	320.0	15348.0
510	4029.5	267.0	13419.0
520	3688.6666666666665	307.0	15370.0
530	3871.6666666666665	302.0	17135.0
540	3678.3333333333335	267.0	12958.0
550	3925.8333333333335	302.0	15709.0
560	3663.0	256.0	13704.0
570	3843.3333333333335	325.0	17226.0
580	3835.8333333333335	294.0	15670.0
590	4042.1666666666665	282.0	13607.0
600	3732.0	338.0	16287.0
610	3900.0	242.0	13255.0
620	3700.6666666666665	326.0	16815.0
630	3540.0	277.0	15609.0
640	3634.6666666666665	314.0	16097.0
650	3784.1666666666665	348.0	17300.0
660	3970.1666666666665	332.0	16141.0
670	3912.6666666666665	287.0	15153.0
680	3762.8333333333335	299.0	17896.0
690	3400.3333333333335	232.0	10760.0
700	3571.8333333333335	292.0	14749.0
710	3835.8333333333335	330.0	17593.0
720	3695.1666666666665	294.0	15078.0
730	3677.0	231.0	12740.0
740	3838.0	254.0	13599.0
750	3515.0	229.0	12339.0
760	3701.1666666666665	323.0	15847.0
770	3807.3333333333335	292.0	14784.0
780	3694.0	275.0	14176.0
790	4052.3333333333335	266.0	12176.0
800	3256.5	296.0	14517.0
810	3857.1666666666665	300.0	15189.0
820	4013.1666666666665	197.0	10916.0
830	3608.8333333333335	280.0	14144.0
840	4071.5	277.0	16534.0
850	3795.6666666666665	323.0	15807.0
860	3791.8333333333335	300.0	14271.0
870	3550.5	297.0	14534.0
880	3611.6666666666665	357.0	16777.0
890	3476.0	281.0	13437.0
900	3790.6666666666665	333.0	16510.0
910	3498.1666666666665	301.0	14462.0
920	3802.6666666666665	289.0	14048.0
930	3972.6666666666665	303.0	15683.0
940	3637.1666666666665	265.0	12658.0
950	3683.6666666666665	298.0	15216.0
960	3754.5	308.0	14168.0
970	3651.5	280.0	16808.0
980	3878.1666666666665	280.0	12536.0
990	3584.8333333333335	309.0	16749.0
1000	3664.1666666666665	331.0	15934.0
