0	2824.0	0.0	0.0	0.0
10	2137.75	71.0	6905.0	8330.0
20	2176.75	133.0	8974.0	10880.0
30	2539.75	88.0	10503.0	12759.0
40	2114.25	192.0	10790.0	13077.0
50	2724.0	128.0	8886.0	10988.0
60	3134.5	40.0	8646.0	11188.0
70	2947.5	58.0	9825.0	12102.0
80	2595.75	71.0	10689.0	12971.0
90	3119.0	60.0	9368.0	11166.0
100	2650.75	29.0	7341.0	8527.0
110	3778.0	46.0	11493.0	14037.0
120	3522.25	34.0	9748.0	12204.0
130	3128.25	27.0	9030.0	10987.0
140	3822.5	23.0	5209.0	10789.0
150	3309.25	0.0	0.0	12105.0
160	3491.0	0.0	0.0	13745.0
170	3520.0	0.0	0.0	9938.0
180	3563.25	0.0	0.0	10263.0
190	4024.75	0.0	0.0	9644.0
200	3937.5	0.0	0.0	7788.0
210	3757.0	0.0	0.0	14102.0
220	3768.5	0.0	0.0	9887.0
230	3746.5	0.0	0.0	11346.0
240	3500.75	0.0	0.0	10773.0
250	3599.75	0.0	0.0	12900.0
260	3636.5	0.0	0.0	12515.0
270	3919.75	0.0	0.0	10978.0
280	3437.5	0.0	0.0	10508.0
290	3864.0	0.0	0.0	11609.0
300	2325.0	0.0	0.0	12513.0
310	3969.0	0.0	0.0	10947.0
320	3889.0	0.0	0.0	12788.0
330	3776.0	0.0	0.0	10065.0
340	3995.5	0.0	0.0	9465.0
350	3717.5	0.0	0.0	10217.0
360	3751.5	0.0	0.0	11125.0
370	3698.5	0.0	0.0	11326.0
380	3838.75	0.0	0.0	12654.0
390	3763.75	0.0	0.0	10889.0
400	3926.5	0.0	0.0	9347.0
410	3694.0	0.0	0.0	13261.0
420	4074.0	0.0	0.0	10989.0
430	3862.25	0.0	0.0	12083.0
440	3773.0	0.0	0.0	10829.0
450	3572.25	0.0	0.0	9334.0
460	3218.0	0.0	0.0	11789.0
470	3928.75	0.0	0.0	7734.0
480	3819.5	0.0	0.0	13785.0
490	3795.25	0.0	0.0	10461.0
500	3614.75	0.0	0.0	11730.0
510	3575.25	0.0	0.0	9415.0
520	3382.5	0.0	0.0	9287.0
530	4057.25	0.0	0.0	11866.0
540	3901.5	0.0	0.0	10534.0
550	3833.5	0.0	0.0	10396.0
560	3546.0	0.0	0.0	10857.0
570	3682.75	0.0	0.0	11606.0
580	4065.5	0.0	0.0	9013.0
590	3698.25	0.0	0.0	10573.0
600	3583.5	0.0	0.0	10159.0
610	3971.5	0.0	0.0	11241.0
620	3667.5	0.0	0.0	10757.0
630	3815.0	0.0	0.0	9618.0
640	3847.75	0.0	0.0	11603.0
650	3309.25	0.0	0.0	7617.0
660	3685.25	0.0	0.0	14966.0
670	4085.0	0.0	0.0	12127.0
680	3606.25	0.0	0.0	12887.0
690	3765.5	0.0	0.0	9545.0
700	3710.5	0.0	0.0	6979.0
710	3970.25	0.0	0.0	10312.0
720	3824.0	0.0	0.0	11795.0
730	3785.0	0.0	0.0	9352.0
740	3751.5	0.0	0.0	11812.0
750	3964.75	0.0	0.0	8937.0
760	3734.75	0.0	0.0	11424.0
770	3899.25	0.0	0.0	10039.0
780	3762.25	0.0	0.0	12077.0
790	3845.5	0.0	0.0	13816.0
800	3457.25	0.0	0.0	12611.0
