0	1423.3333333333333	0.0	0.0
10	2303.5	1682.0	19835.0
20	2437.3333333333335	1417.0	19458.0
30	2465.1666666666665	1640.0	20000.0
40	2448.6666666666665	1530.0	19660.0
50	2485.8333333333335	1468.0	19993.0
60	2739.5	1460.0	19647.0
70	2717.8333333333335	803.0	20000.0
80	3020.6666666666665	0.0	20000.0
90	3214.1666666666665	0.0	20000.0
100	3331.1666666666665	0.0	20000.0
110	3376.1666666666665	0.0	19317.0
120	3383.5	0.0	19381.0
130	3252.6666666666665	0.0	19950.0
140	3371.6666666666665	0.0	19411.0
150	3613.8333333333335	0.0	19115.0
160	3610.1666666666665	0.0	19800.0
170	3497.3333333333335	0.0	18666.0
180	3483.3333333333335	0.0	19488.0
190	3530.5	0.0	18843.0
200	3475.5	0.0	19283.0
210	3596.3333333333335	0.0	19008.0
220	3369.1666666666665	0.0	18941.0
230	3684.8333333333335	0.0	18589.0
240	3795.1666666666665	0.0	19840.0
250	3862.6666666666665	0.0	19433.0
260	3725.8333333333335	0.0	19910.0
270	3813.3333333333335	0.0	19900.0
280	3813.3333333333335	0.0	19757.0
290	3791.5	0.0	19803.0
300	3724.8333333333335	0.0	19142.0
310	3865.0	0.0	20000.0
320	4007.3333333333335	0.0	18845.0
330	3968.5	0.0	19544.0
340	4029.3333333333335	0.0	19813.0
350	3944.3333333333335	0.0	20000.0
360	4027.8333333333335	0.0	19699.0
370	4043.8333333333335	0.0	19963.0
380	4079.0	0.0	19841.0
390	4054.3333333333335	0.0	19669.0
400	4126.0	0.0	20000.0
410	4131.0	0.0	19263.0
420	4010.1666666666665	0.0	19636.0
430	4034.3333333333335	0.0	19705.0
440	4113.166666666667	0.0	20000.0
450	4341.666666666667	0.0	19734.0
460	4455.0	0.0	19939.0
470	4426.333333333333	0.0	19983.0
480	4337.833333333333	0.0	19876.0
490	4243.333333333333	0.0	20000.0
500	4271.833333333333	0.0	20000.0
510	4258.333333333333	0.0	20000.0
520	4321.333333333333	0.0	19800.0
530	4232.0	0.0	20000.0
540	4118.5	0.0	20000.0
550	4284.833333333333	0.0	19908.0
560	4446.833333333333	0.0	19723.0
570	4219.333333333333	0.0	19883.0
580	4378.666666666667	0.0	19894.0
590	4453.666666666667	0.0	20000.0
600	4238.0	0.0	19927.0
610	4228.0	0.0	20000.0
620	4409.666666666667	0.0	20000.0
630	4330.333333333333	0.0	20000.0
640	4403.666666666667	0.0	20000.0
650	4320.666666666667	0.0	20000.0
660	4463.5	0.0	20000.0
670	4302.666666666667	0.0	20000.0
680	4474.166666666667	0.0	19932.0
690	4384.833333333333	0.0	19955.0
700	4303.666666666667	0.0	20000.0
710	4371.166666666667	0.0	19727.0
720	4346.666666666667	0.0	20000.0
730	4445.0	0.0	19945.0
740	4310.666666666667	0.0	20000.0
750	4370.666666666667	0.0	19906.0
760	4360.5	0.0	20000.0
770	4346.166666666667	0.0	20000.0
780	4460.166666666667	0.0	20000.0
790	4446.166666666667	0.0	20000.0
800	4343.5	0.0	20000.0
810	4344.333333333333	0.0	20000.0
820	4421.5	0.0	19984.0
830	4437.5	0.0	19846.0
840	4404.5	0.0	20000.0
850	4376.5	0.0	20000.0
860	4466.0	0.0	20000.0
870	4375.5	0.0	20000.0
880	4463.166666666667	0.0	19789.0
890	4321.833333333333	0.0	19941.0
900	4360.166666666667	0.0	20000.0
910	4436.5	0.0	20000.0
920	4531.5	0.0	20000.0
930	4414.166666666667	0.0	20000.0
940	4365.666666666667	0.0	20000.0
950	4264.833333333333	0.0	20000.0
960	4264.166666666667	0.0	20000.0
970	4085.1666666666665	0.0	20000.0
980	3992.1666666666665	0.0	20000.0
990	3855.1666666666665	0.0	20000.0
1000	3911.6666666666665	0.0	19904.0
