0	1470.0	0.0	0.0
10	2413.8333333333335	1591.0	19732.0
20	2385.3333333333335	1585.0	18997.0
30	2522.0	1388.0	19590.0
40	2445.3333333333335	1407.0	19416.0
50	2586.8333333333335	1517.0	19887.0
60	2735.6666666666665	1392.0	20000.0
70	2812.3333333333335	1120.0	19970.0
80	3037.6666666666665	0.0	20000.0
90	3058.0	0.0	19927.0
100	3273.1666666666665	0.0	20000.0
110	3210.1666666666665	0.0	19884.0
120	3247.1666666666665	0.0	19549.0
130	3461.6666666666665	0.0	19360.0
140	3420.0	0.0	18975.0
150	3393.6666666666665	0.0	19374.0
160	3447.5	0.0	19733.0
170	3493.1666666666665	0.0	19518.0
180	3528.1666666666665	0.0	19187.0
190	3628.1666666666665	0.0	19587.0
200	3622.5	0.0	19888.0
210	3634.0	0.0	19377.0
220	3709.1666666666665	0.0	19549.0
230	3570.0	0.0	19522.0
240	3753.3333333333335	0.0	19954.0
250	3784.3333333333335	0.0	19826.0
260	3739.1666666666665	0.0	19343.0
270	3820.1666666666665	0.0	19530.0
280	3788.1666666666665	0.0	19568.0
290	4022.3333333333335	0.0	18908.0
300	3742.0	0.0	20000.0
310	3902.8333333333335	0.0	19844.0
320	3859.5	0.0	19697.0
330	4033.5	0.0	19445.0
340	4070.8333333333335	0.0	19838.0
350	3964.1666666666665	0.0	19815.0
360	4039.8333333333335	0.0	19810.0
370	4080.3333333333335	0.0	20000.0
380	4077.5	0.0	20000.0
390	4137.833333333333	0.0	20000.0
400	4027.0	0.0	20000.0
410	3854.8333333333335	0.0	20000.0
420	4147.0	0.0	19505.0
430	4266.833333333333	0.0	19638.0
440	4135.333333333333	0.0	20000.0
450	4198.666666666667	0.0	19759.0
460	4247.5	0.0	20000.0
470	4198.166666666667	0.0	20000.0
480	4180.833333333333	0.0	19471.0
490	4170.833333333333	0.0	19880.0
500	4171.833333333333	0.0	20000.0
510	4249.833333333333	0.0	20000.0
520	4043.1666666666665	0.0	20000.0
530	4281.833333333333	0.0	19865.0
540	4255.5	0.0	20000.0
550	4337.5	0.0	19890.0
560	4247.5	0.0	19830.0
570	4246.833333333333	0.0	20000.0
580	4313.333333333333	0.0	20000.0
590	4286.333333333333	0.0	19945.0
600	4298.833333333333	0.0	19888.0
610	4314.333333333333	0.0	19836.0
620	4326.5	0.0	20000.0
630	4238.666666666667	0.0	20000.0
640	4306.166666666667	0.0	20000.0
650	4395.166666666667	0.0	20000.0
660	4363.5	0.0	19618.0
670	4340.166666666667	0.0	19752.0
680	4231.833333333333	0.0	19992.0
690	4312.333333333333	0.0	19953.0
700	4512.666666666667	0.0	19944.0
710	4405.333333333333	0.0	20000.0
720	4347.666666666667	0.0	19775.0
730	4510.833333333333	0.0	19829.0
740	4306.0	0.0	20000.0
750	4316.666666666667	0.0	20000.0
760	4367.0	0.0	20000.0
770	4402.833333333333	0.0	20000.0
780	4355.666666666667	0.0	20000.0
790	4458.833333333333	0.0	20000.0
800	4322.0	0.0	20000.0
810	4444.166666666667	0.0	19502.0
820	4295.5	0.0	19886.0
830	4452.666666666667	0.0	20000.0
840	4306.666666666667	0.0	20000.0
850	4407.0	0.0	19827.0
860	4413.333333333333	0.0	20000.0
870	4426.666666666667	0.0	20000.0
880	4370.333333333333	0.0	19919.0
890	4076.8333333333335	0.0	20000.0
900	4156.833333333333	0.0	19850.0
910	3976.1666666666665	0.0	19855.0
920	3942.8333333333335	0.0	19763.0
930	3673.6666666666665	0.0	20000.0
940	3944.8333333333335	0.0	20000.0
950	3825.8333333333335	0.0	19755.0
960	3766.5	0.0	19318.0
970	3851.8333333333335	0.0	19901.0
980	3682.5	0.0	20000.0
990	3795.3333333333335	0.0	20000.0
1000	3810.8333333333335	0.0	19965.0
