0	1443.3333333333333	0.0	0.0
10	2356.8333333333335	1614.0	20000.0
20	2325.0	1716.0	20000.0
30	2368.3333333333335	1390.0	19423.0
40	2458.3333333333335	1664.0	19891.0
50	2499.1666666666665	1294.0	20000.0
60	2670.5	1356.0	19754.0
70	2799.1666666666665	966.0	19703.0
80	2981.8333333333335	0.0	20000.0
90	2997.3333333333335	0.0	19819.0
100	3148.6666666666665	0.0	20000.0
110	3367.0	0.0	19383.0
120	3189.0	0.0	19991.0
130	3355.3333333333335	0.0	19732.0
140	3476.6666666666665	0.0	19898.0
150	3352.0	0.0	19483.0
160	3482.6666666666665	0.0	19140.0
170	3502.8333333333335	0.0	19026.0
180	3429.1666666666665	0.0	19879.0
190	3443.0	0.0	19368.0
200	3502.1666666666665	0.0	19645.0
210	3489.8333333333335	0.0	19661.0
220	3499.0	0.0	19212.0
230	3521.1666666666665	0.0	18436.0
240	3542.1666666666665	0.0	18629.0
250	3707.0	0.0	19357.0
260	3552.1666666666665	0.0	19502.0
270	3679.5	0.0	19644.0
280	3811.3333333333335	0.0	19217.0
290	3767.3333333333335	0.0	18924.0
300	3902.6666666666665	0.0	19410.0
310	3633.6666666666665	0.0	19530.0
320	3728.8333333333335	0.0	19711.0
330	3520.3333333333335	0.0	19960.0
340	3468.1666666666665	0.0	19321.0
350	3292.0	0.0	19910.0
360	3136.8333333333335	0.0	19807.0
370	2927.0	0.0	19794.0
380	3136.1666666666665	0.0	19563.0
390	3071.8333333333335	0.0	20000.0
400	3172.8333333333335	0.0	19969.0
410	3074.8333333333335	0.0	19336.0
420	3115.0	0.0	19322.0
430	3416.8333333333335	0.0	19206.0
440	3044.5	0.0	20000.0
450	3300.8333333333335	0.0	20000.0
460	3232.6666666666665	0.0	19048.0
470	3281.6666666666665	0.0	19685.0
480	3285.3333333333335	0.0	20000.0
490	3379.0	0.0	19848.0
500	3336.8333333333335	0.0	19878.0
510	3394.5	0.0	19313.0
520	3505.0	0.0	20000.0
530	3364.5	0.0	19703.0
540	3433.8333333333335	0.0	20000.0
550	3361.8333333333335	0.0	20000.0
560	3249.8333333333335	0.0	19634.0
570	3341.6666666666665	0.0	20000.0
580	3308.3333333333335	0.0	19916.0
590	3534.3333333333335	0.0	19884.0
600	3431.8333333333335	0.0	19810.0
610	3482.8333333333335	0.0	20000.0
620	3320.6666666666665	0.0	19061.0
630	3385.0	0.0	19749.0
640	3504.5	0.0	19592.0
650	3387.3333333333335	0.0	19660.0
660	3481.1666666666665	0.0	19204.0
670	3478.6666666666665	0.0	20000.0
680	3455.6666666666665	0.0	18773.0
690	3716.6666666666665	0.0	19677.0
700	3528.3333333333335	0.0	19659.0
710	3598.8333333333335	0.0	19521.0
720	3422.6666666666665	0.0	19821.0
730	3526.6666666666665	0.0	20000.0
740	3632.1666666666665	0.0	19595.0
750	3514.6666666666665	0.0	20000.0
760	3756.1666666666665	0.0	20000.0
770	3547.5	0.0	20000.0
780	3516.5	0.0	20000.0
790	3379.6666666666665	0.0	19596.0
800	3591.1666666666665	0.0	20000.0
810	3450.0	0.0	19609.0
820	3477.3333333333335	0.0	20000.0
830	3412.1666666666665	0.0	19764.0
840	3652.3333333333335	0.0	19879.0
850	3485.0	0.0	20000.0
860	3579.3333333333335	0.0	20000.0
870	3621.5	0.0	19852.0
880	3548.6666666666665	0.0	20000.0
890	3589.3333333333335	0.0	20000.0
900	3650.5	0.0	20000.0
910	3627.6666666666665	0.0	20000.0
920	3489.3333333333335	0.0	20000.0
930	3699.5	0.0	19447.0
940	3402.3333333333335	0.0	19918.0
950	3451.8333333333335	0.0	20000.0
960	3702.8333333333335	0.0	19432.0
970	3640.1666666666665	0.0	19613.0
980	3663.6666666666665	0.0	19909.0
990	3782.6666666666665	0.0	20000.0
1000	3610.3333333333335	0.0	19762.0
