0	224.66666666666666	0.0	0.0	0.0
10	1910.3333333333333	62.0	2185.0	8346.0
20	1985.1666666666667	96.0	1466.0	11719.0
30	2272.6666666666665	32.0	1379.0	11515.0
40	2234.3333333333335	30.0	525.0	9732.0
50	2352.8333333333335	35.0	725.0	9616.0
60	2352.3333333333335	35.0	815.0	9100.0
70	2727.3333333333335	3.0	354.0	6974.0
80	2362.5	47.0	1345.0	12382.0
90	2335.6666666666665	1.0	295.0	6932.0
100	2560.5	24.0	942.0	10696.0
110	2570.0	3.0	401.0	5896.0
120	2546.3333333333335	4.0	593.0	7367.0
130	2470.3333333333335	25.0	775.0	10492.0
140	2708.3333333333335	34.0	720.0	9235.0
150	2500.6666666666665	30.0	1114.0	12174.0
160	2333.0	20.0	720.0	9214.0
170	2329.0	19.0	609.0	9728.0
180	2503.5	34.0	944.0	11174.0
190	2223.6666666666665	7.0	376.0	6726.0
200	2592.8333333333335	14.0	464.0	7368.0
210	2699.1666666666665	17.0	984.0	13629.0
220	2691.0	15.0	635.0	8672.0
230	2236.1666666666665	0.0	365.0	7584.0
240	2622.5	28.0	724.0	11070.0
250	2341.0	16.0	609.0	9516.0
260	2750.5	18.0	234.0	5335.0
270	3262.3333333333335	16.0	625.0	9001.0
280	2769.5	19.0	509.0	8456.0
290	2841.0	0.0	488.0	8182.0
300	2464.3333333333335	5.0	563.0	10521.0
310	3000.3333333333335	5.0	757.0	12827.0
320	3321.0	6.0	557.0	9117.0
330	3364.5	2.0	799.0	11294.0
340	2735.0	14.0	741.0	13798.0
350	3521.0	0.0	536.0	8806.0
360	3636.3333333333335	0.0	687.0	9245.0
370	3764.3333333333335	1.0	659.0	9810.0
380	4062.0	0.0	848.0	9079.0
390	3821.1666666666665	0.0	876.0	9434.0
400	2955.6666666666665	0.0	876.0	11388.0
410	3311.5	4.0	731.0	9636.0
420	3366.6666666666665	1.0	1107.0	13223.0
430	3436.0	0.0	925.0	11190.0
440	3402.5	0.0	706.0	9531.0
450	3464.3333333333335	0.0	753.0	10754.0
460	3429.3333333333335	2.0	545.0	11942.0
470	2869.0	0.0	440.0	11050.0
480	3748.0	0.0	568.0	8473.0
490	3767.3333333333335	0.0	282.0	8532.0
500	3406.3333333333335	0.0	637.0	12534.0
510	3552.8333333333335	0.0	502.0	9730.0
520	3655.6666666666665	0.0	266.0	6880.0
530	3315.6666666666665	0.0	494.0	8791.0
540	3689.0	0.0	615.0	9904.0
550	3732.0	0.0	567.0	13082.0
560	3528.6666666666665	0.0	476.0	10328.0
570	2890.0	0.0	387.0	9628.0
580	3464.0	0.0	503.0	11437.0
590	3411.6666666666665	0.0	403.0	10255.0
600	3245.1666666666665	0.0	1169.0	14992.0
610	3596.8333333333335	0.0	1095.0	12984.0
620	3778.0	0.0	804.0	13402.0
630	3882.5	0.0	762.0	9623.0
640	3350.1666666666665	0.0	945.0	9328.0
650	3683.5	0.0	1318.0	12223.0
660	3452.6666666666665	0.0	1134.0	8970.0
670	3353.6666666666665	0.0	1272.0	9068.0
680	3574.1666666666665	0.0	1811.0	12069.0
690	3833.3333333333335	0.0	1367.0	11401.0
700	3888.0	0.0	1125.0	12737.0
710	3178.8333333333335	0.0	524.0	6210.0
720	3404.8333333333335	0.0	709.0	10175.0
730	3847.5	0.0	661.0	11675.0
740	3433.6666666666665	0.0	700.0	9911.0
750	3202.6666666666665	0.0	819.0	13400.0
760	3764.0	0.0	530.0	9583.0
770	3741.3333333333335	0.0	549.0	10169.0
780	3518.3333333333335	0.0	778.0	8291.0
790	3899.5	0.0	631.0	12344.0
800	3810.3333333333335	0.0	652.0	11892.0
810	3913.8333333333335	0.0	558.0	9488.0
820	3575.3333333333335	0.0	782.0	11451.0
830	3681.3333333333335	0.0	836.0	8625.0
840	3910.6666666666665	0.0	544.0	9161.0
850	3855.5	0.0	522.0	11170.0
860	4041.3333333333335	0.0	609.0	9777.0
870	3790.5	0.0	640.0	9579.0
880	3725.0	0.0	413.0	8611.0
890	3378.6666666666665	0.0	301.0	6551.0
900	3404.6666666666665	0.0	395.0	9113.0
910	3884.6666666666665	0.0	918.0	13067.0
920	4074.1666666666665	0.0	410.0	7879.0
930	3743.0	0.0	290.0	7105.0
940	3837.8333333333335	0.0	391.0	8025.0
950	3123.6666666666665	0.0	452.0	9397.0
960	3423.5	0.0	447.0	9668.0
970	3778.0	0.0	620.0	11006.0
980	3845.8333333333335	0.0	520.0	10302.0
990	3755.3333333333335	0.0	479.0	9575.0
1000	3583.6666666666665	0.0	559.0	10721.0
