0	2316.3333333333335	0.0	0.0	0.0
10	2108.8333333333335	1000.0	4090.0	11638.0
20	2210.0	0.0	0.0	7128.0
30	2241.3333333333335	0.0	0.0	7291.0
40	2291.5	0.0	0.0	7811.0
50	2396.1666666666665	0.0	0.0	10997.0
60	2379.3333333333335	0.0	0.0	9569.0
70	2208.0	0.0	0.0	5846.0
80	2441.8333333333335	0.0	0.0	9158.0
90	2682.3333333333335	0.0	0.0	7535.0
100	2021.8333333333333	0.0	0.0	8563.0
110	2720.8333333333335	0.0	0.0	10016.0
120	2559.3333333333335	0.0	0.0	7374.0
130	2463.3333333333335	0.0	0.0	8438.0
140	2113.1666666666665	0.0	0.0	8241.0
150	2814.3333333333335	0.0	0.0	7009.0
160	2865.6666666666665	0.0	0.0	11986.0
170	2724.0	0.0	0.0	8827.0
180	2949.0	0.0	0.0	8206.0
190	2446.0	0.0	0.0	9878.0
200	2782.5	0.0	0.0	9191.0
210	2346.5	0.0	0.0	7958.0
220	2526.0	0.0	0.0	9633.0
230	2665.6666666666665	0.0	0.0	7495.0
240	2620.0	0.0	0.0	9439.0
250	2440.1666666666665	0.0	0.0	6922.0
260	2945.8333333333335	0.0	0.0	7797.0
270	2711.8333333333335	0.0	0.0	8001.0
280	2862.3333333333335	0.0	0.0	8139.0
290	3415.8333333333335	0.0	0.0	10104.0
300	2967.5	0.0	0.0	5850.0
310	2302.8333333333335	0.0	0.0	7734.0
320	3282.1666666666665	0.0	0.0	9218.0
330	2810.1666666666665	0.0	0.0	8098.0
340	2677.3333333333335	0.0	0.0	10461.0
350	2901.0	0.0	0.0	10431.0
360	3116.0	0.0	0.0	6573.0
370	2669.6666666666665	0.0	0.0	8984.0
380	2891.5	0.0	0.0	10243.0
390	3361.5	0.0	0.0	10526.0
400	3325.6666666666665	0.0	0.0	8669.0
410	2722.6666666666665	0.0	0.0	8838.0
420	3004.3333333333335	0.0	0.0	9141.0
430	3099.0	0.0	0.0	5928.0
440	3074.0	0.0	0.0	9859.0
450	2982.3333333333335	0.0	0.0	12154.0
460	2872.6666666666665	0.0	0.0	12191.0
470	3754.1666666666665	0.0	0.0	9060.0
480	3155.0	0.0	0.0	9124.0
490	3451.0	0.0	0.0	9885.0
500	3076.5	0.0	0.0	9979.0
510	2961.3333333333335	0.0	0.0	11101.0
520	3380.8333333333335	0.0	0.0	9234.0
530	4126.0	0.0	0.0	10509.0
540	3863.1666666666665	0.0	0.0	12896.0
550	3516.0	0.0	0.0	12205.0
560	3887.8333333333335	0.0	0.0	10463.0
570	3438.6666666666665	0.0	0.0	10767.0
580	3744.6666666666665	0.0	0.0	11000.0
590	3571.5	0.0	0.0	7096.0
600	3198.8333333333335	0.0	0.0	10237.0
610	3810.6666666666665	0.0	0.0	7919.0
620	3312.1666666666665	0.0	0.0	9819.0
630	3846.0	0.0	0.0	9872.0
640	3632.8333333333335	0.0	0.0	10061.0
650	3754.3333333333335	0.0	0.0	12985.0
660	3822.8333333333335	0.0	0.0	12615.0
670	3879.1666666666665	0.0	0.0	11412.0
680	3972.3333333333335	0.0	0.0	9914.0
690	3882.8333333333335	0.0	0.0	7955.0
700	3865.5	0.0	0.0	13893.0
710	3850.1666666666665	0.0	0.0	10852.0
720	3812.8333333333335	0.0	0.0	13237.0
730	3869.0	0.0	0.0	11207.0
740	3582.5	0.0	0.0	10228.0
750	4061.5	0.0	0.0	11148.0
760	3807.6666666666665	0.0	0.0	10743.0
770	3500.0	0.0	0.0	11916.0
780	3975.6666666666665	0.0	0.0	11307.0
790	3755.0	0.0	0.0	9855.0
800	3640.1666666666665	0.0	0.0	8151.0
