0	2052.3333333333335	0.0	0.0	0.0
10	2196.3333333333335	39.0	4228.0	8958.0
20	2337.1666666666665	7.0	4334.0	8757.0
30	2390.3333333333335	61.0	5167.0	10840.0
40	2355.5	31.0	4185.0	8460.0
50	2556.1666666666665	55.0	5545.0	11272.0
60	2467.1666666666665	32.0	5143.0	10422.0
70	2528.8333333333335	40.0	4247.0	8618.0
80	2619.0	56.0	4925.0	10387.0
90	2465.6666666666665	83.0	4569.0	9462.0
100	2675.1666666666665	62.0	7104.0	13949.0
110	2345.8333333333335	115.0	5746.0	11193.0
120	3034.1666666666665	74.0	6647.0	13652.0
130	3071.6666666666665	40.0	5647.0	11369.0
140	2657.3333333333335	58.0	5484.0	11129.0
150	2767.0	28.0	5357.0	10882.0
160	2708.0	17.0	4210.0	8707.0
170	2605.0	15.0	4859.0	9807.0
180	3035.3333333333335	6.0	4343.0	8713.0
190	3087.6666666666665	15.0	5744.0	10949.0
200	2995.0	2.0	5745.0	11234.0
210	2924.5	10.0	7268.0	14332.0
220	3177.0	6.0	4596.0	8959.0
230	3542.1666666666665	3.0	4483.0	8928.0
240	3271.6666666666665	2.0	6562.0	12985.0
250	3892.3333333333335	4.0	5509.0	10642.0
260	3695.8333333333335	2.0	4773.0	9227.0
270	3100.8333333333335	6.0	6450.0	12580.0
280	2899.3333333333335	1.0	4990.0	9843.0
290	3565.0	13.0	5780.0	11281.0
300	3398.6666666666665	1.0	4418.0	8492.0
310	3216.3333333333335	2.0	4985.0	9866.0
320	3492.5	2.0	4898.0	9694.0
330	3804.1666666666665	0.0	6320.0	12253.0
340	3874.5	0.0	4516.0	8827.0
350	3284.5	5.0	6074.0	11482.0
360	3107.5	0.0	4466.0	8704.0
370	3507.3333333333335	4.0	4910.0	9526.0
380	3496.8333333333335	0.0	5076.0	9794.0
390	3136.5	0.0	5180.0	10049.0
400	3571.8333333333335	0.0	5637.0	10870.0
410	3416.0	0.0	6271.0	11927.0
420	3869.5	1.0	6249.0	12211.0
430	3687.3333333333335	3.0	4850.0	9440.0
440	3591.8333333333335	1.0	6701.0	13180.0
450	3809.1666666666665	1.0	4613.0	9038.0
460	3207.3333333333335	3.0	4727.0	9154.0
470	3662.0	3.0	4194.0	8161.0
480	3168.5	2.0	5289.0	10493.0
490	3848.6666666666665	1.0	6202.0	11901.0
500	3799.5	0.0	5690.0	11321.0
510	3713.1666666666665	0.0	3319.0	6445.0
520	3331.6666666666665	8.0	5329.0	10352.0
530	3634.6666666666665	1.0	4708.0	9172.0
540	3690.1666666666665	0.0	4774.0	9650.0
550	3585.1666666666665	1.0	4434.0	8720.0
560	3618.1666666666665	1.0	4803.0	9493.0
570	3774.5	0.0	6505.0	12242.0
580	3580.0	0.0	4904.0	9868.0
590	3727.1666666666665	1.0	4881.0	9466.0
600	3851.3333333333335	2.0	4652.0	9492.0
610	3474.8333333333335	0.0	5544.0	10822.0
620	4112.666666666667	2.0	6345.0	12173.0
630	3745.3333333333335	3.0	5962.0	12028.0
640	3646.8333333333335	1.0	5992.0	11570.0
650	3522.3333333333335	2.0	6084.0	11684.0
660	3682.6666666666665	3.0	5806.0	11762.0
670	3671.0	0.0	4944.0	9758.0
680	3944.3333333333335	4.0	4895.0	9811.0
690	3768.8333333333335	1.0	6383.0	11973.0
700	3576.6666666666665	2.0	6219.0	12513.0
710	3948.1666666666665	2.0	5081.0	9528.0
720	3634.5	1.0	4609.0	9197.0
730	3601.3333333333335	0.0	5291.0	10257.0
740	3829.8333333333335	4.0	6855.0	12849.0
750	3966.3333333333335	1.0	5626.0	10885.0
760	3649.3333333333335	1.0	5450.0	10404.0
770	3643.8333333333335	0.0	5438.0	10717.0
780	3794.8333333333335	0.0	5836.0	11184.0
790	3993.0	0.0	6169.0	11787.0
800	3863.6666666666665	1.0	4960.0	9647.0
