0	2908.8333333333335	0.0	0.0	0.0
10	2426.8333333333335	2.0	23.0	7365.0
20	2567.0	0.0	32.0	12479.0
30	2537.1666666666665	3.0	35.0	7375.0
40	2473.0	3.0	60.0	11356.0
50	2457.8333333333335	1.0	23.0	7682.0
60	2665.6666666666665	10.0	78.0	9113.0
70	2513.8333333333335	0.0	26.0	9356.0
80	2419.3333333333335	0.0	43.0	6040.0
90	2503.8333333333335	1.0	91.0	9211.0
100	2969.8333333333335	33.0	116.0	9935.0
110	2594.8333333333335	1.0	43.0	7432.0
120	2670.8333333333335	3.0	102.0	9504.0
130	2437.3333333333335	3.0	73.0	9269.0
140	3265.0	12.0	71.0	12196.0
150	2417.5	24.0	197.0	11622.0
160	2672.0	2.0	89.0	6695.0
170	2755.0	3.0	118.0	8639.0
180	2734.8333333333335	0.0	90.0	9353.0
190	2960.3333333333335	7.0	170.0	8844.0
200	3528.5	0.0	177.0	10446.0
210	3102.3333333333335	3.0	124.0	11908.0
220	3207.1666666666665	7.0	147.0	9849.0
230	3719.8333333333335	1.0	210.0	10590.0
240	3249.6666666666665	3.0	173.0	13107.0
250	3299.3333333333335	22.0	99.0	10391.0
260	3762.6666666666665	22.0	199.0	11762.0
270	3404.6666666666665	12.0	86.0	10456.0
280	3666.3333333333335	2.0	64.0	7557.0
290	3530.0	7.0	87.0	12533.0
300	3416.6666666666665	5.0	119.0	11179.0
310	3624.6666666666665	0.0	86.0	9520.0
320	3852.6666666666665	3.0	171.0	11142.0
330	3446.3333333333335	4.0	120.0	11806.0
340	3490.0	0.0	62.0	10545.0
350	3289.6666666666665	11.0	144.0	8484.0
360	3498.0	17.0	122.0	8817.0
370	3484.6666666666665	6.0	93.0	10823.0
380	3067.1666666666665	3.0	131.0	8983.0
390	3400.6666666666665	4.0	129.0	10621.0
400	3510.0	2.0	203.0	11567.0
410	3831.6666666666665	4.0	126.0	11227.0
420	3538.0	1.0	12.0	9575.0
430	3291.3333333333335	3.0	68.0	12225.0
440	3542.8333333333335	2.0	96.0	9434.0
450	3706.6666666666665	7.0	187.0	11310.0
460	3579.3333333333335	1.0	163.0	9991.0
470	4005.1666666666665	0.0	46.0	9644.0
480	3798.8333333333335	1.0	96.0	10495.0
490	3803.3333333333335	1.0	110.0	10849.0
500	3542.8333333333335	2.0	128.0	12458.0
510	3484.3333333333335	1.0	121.0	11004.0
520	3724.8333333333335	0.0	63.0	11351.0
530	3894.8333333333335	1.0	103.0	9966.0
540	3821.0	0.0	166.0	11694.0
550	3833.8333333333335	2.0	49.0	10512.0
560	3635.3333333333335	2.0	73.0	7880.0
570	3372.1666666666665	1.0	75.0	11752.0
580	3817.5	0.0	211.0	12948.0
590	3651.3333333333335	1.0	108.0	10737.0
600	3771.8333333333335	0.0	59.0	11066.0
610	3755.8333333333335	1.0	120.0	10279.0
620	3628.5	0.0	48.0	8752.0
630	3935.5	1.0	94.0	11856.0
640	3910.6666666666665	0.0	145.0	9259.0
650	3892.1666666666665	0.0	42.0	8828.0
660	3931.0	0.0	86.0	9607.0
670	3830.8333333333335	1.0	132.0	11405.0
680	4040.0	3.0	108.0	10693.0
690	3688.3333333333335	1.0	119.0	10477.0
700	3574.5	0.0	120.0	10571.0
710	3691.5	4.0	82.0	9989.0
720	3309.5	6.0	219.0	11266.0
730	3886.1666666666665	1.0	107.0	11152.0
740	3760.1666666666665	1.0	116.0	9300.0
750	3961.0	1.0	36.0	11273.0
760	3853.5	0.0	66.0	7671.0
770	3667.3333333333335	0.0	96.0	10138.0
780	3721.3333333333335	0.0	33.0	11140.0
790	4161.0	1.0	122.0	7918.0
800	3594.3333333333335	3.0	106.0	10792.0
