0	2406.3333333333335	0.0	0.0	0.0
10	2061.0	1000.0	1000.0	12837.0
20	2516.0	0.0	0.0	11663.0
30	2939.8333333333335	0.0	0.0	11359.0
40	2810.1666666666665	0.0	0.0	7932.0
50	3129.0	0.0	0.0	7921.0
60	3000.1666666666665	0.0	0.0	8123.0
70	2562.1666666666665	0.0	0.0	8260.0
80	2540.8333333333335	0.0	0.0	7265.0
90	3088.6666666666665	0.0	0.0	10636.0
100	2822.3333333333335	0.0	0.0	10400.0
110	2681.0	0.0	0.0	7745.0
120	3232.8333333333335	0.0	0.0	11198.0
130	3549.8333333333335	0.0	0.0	8800.0
140	2852.3333333333335	0.0	0.0	11448.0
150	2760.1666666666665	0.0	0.0	10077.0
160	2925.3333333333335	0.0	0.0	11659.0
170	2825.6666666666665	0.0	0.0	9010.0
180	3748.3333333333335	0.0	0.0	10355.0
190	3140.0	0.0	0.0	11450.0
200	3447.3333333333335	0.0	0.0	10043.0
210	3616.1666666666665	0.0	0.0	7694.0
220	3349.6666666666665	0.0	0.0	7618.0
230	3280.5	0.0	0.0	9928.0
240	3559.8333333333335	0.0	0.0	10505.0
250	3471.1666666666665	0.0	0.0	13856.0
260	3037.8333333333335	0.0	0.0	11162.0
270	3253.0	0.0	0.0	13526.0
280	3258.8333333333335	0.0	0.0	10054.0
290	3610.1666666666665	0.0	0.0	10916.0
300	3734.3333333333335	0.0	0.0	10433.0
310	3785.6666666666665	0.0	0.0	9990.0
320	3547.5	0.0	0.0	12640.0
330	3259.3333333333335	0.0	0.0	8259.0
340	3906.0	0.0	0.0	9982.0
350	3273.0	0.0	0.0	11888.0
360	3766.0	0.0	0.0	10955.0
370	3373.0	0.0	0.0	11305.0
380	3653.1666666666665	0.0	0.0	7722.0
390	3965.1666666666665	0.0	0.0	12139.0
400	3843.8333333333335	0.0	0.0	11197.0
410	3764.5	0.0	0.0	11052.0
420	3374.0	0.0	0.0	10531.0
430	3104.8333333333335	0.0	0.0	10269.0
440	3465.8333333333335	0.0	0.0	9988.0
450	3514.3333333333335	0.0	0.0	9943.0
460	3311.3333333333335	0.0	0.0	9927.0
470	3326.6666666666665	0.0	0.0	10772.0
480	3547.8333333333335	0.0	0.0	9204.0
490	3875.0	0.0	0.0	9660.0
500	3624.0	0.0	0.0	11324.0
510	3867.3333333333335	0.0	0.0	10095.0
520	4013.6666666666665	0.0	0.0	8784.0
530	3345.5	0.0	0.0	9020.0
540	3874.1666666666665	0.0	0.0	11503.0
550	3752.0	0.0	0.0	9149.0
560	3449.0	0.0	0.0	9753.0
570	3351.5	0.0	0.0	7745.0
580	3677.3333333333335	0.0	0.0	8940.0
590	3883.0	0.0	0.0	9676.0
600	3861.0	0.0	0.0	9671.0
610	3954.0	0.0	0.0	11045.0
620	3912.3333333333335	0.0	0.0	9461.0
630	3920.1666666666665	0.0	0.0	10800.0
640	3715.1666666666665	0.0	0.0	7458.0
650	3768.6666666666665	0.0	0.0	12153.0
660	3969.5	0.0	0.0	10292.0
670	3983.0	0.0	0.0	9652.0
680	3702.6666666666665	0.0	0.0	11337.0
690	3570.8333333333335	0.0	0.0	11466.0
700	3855.8333333333335	0.0	0.0	9858.0
710	3804.8333333333335	0.0	0.0	9700.0
720	3727.5	0.0	0.0	14253.0
730	3590.5	0.0	0.0	8796.0
740	3864.5	0.0	0.0	12696.0
750	3862.3333333333335	0.0	0.0	11346.0
760	3620.6666666666665	0.0	0.0	8693.0
770	3711.8333333333335	0.0	0.0	10918.0
780	3847.6666666666665	0.0	0.0	9216.0
790	3813.8333333333335	0.0	0.0	11405.0
800	3799.0	0.0	0.0	10214.0
