0	2584.8333333333335	0.0	0.0	0.0
10	2698.5	84.0	4238.0	10175.0
20	2259.8333333333335	110.0	5098.0	12760.0
30	2766.1666666666665	15.0	3307.0	7104.0
40	2267.6666666666665	116.0	3975.0	10558.0
50	2908.8333333333335	66.0	4942.0	12266.0
60	2911.8333333333335	91.0	4496.0	10007.0
70	2519.8333333333335	74.0	4531.0	11631.0
80	3241.1666666666665	104.0	4855.0	12133.0
90	3022.6666666666665	63.0	3720.0	8157.0
100	3128.5	51.0	4763.0	11877.0
110	3955.1666666666665	30.0	3519.0	7477.0
120	3855.8333333333335	32.0	3911.0	8685.0
130	3576.8333333333335	77.0	4981.0	11248.0
140	3914.1666666666665	19.0	3657.0	7841.0
150	3820.0	52.0	5731.0	12399.0
160	3770.5	16.0	2103.0	10721.0
170	3451.6666666666665	0.0	0.0	12613.0
180	2957.0	0.0	0.0	11389.0
190	3560.5	0.0	0.0	9084.0
200	3418.8333333333335	0.0	0.0	12903.0
210	3611.8333333333335	0.0	0.0	7293.0
220	3621.5	0.0	0.0	10707.0
230	3194.3333333333335	0.0	0.0	7599.0
240	3145.0	0.0	0.0	13012.0
250	3377.8333333333335	0.0	0.0	10066.0
260	3547.0	0.0	0.0	11464.0
270	3567.3333333333335	0.0	0.0	9555.0
280	3516.8333333333335	0.0	0.0	10382.0
290	4021.1666666666665	0.0	0.0	11334.0
300	3977.1666666666665	0.0	0.0	8532.0
310	3754.1666666666665	0.0	0.0	9466.0
320	2785.8333333333335	0.0	0.0	14090.0
330	3944.5	0.0	0.0	13683.0
340	3870.3333333333335	0.0	0.0	8571.0
350	3526.1666666666665	0.0	0.0	12844.0
360	3730.6666666666665	0.0	0.0	8024.0
370	3873.6666666666665	0.0	0.0	10043.0
380	3460.6666666666665	0.0	0.0	8178.0
390	3324.0	0.0	0.0	10473.0
400	3220.8333333333335	0.0	0.0	9013.0
410	3469.3333333333335	0.0	0.0	8260.0
420	3367.1666666666665	0.0	0.0	10525.0
430	3991.6666666666665	0.0	0.0	13093.0
440	3734.1666666666665	0.0	0.0	11476.0
450	3437.1666666666665	0.0	0.0	10897.0
460	3870.8333333333335	0.0	0.0	10313.0
470	3840.8333333333335	0.0	0.0	12118.0
480	4061.3333333333335	0.0	0.0	10455.0
490	3550.8333333333335	0.0	0.0	10310.0
500	3187.3333333333335	0.0	0.0	8780.0
510	3804.5	0.0	0.0	11068.0
520	3654.5	0.0	0.0	11849.0
530	3556.6666666666665	0.0	0.0	6925.0
540	3837.1666666666665	0.0	0.0	10806.0
550	3959.0	0.0	0.0	10737.0
560	3817.3333333333335	0.0	0.0	10921.0
570	3735.5	0.0	0.0	10363.0
580	3559.0	0.0	0.0	11197.0
590	4045.1666666666665	0.0	0.0	8552.0
600	3630.6666666666665	0.0	0.0	10186.0
610	3605.6666666666665	0.0	0.0	7822.0
620	3391.3333333333335	0.0	0.0	10899.0
630	3922.8333333333335	0.0	0.0	13146.0
640	3489.1666666666665	0.0	0.0	11108.0
650	4173.166666666667	0.0	0.0	8505.0
660	3921.3333333333335	0.0	0.0	9192.0
670	4032.0	0.0	0.0	8474.0
680	3645.5	0.0	0.0	8554.0
690	3782.1666666666665	0.0	0.0	12112.0
700	4361.833333333333	0.0	0.0	7475.0
710	4050.8333333333335	0.0	0.0	10043.0
720	3743.3333333333335	0.0	0.0	10007.0
730	3671.1666666666665	0.0	0.0	9750.0
740	3488.0	0.0	0.0	9686.0
750	3739.1666666666665	0.0	0.0	12480.0
760	3933.6666666666665	0.0	0.0	10917.0
770	4042.5	0.0	0.0	11432.0
780	3812.8333333333335	0.0	0.0	8846.0
790	3849.3333333333335	0.0	0.0	11742.0
800	3638.0	0.0	0.0	9355.0
