0	2599.1666666666665	0.0	0.0	0.0
10	2636.0	44.0	3441.0	9159.0
20	2656.1666666666665	72.0	4345.0	11854.0
30	2573.3333333333335	49.0	3012.0	6421.0
40	2624.3333333333335	47.0	2840.0	5450.0
50	2172.3333333333335	69.0	3578.0	8309.0
60	2688.5	60.0	4524.0	11127.0
70	2912.8333333333335	38.0	4174.0	10896.0
80	2833.0	68.0	3958.0	9397.0
90	2888.3333333333335	61.0	4109.0	10287.0
100	2793.8333333333335	41.0	4610.0	10873.0
110	3596.6666666666665	18.0	3851.0	9287.0
120	2952.8333333333335	68.0	4674.0	9759.0
130	2785.8333333333335	50.0	4434.0	9809.0
140	3195.0	60.0	4635.0	10207.0
150	3374.6666666666665	44.0	4711.0	11091.0
160	3329.1666666666665	27.0	4650.0	11239.0
170	3153.1666666666665	46.0	4378.0	9834.0
180	3347.1666666666665	44.0	6272.0	14908.0
190	3644.5	31.0	5043.0	10978.0
200	3143.6666666666665	35.0	4742.0	10716.0
210	3567.5	21.0	3640.0	7440.0
220	3458.8333333333335	7.0	2050.0	7030.0
230	3016.3333333333335	0.0	0.0	8689.0
240	3202.1666666666665	0.0	0.0	11915.0
250	3020.8333333333335	0.0	0.0	9428.0
260	3226.0	0.0	0.0	10235.0
270	3224.5	0.0	0.0	7880.0
280	3416.5	0.0	0.0	10737.0
290	3051.6666666666665	0.0	0.0	11986.0
300	3225.0	0.0	0.0	7237.0
310	3559.8333333333335	0.0	0.0	14579.0
320	3426.8333333333335	0.0	0.0	10868.0
330	3509.6666666666665	0.0	0.0	10426.0
340	4168.666666666667	0.0	0.0	11205.0
350	3698.3333333333335	0.0	0.0	8194.0
360	3728.8333333333335	0.0	0.0	11432.0
370	3925.3333333333335	0.0	0.0	9381.0
380	3483.1666666666665	0.0	0.0	6138.0
390	3981.0	0.0	0.0	8583.0
400	3444.1666666666665	0.0	0.0	8992.0
410	3460.3333333333335	0.0	0.0	6728.0
420	4032.3333333333335	0.0	0.0	10425.0
430	3933.0	0.0	0.0	9387.0
440	3970.0	0.0	0.0	9428.0
450	3555.0	0.0	0.0	8727.0
460	3655.5	0.0	0.0	12527.0
470	4032.8333333333335	0.0	0.0	9478.0
480	3410.8333333333335	0.0	0.0	11268.0
490	4081.3333333333335	0.0	0.0	9712.0
500	3839.1666666666665	0.0	0.0	11626.0
510	3642.8333333333335	0.0	0.0	11599.0
520	3590.3333333333335	0.0	0.0	10917.0
530	3683.0	0.0	0.0	11969.0
540	3459.6666666666665	0.0	0.0	8872.0
550	3599.8333333333335	0.0	0.0	10607.0
560	3748.5	0.0	0.0	9032.0
570	3512.0	0.0	0.0	8916.0
580	3654.3333333333335	0.0	0.0	10330.0
590	3764.5	0.0	0.0	8943.0
600	3793.5	0.0	0.0	9502.0
610	3763.0	0.0	0.0	9833.0
620	3795.3333333333335	0.0	0.0	12028.0
630	3754.6666666666665	0.0	0.0	9049.0
640	3896.3333333333335	0.0	0.0	11337.0
650	4052.3333333333335	0.0	0.0	9340.0
660	3663.1666666666665	0.0	0.0	9135.0
670	4118.166666666667	0.0	0.0	10288.0
680	3712.8333333333335	0.0	0.0	9116.0
690	4072.0	0.0	0.0	8621.0
700	4023.0	0.0	0.0	8508.0
710	4018.8333333333335	0.0	0.0	11266.0
720	3798.1666666666665	0.0	0.0	13620.0
730	4112.166666666667	0.0	0.0	10517.0
740	3999.3333333333335	0.0	0.0	9956.0
750	3697.1666666666665	0.0	0.0	10189.0
760	4079.3333333333335	0.0	0.0	9985.0
770	3944.6666666666665	0.0	0.0	9069.0
780	3705.5	0.0	0.0	10337.0
790	3746.0	0.0	0.0	9662.0
800	3970.6666666666665	0.0	0.0	10937.0
