0	670.0	0.0	0.0	0.0
10	730.0	47.0	4728.0	4728.0
20	1278.1666666666667	54.0	5807.0	5807.0
30	1031.8333333333333	80.0	6865.0	6865.0
40	1062.0	94.0	9004.0	9004.0
50	1532.3333333333333	85.0	8810.0	8810.0
60	2713.1666666666665	48.0	7131.0	7131.0
70	2436.6666666666665	83.0	8524.0	8524.0
80	2351.5	79.0	9879.0	9879.0
90	2365.6666666666665	71.0	9871.0	9871.0
100	2356.6666666666665	53.0	9363.0	9363.0
110	2319.5	63.0	9093.0	9093.0
120	2425.6666666666665	58.0	7383.0	7383.0
130	2180.0	36.0	8018.0	8018.0
140	1993.1666666666667	88.0	9445.0	9445.0
150	2173.3333333333335	61.0	6989.0	9739.0
160	1681.0	0.0	0.0	6338.0
170	1941.6666666666667	0.0	0.0	9458.0
180	1933.5	0.0	0.0	6853.0
190	2526.6666666666665	0.0	0.0	8037.0
200	2537.6666666666665	0.0	0.0	8745.0
210	1822.8333333333333	0.0	0.0	8174.0
220	1536.1666666666667	0.0	0.0	6249.0
230	1969.1666666666667	0.0	0.0	7031.0
240	1611.3333333333333	0.0	0.0	6650.0
250	1952.8333333333333	0.0	0.0	8955.0
260	1598.8333333333333	0.0	0.0	9874.0
270	1214.6666666666667	0.0	0.0	7447.0
280	1724.6666666666667	0.0	0.0	8372.0
290	2531.1666666666665	0.0	0.0	9051.0
300	1690.0	0.0	0.0	8861.0
310	2139.0	0.0	0.0	9439.0
320	2521.0	0.0	0.0	10288.0
330	1889.1666666666667	0.0	0.0	8958.0
340	1641.0	0.0	0.0	8035.0
350	1773.5	0.0	0.0	10244.0
360	2118.6666666666665	0.0	0.0	6677.0
370	2225.0	0.0	0.0	9847.0
380	1933.3333333333333	0.0	0.0	9277.0
390	1949.6666666666667	0.0	0.0	8196.0
400	1657.3333333333333	0.0	0.0	6862.0
410	2033.3333333333333	0.0	0.0	9311.0
420	2589.5	0.0	0.0	7920.0
430	2339.6666666666665	0.0	0.0	6955.0
440	2691.5	0.0	0.0	9193.0
450	2433.0	0.0	0.0	8497.0
460	2524.6666666666665	0.0	0.0	10176.0
470	2386.1666666666665	0.0	0.0	9196.0
480	2569.8333333333335	0.0	0.0	8744.0
490	2434.6666666666665	0.0	0.0	7794.0
500	2536.5	0.0	0.0	9417.0
510	2500.0	0.0	0.0	9222.0
520	2157.6666666666665	0.0	0.0	9088.0
530	2706.1666666666665	0.0	0.0	9124.0
540	1974.5	0.0	0.0	10464.0
550	1824.8333333333333	0.0	0.0	10518.0
560	2034.6666666666667	0.0	0.0	8782.0
570	1541.1666666666667	0.0	0.0	9164.0
580	1764.6666666666667	0.0	0.0	7701.0
590	2378.3333333333335	0.0	0.0	8700.0
600	1896.0	0.0	0.0	9809.0
610	2214.8333333333335	0.0	0.0	9212.0
620	2386.6666666666665	0.0	0.0	7945.0
630	1987.0	0.0	0.0	8894.0
640	1573.1666666666667	0.0	0.0	9589.0
650	1187.3333333333333	0.0	0.0	8611.0
660	2386.6666666666665	0.0	0.0	10764.0
670	2563.6666666666665	0.0	0.0	9399.0
680	2633.5	0.0	0.0	7323.0
690	2522.3333333333335	0.0	0.0	7430.0
700	2270.8333333333335	0.0	0.0	8116.0
710	2772.8333333333335	0.0	0.0	8963.0
720	2344.5	0.0	0.0	9468.0
730	2470.3333333333335	0.0	0.0	7612.0
740	2619.5	0.0	0.0	7231.0
750	2197.0	0.0	0.0	6390.0
760	2562.0	0.0	0.0	7094.0
770	2448.6666666666665	0.0	0.0	8428.0
780	2256.5	0.0	0.0	10230.0
790	2090.0	0.0	0.0	8401.0
800	2284.3333333333335	0.0	0.0	9971.0
810	2557.3333333333335	0.0	0.0	10925.0
820	2432.6666666666665	0.0	0.0	8548.0
830	2423.3333333333335	0.0	0.0	9791.0
840	2361.6666666666665	0.0	0.0	8394.0
850	2469.8333333333335	0.0	0.0	8852.0
860	2240.1666666666665	0.0	0.0	9589.0
870	1652.0	0.0	0.0	8916.0
880	2514.6666666666665	0.0	0.0	8317.0
890	2008.3333333333333	0.0	0.0	7823.0
900	1835.5	0.0	0.0	10144.0
910	1802.8333333333333	0.0	0.0	10386.0
920	1680.6666666666667	0.0	0.0	9739.0
930	2022.6666666666667	0.0	0.0	10031.0
940	1819.8333333333333	0.0	0.0	9861.0
950	2286.3333333333335	0.0	0.0	7869.0
960	2284.0	0.0	0.0	8443.0
970	2502.3333333333335	0.0	0.0	8863.0
980	2257.6666666666665	0.0	0.0	7382.0
990	2539.3333333333335	0.0	0.0	8296.0
1000	2040.0	0.0	0.0	9820.0
