0	644.6666666666666	0.0	0.0	0.0
10	1153.3333333333333	66.0	6795.0	6795.0
20	1050.6666666666667	64.0	6407.0	6407.0
30	1159.0	53.0	6214.0	6214.0
40	1622.1666666666667	35.0	4245.0	4245.0
50	1775.3333333333333	22.0	5205.0	5205.0
60	1068.1666666666667	68.0	6736.0	6736.0
70	1681.8333333333333	70.0	6775.0	6775.0
80	1308.6666666666667	40.0	7175.0	7175.0
90	2089.5	21.0	4304.0	4304.0
100	1968.3333333333333	41.0	5783.0	5783.0
110	1457.0	56.0	7153.0	7153.0
120	1865.8333333333333	102.0	11741.0	11741.0
130	1732.8333333333333	40.0	5011.0	5011.0
140	1757.6666666666667	76.0	8771.0	8771.0
150	1701.0	34.0	4928.0	4928.0
160	1625.3333333333333	54.0	6129.0	6129.0
170	1565.3333333333333	61.0	9206.0	9206.0
180	1530.5	68.0	6810.0	6810.0
190	1733.3333333333333	29.0	4180.0	8997.0
200	1503.3333333333333	0.0	0.0	5406.0
210	1662.5	0.0	0.0	6845.0
220	1575.1666666666667	0.0	0.0	7496.0
230	1620.6666666666667	0.0	0.0	5811.0
240	1755.8333333333333	0.0	0.0	5375.0
250	1264.3333333333333	0.0	0.0	9028.0
260	1453.3333333333333	0.0	0.0	6414.0
270	1608.6666666666667	0.0	0.0	7773.0
280	1488.3333333333333	0.0	0.0	10020.0
290	1621.0	0.0	0.0	9747.0
300	1588.5	0.0	0.0	9723.0
310	1742.6666666666667	0.0	0.0	6163.0
320	1926.8333333333333	0.0	0.0	8102.0
330	1881.0	0.0	0.0	9642.0
340	1933.3333333333333	0.0	0.0	9552.0
350	1802.3333333333333	0.0	0.0	6995.0
360	2182.0	0.0	0.0	13104.0
370	1955.1666666666667	0.0	0.0	8402.0
380	1397.8333333333333	0.0	0.0	8864.0
390	2358.0	0.0	0.0	8606.0
400	2153.1666666666665	0.0	0.0	7866.0
410	1795.5	0.0	0.0	8623.0
420	2354.3333333333335	0.0	0.0	12570.0
430	2251.3333333333335	0.0	0.0	8667.0
440	2292.6666666666665	0.0	0.0	7925.0
450	2587.3333333333335	0.0	0.0	8876.0
460	2458.6666666666665	0.0	0.0	7724.0
470	2212.5	0.0	0.0	8279.0
480	2468.3333333333335	0.0	0.0	8823.0
490	2420.5	0.0	0.0	8274.0
500	2148.0	0.0	0.0	8466.0
510	2224.6666666666665	0.0	0.0	9032.0
520	2370.6666666666665	0.0	0.0	8369.0
530	2496.1666666666665	0.0	0.0	9519.0
540	2239.6666666666665	0.0	0.0	8465.0
550	2106.5	0.0	0.0	9440.0
560	1610.1666666666667	0.0	0.0	8318.0
570	1925.3333333333333	0.0	0.0	9705.0
580	1799.8333333333333	0.0	0.0	9645.0
590	1661.1666666666667	0.0	0.0	9407.0
600	1951.8333333333333	0.0	0.0	7642.0
610	1641.3333333333333	0.0	0.0	8666.0
620	2443.0	0.0	0.0	9185.0
630	2318.3333333333335	0.0	0.0	8324.0
640	2589.1666666666665	0.0	0.0	9220.0
650	2308.0	0.0	0.0	6818.0
660	2299.6666666666665	0.0	0.0	7842.0
670	2484.3333333333335	0.0	0.0	7961.0
680	2364.0	0.0	0.0	8840.0
690	2328.8333333333335	0.0	0.0	8674.0
700	2401.6666666666665	0.0	0.0	8810.0
710	2408.3333333333335	0.0	0.0	9097.0
720	2527.0	0.0	0.0	9195.0
730	2318.3333333333335	0.0	0.0	9979.0
740	2679.5	0.0	0.0	8193.0
750	2680.5	0.0	0.0	10089.0
760	1720.0	0.0	0.0	6684.0
770	1632.5	0.0	0.0	9798.0
780	1676.6666666666667	0.0	0.0	10398.0
790	1738.0	0.0	0.0	9098.0
800	2263.0	0.0	0.0	7037.0
810	2400.6666666666665	0.0	0.0	8837.0
820	2517.3333333333335	0.0	0.0	10548.0
830	2399.0	0.0	0.0	10946.0
840	2468.1666666666665	0.0	0.0	9038.0
850	2446.0	0.0	0.0	11055.0
860	2576.3333333333335	0.0	0.0	9701.0
870	2467.3333333333335	0.0	0.0	9219.0
880	2595.6666666666665	0.0	0.0	9867.0
890	2395.3333333333335	0.0	0.0	9149.0
900	2380.0	0.0	0.0	8328.0
910	2174.3333333333335	0.0	0.0	8613.0
920	2523.6666666666665	0.0	0.0	9055.0
930	2458.0	0.0	0.0	7931.0
940	2248.0	0.0	0.0	10316.0
950	2521.3333333333335	0.0	0.0	8001.0
960	2712.6666666666665	0.0	0.0	8837.0
970	2375.6666666666665	0.0	0.0	9010.0
980	2558.5	0.0	0.0	10088.0
990	2384.8333333333335	0.0	0.0	8829.0
1000	2228.0	0.0	0.0	8565.0
