0	2536.3333333333335	0.0	0.0	0.0
10	2516.3333333333335	1000.0	5191.0	10675.0
20	2462.8333333333335	0.0	0.0	8010.0
30	2387.5	0.0	0.0	9128.0
40	2831.8333333333335	0.0	0.0	9925.0
50	2417.8333333333335	0.0	0.0	6642.0
60	2225.0	0.0	0.0	9661.0
70	2650.5	0.0	0.0	8409.0
80	2547.0	0.0	0.0	9483.0
90	2566.1666666666665	0.0	0.0	9151.0
100	2756.1666666666665	0.0	0.0	9213.0
110	2651.8333333333335	0.0	0.0	11593.0
120	2754.3333333333335	0.0	0.0	10209.0
130	2852.8333333333335	0.0	0.0	7443.0
140	2532.3333333333335	0.0	0.0	9169.0
150	2650.1666666666665	0.0	0.0	4660.0
160	3131.8333333333335	0.0	0.0	6544.0
170	2943.0	0.0	0.0	10167.0
180	3471.5	0.0	0.0	10298.0
190	3172.0	0.0	0.0	13733.0
200	3172.3333333333335	0.0	0.0	10520.0
210	3027.1666666666665	0.0	0.0	10793.0
220	3340.5	0.0	0.0	12090.0
230	3272.5	0.0	0.0	9527.0
240	3725.1666666666665	0.0	0.0	11855.0
250	2819.0	0.0	0.0	11882.0
260	3406.5	0.0	0.0	11218.0
270	2913.1666666666665	0.0	0.0	12121.0
280	2916.6666666666665	0.0	0.0	9915.0
290	3252.5	0.0	0.0	10072.0
300	3558.8333333333335	0.0	0.0	9176.0
310	3105.6666666666665	0.0	0.0	10291.0
320	3493.3333333333335	0.0	0.0	10097.0
330	4149.833333333333	0.0	0.0	7527.0
340	3090.6666666666665	0.0	0.0	10476.0
350	3629.6666666666665	0.0	0.0	10233.0
360	3715.6666666666665	0.0	0.0	10298.0
370	3454.8333333333335	0.0	0.0	7064.0
380	3726.0	0.0	0.0	12064.0
390	4101.0	0.0	0.0	7933.0
400	3522.3333333333335	0.0	0.0	6845.0
410	3566.5	0.0	0.0	10370.0
420	3705.6666666666665	0.0	0.0	8730.0
430	3704.3333333333335	0.0	0.0	12117.0
440	3488.5	0.0	0.0	9317.0
450	4024.1666666666665	0.0	0.0	11730.0
460	3643.5	0.0	0.0	10744.0
470	4021.5	0.0	0.0	9924.0
480	3281.1666666666665	0.0	0.0	11081.0
490	3497.0	0.0	0.0	9104.0
500	3569.8333333333335	0.0	0.0	12684.0
510	3283.6666666666665	0.0	0.0	10273.0
520	3725.5	0.0	0.0	9771.0
530	3320.8333333333335	0.0	0.0	10061.0
540	3181.6666666666665	0.0	0.0	11605.0
550	3906.0	0.0	0.0	11059.0
560	3437.5	0.0	0.0	8830.0
570	3507.8333333333335	0.0	0.0	10809.0
580	3893.1666666666665	0.0	0.0	10635.0
590	3882.6666666666665	0.0	0.0	9558.0
600	4019.5	0.0	0.0	8946.0
610	3986.5	0.0	0.0	9226.0
620	3591.3333333333335	0.0	0.0	9489.0
630	3905.3333333333335	0.0	0.0	7755.0
640	3717.8333333333335	0.0	0.0	9073.0
650	3607.8333333333335	0.0	0.0	12002.0
660	3694.5	0.0	0.0	11367.0
670	3741.0	0.0	0.0	11734.0
680	3518.1666666666665	0.0	0.0	10200.0
690	3979.8333333333335	0.0	0.0	9824.0
700	3785.5	0.0	0.0	9403.0
710	3752.0	0.0	0.0	9327.0
720	3542.6666666666665	0.0	0.0	10724.0
730	3740.3333333333335	0.0	0.0	11671.0
740	3930.8333333333335	0.0	0.0	12056.0
750	3852.6666666666665	0.0	0.0	12672.0
760	4003.8333333333335	0.0	0.0	10716.0
770	3899.0	0.0	0.0	10554.0
780	3480.6666666666665	0.0	0.0	8602.0
790	3694.1666666666665	0.0	0.0	11414.0
800	3625.0	0.0	0.0	10480.0
