0	2787.0	0.0	0.0	0.0
10	2523.0	43.0	2154.0	8601.0
20	2153.75	24.0	1793.0	6167.0
30	2483.0	0.0	580.0	8148.0
40	2045.25	15.0	1703.0	10027.0
50	2428.5	31.0	2980.0	14406.0
60	2602.25	54.0	2444.0	9864.0
70	2445.75	16.0	2538.0	8081.0
80	2512.0	48.0	3085.0	10944.0
90	2525.0	2.0	368.0	5493.0
100	2602.5	7.0	524.0	7911.0
110	1950.25	7.0	291.0	9198.0
120	2763.25	14.0	999.0	12088.0
130	2535.5	2.0	292.0	6206.0
140	2302.75	13.0	1264.0	12857.0
150	2616.0	25.0	2051.0	12136.0
160	3102.0	14.0	881.0	8325.0
170	2955.75	13.0	600.0	8592.0
180	3475.5	12.0	737.0	12415.0
190	3551.5	19.0	1350.0	13870.0
200	3715.25	15.0	915.0	8028.0
210	2908.25	9.0	635.0	7207.0
220	3311.25	31.0	1704.0	12297.0
230	3335.75	26.0	1908.0	10447.0
240	3389.75	30.0	2514.0	15440.0
250	3743.5	21.0	2351.0	10343.0
260	3304.75	37.0	1866.0	12340.0
270	2989.0	14.0	889.0	7697.0
280	3628.5	51.0	2147.0	11207.0
290	3759.0	23.0	1567.0	8945.0
300	3451.75	22.0	1528.0	8154.0
310	3446.25	28.0	2051.0	11502.0
320	3775.25	17.0	2013.0	9313.0
330	2792.75	28.0	2216.0	11292.0
340	3479.25	33.0	3337.0	13068.0
350	3348.25	29.0	2290.0	10649.0
360	3864.75	52.0	4249.0	13368.0
370	3995.75	38.0	3376.0	12557.0
380	3570.75	14.0	1951.0	10086.0
390	3216.5	47.0	2887.0	11139.0
400	3570.0	29.0	2605.0	11498.0
410	3438.25	31.0	2702.0	13175.0
420	4069.0	16.0	1132.0	11514.0
430	3609.75	0.0	0.0	12560.0
440	3277.5	0.0	0.0	8894.0
450	3634.25	0.0	0.0	12447.0
460	3873.25	0.0	0.0	11988.0
470	3834.75	0.0	0.0	9839.0
480	3815.75	0.0	0.0	9304.0
490	3791.75	0.0	0.0	9335.0
500	3697.75	0.0	0.0	13134.0
510	3703.75	0.0	0.0	10068.0
520	3854.75	0.0	0.0	11481.0
530	3641.0	0.0	0.0	7645.0
540	4201.0	0.0	0.0	10311.0
550	3672.25	0.0	0.0	11452.0
560	3554.0	0.0	0.0	10024.0
570	3844.25	0.0	0.0	13139.0
580	3686.0	0.0	0.0	7681.0
590	3965.0	0.0	0.0	7531.0
600	3780.0	0.0	0.0	11463.0
610	3805.5	0.0	0.0	10928.0
620	3027.75	0.0	0.0	10969.0
630	3465.5	0.0	0.0	11339.0
640	3982.0	0.0	0.0	9928.0
650	3983.5	0.0	0.0	11354.0
660	3545.75	0.0	0.0	7440.0
670	3825.0	0.0	0.0	8454.0
680	3343.75	0.0	0.0	13173.0
690	3698.5	0.0	0.0	11102.0
700	4146.75	0.0	0.0	10411.0
710	3835.25	0.0	0.0	9946.0
720	3952.25	0.0	0.0	10658.0
730	4063.75	0.0	0.0	8080.0
740	4017.0	0.0	0.0	10380.0
750	3924.5	0.0	0.0	9992.0
760	3770.5	0.0	0.0	9058.0
770	3570.0	0.0	0.0	10668.0
780	3876.75	0.0	0.0	11362.0
790	3628.0	0.0	0.0	9479.0
800	3814.5	0.0	0.0	11836.0
