0	2549.3333333333335	0.0	0.0	0.0
10	2698.3333333333335	24.0	3990.0	8467.0
20	2220.1666666666665	20.0	4101.0	8765.0
30	2310.3333333333335	61.0	3624.0	7827.0
40	2274.3333333333335	37.0	4452.0	9103.0
50	2366.0	25.0	2680.0	5809.0
60	2671.3333333333335	11.0	5262.0	10467.0
70	2572.1666666666665	10.0	5600.0	11134.0
80	2796.6666666666665	10.0	3899.0	7741.0
90	2550.6666666666665	16.0	5647.0	11490.0
100	2782.3333333333335	11.0	3954.0	8098.0
110	2670.5	16.0	4003.0	7950.0
120	3045.0	18.0	5795.0	11833.0
130	2855.8333333333335	22.0	6015.0	11862.0
140	2462.6666666666665	10.0	5281.0	10074.0
150	3319.0	8.0	4508.0	8865.0
160	3545.0	1.0	3346.0	6499.0
170	2968.6666666666665	12.0	6184.0	11887.0
180	2896.6666666666665	3.0	4106.0	8264.0
190	3397.3333333333335	7.0	5918.0	11567.0
200	3323.0	0.0	5399.0	10567.0
210	3093.6666666666665	2.0	6087.0	11783.0
220	3264.1666666666665	1.0	4526.0	8521.0
230	3610.1666666666665	7.0	6122.0	11862.0
240	2979.8333333333335	4.0	4188.0	8200.0
250	3331.1666666666665	7.0	5714.0	11120.0
260	3478.5	2.0	6414.0	12713.0
270	3214.6666666666665	3.0	5920.0	11549.0
280	3283.0	1.0	3586.0	6932.0
290	3560.8333333333335	0.0	5447.0	10831.0
300	3194.8333333333335	2.0	5367.0	10788.0
310	3768.3333333333335	1.0	5380.0	10617.0
320	3430.3333333333335	4.0	5466.0	11200.0
330	2979.3333333333335	3.0	3488.0	6803.0
340	3252.6666666666665	0.0	5045.0	10078.0
350	3574.8333333333335	1.0	6036.0	11783.0
360	3708.0	2.0	5327.0	10751.0
370	3449.6666666666665	4.0	5821.0	11860.0
380	3549.0	6.0	5732.0	11582.0
390	3454.3333333333335	1.0	4562.0	8682.0
400	3611.6666666666665	0.0	4882.0	9684.0
410	4010.8333333333335	2.0	4161.0	7998.0
420	3734.8333333333335	1.0	4459.0	9030.0
430	3570.1666666666665	3.0	5013.0	10025.0
440	3872.5	0.0	5564.0	10974.0
450	3439.1666666666665	0.0	4993.0	10225.0
460	3831.3333333333335	1.0	5334.0	10317.0
470	3696.5	4.0	6597.0	12801.0
480	3973.0	1.0	4381.0	8513.0
490	3471.6666666666665	0.0	6139.0	12300.0
500	3805.1666666666665	0.0	5130.0	9806.0
510	3569.0	1.0	5892.0	11492.0
520	3278.1666666666665	3.0	4955.0	10102.0
530	3923.3333333333335	0.0	6565.0	13114.0
540	3724.8333333333335	3.0	4970.0	9762.0
550	3580.8333333333335	0.0	4032.0	7588.0
560	3980.1666666666665	2.0	5054.0	9814.0
570	3784.1666666666665	1.0	5242.0	10344.0
580	3886.1666666666665	0.0	5822.0	11459.0
590	3744.0	0.0	4755.0	9740.0
600	3896.8333333333335	0.0	5286.0	10155.0
610	3481.3333333333335	2.0	5787.0	11406.0
620	3617.8333333333335	0.0	5164.0	10175.0
630	3686.8333333333335	0.0	5410.0	10593.0
640	3930.1666666666665	0.0	4827.0	9662.0
650	3884.6666666666665	0.0	4521.0	8885.0
660	3864.6666666666665	0.0	5575.0	10782.0
670	3791.0	0.0	5008.0	9474.0
680	3740.0	1.0	5105.0	10207.0
690	3817.3333333333335	0.0	4959.0	9734.0
700	3947.0	0.0	5108.0	10171.0
710	3993.6666666666665	2.0	3866.0	7579.0
720	4004.3333333333335	0.0	5274.0	10205.0
730	3706.8333333333335	3.0	4304.0	8536.0
740	3509.8333333333335	1.0	4066.0	8069.0
750	3703.6666666666665	2.0	7380.0	14534.0
760	3824.6666666666665	1.0	6804.0	13116.0
770	3906.0	2.0	7120.0	13747.0
780	4083.8333333333335	4.0	5943.0	12109.0
790	3631.3333333333335	1.0	4888.0	9593.0
800	3594.1666666666665	4.0	5620.0	11018.0
