0	292.66666666666663	0.0	0.0	0.0
10	2053.4166666666665	266.0	914.5	7997.5
20	1937.75	0.5	80.5	6729.0
30	2155.25	18.5	83.5	8475.0
40	1954.5833333333335	25.0	66.5	9011.0
50	2121.0	55.5	100.0	6852.5
60	2219.833333333333	24.0	45.0	8600.5
70	2115.9166666666665	39.0	67.0	8087.5
80	2263.0	0.0	34.0	6940.5
90	2227.75	39.0	84.5	7913.0
100	2322.916666666667	16.0	48.5	9169.0
110	2394.0833333333335	0.0	40.0	7063.0
120	2509.916666666667	0.0	51.0	9382.5
130	2374.0	46.0	100.0	9809.5
140	2336.3333333333335	0.0	64.5	7735.5
150	2393.5	0.0	32.5	9249.0
160	2268.5	67.0	115.0	7645.5
170	2425.4166666666665	5.0	44.5	11940.5
180	2513.916666666667	0.0	14.0	8837.5
190	2469.333333333333	0.0	84.0	9961.0
200	2540.333333333333	4.0	39.0	9968.5
210	2807.666666666667	0.0	44.5	10763.5
220	2607.75	0.0	41.5	7710.5
230	2396.666666666667	0.0	52.0	7780.5
240	2804.25	0.0	59.5	10106.0
250	2596.0	1.0	81.0	6758.5
260	2476.75	15.0	67.0	10890.5
270	2804.25	0.0	79.0	9816.5
280	2667.166666666667	0.0	46.0	8871.5
290	2412.666666666667	0.0	27.5	9334.0
300	2350.5	0.0	46.5	8293.5
310	2299.666666666667	0.0	76.0	8455.5
320	2503.75	36.0	95.5	8645.5
330	2602.75	6.0	38.0	8756.5
340	2658.5	18.5	71.0	6981.5
350	2935.916666666667	0.0	52.5	8326.5
360	2484.4166666666665	31.5	86.0	9195.0
370	2991.9166666666665	0.0	49.5	10374.0
380	2911.916666666667	0.0	24.5	8621.0
390	3052.333333333333	0.0	29.5	9698.0
400	3079.916666666667	0.0	33.0	11976.5
410	3055.25	0.0	43.5	10997.5
420	3103.3333333333335	0.0	23.0	12038.0
430	3188.833333333333	0.0	30.5	9421.0
440	3327.583333333333	0.0	85.0	11302.0
450	3164.583333333333	0.0	69.0	8006.0
460	2842.5833333333335	0.0	48.5	10330.0
470	3448.916666666667	0.0	43.0	7647.0
480	3202.916666666667	0.0	66.5	11670.5
490	3366.25	0.0	62.0	8576.0
500	3515.666666666667	0.0	63.0	12078.0
510	2978.416666666667	0.0	50.0	10449.5
520	3747.6666666666665	0.0	48.5	10136.5
530	3468.416666666667	0.0	34.5	11605.0
540	3419.5833333333335	0.0	88.0	10735.0
550	3750.333333333333	0.0	33.0	9627.0
560	3332.0	0.0	58.0	10017.0
570	3377.833333333333	0.0	50.5	11049.0
580	3558.25	0.0	56.0	8965.5
590	3667.5	0.0	36.5	9652.0
600	3381.4166666666665	0.0	19.0	11830.0
610	3708.083333333333	0.0	75.0	11199.0
620	3724.1666666666665	0.0	92.0	11736.0
630	3421.25	0.0	38.5	9357.0
640	3583.333333333333	0.0	56.5	9626.0
650	3516.416666666667	0.0	47.5	10234.0
660	3560.833333333333	0.0	45.5	10552.5
670	3553.8333333333335	0.0	45.5	10859.0
680	3580.5	0.0	45.5	9805.0
690	3635.4166666666665	0.0	49.0	9476.5
700	3379.416666666667	0.0	75.0	10948.5
710	3815.25	0.0	71.5	11301.0
720	3623.0	0.0	45.0	11011.0
730	3805.166666666667	0.0	56.0	9946.5
740	3900.1666666666665	0.0	60.0	8673.0
750	3609.6666666666665	0.0	81.0	10523.5
760	3845.9166666666665	0.0	44.5	11352.0
770	3749.583333333333	0.0	55.0	10558.5
780	3502.25	0.0	57.5	9915.5
790	3748.583333333333	0.0	80.0	10391.0
800	3309.6666666666665	0.0	71.0	7552.0
810	3397.9166666666665	0.0	62.0	8604.0
820	3771.583333333333	0.0	92.0	11685.0
830	3694.916666666667	0.0	68.0	8580.5
840	3709.5	0.0	42.0	11885.0
850	3660.166666666667	0.0	63.5	9695.0
860	3628.833333333333	0.0	53.0	9858.0
870	3310.916666666667	0.0	43.5	11931.0
880	3836.75	0.0	39.5	12260.0
890	3698.75	0.0	74.5	12004.5
900	3747.5	0.0	75.0	8681.0
910	3758.5	0.0	28.5	10864.5
920	3464.416666666667	0.0	82.5	12008.0
930	3671.9166666666665	0.0	71.0	9550.5
940	3560.333333333333	0.0	70.0	10579.0
950	3741.583333333333	0.0	52.5	10440.5
960	3622.333333333333	0.0	37.0	9345.5
970	3679.666666666667	0.0	70.0	11256.0
980	3696.916666666667	0.0	45.5	9942.0
990	3882.9166666666665	0.0	55.5	12374.0
1000	3906.75	0.0	34.5	10124.0
