0	1612.5	0.0	0.0	0.0
10	1659.0	376.0	2862.0	6766.0
20	1990.3333333333333	424.0	5596.0	12347.0
30	1983.5	200.0	1035.0	7908.0
40	2046.3333333333333	0.0	0.0	8967.0
50	2119.3333333333335	0.0	0.0	11709.0
60	2325.5	0.0	0.0	6721.0
70	2426.3333333333335	0.0	0.0	10059.0
80	2173.6666666666665	0.0	0.0	9679.0
90	2202.1666666666665	0.0	0.0	5960.0
100	2115.8333333333335	0.0	0.0	11439.0
110	2504.5	0.0	0.0	8212.0
120	2160.0	0.0	0.0	12046.0
130	2418.3333333333335	0.0	0.0	11247.0
140	2715.0	0.0	0.0	6448.0
150	2409.3333333333335	0.0	0.0	10509.0
160	2301.0	0.0	0.0	5952.0
170	2558.0	0.0	0.0	9045.0
180	2721.3333333333335	0.0	0.0	10809.0
190	2247.6666666666665	0.0	0.0	8055.0
200	2661.5	0.0	0.0	6927.0
210	2828.1666666666665	0.0	0.0	7771.0
220	2455.6666666666665	0.0	0.0	10868.0
230	2648.3333333333335	0.0	0.0	9238.0
240	2502.0	0.0	0.0	11656.0
250	2512.0	0.0	0.0	6879.0
260	2870.8333333333335	0.0	0.0	8174.0
270	2550.6666666666665	0.0	0.0	9733.0
280	2531.5	0.0	0.0	9925.0
290	3364.0	0.0	0.0	6146.0
300	2899.1666666666665	0.0	0.0	6884.0
310	2390.1666666666665	0.0	0.0	10707.0
320	2929.3333333333335	0.0	0.0	9307.0
330	2652.8333333333335	0.0	0.0	8744.0
340	2992.8333333333335	0.0	0.0	11403.0
350	2820.1666666666665	0.0	0.0	11125.0
360	2945.8333333333335	0.0	0.0	9250.0
370	3332.5	0.0	0.0	10544.0
380	3049.1666666666665	0.0	0.0	13088.0
390	3658.0	0.0	0.0	7720.0
400	2674.1666666666665	0.0	0.0	7190.0
410	3990.8333333333335	0.0	0.0	13143.0
420	3438.0	0.0	0.0	11528.0
430	3359.0	0.0	0.0	9597.0
440	3366.8333333333335	0.0	0.0	10827.0
450	3071.0	0.0	0.0	12073.0
460	3458.1666666666665	0.0	0.0	7469.0
470	3259.0	0.0	0.0	10836.0
480	3353.1666666666665	0.0	0.0	8987.0
490	3151.6666666666665	0.0	0.0	12116.0
500	3747.6666666666665	0.0	0.0	8272.0
510	3790.5	0.0	0.0	12602.0
520	3756.8333333333335	0.0	0.0	9462.0
530	3727.3333333333335	0.0	0.0	7331.0
540	3637.6666666666665	0.0	0.0	10386.0
550	3959.3333333333335	0.0	0.0	9956.0
560	3066.8333333333335	0.0	0.0	11967.0
570	3771.8333333333335	0.0	0.0	9070.0
580	3516.6666666666665	0.0	0.0	11391.0
590	3555.3333333333335	0.0	0.0	8108.0
600	3427.3333333333335	0.0	0.0	13151.0
610	3594.0	0.0	0.0	9722.0
620	3930.8333333333335	0.0	0.0	9605.0
630	3484.8333333333335	0.0	0.0	11774.0
640	3668.3333333333335	0.0	0.0	10802.0
650	3468.6666666666665	0.0	0.0	11778.0
660	4131.5	0.0	0.0	11318.0
670	3722.3333333333335	0.0	0.0	9817.0
680	3866.0	0.0	0.0	11143.0
690	3707.1666666666665	0.0	0.0	9879.0
700	3608.5	0.0	0.0	9087.0
710	3482.6666666666665	0.0	0.0	10550.0
720	3864.1666666666665	0.0	0.0	10190.0
730	3768.3333333333335	0.0	0.0	7900.0
740	3735.0	0.0	0.0	13622.0
750	3720.3333333333335	0.0	0.0	9138.0
760	3965.1666666666665	0.0	0.0	8723.0
770	3821.3333333333335	0.0	0.0	9690.0
780	3851.0	0.0	0.0	6534.0
790	3683.8333333333335	0.0	0.0	10258.0
800	3605.3333333333335	0.0	0.0	10407.0
810	3621.0	0.0	0.0	9613.0
820	3517.3333333333335	0.0	0.0	11539.0
830	3832.5	0.0	0.0	10734.0
840	3760.6666666666665	0.0	0.0	8889.0
850	3873.6666666666665	0.0	0.0	10325.0
860	3750.5	0.0	0.0	12030.0
870	3584.6666666666665	0.0	0.0	11616.0
880	3997.1666666666665	0.0	0.0	11348.0
890	3793.0	0.0	0.0	10524.0
900	4056.5	0.0	0.0	9445.0
910	3704.1666666666665	0.0	0.0	9406.0
920	3740.3333333333335	0.0	0.0	11462.0
930	3620.6666666666665	0.0	0.0	11746.0
940	3832.6666666666665	0.0	0.0	12284.0
950	3740.1666666666665	0.0	0.0	9373.0
960	3927.3333333333335	0.0	0.0	8126.0
970	3620.0	0.0	0.0	9923.0
980	3596.8333333333335	0.0	0.0	10335.0
990	3925.5	0.0	0.0	8995.0
1000	3854.1666666666665	0.0	0.0	10772.0
