0	2247.8333333333335	0.0	0.0	0.0
10	2245.5	757.0	12047.0	12047.0
20	2419.8333333333335	243.0	4113.0	10934.0
30	2587.3333333333335	0.0	0.0	9302.0
40	2588.6666666666665	0.0	0.0	9462.0
50	2638.1666666666665	0.0	0.0	7638.0
60	2467.3333333333335	0.0	0.0	6074.0
70	2592.6666666666665	0.0	0.0	12912.0
80	2559.3333333333335	0.0	0.0	12442.0
90	2722.6666666666665	0.0	0.0	7337.0
100	2785.5	0.0	0.0	5484.0
110	2655.6666666666665	0.0	0.0	10325.0
120	2178.5	0.0	0.0	6624.0
130	2717.3333333333335	0.0	0.0	7019.0
140	3046.1666666666665	0.0	0.0	9307.0
150	2732.8333333333335	0.0	0.0	9978.0
160	3101.6666666666665	0.0	0.0	7188.0
170	2574.0	0.0	0.0	8000.0
180	2852.3333333333335	0.0	0.0	7438.0
190	2461.5	0.0	0.0	8847.0
200	2313.0	0.0	0.0	5766.0
210	2503.8333333333335	0.0	0.0	10193.0
220	2794.5	0.0	0.0	9143.0
230	2816.0	0.0	0.0	8253.0
240	2394.5	0.0	0.0	9473.0
250	2857.6666666666665	0.0	0.0	8065.0
260	2655.6666666666665	0.0	0.0	6692.0
270	2335.3333333333335	0.0	0.0	7381.0
280	2758.6666666666665	0.0	0.0	8614.0
290	3148.8333333333335	0.0	0.0	9084.0
300	2636.5	0.0	0.0	8156.0
310	2706.6666666666665	0.0	0.0	8239.0
320	2663.0	0.0	0.0	12421.0
330	2987.6666666666665	0.0	0.0	9863.0
340	3142.3333333333335	0.0	0.0	8159.0
350	3143.6666666666665	0.0	0.0	7796.0
360	3141.6666666666665	0.0	0.0	7786.0
370	3482.8333333333335	0.0	0.0	12678.0
380	3310.0	0.0	0.0	8132.0
390	2785.6666666666665	0.0	0.0	14110.0
400	3222.5	0.0	0.0	11909.0
410	2883.8333333333335	0.0	0.0	8516.0
420	2894.0	0.0	0.0	11249.0
430	2892.1666666666665	0.0	0.0	8692.0
440	3511.6666666666665	0.0	0.0	10994.0
450	3771.6666666666665	0.0	0.0	12896.0
460	3478.1666666666665	0.0	0.0	12314.0
470	3598.6666666666665	0.0	0.0	9870.0
480	3753.3333333333335	0.0	0.0	11317.0
490	3635.0	0.0	0.0	6514.0
500	3203.6666666666665	0.0	0.0	12504.0
510	3794.6666666666665	0.0	0.0	13717.0
520	3142.1666666666665	0.0	0.0	8106.0
530	3083.1666666666665	0.0	0.0	11149.0
540	3465.6666666666665	0.0	0.0	11331.0
550	3865.6666666666665	0.0	0.0	12671.0
560	3535.0	0.0	0.0	8913.0
570	3494.1666666666665	0.0	0.0	11512.0
580	3198.3333333333335	0.0	0.0	9256.0
590	3858.6666666666665	0.0	0.0	7090.0
600	2812.8333333333335	0.0	0.0	11104.0
610	3244.0	0.0	0.0	10208.0
620	3570.6666666666665	0.0	0.0	12161.0
630	3510.5	0.0	0.0	11299.0
640	3726.1666666666665	0.0	0.0	9594.0
650	3803.0	0.0	0.0	13535.0
660	3345.8333333333335	0.0	0.0	11964.0
670	3620.5	0.0	0.0	9522.0
680	3659.5	0.0	0.0	9933.0
690	3635.8333333333335	0.0	0.0	10398.0
700	3799.8333333333335	0.0	0.0	10719.0
710	3905.6666666666665	0.0	0.0	12940.0
720	3744.5	0.0	0.0	11960.0
730	3797.3333333333335	0.0	0.0	11092.0
740	3987.1666666666665	0.0	0.0	10884.0
750	3737.5	0.0	0.0	13178.0
760	3380.6666666666665	0.0	0.0	9917.0
770	3513.8333333333335	0.0	0.0	11152.0
780	3724.1666666666665	0.0	0.0	10004.0
790	3732.1666666666665	0.0	0.0	11696.0
800	3827.3333333333335	0.0	0.0	8455.0
