0	2210.3333333333335	0.0	0.0	0.0
10	2088.3333333333335	737.0	13279.0	13279.0
20	2410.3333333333335	263.0	5316.0	10857.0
30	2478.8333333333335	0.0	0.0	12042.0
40	2590.8333333333335	0.0	0.0	9114.0
50	2575.0	0.0	0.0	11736.0
60	2727.1666666666665	0.0	0.0	10146.0
70	2752.8333333333335	0.0	0.0	8012.0
80	2861.1666666666665	0.0	0.0	9415.0
90	2433.5	0.0	0.0	12060.0
100	2645.1666666666665	0.0	0.0	8012.0
110	2786.3333333333335	0.0	0.0	11543.0
120	2628.0	0.0	0.0	6941.0
130	2968.5	0.0	0.0	10316.0
140	2827.6666666666665	0.0	0.0	11343.0
150	2665.6666666666665	0.0	0.0	10210.0
160	2800.1666666666665	0.0	0.0	8888.0
170	2827.8333333333335	0.0	0.0	6808.0
180	2747.3333333333335	0.0	0.0	9476.0
190	2843.6666666666665	0.0	0.0	9124.0
200	2460.6666666666665	0.0	0.0	13353.0
210	2590.5	0.0	0.0	7909.0
220	3103.3333333333335	0.0	0.0	11213.0
230	2946.1666666666665	0.0	0.0	9838.0
240	3117.3333333333335	0.0	0.0	9788.0
250	3201.5	0.0	0.0	10971.0
260	3365.0	0.0	0.0	12992.0
270	3312.8333333333335	0.0	0.0	11670.0
280	3167.0	0.0	0.0	9407.0
290	3301.1666666666665	0.0	0.0	8824.0
300	3576.0	0.0	0.0	9777.0
310	3355.5	0.0	0.0	11941.0
320	2966.8333333333335	0.0	0.0	11022.0
330	2997.1666666666665	0.0	0.0	11343.0
340	3715.8333333333335	0.0	0.0	9047.0
350	3289.0	0.0	0.0	11459.0
360	3209.8333333333335	0.0	0.0	6818.0
370	3456.8333333333335	0.0	0.0	11364.0
380	3658.6666666666665	0.0	0.0	8583.0
390	3568.6666666666665	0.0	0.0	14046.0
400	3806.1666666666665	0.0	0.0	6151.0
410	3848.5	0.0	0.0	7550.0
420	3460.5	0.0	0.0	11896.0
430	3645.5	0.0	0.0	10658.0
440	3578.0	0.0	0.0	10913.0
450	3661.0	0.0	0.0	9573.0
460	3371.0	0.0	0.0	12067.0
470	3951.3333333333335	0.0	0.0	8802.0
480	4205.333333333333	0.0	0.0	11261.0
490	3807.0	0.0	0.0	8105.0
500	3754.6666666666665	0.0	0.0	9981.0
510	3549.3333333333335	0.0	0.0	8095.0
520	3314.6666666666665	0.0	0.0	11646.0
530	3417.0	0.0	0.0	11176.0
540	3853.6666666666665	0.0	0.0	9545.0
550	3962.0	0.0	0.0	11166.0
560	3795.1666666666665	0.0	0.0	9573.0
570	4138.166666666667	0.0	0.0	9928.0
580	3869.1666666666665	0.0	0.0	10670.0
590	3873.3333333333335	0.0	0.0	8282.0
600	3590.5	0.0	0.0	8929.0
610	3652.3333333333335	0.0	0.0	10192.0
620	3844.6666666666665	0.0	0.0	11304.0
630	3937.0	0.0	0.0	12244.0
640	3818.8333333333335	0.0	0.0	10689.0
650	3873.6666666666665	0.0	0.0	14432.0
660	3585.6666666666665	0.0	0.0	11676.0
670	3603.3333333333335	0.0	0.0	13276.0
680	3722.6666666666665	0.0	0.0	10264.0
690	3706.0	0.0	0.0	8878.0
700	3803.1666666666665	0.0	0.0	11925.0
710	4183.333333333333	0.0	0.0	7672.0
720	3553.8333333333335	0.0	0.0	11372.0
730	3791.6666666666665	0.0	0.0	9843.0
740	3626.5	0.0	0.0	12148.0
750	4003.1666666666665	0.0	0.0	10159.0
760	3926.3333333333335	0.0	0.0	8625.0
770	3729.0	0.0	0.0	8926.0
780	4006.6666666666665	0.0	0.0	12590.0
790	3443.0	0.0	0.0	11766.0
800	3935.5	0.0	0.0	10576.0
