0	2108.5	0.0	0.0	0.0
10	2174.1666666666665	115.0	11128.0	11128.0
20	2269.6666666666665	115.0	9287.0	9287.0
30	2343.8333333333335	129.0	9512.0	9512.0
40	2203.0	179.0	11679.0	11679.0
50	2330.3333333333335	128.0	12267.0	12267.0
60	2140.6666666666665	56.0	11238.0	11238.0
70	2565.0	62.0	10135.0	10135.0
80	2654.0	43.0	11533.0	11533.0
90	2628.6666666666665	61.0	8250.0	8250.0
100	2587.8333333333335	21.0	5129.0	5129.0
110	2090.0	33.0	8084.0	8084.0
120	2510.0	43.0	12047.0	12047.0
130	2584.5	15.0	2956.0	12719.0
140	3109.1666666666665	0.0	0.0	8862.0
150	3163.6666666666665	0.0	0.0	11268.0
160	2872.1666666666665	0.0	0.0	12698.0
170	3459.0	0.0	0.0	9378.0
180	3323.5	0.0	0.0	8880.0
190	3488.8333333333335	0.0	0.0	8253.0
200	3133.1666666666665	0.0	0.0	11159.0
210	3535.5	0.0	0.0	10214.0
220	4029.1666666666665	0.0	0.0	10544.0
230	3716.5	0.0	0.0	13859.0
240	3002.6666666666665	0.0	0.0	8261.0
250	3474.5	0.0	0.0	12692.0
260	3083.5	0.0	0.0	11257.0
270	3489.3333333333335	0.0	0.0	12578.0
280	3726.8333333333335	0.0	0.0	10289.0
290	3457.1666666666665	0.0	0.0	9427.0
300	3296.1666666666665	0.0	0.0	9364.0
310	3835.6666666666665	0.0	0.0	11153.0
320	3239.5	0.0	0.0	9962.0
330	3035.0	0.0	0.0	10384.0
340	3490.1666666666665	0.0	0.0	12543.0
350	3174.0	0.0	0.0	12708.0
360	3394.5	0.0	0.0	12142.0
370	3963.3333333333335	0.0	0.0	9099.0
380	3121.1666666666665	0.0	0.0	9116.0
390	3831.0	0.0	0.0	12226.0
400	3827.1666666666665	0.0	0.0	11560.0
410	3410.3333333333335	0.0	0.0	10295.0
420	3753.8333333333335	0.0	0.0	8568.0
430	2906.8333333333335	0.0	0.0	10335.0
440	3925.1666666666665	0.0	0.0	9260.0
450	3389.6666666666665	0.0	0.0	12154.0
460	3435.8333333333335	0.0	0.0	12637.0
470	3633.0	0.0	0.0	11467.0
480	3446.8333333333335	0.0	0.0	13071.0
490	3656.3333333333335	0.0	0.0	12169.0
500	4050.0	0.0	0.0	10149.0
510	3554.5	0.0	0.0	12840.0
520	3832.8333333333335	0.0	0.0	10299.0
530	3761.5	0.0	0.0	8353.0
540	3628.6666666666665	0.0	0.0	11417.0
550	4029.5	0.0	0.0	11493.0
560	4026.0	0.0	0.0	10035.0
570	3809.3333333333335	0.0	0.0	7971.0
580	3832.5	0.0	0.0	10352.0
590	3701.5	0.0	0.0	12809.0
600	3499.3333333333335	0.0	0.0	7309.0
610	3817.5	0.0	0.0	7378.0
620	4114.666666666667	0.0	0.0	11932.0
630	3752.5	0.0	0.0	8146.0
640	3494.0	0.0	0.0	10910.0
650	4071.8333333333335	0.0	0.0	10076.0
660	3815.3333333333335	0.0	0.0	10510.0
670	3688.5	0.0	0.0	11318.0
680	3899.8333333333335	0.0	0.0	11252.0
690	3750.8333333333335	0.0	0.0	11152.0
700	3687.3333333333335	0.0	0.0	10760.0
710	3796.0	0.0	0.0	9401.0
720	3996.6666666666665	0.0	0.0	10430.0
730	3635.5	0.0	0.0	9993.0
740	3979.1666666666665	0.0	0.0	10498.0
750	3641.6666666666665	0.0	0.0	7685.0
760	4009.3333333333335	0.0	0.0	10410.0
770	3207.8333333333335	0.0	0.0	10440.0
780	3674.5	0.0	0.0	9734.0
790	3616.3333333333335	0.0	0.0	11342.0
800	3560.5	0.0	0.0	10261.0
