0	2100.8333333333335	0.0	0.0	0.0
10	2359.1666666666665	95.0	9083.0	9083.0
20	2136.5	91.0	7715.0	7715.0
30	2331.3333333333335	172.0	9893.0	9893.0
40	1746.8333333333333	101.0	8851.0	8851.0
50	2355.6666666666665	149.0	11205.0	11205.0
60	2301.1666666666665	72.0	8566.0	8566.0
70	2279.3333333333335	44.0	8475.0	8475.0
80	2314.6666666666665	56.0	7917.0	7917.0
90	2199.5	93.0	10054.0	10054.0
100	2624.3333333333335	25.0	7933.0	7933.0
110	2196.0	90.0	11252.0	11252.0
120	2993.0	12.0	2578.0	10869.0
130	2885.3333333333335	0.0	0.0	10501.0
140	2681.6666666666665	0.0	0.0	12322.0
150	2756.5	0.0	0.0	8099.0
160	3041.0	0.0	0.0	9776.0
170	3768.0	0.0	0.0	11291.0
180	3636.5	0.0	0.0	9444.0
190	3487.6666666666665	0.0	0.0	8547.0
200	3049.1666666666665	0.0	0.0	9403.0
210	3348.1666666666665	0.0	0.0	10466.0
220	3799.1666666666665	0.0	0.0	6189.0
230	3769.0	0.0	0.0	9233.0
240	3941.1666666666665	0.0	0.0	12708.0
250	3954.8333333333335	0.0	0.0	6434.0
260	2886.5	0.0	0.0	11631.0
270	3404.1666666666665	0.0	0.0	10298.0
280	3624.6666666666665	0.0	0.0	9006.0
290	3534.3333333333335	0.0	0.0	10385.0
300	3302.1666666666665	0.0	0.0	10449.0
310	3862.6666666666665	0.0	0.0	6867.0
320	3064.8333333333335	0.0	0.0	10635.0
330	3393.3333333333335	0.0	0.0	7177.0
340	3744.5	0.0	0.0	8677.0
350	3652.8333333333335	0.0	0.0	9940.0
360	3752.1666666666665	0.0	0.0	11238.0
370	3310.6666666666665	0.0	0.0	8390.0
380	3555.8333333333335	0.0	0.0	11863.0
390	3677.0	0.0	0.0	9118.0
400	3462.8333333333335	0.0	0.0	10065.0
410	3418.6666666666665	0.0	0.0	11885.0
420	3678.0	0.0	0.0	8421.0
430	3249.3333333333335	0.0	0.0	8307.0
440	2779.5	0.0	0.0	11061.0
450	3439.6666666666665	0.0	0.0	9463.0
460	3682.3333333333335	0.0	0.0	11375.0
470	3639.6666666666665	0.0	0.0	14412.0
480	4129.5	0.0	0.0	10887.0
490	3409.3333333333335	0.0	0.0	10849.0
500	3356.8333333333335	0.0	0.0	10367.0
510	3719.5	0.0	0.0	12481.0
520	3399.8333333333335	0.0	0.0	10368.0
530	3900.8333333333335	0.0	0.0	10230.0
540	3639.1666666666665	0.0	0.0	9432.0
550	3920.0	0.0	0.0	9587.0
560	3645.3333333333335	0.0	0.0	13946.0
570	3806.5	0.0	0.0	8749.0
580	3821.3333333333335	0.0	0.0	11421.0
590	3645.8333333333335	0.0	0.0	9160.0
600	3734.8333333333335	0.0	0.0	10716.0
610	3638.6666666666665	0.0	0.0	9618.0
620	3633.1666666666665	0.0	0.0	7998.0
630	3528.0	0.0	0.0	10704.0
640	3815.0	0.0	0.0	12200.0
650	3802.3333333333335	0.0	0.0	11270.0
660	3722.0	0.0	0.0	10717.0
670	4164.666666666667	0.0	0.0	11111.0
680	3435.8333333333335	0.0	0.0	10489.0
690	3619.8333333333335	0.0	0.0	7856.0
700	3663.6666666666665	0.0	0.0	8740.0
710	3398.6666666666665	0.0	0.0	12419.0
720	4073.5	0.0	0.0	10570.0
730	3500.6666666666665	0.0	0.0	8474.0
740	3662.3333333333335	0.0	0.0	10484.0
750	3612.6666666666665	0.0	0.0	10440.0
760	3899.0	0.0	0.0	9185.0
770	3817.3333333333335	0.0	0.0	11130.0
780	3653.1666666666665	0.0	0.0	11711.0
790	3714.6666666666665	0.0	0.0	9138.0
800	4206.166666666667	0.0	0.0	11167.0
