0	1206.5	0.0	0.0	0.0
10	833.6666666666666	832.0	7781.0	7781.0
20	1371.0	168.0	1513.0	5558.0
30	1481.0	0.0	0.0	7058.0
40	1770.0	0.0	0.0	6448.0
50	1992.6666666666667	0.0	0.0	8358.0
60	2629.5	0.0	0.0	6998.0
70	2541.6666666666665	0.0	0.0	10080.0
80	2611.0	0.0	0.0	7213.0
90	2282.6666666666665	0.0	0.0	8099.0
100	2252.0	0.0	0.0	7037.0
110	2217.3333333333335	0.0	0.0	8117.0
120	2258.8333333333335	0.0	0.0	8883.0
130	2368.1666666666665	0.0	0.0	5785.0
140	2067.1666666666665	0.0	0.0	10817.0
150	2491.5	0.0	0.0	7983.0
160	2101.0	0.0	0.0	7214.0
170	2008.8333333333333	0.0	0.0	9873.0
180	2401.3333333333335	0.0	0.0	7144.0
190	1850.1666666666667	0.0	0.0	8730.0
200	2304.3333333333335	0.0	0.0	9322.0
210	1999.8333333333333	0.0	0.0	7544.0
220	2053.6666666666665	0.0	0.0	8582.0
230	1936.3333333333333	0.0	0.0	10681.0
240	2127.0	0.0	0.0	10227.0
250	2003.0	0.0	0.0	8476.0
260	2245.6666666666665	0.0	0.0	6838.0
270	2220.8333333333335	0.0	0.0	7849.0
280	2245.6666666666665	0.0	0.0	7221.0
290	2018.6666666666667	0.0	0.0	8791.0
300	2076.3333333333335	0.0	0.0	8897.0
310	2102.0	0.0	0.0	6825.0
320	1558.3333333333333	0.0	0.0	7924.0
330	1735.1666666666667	0.0	0.0	6545.0
340	1597.0	0.0	0.0	4420.0
350	2006.1666666666667	0.0	0.0	5966.0
360	1991.3333333333333	0.0	0.0	6239.0
370	1278.8333333333333	0.0	0.0	5209.0
380	1629.5	0.0	0.0	9745.0
390	1442.6666666666667	0.0	0.0	5682.0
400	1829.6666666666667	0.0	0.0	8406.0
410	2044.5	0.0	0.0	8070.0
420	1949.5	0.0	0.0	6775.0
430	1623.6666666666667	0.0	0.0	6567.0
440	1947.6666666666667	0.0	0.0	7660.0
450	2137.6666666666665	0.0	0.0	4954.0
460	1850.0	0.0	0.0	9841.0
470	1975.6666666666667	0.0	0.0	6870.0
480	1983.6666666666667	0.0	0.0	8165.0
490	1996.6666666666667	0.0	0.0	8427.0
500	1933.0	0.0	0.0	10068.0
510	1999.1666666666667	0.0	0.0	6511.0
520	1743.3333333333333	0.0	0.0	9508.0
530	2465.6666666666665	0.0	0.0	9918.0
540	1869.3333333333333	0.0	0.0	7487.0
550	1797.0	0.0	0.0	9388.0
560	2413.6666666666665	0.0	0.0	11474.0
570	2302.0	0.0	0.0	7312.0
580	2070.3333333333335	0.0	0.0	9351.0
590	1817.0	0.0	0.0	7507.0
600	2516.3333333333335	0.0	0.0	9241.0
610	2359.6666666666665	0.0	0.0	7916.0
620	2109.0	0.0	0.0	9794.0
630	2062.0	0.0	0.0	7932.0
640	2425.3333333333335	0.0	0.0	8863.0
650	2451.5	0.0	0.0	7135.0
660	2311.0	0.0	0.0	8050.0
670	2543.5	0.0	0.0	10404.0
680	2623.1666666666665	0.0	0.0	6639.0
690	2333.5	0.0	0.0	9286.0
700	2264.3333333333335	0.0	0.0	8491.0
710	2176.3333333333335	0.0	0.0	10874.0
720	2419.3333333333335	0.0	0.0	9868.0
730	2500.1666666666665	0.0	0.0	9056.0
740	2381.6666666666665	0.0	0.0	8485.0
750	2297.6666666666665	0.0	0.0	8034.0
760	2533.0	0.0	0.0	8585.0
770	2512.6666666666665	0.0	0.0	9307.0
780	2557.3333333333335	0.0	0.0	9200.0
790	2554.0	0.0	0.0	8502.0
800	2487.3333333333335	0.0	0.0	10182.0
810	2651.8333333333335	0.0	0.0	8959.0
820	2336.0	0.0	0.0	9364.0
830	2571.1666666666665	0.0	0.0	10653.0
840	2326.3333333333335	0.0	0.0	9393.0
850	2440.8333333333335	0.0	0.0	8587.0
860	2454.6666666666665	0.0	0.0	11670.0
870	2290.0	0.0	0.0	8685.0
880	2498.6666666666665	0.0	0.0	10120.0
890	2388.3333333333335	0.0	0.0	9781.0
900	2439.6666666666665	0.0	0.0	8509.0
910	2269.6666666666665	0.0	0.0	7936.0
920	2244.6666666666665	0.0	0.0	9203.0
930	2204.6666666666665	0.0	0.0	9336.0
940	2543.6666666666665	0.0	0.0	6927.0
950	2210.5	0.0	0.0	8963.0
960	1611.8333333333333	0.0	0.0	6505.0
970	1889.6666666666667	0.0	0.0	8982.0
980	1661.8333333333333	0.0	0.0	7783.0
990	1856.1666666666667	0.0	0.0	7954.0
1000	1492.6666666666667	0.0	0.0	10366.0
