0	1384.0	0.0	0.0	0.0
10	597.3333333333334	794.0	8313.0	8313.0
20	827.0	206.0	2442.0	5214.0
30	1722.3333333333333	0.0	0.0	5079.0
40	1874.1666666666667	0.0	0.0	8001.0
50	2136.8333333333335	0.0	0.0	9406.0
60	2018.3333333333333	0.0	0.0	6844.0
70	2213.0	0.0	0.0	9506.0
80	2562.3333333333335	0.0	0.0	8248.0
90	2194.1666666666665	0.0	0.0	8286.0
100	2235.8333333333335	0.0	0.0	9983.0
110	2634.8333333333335	0.0	0.0	7517.0
120	2245.6666666666665	0.0	0.0	8827.0
130	2497.5	0.0	0.0	7365.0
140	2402.6666666666665	0.0	0.0	8128.0
150	2421.6666666666665	0.0	0.0	7827.0
160	2267.6666666666665	0.0	0.0	8046.0
170	2463.0	0.0	0.0	10651.0
180	2592.1666666666665	0.0	0.0	7591.0
190	2405.6666666666665	0.0	0.0	8191.0
200	2424.6666666666665	0.0	0.0	8999.0
210	2265.6666666666665	0.0	0.0	9459.0
220	2467.6666666666665	0.0	0.0	9085.0
230	2638.5	0.0	0.0	8220.0
240	2468.0	0.0	0.0	8410.0
250	2478.0	0.0	0.0	8734.0
260	2416.1666666666665	0.0	0.0	7789.0
270	2709.5	0.0	0.0	10096.0
280	2394.3333333333335	0.0	0.0	9348.0
290	2281.6666666666665	0.0	0.0	8440.0
300	1748.3333333333333	0.0	0.0	8692.0
310	2340.5	0.0	0.0	8029.0
320	2254.5	0.0	0.0	8893.0
330	2412.8333333333335	0.0	0.0	8548.0
340	2255.3333333333335	0.0	0.0	9284.0
350	2272.6666666666665	0.0	0.0	10245.0
360	1932.6666666666667	0.0	0.0	7526.0
370	1536.8333333333333	0.0	0.0	8867.0
380	1846.3333333333333	0.0	0.0	9982.0
390	2104.3333333333335	0.0	0.0	9410.0
400	1948.0	0.0	0.0	8706.0
410	2042.0	0.0	0.0	7828.0
420	2114.3333333333335	0.0	0.0	7783.0
430	2147.3333333333335	0.0	0.0	9562.0
440	2108.3333333333335	0.0	0.0	9738.0
450	1945.6666666666667	0.0	0.0	8874.0
460	2387.6666666666665	0.0	0.0	9666.0
470	2038.1666666666667	0.0	0.0	9464.0
480	2124.1666666666665	0.0	0.0	7440.0
490	2030.6666666666667	0.0	0.0	9649.0
500	1913.3333333333333	0.0	0.0	7494.0
510	1945.5	0.0	0.0	10325.0
520	2542.6666666666665	0.0	0.0	10809.0
530	2440.3333333333335	0.0	0.0	9785.0
540	2494.3333333333335	0.0	0.0	7589.0
550	2351.6666666666665	0.0	0.0	7493.0
560	2280.1666666666665	0.0	0.0	7812.0
570	2593.0	0.0	0.0	10305.0
580	2232.5	0.0	0.0	8186.0
590	1915.3333333333333	0.0	0.0	8389.0
600	1822.0	0.0	0.0	10188.0
610	2031.6666666666667	0.0	0.0	9543.0
620	2186.5	0.0	0.0	9224.0
630	1692.3333333333333	0.0	0.0	8088.0
640	1859.3333333333333	0.0	0.0	8971.0
650	2018.6666666666667	0.0	0.0	7808.0
660	2548.3333333333335	0.0	0.0	8323.0
670	2437.1666666666665	0.0	0.0	9599.0
680	1834.5	0.0	0.0	7046.0
690	1641.1666666666667	0.0	0.0	8334.0
700	1953.3333333333333	0.0	0.0	7990.0
710	1760.6666666666667	0.0	0.0	10726.0
720	2465.5	0.0	0.0	10017.0
730	2499.3333333333335	0.0	0.0	10868.0
740	2605.8333333333335	0.0	0.0	8995.0
750	1725.8333333333333	0.0	0.0	9641.0
760	2193.0	0.0	0.0	10289.0
770	2476.0	0.0	0.0	8291.0
780	2070.0	0.0	0.0	9403.0
790	2431.0	0.0	0.0	9409.0
800	2654.6666666666665	0.0	0.0	9087.0
810	2499.0	0.0	0.0	8904.0
820	2351.5	0.0	0.0	8372.0
830	2604.1666666666665	0.0	0.0	8379.0
840	2699.1666666666665	0.0	0.0	7284.0
850	2300.3333333333335	0.0	0.0	8269.0
860	2699.3333333333335	0.0	0.0	9903.0
870	2463.3333333333335	0.0	0.0	8106.0
880	2396.0	0.0	0.0	8373.0
890	2517.0	0.0	0.0	8285.0
900	2219.6666666666665	0.0	0.0	8339.0
910	2485.0	0.0	0.0	10144.0
920	2377.0	0.0	0.0	8319.0
930	2272.6666666666665	0.0	0.0	8275.0
940	2290.3333333333335	0.0	0.0	9656.0
950	2426.6666666666665	0.0	0.0	8327.0
960	2372.3333333333335	0.0	0.0	7921.0
970	2213.3333333333335	0.0	0.0	11485.0
980	2410.6666666666665	0.0	0.0	8949.0
990	2642.0	0.0	0.0	9561.0
1000	2364.6666666666665	0.0	0.0	9528.0
