0	744.6666666666666	0.0	0.0	0.0
10	582.3333333333334	0.0	0.0	6233.0
20	814.0	0.0	0.0	3105.0
30	1454.8333333333333	0.0	0.0	4467.0
40	1094.3333333333333	0.0	0.0	5072.0
50	1035.5	0.0	0.0	5600.0
60	800.0	0.0	0.0	4100.0
70	1192.3333333333333	0.0	0.0	5160.0
80	1493.3333333333333	0.0	0.0	3857.0
90	1353.5	0.0	0.0	8744.0
100	1541.0	0.0	0.0	6873.0
110	1606.0	0.0	0.0	7096.0
120	1966.3333333333333	0.0	0.0	5601.0
130	1596.3333333333333	0.0	0.0	8543.0
140	1386.8333333333333	0.0	0.0	5835.0
150	1365.6666666666667	0.0	0.0	7780.0
160	1620.3333333333333	0.0	0.0	8495.0
170	1828.5	0.0	0.0	6511.0
180	1759.3333333333333	0.0	0.0	8519.0
190	1729.5	0.0	0.0	5857.0
200	2185.0	0.0	0.0	6871.0
210	1811.0	0.0	0.0	6889.0
220	1890.6666666666667	0.0	0.0	7053.0
230	2169.3333333333335	0.0	0.0	8355.0
240	1650.0	0.0	0.0	10215.0
250	2559.6666666666665	0.0	0.0	10152.0
260	2008.5	0.0	0.0	7654.0
270	1673.0	0.0	0.0	7433.0
280	1590.6666666666667	0.0	0.0	8394.0
290	2569.0	0.0	0.0	8587.0
300	2010.3333333333333	0.0	0.0	8410.0
310	2442.1666666666665	0.0	0.0	8607.0
320	2470.5	0.0	0.0	11875.0
330	2525.5	0.0	0.0	8943.0
340	2523.8333333333335	0.0	0.0	7492.0
350	2211.3333333333335	0.0	0.0	12016.0
360	2032.0	0.0	0.0	9425.0
370	1870.0	0.0	0.0	8832.0
380	1880.0	0.0	0.0	8369.0
390	2222.8333333333335	0.0	0.0	9646.0
400	2091.1666666666665	0.0	0.0	9418.0
410	2504.0	0.0	0.0	8605.0
420	2220.3333333333335	0.0	0.0	9248.0
430	2211.6666666666665	0.0	0.0	6757.0
440	1889.0	0.0	0.0	9202.0
450	2272.0	0.0	0.0	10055.0
460	2317.1666666666665	0.0	0.0	8190.0
470	1863.5	0.0	0.0	8837.0
480	2067.6666666666665	0.0	0.0	7533.0
490	2446.6666666666665	0.0	0.0	8286.0
500	2351.6666666666665	0.0	0.0	7821.0
510	1873.1666666666667	0.0	0.0	8427.0
520	2548.1666666666665	0.0	0.0	8915.0
530	2200.3333333333335	0.0	0.0	8861.0
540	2612.3333333333335	0.0	0.0	10832.0
550	2716.3333333333335	0.0	0.0	9234.0
560	2606.0	0.0	0.0	8680.0
570	2490.3333333333335	0.0	0.0	7953.0
580	2262.5	0.0	0.0	8971.0
590	1805.5	0.0	0.0	7975.0
600	2081.1666666666665	0.0	0.0	10030.0
610	2258.1666666666665	0.0	0.0	11566.0
620	2414.3333333333335	0.0	0.0	7696.0
630	2532.1666666666665	0.0	0.0	9822.0
640	2293.0	0.0	0.0	6310.0
650	2455.6666666666665	0.0	0.0	8721.0
660	2636.1666666666665	0.0	0.0	6725.0
670	1698.3333333333333	0.0	0.0	7890.0
680	2438.6666666666665	0.0	0.0	8466.0
690	2397.0	0.0	0.0	10518.0
700	2478.0	0.0	0.0	8145.0
710	2345.6666666666665	0.0	0.0	9941.0
720	2333.3333333333335	0.0	0.0	7676.0
730	2453.8333333333335	0.0	0.0	10014.0
740	2494.1666666666665	0.0	0.0	9949.0
750	2281.8333333333335	0.0	0.0	9360.0
760	2677.3333333333335	0.0	0.0	11058.0
770	2647.5	0.0	0.0	7178.0
780	2400.5	0.0	0.0	8892.0
790	2476.6666666666665	0.0	0.0	10078.0
800	2428.8333333333335	0.0	0.0	9280.0
810	1580.3333333333333	0.0	0.0	9643.0
820	1746.6666666666667	0.0	0.0	10074.0
830	2657.3333333333335	0.0	0.0	9913.0
840	1679.3333333333333	0.0	0.0	9506.0
850	1568.6666666666667	0.0	0.0	8545.0
860	1855.6666666666667	0.0	0.0	9033.0
870	1791.6666666666667	0.0	0.0	9456.0
880	2134.5	0.0	0.0	9356.0
890	1903.3333333333333	0.0	0.0	10054.0
900	1991.8333333333333	0.0	0.0	11387.0
910	2248.0	0.0	0.0	8351.0
920	2214.8333333333335	0.0	0.0	8767.0
930	2220.0	0.0	0.0	10518.0
940	1855.1666666666667	0.0	0.0	8092.0
950	1635.0	0.0	0.0	13125.0
960	2086.8333333333335	0.0	0.0	11083.0
970	2453.6666666666665	0.0	0.0	10505.0
980	2325.8333333333335	0.0	0.0	9915.0
990	2642.6666666666665	0.0	0.0	8917.0
1000	2457.6666666666665	0.0	0.0	8080.0
