0	227.0	0.0	0.0	0.0
10	1893.5	15449.0	15449.0	15450.0
20	2222.5	16127.0	16127.0	16127.0
30	2347.8333333333335	16629.0	16629.0	16629.0
40	2528.5	13483.0	13483.0	13483.0
50	2999.6666666666665	8158.0	8158.0	15147.0
60	2897.1666666666665	0.0	0.0	9203.0
70	2549.0	0.0	0.0	9988.0
80	2982.3333333333335	0.0	0.0	11551.0
90	3176.6666666666665	0.0	0.0	6867.0
100	3253.1666666666665	0.0	0.0	6715.0
110	3222.8333333333335	0.0	0.0	12121.0
120	3570.8333333333335	0.0	0.0	9778.0
130	2997.3333333333335	0.0	0.0	11451.0
140	3219.8333333333335	0.0	0.0	9373.0
150	3326.8333333333335	0.0	0.0	9233.0
160	3099.0	0.0	0.0	12367.0
170	3102.1666666666665	0.0	0.0	8622.0
180	3867.5	0.0	0.0	10201.0
190	3247.3333333333335	0.0	0.0	11309.0
200	3070.6666666666665	0.0	0.0	8090.0
210	3633.8333333333335	0.0	0.0	9587.0
220	3400.8333333333335	0.0	0.0	12321.0
230	3031.5	0.0	0.0	9542.0
240	3489.3333333333335	0.0	0.0	9220.0
250	3358.5	0.0	0.0	12963.0
260	3531.6666666666665	0.0	0.0	12021.0
270	3298.3333333333335	0.0	0.0	11708.0
280	3808.0	0.0	0.0	10892.0
290	2998.1666666666665	0.0	0.0	13176.0
300	4104.5	0.0	0.0	11608.0
310	3508.1666666666665	0.0	0.0	11623.0
320	3665.6666666666665	0.0	0.0	10598.0
330	3624.1666666666665	0.0	0.0	10006.0
340	3645.0	0.0	0.0	8903.0
350	3541.8333333333335	0.0	0.0	12228.0
360	3641.8333333333335	0.0	0.0	10562.0
370	3286.1666666666665	0.0	0.0	10318.0
380	4211.833333333333	0.0	0.0	7733.0
390	3234.6666666666665	0.0	0.0	9434.0
400	3370.6666666666665	0.0	0.0	11507.0
410	3263.3333333333335	0.0	0.0	12938.0
420	3856.0	0.0	0.0	13280.0
430	3533.6666666666665	0.0	0.0	11716.0
440	3538.1666666666665	0.0	0.0	11904.0
450	3446.1666666666665	0.0	0.0	11311.0
460	3756.5	0.0	0.0	9837.0
470	3631.1666666666665	0.0	0.0	10209.0
480	3715.5	0.0	0.0	11965.0
490	3190.5	0.0	0.0	10232.0
500	3529.8333333333335	0.0	0.0	9558.0
510	3260.1666666666665	0.0	0.0	11993.0
520	3077.6666666666665	0.0	0.0	8815.0
530	3688.3333333333335	0.0	0.0	11939.0
540	3846.0	0.0	0.0	10347.0
550	3451.5	0.0	0.0	13706.0
560	3153.1666666666665	0.0	0.0	13547.0
570	3887.3333333333335	0.0	0.0	8296.0
580	3855.0	0.0	0.0	10160.0
590	3630.6666666666665	0.0	0.0	10305.0
600	3852.5	0.0	0.0	8462.0
610	4028.5	0.0	0.0	11548.0
620	3767.8333333333335	0.0	0.0	11473.0
630	3943.6666666666665	0.0	0.0	7608.0
640	3779.8333333333335	0.0	0.0	9716.0
650	3506.6666666666665	0.0	0.0	11938.0
660	3806.8333333333335	0.0	0.0	10099.0
670	3957.6666666666665	0.0	0.0	9573.0
680	3655.3333333333335	0.0	0.0	9219.0
690	4096.666666666667	0.0	0.0	10990.0
700	3605.0	0.0	0.0	11826.0
710	3854.6666666666665	0.0	0.0	10108.0
720	3765.8333333333335	0.0	0.0	9235.0
730	3724.8333333333335	0.0	0.0	10606.0
740	3822.3333333333335	0.0	0.0	8850.0
750	3747.8333333333335	0.0	0.0	12875.0
760	3721.0	0.0	0.0	9029.0
770	3831.6666666666665	0.0	0.0	11708.0
780	3897.1666666666665	0.0	0.0	10329.0
790	3738.5	0.0	0.0	11084.0
800	3757.5	0.0	0.0	9254.0
810	3911.0	0.0	0.0	9671.0
820	3824.6666666666665	0.0	0.0	11783.0
830	3833.6666666666665	0.0	0.0	11443.0
840	3593.1666666666665	0.0	0.0	11084.0
850	3835.1666666666665	0.0	0.0	10339.0
860	3914.8333333333335	0.0	0.0	8815.0
870	3891.8333333333335	0.0	0.0	9569.0
880	3841.6666666666665	0.0	0.0	8016.0
890	3682.8333333333335	0.0	0.0	7780.0
900	3785.8333333333335	0.0	0.0	9862.0
910	3822.0	0.0	0.0	9389.0
920	3775.8333333333335	0.0	0.0	11902.0
930	3833.0	0.0	0.0	12613.0
940	3974.5	0.0	0.0	10718.0
950	3858.6666666666665	0.0	0.0	9099.0
960	4105.0	0.0	0.0	9513.0
970	3769.0	0.0	0.0	12999.0
980	3767.5	0.0	0.0	9977.0
990	3855.8333333333335	0.0	0.0	8017.0
1000	3884.1666666666665	0.0	0.0	11036.0
