0	1576.6666666666667	0.0	0.0	0.0
10	1777.0	76.0	3720.0	7653.0
20	1632.0	2.0	2910.0	6094.0
30	2087.5	150.0	5622.0	11727.0
40	1942.0	38.0	4413.0	9180.0
50	2325.3333333333335	47.0	6214.0	12799.0
60	2172.6666666666665	67.0	4330.0	9051.0
70	2448.3333333333335	124.0	6552.0	13121.0
80	2458.1666666666665	12.0	4010.0	8292.0
90	2772.6666666666665	41.0	5031.0	10333.0
100	2479.1666666666665	107.0	5113.0	10626.0
110	2481.1666666666665	109.0	5420.0	11029.0
120	2812.0	30.0	4659.0	9614.0
130	1796.1666666666667	41.0	5237.0	10653.0
140	2455.8333333333335	71.0	4661.0	9178.0
150	2416.6666666666665	14.0	4280.0	8949.0
160	2507.1666666666665	16.0	5435.0	10711.0
170	2289.3333333333335	13.0	4501.0	9484.0
180	2405.1666666666665	24.0	6090.0	12388.0
190	2349.8333333333335	18.0	1764.0	11262.0
200	2276.6666666666665	0.0	0.0	9405.0
210	2209.8333333333335	0.0	0.0	10062.0
220	2461.5	0.0	0.0	14218.0
230	2909.8333333333335	0.0	0.0	11468.0
240	3108.3333333333335	0.0	0.0	9624.0
250	3052.8333333333335	0.0	0.0	11316.0
260	2728.5	0.0	0.0	10009.0
270	3186.8333333333335	0.0	0.0	11172.0
280	2918.6666666666665	0.0	0.0	10679.0
290	3366.0	0.0	0.0	9413.0
300	3182.6666666666665	0.0	0.0	10449.0
310	3424.5	0.0	0.0	11137.0
320	3186.5	0.0	0.0	13476.0
330	3723.6666666666665	0.0	0.0	12448.0
340	3495.3333333333335	0.0	0.0	10885.0
350	3142.0	0.0	0.0	9072.0
360	3049.1666666666665	0.0	0.0	10423.0
370	3309.3333333333335	0.0	0.0	9408.0
380	3368.0	0.0	0.0	14251.0
390	2355.0	0.0	0.0	10578.0
400	3386.5	0.0	0.0	14203.0
410	3293.8333333333335	0.0	0.0	11450.0
420	3046.3333333333335	0.0	0.0	13015.0
430	3572.5	0.0	0.0	11510.0
440	3160.1666666666665	0.0	0.0	11581.0
450	3904.8333333333335	0.0	0.0	12367.0
460	3274.1666666666665	0.0	0.0	9466.0
470	3254.5	0.0	0.0	7263.0
480	3731.6666666666665	0.0	0.0	9857.0
490	3525.0	0.0	0.0	8168.0
500	3732.6666666666665	0.0	0.0	11938.0
510	3387.8333333333335	0.0	0.0	10187.0
520	3219.8333333333335	0.0	0.0	10318.0
530	3113.3333333333335	0.0	0.0	13491.0
540	3843.8333333333335	0.0	0.0	12989.0
550	3864.5	0.0	0.0	11661.0
560	3753.6666666666665	0.0	0.0	11786.0
570	3686.8333333333335	0.0	0.0	9686.0
580	3831.6666666666665	0.0	0.0	10300.0
590	3858.3333333333335	0.0	0.0	9326.0
600	3844.5	0.0	0.0	11494.0
610	3371.8333333333335	0.0	0.0	8442.0
620	3596.6666666666665	0.0	0.0	9294.0
630	3966.8333333333335	0.0	0.0	10353.0
640	3420.6666666666665	0.0	0.0	7671.0
650	3687.0	0.0	0.0	10981.0
660	3753.1666666666665	0.0	0.0	9184.0
670	3856.0	0.0	0.0	8924.0
680	3917.6666666666665	0.0	0.0	10327.0
690	3643.8333333333335	0.0	0.0	10736.0
700	3430.5	0.0	0.0	8779.0
710	4207.0	0.0	0.0	9072.0
720	3752.0	0.0	0.0	12322.0
730	3856.5	0.0	0.0	10663.0
740	3504.1666666666665	0.0	0.0	10144.0
750	3909.5	0.0	0.0	7268.0
760	3812.5	0.0	0.0	10613.0
770	3620.6666666666665	0.0	0.0	11112.0
780	3895.0	0.0	0.0	9819.0
790	3576.8333333333335	0.0	0.0	10904.0
800	3895.6666666666665	0.0	0.0	9528.0
810	4083.5	0.0	0.0	9758.0
820	3953.5	0.0	0.0	10594.0
830	4081.5	0.0	0.0	10861.0
840	3950.1666666666665	0.0	0.0	8894.0
850	3940.0	0.0	0.0	8467.0
860	3801.3333333333335	0.0	0.0	11860.0
870	3400.3333333333335	0.0	0.0	10308.0
880	3640.8333333333335	0.0	0.0	12116.0
890	3493.5	0.0	0.0	9391.0
900	3868.5	0.0	0.0	8818.0
910	4055.6666666666665	0.0	0.0	11664.0
920	3812.6666666666665	0.0	0.0	8466.0
930	3575.5	0.0	0.0	10335.0
940	3834.8333333333335	0.0	0.0	9968.0
950	4072.3333333333335	0.0	0.0	9704.0
960	3801.3333333333335	0.0	0.0	11895.0
970	3811.0	0.0	0.0	11505.0
980	4003.0	0.0	0.0	9380.0
990	3486.0	0.0	0.0	9678.0
1000	3757.0	0.0	0.0	10284.0
