0	2942.8333333333335	0.0	0.0	0.0
10	2366.1666666666665	185.0	13204.0	13204.0
20	2454.3333333333335	127.0	9750.0	9750.0
30	2372.8333333333335	69.0	13912.0	13912.0
40	3011.6666666666665	56.0	10094.0	10094.0
50	2718.3333333333335	38.0	8973.0	8973.0
60	3075.6666666666665	68.0	8489.0	8489.0
70	3102.5	99.0	13210.0	13210.0
80	2534.1666666666665	71.0	15312.0	15312.0
90	2997.8333333333335	39.0	11416.0	11416.0
100	3211.6666666666665	34.0	14202.0	14202.0
110	3449.8333333333335	59.0	10955.0	10955.0
120	3234.8333333333335	67.0	13523.0	13523.0
130	3101.3333333333335	22.0	10950.0	10950.0
140	3273.3333333333335	23.0	9050.0	9050.0
150	2679.0	31.0	13640.0	13640.0
160	3412.6666666666665	12.0	1691.0	10452.0
170	3506.0	0.0	0.0	11185.0
180	3361.6666666666665	0.0	0.0	10127.0
190	3695.5	0.0	0.0	10069.0
200	3879.8333333333335	0.0	0.0	9758.0
210	3667.3333333333335	0.0	0.0	11468.0
220	3238.6666666666665	0.0	0.0	12375.0
230	3587.1666666666665	0.0	0.0	9779.0
240	3357.1666666666665	0.0	0.0	13010.0
250	3279.1666666666665	0.0	0.0	13213.0
260	3585.8333333333335	0.0	0.0	10630.0
270	3485.1666666666665	0.0	0.0	12365.0
280	3691.5	0.0	0.0	9079.0
290	3681.6666666666665	0.0	0.0	12554.0
300	3850.3333333333335	0.0	0.0	9675.0
310	3699.8333333333335	0.0	0.0	7537.0
320	3545.5	0.0	0.0	10493.0
330	3791.6666666666665	0.0	0.0	12559.0
340	4078.1666666666665	0.0	0.0	11989.0
350	3705.6666666666665	0.0	0.0	12355.0
360	3321.0	0.0	0.0	8951.0
370	3850.6666666666665	0.0	0.0	11055.0
380	3839.0	0.0	0.0	8517.0
390	3831.8333333333335	0.0	0.0	11370.0
400	3930.0	0.0	0.0	11613.0
410	3514.3333333333335	0.0	0.0	13874.0
420	3751.3333333333335	0.0	0.0	11256.0
430	4030.6666666666665	0.0	0.0	7591.0
440	3544.8333333333335	0.0	0.0	9342.0
450	3502.0	0.0	0.0	11119.0
460	3546.6666666666665	0.0	0.0	9137.0
470	3501.1666666666665	0.0	0.0	11387.0
480	3530.5	0.0	0.0	11847.0
490	3488.3333333333335	0.0	0.0	11571.0
500	3925.1666666666665	0.0	0.0	10896.0
510	4002.6666666666665	0.0	0.0	8991.0
520	3883.8333333333335	0.0	0.0	10648.0
530	4104.333333333333	0.0	0.0	11625.0
540	3951.8333333333335	0.0	0.0	10076.0
550	3483.8333333333335	0.0	0.0	10848.0
560	3989.6666666666665	0.0	0.0	11709.0
570	3686.8333333333335	0.0	0.0	11143.0
580	3507.0	0.0	0.0	9589.0
590	3595.3333333333335	0.0	0.0	8396.0
600	3531.3333333333335	0.0	0.0	12046.0
610	3676.6666666666665	0.0	0.0	9329.0
620	3582.8333333333335	0.0	0.0	10006.0
630	3949.1666666666665	0.0	0.0	10098.0
640	3159.6666666666665	0.0	0.0	8465.0
650	3739.6666666666665	0.0	0.0	9178.0
660	3701.5	0.0	0.0	10817.0
670	3690.3333333333335	0.0	0.0	9647.0
680	3802.0	0.0	0.0	10066.0
690	3742.8333333333335	0.0	0.0	9717.0
700	3687.0	0.0	0.0	9220.0
710	3848.1666666666665	0.0	0.0	11281.0
720	3619.8333333333335	0.0	0.0	8776.0
730	3673.8333333333335	0.0	0.0	8497.0
740	3925.0	0.0	0.0	10547.0
750	3586.6666666666665	0.0	0.0	7716.0
760	3590.6666666666665	0.0	0.0	10637.0
770	3754.0	0.0	0.0	8597.0
780	3796.5	0.0	0.0	12041.0
790	3873.5	0.0	0.0	9020.0
800	3548.5	0.0	0.0	12074.0
810	3544.1666666666665	0.0	0.0	10504.0
820	3985.8333333333335	0.0	0.0	11098.0
830	3857.3333333333335	0.0	0.0	11080.0
840	3675.8333333333335	0.0	0.0	10973.0
850	3933.5	0.0	0.0	11141.0
860	3463.6666666666665	0.0	0.0	9741.0
870	3718.3333333333335	0.0	0.0	8858.0
880	3690.5	0.0	0.0	10250.0
890	3200.5	0.0	0.0	12824.0
900	4138.166666666667	0.0	0.0	9270.0
910	3217.8333333333335	0.0	0.0	8261.0
920	3777.1666666666665	0.0	0.0	11037.0
930	3915.1666666666665	0.0	0.0	11332.0
940	3601.6666666666665	0.0	0.0	11816.0
950	3800.1666666666665	0.0	0.0	10325.0
960	3629.6666666666665	0.0	0.0	9429.0
970	3835.8333333333335	0.0	0.0	9251.0
980	3868.5	0.0	0.0	10116.0
990	3822.3333333333335	0.0	0.0	10192.0
1000	3566.3333333333335	0.0	0.0	14621.0
