0	2468.0	0.0	0.0	0.0
10	2322.5	91.0	11106.0	11106.0
20	2586.0	104.0	9980.0	9980.0
30	2325.5	86.0	9609.0	9609.0
40	2387.5	108.0	10839.0	10839.0
50	3013.5	71.0	10155.0	10155.0
60	3220.0	40.0	8731.0	8731.0
70	2857.8333333333335	81.0	16303.0	16303.0
80	2695.0	24.0	9200.0	9200.0
90	3205.6666666666665	25.0	7276.0	7276.0
100	3297.6666666666665	30.0	11206.0	11206.0
110	3463.5	20.0	8387.0	8387.0
120	3021.0	18.0	10346.0	10346.0
130	3324.0	72.0	12252.0	12252.0
140	3644.0	42.0	11554.0	11554.0
150	3793.8333333333335	41.0	9717.0	9717.0
160	3934.8333333333335	27.0	14072.0	14072.0
170	3725.3333333333335	52.0	13767.0	13767.0
180	3306.0	47.0	11678.0	11678.0
190	3116.1666666666665	21.0	8088.0	9733.0
200	3410.1666666666665	0.0	0.0	12469.0
210	3378.8333333333335	0.0	0.0	9336.0
220	3813.3333333333335	0.0	0.0	10185.0
230	3438.6666666666665	0.0	0.0	11232.0
240	3411.3333333333335	0.0	0.0	11288.0
250	3263.1666666666665	0.0	0.0	9832.0
260	3805.3333333333335	0.0	0.0	12808.0
270	3332.6666666666665	0.0	0.0	10486.0
280	3485.3333333333335	0.0	0.0	10910.0
290	3804.6666666666665	0.0	0.0	11088.0
300	3781.3333333333335	0.0	0.0	9737.0
310	3716.5	0.0	0.0	7709.0
320	3651.8333333333335	0.0	0.0	10637.0
330	3561.5	0.0	0.0	8525.0
340	3489.0	0.0	0.0	9598.0
350	4168.666666666667	0.0	0.0	11793.0
360	3903.8333333333335	0.0	0.0	13529.0
370	3584.6666666666665	0.0	0.0	9433.0
380	3682.3333333333335	0.0	0.0	12480.0
390	3659.5	0.0	0.0	12617.0
400	4028.8333333333335	0.0	0.0	10346.0
410	3654.1666666666665	0.0	0.0	11787.0
420	3720.5	0.0	0.0	10809.0
430	3829.3333333333335	0.0	0.0	8741.0
440	4045.0	0.0	0.0	13653.0
450	3994.6666666666665	0.0	0.0	9356.0
460	3970.1666666666665	0.0	0.0	12269.0
470	3651.5	0.0	0.0	8070.0
480	3965.3333333333335	0.0	0.0	11432.0
490	3974.8333333333335	0.0	0.0	8655.0
500	3978.6666666666665	0.0	0.0	10730.0
510	3572.6666666666665	0.0	0.0	10716.0
520	4062.8333333333335	0.0	0.0	8881.0
530	3756.1666666666665	0.0	0.0	12609.0
540	3834.1666666666665	0.0	0.0	9062.0
550	3580.3333333333335	0.0	0.0	11334.0
560	3671.6666666666665	0.0	0.0	8725.0
570	3674.5	0.0	0.0	12177.0
580	3656.0	0.0	0.0	11146.0
590	3664.3333333333335	0.0	0.0	9090.0
600	3737.1666666666665	0.0	0.0	9300.0
610	3299.1666666666665	0.0	0.0	9997.0
620	3933.6666666666665	0.0	0.0	10282.0
630	3369.3333333333335	0.0	0.0	8560.0
640	3654.3333333333335	0.0	0.0	12525.0
650	3539.6666666666665	0.0	0.0	8609.0
660	3873.6666666666665	0.0	0.0	9833.0
670	4180.5	0.0	0.0	9536.0
680	3477.1666666666665	0.0	0.0	10094.0
690	3608.0	0.0	0.0	12012.0
700	3882.6666666666665	0.0	0.0	8573.0
710	3609.8333333333335	0.0	0.0	11756.0
720	3747.5	0.0	0.0	9486.0
730	3582.5	0.0	0.0	9043.0
740	3893.3333333333335	0.0	0.0	10709.0
750	3531.3333333333335	0.0	0.0	10654.0
760	3457.1666666666665	0.0	0.0	10002.0
770	3580.8333333333335	0.0	0.0	10490.0
780	3866.5	0.0	0.0	10925.0
790	3537.1666666666665	0.0	0.0	7993.0
800	4164.666666666667	0.0	0.0	8869.0
810	3678.0	0.0	0.0	9188.0
820	3919.1666666666665	0.0	0.0	10230.0
830	3907.0	0.0	0.0	13006.0
840	3771.3333333333335	0.0	0.0	12664.0
850	3725.0	0.0	0.0	9188.0
860	3335.6666666666665	0.0	0.0	11566.0
870	4043.0	0.0	0.0	10573.0
880	3587.6666666666665	0.0	0.0	12617.0
890	3497.3333333333335	0.0	0.0	11926.0
900	3699.5	0.0	0.0	11254.0
910	3746.3333333333335	0.0	0.0	11246.0
920	3812.3333333333335	0.0	0.0	14916.0
930	3832.5	0.0	0.0	10617.0
940	3865.5	0.0	0.0	5580.0
950	3503.8333333333335	0.0	0.0	9944.0
960	3750.5	0.0	0.0	10955.0
970	3768.8333333333335	0.0	0.0	7739.0
980	3969.3333333333335	0.0	0.0	13065.0
990	3813.1666666666665	0.0	0.0	11306.0
1000	4051.0	0.0	0.0	9595.0
