0	2282.6666666666665	0.0	0.0	0.0
10	2801.3333333333335	134.0	13068.0	13068.0
20	2908.3333333333335	151.0	13496.0	13496.0
30	3200.6666666666665	86.0	12052.0	12052.0
40	3085.1666666666665	103.0	10609.0	10609.0
50	2937.1666666666665	165.0	12773.0	12773.0
60	2430.8333333333335	64.0	12425.0	12425.0
70	2840.6666666666665	45.0	8527.0	8527.0
80	2764.1666666666665	58.0	12223.0	12223.0
90	2975.5	35.0	11788.0	11788.0
100	3044.3333333333335	42.0	12405.0	12405.0
110	2839.8333333333335	27.0	6900.0	6900.0
120	3000.0	27.0	12432.0	12432.0
130	2817.3333333333335	49.0	9793.0	9793.0
140	3493.6666666666665	14.0	9434.0	10633.0
150	3356.1666666666665	0.0	0.0	13005.0
160	3228.5	0.0	0.0	10073.0
170	3591.3333333333335	0.0	0.0	10241.0
180	3003.6666666666665	0.0	0.0	8249.0
190	3479.8333333333335	0.0	0.0	11831.0
200	3063.8333333333335	0.0	0.0	11732.0
210	3460.0	0.0	0.0	11130.0
220	3568.1666666666665	0.0	0.0	13553.0
230	3594.1666666666665	0.0	0.0	10585.0
240	3635.5	0.0	0.0	12432.0
250	3900.0	0.0	0.0	12449.0
260	3701.8333333333335	0.0	0.0	9836.0
270	3420.0	0.0	0.0	9719.0
280	3241.8333333333335	0.0	0.0	10347.0
290	4151.5	0.0	0.0	11535.0
300	3572.5	0.0	0.0	10009.0
310	3381.6666666666665	0.0	0.0	10684.0
320	4071.8333333333335	0.0	0.0	11366.0
330	3715.5	0.0	0.0	11803.0
340	4024.0	0.0	0.0	10152.0
350	3441.5	0.0	0.0	7906.0
360	3921.8333333333335	0.0	0.0	10888.0
370	3899.0	0.0	0.0	8941.0
380	3622.8333333333335	0.0	0.0	11376.0
390	4004.5	0.0	0.0	9533.0
400	3552.0	0.0	0.0	10724.0
410	3313.8333333333335	0.0	0.0	10051.0
420	3555.5	0.0	0.0	11236.0
430	3871.5	0.0	0.0	12869.0
440	3932.8333333333335	0.0	0.0	12050.0
450	3818.3333333333335	0.0	0.0	10538.0
460	3673.6666666666665	0.0	0.0	10064.0
470	3827.0	0.0	0.0	9811.0
480	3723.8333333333335	0.0	0.0	9339.0
490	3712.1666666666665	0.0	0.0	10911.0
500	3718.5	0.0	0.0	9740.0
510	3838.6666666666665	0.0	0.0	12501.0
520	3740.1666666666665	0.0	0.0	9682.0
530	3680.8333333333335	0.0	0.0	8394.0
540	3564.5	0.0	0.0	9447.0
550	3684.6666666666665	0.0	0.0	11742.0
560	3676.3333333333335	0.0	0.0	8919.0
570	3932.5	0.0	0.0	10720.0
580	3614.5	0.0	0.0	9996.0
590	3735.5	0.0	0.0	9948.0
600	4056.1666666666665	0.0	0.0	8646.0
610	3882.3333333333335	0.0	0.0	11288.0
620	3510.5	0.0	0.0	11464.0
630	3810.1666666666665	0.0	0.0	8792.0
640	3926.5	0.0	0.0	9488.0
650	3940.3333333333335	0.0	0.0	9805.0
660	3657.8333333333335	0.0	0.0	10160.0
670	3762.8333333333335	0.0	0.0	9785.0
680	3498.5	0.0	0.0	10549.0
690	3590.6666666666665	0.0	0.0	10717.0
700	3759.5	0.0	0.0	9436.0
710	3764.6666666666665	0.0	0.0	10618.0
720	3804.6666666666665	0.0	0.0	11964.0
730	3965.1666666666665	0.0	0.0	9451.0
740	3771.5	0.0	0.0	9758.0
750	3665.3333333333335	0.0	0.0	10044.0
760	3835.1666666666665	0.0	0.0	11832.0
770	3654.5	0.0	0.0	10710.0
780	3718.0	0.0	0.0	11734.0
790	4016.5	0.0	0.0	8908.0
800	3305.3333333333335	0.0	0.0	13866.0
810	3564.3333333333335	0.0	0.0	12689.0
820	3615.5	0.0	0.0	11008.0
830	3612.0	0.0	0.0	8919.0
840	3648.6666666666665	0.0	0.0	9732.0
850	3602.0	0.0	0.0	11044.0
860	3277.0	0.0	0.0	10244.0
870	3825.8333333333335	0.0	0.0	10827.0
880	3923.1666666666665	0.0	0.0	12551.0
890	3985.8333333333335	0.0	0.0	10093.0
900	3610.5	0.0	0.0	12165.0
910	3920.8333333333335	0.0	0.0	10422.0
920	3537.5	0.0	0.0	14473.0
930	3875.8333333333335	0.0	0.0	10767.0
940	3973.3333333333335	0.0	0.0	11995.0
950	3995.0	0.0	0.0	10767.0
960	3490.6666666666665	0.0	0.0	9634.0
970	3204.0	0.0	0.0	10633.0
980	3739.3333333333335	0.0	0.0	8931.0
990	4040.5	0.0	0.0	10227.0
1000	3856.8333333333335	0.0	0.0	12084.0
