0	2740.1666666666665	0.0	0.0	0.0
10	2249.6666666666665	252.0	13464.0	13464.0
20	2655.3333333333335	97.0	8175.0	8175.0
30	2200.6666666666665	91.0	10255.0	10255.0
40	2651.0	44.0	9298.0	9298.0
50	2368.6666666666665	87.0	13372.0	13372.0
60	2783.5	80.0	9835.0	9835.0
70	3025.8333333333335	56.0	9954.0	9954.0
80	2665.5	56.0	13436.0	13436.0
90	2801.8333333333335	28.0	12930.0	12930.0
100	3071.0	15.0	7775.0	7775.0
110	3602.3333333333335	29.0	11881.0	11881.0
120	3618.1666666666665	52.0	12729.0	12729.0
130	3457.1666666666665	34.0	11910.0	11910.0
140	3321.0	32.0	11501.0	11501.0
150	3118.3333333333335	30.0	10567.0	10567.0
160	3834.6666666666665	16.0	9753.0	9753.0
170	3505.3333333333335	1.0	400.0	12176.0
180	2840.6666666666665	0.0	0.0	12727.0
190	3556.3333333333335	0.0	0.0	6336.0
200	3545.1666666666665	0.0	0.0	12053.0
210	3220.0	0.0	0.0	11330.0
220	3288.1666666666665	0.0	0.0	9633.0
230	3589.3333333333335	0.0	0.0	9944.0
240	3748.6666666666665	0.0	0.0	11330.0
250	3790.8333333333335	0.0	0.0	9147.0
260	3764.0	0.0	0.0	8974.0
270	3220.0	0.0	0.0	9179.0
280	3108.3333333333335	0.0	0.0	10385.0
290	3521.8333333333335	0.0	0.0	10201.0
300	3539.5	0.0	0.0	8729.0
310	3762.6666666666665	0.0	0.0	9392.0
320	3561.3333333333335	0.0	0.0	10952.0
330	2882.8333333333335	0.0	0.0	9775.0
340	3702.3333333333335	0.0	0.0	11941.0
350	3723.1666666666665	0.0	0.0	10528.0
360	3788.0	0.0	0.0	9104.0
370	4114.833333333333	0.0	0.0	11730.0
380	3444.5	0.0	0.0	9574.0
390	3677.3333333333335	0.0	0.0	13373.0
400	3547.1666666666665	0.0	0.0	11980.0
410	3937.6666666666665	0.0	0.0	11831.0
420	3607.6666666666665	0.0	0.0	7229.0
430	3787.3333333333335	0.0	0.0	10083.0
440	3962.0	0.0	0.0	13500.0
450	3685.8333333333335	0.0	0.0	12407.0
460	3324.5	0.0	0.0	7535.0
470	3194.6666666666665	0.0	0.0	10100.0
480	3055.0	0.0	0.0	11907.0
490	3946.8333333333335	0.0	0.0	10941.0
500	3816.8333333333335	0.0	0.0	10601.0
510	4017.6666666666665	0.0	0.0	9589.0
520	3417.1666666666665	0.0	0.0	10911.0
530	3548.6666666666665	0.0	0.0	9732.0
540	3823.6666666666665	0.0	0.0	10131.0
550	4213.0	0.0	0.0	11727.0
560	3817.3333333333335	0.0	0.0	11151.0
570	3615.8333333333335	0.0	0.0	10373.0
580	3609.8333333333335	0.0	0.0	13281.0
590	3891.8333333333335	0.0	0.0	9342.0
600	3774.5	0.0	0.0	14261.0
610	3315.3333333333335	0.0	0.0	7560.0
620	4029.1666666666665	0.0	0.0	9759.0
630	3651.3333333333335	0.0	0.0	10342.0
640	3702.8333333333335	0.0	0.0	11426.0
650	3518.5	0.0	0.0	9796.0
660	3816.3333333333335	0.0	0.0	10536.0
670	3769.8333333333335	0.0	0.0	8051.0
680	3848.3333333333335	0.0	0.0	9757.0
690	4033.1666666666665	0.0	0.0	10949.0
700	3728.0	0.0	0.0	11280.0
710	3831.0	0.0	0.0	10095.0
720	3602.0	0.0	0.0	11035.0
730	4007.5	0.0	0.0	8221.0
740	3542.6666666666665	0.0	0.0	9308.0
750	3958.3333333333335	0.0	0.0	10087.0
760	3804.8333333333335	0.0	0.0	9461.0
770	3867.8333333333335	0.0	0.0	9072.0
780	3624.8333333333335	0.0	0.0	8536.0
790	3391.6666666666665	0.0	0.0	8151.0
800	3889.8333333333335	0.0	0.0	10569.0
810	3728.8333333333335	0.0	0.0	9154.0
820	3729.1666666666665	0.0	0.0	12703.0
830	3890.1666666666665	0.0	0.0	10732.0
840	3602.5	0.0	0.0	9168.0
850	3703.5	0.0	0.0	7925.0
860	3524.0	0.0	0.0	9079.0
870	3635.6666666666665	0.0	0.0	9769.0
880	3799.5	0.0	0.0	12137.0
890	4021.5	0.0	0.0	9548.0
900	3748.3333333333335	0.0	0.0	13770.0
910	3725.8333333333335	0.0	0.0	10246.0
920	3677.0	0.0	0.0	11189.0
930	3527.3333333333335	0.0	0.0	10066.0
940	3987.8333333333335	0.0	0.0	9943.0
950	3388.1666666666665	0.0	0.0	10549.0
960	3766.8333333333335	0.0	0.0	12831.0
970	4174.5	0.0	0.0	8989.0
980	3708.0	0.0	0.0	10212.0
990	3613.0	0.0	0.0	10832.0
1000	3491.8333333333335	0.0	0.0	10798.0
