0	2229.1666666666665	0.0	0.0	0.0
10	2256.0	168.0	11175.0	11175.0
20	2490.8333333333335	167.0	14030.0	14030.0
30	2107.5	141.0	11727.0	11727.0
40	2762.1666666666665	95.0	10846.0	10846.0
50	2684.0	81.0	8675.0	8675.0
60	2703.1666666666665	58.0	12067.0	12067.0
70	3108.5	77.0	13695.0	13695.0
80	2930.1666666666665	52.0	12275.0	12275.0
90	3124.1666666666665	41.0	12649.0	12649.0
100	3519.5	43.0	11005.0	11005.0
110	2974.5	21.0	12724.0	12724.0
120	3733.6666666666665	50.0	11765.0	11765.0
130	3378.1666666666665	6.0	3608.0	13110.0
140	3329.1666666666665	0.0	0.0	8982.0
150	3865.1666666666665	0.0	0.0	10243.0
160	3765.1666666666665	0.0	0.0	15366.0
170	4031.6666666666665	0.0	0.0	9453.0
180	3435.3333333333335	0.0	0.0	9778.0
190	3816.5	0.0	0.0	10457.0
200	3803.6666666666665	0.0	0.0	11383.0
210	3247.8333333333335	0.0	0.0	8343.0
220	3149.3333333333335	0.0	0.0	9316.0
230	3339.5	0.0	0.0	10289.0
240	3609.8333333333335	0.0	0.0	9045.0
250	3161.3333333333335	0.0	0.0	10081.0
260	3692.0	0.0	0.0	11709.0
270	3876.8333333333335	0.0	0.0	9706.0
280	3232.1666666666665	0.0	0.0	11268.0
290	3825.6666666666665	0.0	0.0	9762.0
300	3431.1666666666665	0.0	0.0	9822.0
310	3856.3333333333335	0.0	0.0	9782.0
320	3092.0	0.0	0.0	8640.0
330	3400.5	0.0	0.0	9989.0
340	4072.8333333333335	0.0	0.0	9648.0
350	3649.5	0.0	0.0	9250.0
360	3409.8333333333335	0.0	0.0	11763.0
370	3549.0	0.0	0.0	9158.0
380	3686.5	0.0	0.0	10593.0
390	3860.0	0.0	0.0	9559.0
400	3414.3333333333335	0.0	0.0	10317.0
410	3534.1666666666665	0.0	0.0	9952.0
420	3342.1666666666665	0.0	0.0	14042.0
430	3605.0	0.0	0.0	10704.0
440	3671.0	0.0	0.0	8518.0
450	3502.5	0.0	0.0	10703.0
460	4033.3333333333335	0.0	0.0	13270.0
470	3660.0	0.0	0.0	13206.0
480	3651.1666666666665	0.0	0.0	10326.0
490	3508.8333333333335	0.0	0.0	10619.0
500	3601.5	0.0	0.0	9775.0
510	3477.6666666666665	0.0	0.0	13067.0
520	3942.0	0.0	0.0	10967.0
530	4017.0	0.0	0.0	9762.0
540	4120.333333333333	0.0	0.0	10308.0
550	3868.8333333333335	0.0	0.0	8964.0
560	3864.1666666666665	0.0	0.0	9183.0
570	3738.6666666666665	0.0	0.0	12112.0
580	3907.1666666666665	0.0	0.0	9447.0
590	3877.0	0.0	0.0	9517.0
600	3496.8333333333335	0.0	0.0	12511.0
610	3683.5	0.0	0.0	9790.0
620	3660.0	0.0	0.0	9037.0
630	3980.8333333333335	0.0	0.0	10794.0
640	3719.0	0.0	0.0	10626.0
650	3564.1666666666665	0.0	0.0	10280.0
660	3843.5	0.0	0.0	10317.0
670	4019.6666666666665	0.0	0.0	7896.0
680	3976.5	0.0	0.0	9416.0
690	3460.0	0.0	0.0	9605.0
700	3611.5	0.0	0.0	10367.0
710	4059.6666666666665	0.0	0.0	10570.0
720	3679.6666666666665	0.0	0.0	9435.0
730	3546.0	0.0	0.0	11869.0
740	3524.3333333333335	0.0	0.0	10222.0
750	3479.8333333333335	0.0	0.0	10796.0
760	3433.6666666666665	0.0	0.0	7946.0
770	3547.3333333333335	0.0	0.0	11176.0
780	3445.3333333333335	0.0	0.0	10883.0
790	3606.0	0.0	0.0	8664.0
800	3634.3333333333335	0.0	0.0	11384.0
810	3934.5	0.0	0.0	11235.0
820	3964.8333333333335	0.0	0.0	10411.0
830	3877.3333333333335	0.0	0.0	12043.0
840	3964.0	0.0	0.0	10797.0
850	3721.8333333333335	0.0	0.0	10856.0
860	3513.6666666666665	0.0	0.0	10849.0
870	3755.0	0.0	0.0	11187.0
880	3853.0	0.0	0.0	9597.0
890	3442.8333333333335	0.0	0.0	10006.0
900	3802.5	0.0	0.0	7518.0
910	3653.1666666666665	0.0	0.0	7945.0
920	3834.1666666666665	0.0	0.0	9268.0
930	3948.6666666666665	0.0	0.0	11167.0
940	3573.8333333333335	0.0	0.0	11708.0
950	3506.3333333333335	0.0	0.0	11104.0
960	3834.5	0.0	0.0	12618.0
970	3368.5	0.0	0.0	9920.0
980	4061.3333333333335	0.0	0.0	9983.0
990	3850.5	0.0	0.0	9791.0
1000	3548.8333333333335	0.0	0.0	8514.0
