0	2497.0	0.0	0.0	0.0
10	2401.1666666666665	713.0	14231.0	14231.0
20	2319.5	287.0	4128.0	8615.0
30	2595.0	0.0	0.0	10179.0
40	2988.1666666666665	0.0	0.0	13009.0
50	2594.5	0.0	0.0	11004.0
60	2859.3333333333335	0.0	0.0	9059.0
70	2753.8333333333335	0.0	0.0	9035.0
80	2745.8333333333335	0.0	0.0	9536.0
90	3263.0	0.0	0.0	8631.0
100	3032.6666666666665	0.0	0.0	5808.0
110	2582.3333333333335	0.0	0.0	9305.0
120	2973.0	0.0	0.0	12775.0
130	3236.8333333333335	0.0	0.0	12404.0
140	3092.3333333333335	0.0	0.0	11502.0
150	2994.5	0.0	0.0	8809.0
160	3053.6666666666665	0.0	0.0	8382.0
170	3354.8333333333335	0.0	0.0	11159.0
180	3287.8333333333335	0.0	0.0	11241.0
190	3806.0	0.0	0.0	10529.0
200	3834.3333333333335	0.0	0.0	8645.0
210	3617.8333333333335	0.0	0.0	11885.0
220	3708.8333333333335	0.0	0.0	8641.0
230	3930.5	0.0	0.0	10078.0
240	3417.3333333333335	0.0	0.0	10863.0
250	3610.3333333333335	0.0	0.0	7805.0
260	3903.3333333333335	0.0	0.0	9770.0
270	3161.0	0.0	0.0	11751.0
280	3549.5	0.0	0.0	8528.0
290	3678.1666666666665	0.0	0.0	13297.0
300	3260.3333333333335	0.0	0.0	7075.0
310	3946.8333333333335	0.0	0.0	8503.0
320	3284.5	0.0	0.0	6665.0
330	3447.5	0.0	0.0	8926.0
340	3168.1666666666665	0.0	0.0	12341.0
350	3287.1666666666665	0.0	0.0	9556.0
360	3372.1666666666665	0.0	0.0	7953.0
370	3976.3333333333335	0.0	0.0	10366.0
380	3977.1666666666665	0.0	0.0	8570.0
390	4006.5	0.0	0.0	10629.0
400	3595.3333333333335	0.0	0.0	11232.0
410	3776.0	0.0	0.0	10541.0
420	3342.0	0.0	0.0	12427.0
430	3273.0	0.0	0.0	9957.0
440	3404.5	0.0	0.0	11491.0
450	3503.8333333333335	0.0	0.0	10485.0
460	3650.5	0.0	0.0	12457.0
470	3996.5	0.0	0.0	9271.0
480	3648.6666666666665	0.0	0.0	10848.0
490	3700.0	0.0	0.0	6923.0
500	4142.666666666667	0.0	0.0	10537.0
510	3993.0	0.0	0.0	10547.0
520	3306.8333333333335	0.0	0.0	10128.0
530	3613.1666666666665	0.0	0.0	12570.0
540	3470.1666666666665	0.0	0.0	9576.0
550	3501.1666666666665	0.0	0.0	8993.0
560	3682.8333333333335	0.0	0.0	13383.0
570	3901.0	0.0	0.0	8680.0
580	3746.3333333333335	0.0	0.0	10719.0
590	3458.3333333333335	0.0	0.0	9908.0
600	3700.1666666666665	0.0	0.0	12177.0
610	3731.0	0.0	0.0	8670.0
620	3787.1666666666665	0.0	0.0	9622.0
630	4089.1666666666665	0.0	0.0	9878.0
640	3580.3333333333335	0.0	0.0	10748.0
650	3751.0	0.0	0.0	11113.0
660	3848.8333333333335	0.0	0.0	8266.0
670	3962.3333333333335	0.0	0.0	11201.0
680	3895.6666666666665	0.0	0.0	10682.0
690	3966.0	0.0	0.0	7833.0
700	3807.1666666666665	0.0	0.0	8424.0
710	3818.0	0.0	0.0	9297.0
720	3730.1666666666665	0.0	0.0	9940.0
730	3903.5	0.0	0.0	11499.0
740	3713.6666666666665	0.0	0.0	11480.0
750	3826.3333333333335	0.0	0.0	9116.0
760	3915.1666666666665	0.0	0.0	9543.0
770	3866.6666666666665	0.0	0.0	10411.0
780	3730.6666666666665	0.0	0.0	8882.0
790	3674.8333333333335	0.0	0.0	9994.0
800	3678.5	0.0	0.0	10595.0
