0	2361.0	0.0	0.0	0.0
10	2255.1666666666665	469.0	10705.0	10705.0
20	2361.0	458.0	11867.0	11867.0
30	2538.3333333333335	73.0	2982.0	10543.0
40	2649.1666666666665	0.0	0.0	7661.0
50	2660.6666666666665	0.0	0.0	11593.0
60	2534.1666666666665	0.0	0.0	10609.0
70	2358.0	0.0	0.0	13154.0
80	2763.5	0.0	0.0	11061.0
90	3242.1666666666665	0.0	0.0	8548.0
100	2843.0	0.0	0.0	9341.0
110	2857.3333333333335	0.0	0.0	8941.0
120	2881.0	0.0	0.0	12702.0
130	3405.0	0.0	0.0	5531.0
140	2996.1666666666665	0.0	0.0	8456.0
150	3142.1666666666665	0.0	0.0	10268.0
160	3645.6666666666665	0.0	0.0	11071.0
170	3376.1666666666665	0.0	0.0	8032.0
180	3870.3333333333335	0.0	0.0	8813.0
190	3768.8333333333335	0.0	0.0	13399.0
200	3187.8333333333335	0.0	0.0	12884.0
210	3130.0	0.0	0.0	8258.0
220	3668.8333333333335	0.0	0.0	11941.0
230	3613.0	0.0	0.0	12389.0
240	3751.1666666666665	0.0	0.0	11551.0
250	3658.3333333333335	0.0	0.0	9346.0
260	3763.5	0.0	0.0	9860.0
270	4167.666666666667	0.0	0.0	10882.0
280	3287.1666666666665	0.0	0.0	9249.0
290	3595.1666666666665	0.0	0.0	11530.0
300	3696.0	0.0	0.0	10779.0
310	3721.0	0.0	0.0	12542.0
320	2870.0	0.0	0.0	7972.0
330	3594.0	0.0	0.0	11459.0
340	3412.1666666666665	0.0	0.0	10499.0
350	3099.5	0.0	0.0	9536.0
360	3998.0	0.0	0.0	12553.0
370	3800.3333333333335	0.0	0.0	10015.0
380	3629.1666666666665	0.0	0.0	11627.0
390	3577.5	0.0	0.0	10118.0
400	3271.5	0.0	0.0	9378.0
410	3348.1666666666665	0.0	0.0	10062.0
420	3396.5	0.0	0.0	9118.0
430	4005.6666666666665	0.0	0.0	10823.0
440	3827.3333333333335	0.0	0.0	11430.0
450	3347.3333333333335	0.0	0.0	7476.0
460	3739.0	0.0	0.0	12112.0
470	3764.3333333333335	0.0	0.0	9787.0
480	3857.3333333333335	0.0	0.0	11439.0
490	3605.1666666666665	0.0	0.0	9170.0
500	3659.8333333333335	0.0	0.0	11256.0
510	3686.6666666666665	0.0	0.0	10929.0
520	3548.0	0.0	0.0	11536.0
530	3662.0	0.0	0.0	8783.0
540	3651.3333333333335	0.0	0.0	11552.0
550	3534.3333333333335	0.0	0.0	8253.0
560	3867.5	0.0	0.0	8905.0
570	3936.3333333333335	0.0	0.0	10247.0
580	3824.8333333333335	0.0	0.0	10735.0
590	3893.3333333333335	0.0	0.0	10397.0
600	4094.5	0.0	0.0	11188.0
610	3594.8333333333335	0.0	0.0	9813.0
620	3730.8333333333335	0.0	0.0	9662.0
630	3625.3333333333335	0.0	0.0	10661.0
640	3535.0	0.0	0.0	11913.0
650	4222.833333333333	0.0	0.0	9273.0
660	3725.1666666666665	0.0	0.0	11622.0
670	3540.1666666666665	0.0	0.0	10636.0
680	4067.3333333333335	0.0	0.0	8513.0
690	3899.6666666666665	0.0	0.0	9577.0
700	3997.3333333333335	0.0	0.0	13367.0
710	3928.3333333333335	0.0	0.0	10826.0
720	3887.1666666666665	0.0	0.0	11895.0
730	3395.0	0.0	0.0	12501.0
740	3841.5	0.0	0.0	8328.0
750	3944.8333333333335	0.0	0.0	8922.0
760	3751.3333333333335	0.0	0.0	12264.0
770	3834.1666666666665	0.0	0.0	9911.0
780	3972.1666666666665	0.0	0.0	9429.0
790	3746.0	0.0	0.0	9369.0
800	3705.5	0.0	0.0	8187.0
