0	2842.0	0.0	0.0	0.0
10	2649.8333333333335	2.0	650.0	9149.0
20	2488.6666666666665	8.0	1035.0	11665.0
30	2251.1666666666665	0.0	645.0	9064.0
40	2707.5	1.0	693.0	8030.0
50	2922.5	3.0	745.0	8201.0
60	3377.8333333333335	2.0	1037.0	12214.0
70	2563.1666666666665	1.0	833.0	11259.0
80	2719.5	5.0	604.0	8776.0
90	2560.3333333333335	2.0	891.0	9337.0
100	2870.1666666666665	0.0	1068.0	10031.0
110	3469.8333333333335	4.0	1362.0	13415.0
120	3068.8333333333335	2.0	1052.0	12776.0
130	3153.5	0.0	720.0	7726.0
140	3103.6666666666665	1.0	1044.0	7283.0
150	3261.5	1.0	1036.0	9894.0
160	2933.0	0.0	1216.0	11553.0
170	3200.6666666666665	2.0	1159.0	12077.0
180	3572.6666666666665	0.0	982.0	8278.0
190	3422.8333333333335	2.0	975.0	7969.0
200	3561.6666666666665	2.0	1155.0	10384.0
210	3400.0	3.0	1471.0	14376.0
220	3406.5	0.0	781.0	6968.0
230	3264.8333333333335	5.0	1343.0	10482.0
240	3176.1666666666665	1.0	976.0	8734.0
250	4097.666666666667	0.0	1251.0	10874.0
260	3329.0	3.0	1385.0	11916.0
270	3289.1666666666665	3.0	1238.0	11635.0
280	3465.8333333333335	5.0	1149.0	10413.0
290	2963.1666666666665	1.0	1248.0	11849.0
300	3431.5	2.0	938.0	7192.0
310	3518.3333333333335	1.0	998.0	8267.0
320	3891.3333333333335	0.0	1234.0	10634.0
330	4010.1666666666665	3.0	1553.0	11303.0
340	3773.6666666666665	1.0	1307.0	11116.0
350	3936.3333333333335	2.0	1127.0	10909.0
360	3945.8333333333335	2.0	1337.0	10415.0
370	3556.1666666666665	2.0	1401.0	12094.0
380	3426.3333333333335	3.0	1338.0	13879.0
390	3475.5	0.0	751.0	8871.0
400	3373.1666666666665	0.0	1037.0	9044.0
410	3698.5	1.0	865.0	6372.0
420	3528.0	4.0	973.0	9835.0
430	3777.5	1.0	1505.0	11661.0
440	3743.3333333333335	0.0	1006.0	9886.0
450	3266.1666666666665	0.0	917.0	8510.0
460	3631.5	1.0	1042.0	12944.0
470	3865.8333333333335	2.0	479.0	7361.0
480	3652.8333333333335	0.0	1086.0	12635.0
490	3533.1666666666665	2.0	708.0	9925.0
500	3557.1666666666665	0.0	1190.0	13077.0
510	3610.0	0.0	618.0	7617.0
520	3242.6666666666665	2.0	895.0	9922.0
530	3306.6666666666665	1.0	912.0	6138.0
540	3812.0	0.0	1144.0	8703.0
550	3756.6666666666665	0.0	1173.0	9556.0
560	3445.5	1.0	1214.0	14205.0
570	3785.5	0.0	932.0	7913.0
580	3831.3333333333335	2.0	1422.0	10410.0
590	3146.3333333333335	2.0	1004.0	8955.0
600	3919.8333333333335	1.0	1138.0	8968.0
610	3713.8333333333335	0.0	965.0	8761.0
620	3906.5	3.0	969.0	10301.0
630	3995.1666666666665	3.0	1063.0	10672.0
640	3860.5	1.0	1171.0	10857.0
650	3895.0	3.0	1250.0	10665.0
660	3212.1666666666665	1.0	753.0	10921.0
670	3780.0	0.0	1111.0	11188.0
680	3551.8333333333335	3.0	1103.0	10112.0
690	3961.3333333333335	3.0	1050.0	11842.0
700	3702.1666666666665	0.0	907.0	9300.0
710	3968.3333333333335	1.0	874.0	10288.0
720	3649.5	0.0	1230.0	9435.0
730	3545.6666666666665	2.0	992.0	10458.0
740	3506.0	2.0	921.0	11493.0
750	3937.8333333333335	3.0	592.0	9009.0
760	4121.5	5.0	933.0	10586.0
770	3718.0	0.0	1115.0	11080.0
780	3341.3333333333335	2.0	900.0	9860.0
790	4264.333333333333	2.0	1359.0	14184.0
800	4079.8333333333335	1.0	895.0	8801.0
