0	2363.0	0.0	0.0	0.0
10	2327.75	28.0	5592.0	11630.0
20	2811.25	57.0	3880.0	8347.0
30	2297.75	38.0	4081.0	8217.0
40	1931.5	52.0	3839.0	7925.0
50	2505.75	54.0	5784.0	11883.0
60	2854.5	21.0	4842.0	9998.0
70	2829.0	15.0	4995.0	9714.0
80	1843.25	38.0	5930.0	11637.0
90	2879.5	37.0	5718.0	11433.0
100	2551.0	13.0	5588.0	11048.0
110	3014.0	19.0	6842.0	13679.0
120	3152.75	3.0	2651.0	5035.0
130	2970.0	3.0	4444.0	8663.0
140	2335.25	8.0	5016.0	9769.0
150	3117.0	10.0	6089.0	12240.0
160	3049.75	12.0	8008.0	15988.0
170	3054.5	2.0	4624.0	9277.0
180	3604.0	4.0	5724.0	11270.0
190	3203.5	6.0	4583.0	9047.0
200	3131.25	0.0	4470.0	8435.0
210	3317.5	5.0	7420.0	14094.0
220	3317.0	6.0	6266.0	12427.0
230	3282.0	4.0	4802.0	9349.0
240	3369.5	2.0	5383.0	10724.0
250	3723.25	2.0	5374.0	10576.0
260	3040.75	5.0	6391.0	12534.0
270	3454.0	1.0	4863.0	9447.0
280	3041.0	3.0	5515.0	10685.0
290	3894.5	1.0	3390.0	6571.0
300	3781.5	2.0	5509.0	10865.0
310	3489.5	4.0	5983.0	11668.0
320	3499.5	1.0	4730.0	9372.0
330	3839.0	1.0	5281.0	10110.0
340	3652.75	0.0	5893.0	11168.0
350	3122.0	1.0	6044.0	11763.0
360	3759.75	1.0	6862.0	12982.0
370	3671.0	2.0	4731.0	8756.0
380	3648.75	2.0	5193.0	9873.0
390	2737.0	0.0	5630.0	10505.0
400	3629.25	2.0	7393.0	14413.0
410	4004.0	2.0	5433.0	10440.0
420	3627.0	0.0	4281.0	8265.0
430	2961.25	2.0	5033.0	10048.0
440	3766.0	1.0	5365.0	9730.0
450	3871.75	1.0	6695.0	12462.0
460	3040.75	2.0	5188.0	10162.0
470	3525.25	1.0	6838.0	13403.0
480	3485.5	1.0	5821.0	10931.0
490	4111.25	7.0	5457.0	10573.0
500	3689.0	0.0	6398.0	12610.0
510	3752.25	4.0	4470.0	8364.0
520	3316.5	0.0	4948.0	9306.0
530	3280.25	0.0	4032.0	7517.0
540	4103.25	1.0	5425.0	10181.0
550	3936.0	1.0	5359.0	10638.0
560	3740.0	0.0	5710.0	11096.0
570	4072.0	3.0	4710.0	8820.0
580	3475.25	1.0	4832.0	9665.0
590	3719.75	0.0	4791.0	9301.0
600	3819.5	0.0	4353.0	8454.0
610	3512.75	1.0	4342.0	8690.0
620	3730.75	1.0	6786.0	13198.0
630	3529.0	0.0	5785.0	11355.0
640	3776.0	0.0	5466.0	10914.0
650	3898.0	1.0	6272.0	12234.0
660	3935.75	1.0	5621.0	10617.0
670	3610.25	6.0	4879.0	9534.0
680	3706.0	6.0	4682.0	9419.0
690	3332.75	1.0	6040.0	11568.0
700	4053.0	0.0	3344.0	6637.0
710	3638.0	1.0	5772.0	11037.0
720	3818.0	0.0	4053.0	8078.0
730	3378.75	1.0	5688.0	11094.0
740	3874.0	1.0	5197.0	10375.0
750	3505.0	0.0	5269.0	10152.0
760	4006.5	1.0	5136.0	10294.0
770	3761.25	0.0	6439.0	12496.0
780	3630.25	4.0	3349.0	6505.0
790	3479.0	3.0	5537.0	10476.0
800	4014.5	4.0	7020.0	13370.0
