0	242.0	0.0	0.0
10	1756.6666666666667	60.0	9580.0
20	2041.8333333333333	65.0	11766.0
30	1796.5	50.0	9315.0
40	1742.0	51.0	10422.0
50	2235.3333333333335	66.0	10394.0
60	2192.3333333333335	48.0	9033.0
70	2224.0	98.0	9596.0
80	2241.3333333333335	47.0	9625.0
90	2253.8333333333335	52.0	9657.0
100	2231.1666666666665	33.0	9049.0
110	2281.8333333333335	68.0	11441.0
120	2455.6666666666665	22.0	7859.0
130	2474.6666666666665	64.0	11710.0
140	2382.5	137.0	13559.0
150	2445.3333333333335	90.0	12865.0
160	2465.1666666666665	51.0	10722.0
170	2788.6666666666665	20.0	12734.0
180	2543.8333333333335	53.0	10729.0
190	2764.1666666666665	65.0	11932.0
200	2842.5	48.0	10381.0
210	2933.5	55.0	11192.0
220	2961.0	106.0	13703.0
230	2905.3333333333335	46.0	12742.0
240	3078.6666666666665	44.0	9926.0
250	2842.3333333333335	42.0	9711.0
260	2696.0	41.0	11423.0
270	2768.6666666666665	46.0	12841.0
280	2908.6666666666665	56.0	11251.0
290	2688.0	31.0	15096.0
300	2725.3333333333335	35.0	12529.0
310	3097.0	52.0	13119.0
320	2778.0	22.0	9373.0
330	2878.6666666666665	30.0	11919.0
340	2991.0	25.0	8379.0
350	2748.3333333333335	42.0	10864.0
360	2744.3333333333335	34.0	13288.0
370	3086.0	45.0	9404.0
380	2867.6666666666665	41.0	10252.0
390	2809.3333333333335	26.0	14309.0
400	3039.8333333333335	30.0	12006.0
410	3203.1666666666665	42.0	13279.0
420	3057.0	42.0	13115.0
430	2960.1666666666665	14.0	9322.0
440	3113.3333333333335	20.0	10770.0
450	3189.3333333333335	33.0	12278.0
460	3380.3333333333335	34.0	10908.0
470	3008.8333333333335	28.0	12042.0
480	3356.3333333333335	27.0	11716.0
490	3209.0	27.0	12817.0
500	3035.3333333333335	43.0	11494.0
510	2951.1666666666665	11.0	10489.0
520	3120.3333333333335	32.0	12898.0
530	3076.5	28.0	9430.0
540	2803.8333333333335	25.0	11070.0
550	3161.8333333333335	45.0	9028.0
560	3198.6666666666665	31.0	11641.0
570	3230.8333333333335	17.0	10513.0
580	3246.6666666666665	14.0	7218.0
590	3087.8333333333335	21.0	9755.0
600	3095.6666666666665	33.0	9861.0
610	3000.6666666666665	25.0	12676.0
620	3024.8333333333335	29.0	11157.0
630	3614.1666666666665	31.0	13648.0
640	3365.0	20.0	11349.0
650	3510.1666666666665	39.0	12333.0
660	3253.6666666666665	23.0	10565.0
670	3280.6666666666665	30.0	12896.0
680	3455.0	56.0	12839.0
690	3525.5	20.0	12747.0
700	3319.8333333333335	20.0	7282.0
710	3334.0	16.0	9984.0
720	3198.5	32.0	11716.0
730	3196.6666666666665	23.0	10638.0
740	3592.3333333333335	18.0	12644.0
750	3550.8333333333335	25.0	10815.0
760	3414.8333333333335	25.0	14008.0
770	3299.6666666666665	19.0	10909.0
780	3258.1666666666665	27.0	11916.0
790	3543.3333333333335	13.0	9540.0
800	3211.6666666666665	22.0	10234.0
810	3599.1666666666665	14.0	12620.0
820	3518.5	33.0	10841.0
830	3405.6666666666665	24.0	14731.0
840	3835.8333333333335	37.0	14503.0
850	3753.3333333333335	30.0	12660.0
860	3677.1666666666665	11.0	9562.0
870	3532.3333333333335	40.0	12472.0
880	3352.3333333333335	21.0	11288.0
890	3252.8333333333335	16.0	12368.0
900	3580.3333333333335	23.0	13245.0
910	2938.6666666666665	17.0	10077.0
920	3443.0	21.0	9693.0
930	3491.5	19.0	10319.0
940	3447.3333333333335	24.0	12235.0
950	3462.5	19.0	9845.0
960	3449.6666666666665	33.0	13806.0
970	3476.0	11.0	10989.0
980	3493.8333333333335	27.0	11595.0
990	3431.6666666666665	15.0	11510.0
1000	3619.0	15.0	10486.0
