0	236.66666666666666	0.0	0.0
10	1800.3333333333333	100.0	13466.0
20	1995.6666666666667	54.0	9029.0
30	2033.5	64.0	10206.0
40	2086.6666666666665	39.0	12658.0
50	2044.8333333333333	59.0	11330.0
60	2129.5	85.0	13021.0
70	2210.8333333333335	97.0	10567.0
80	2053.8333333333335	55.0	10798.0
90	2235.5	83.0	10751.0
100	2442.3333333333335	39.0	10313.0
110	2213.3333333333335	62.0	13249.0
120	2465.3333333333335	48.0	10547.0
130	2445.0	78.0	8919.0
140	2349.6666666666665	45.0	9370.0
150	2469.6666666666665	68.0	12962.0
160	2652.1666666666665	111.0	11372.0
170	2609.8333333333335	61.0	10578.0
180	2327.3333333333335	10.0	10845.0
190	2553.8333333333335	41.0	11777.0
200	2751.3333333333335	34.0	8823.0
210	2799.1666666666665	49.0	10521.0
220	2583.0	83.0	13198.0
230	2899.1666666666665	48.0	10809.0
240	2232.0	53.0	10313.0
250	2649.5	60.0	10302.0
260	2564.5	65.0	12853.0
270	2723.8333333333335	45.0	9264.0
280	2732.1666666666665	73.0	11427.0
290	2513.5	80.0	13274.0
300	2799.0	25.0	11395.0
310	2738.6666666666665	28.0	8618.0
320	2883.6666666666665	24.0	10892.0
330	3012.6666666666665	26.0	12362.0
340	2712.6666666666665	50.0	12403.0
350	2915.3333333333335	31.0	13812.0
360	2933.0	28.0	12309.0
370	3037.5	56.0	13464.0
380	3005.0	28.0	10154.0
390	2896.1666666666665	32.0	14471.0
400	3016.0	40.0	13490.0
410	3171.3333333333335	22.0	11969.0
420	3105.5	29.0	13182.0
430	2823.0	38.0	12575.0
440	2992.0	38.0	9074.0
450	3384.1666666666665	29.0	10068.0
460	3101.8333333333335	25.0	11873.0
470	3296.3333333333335	20.0	8340.0
480	3192.0	17.0	8920.0
490	2879.1666666666665	24.0	12019.0
500	3218.3333333333335	39.0	11687.0
510	2955.0	14.0	9853.0
520	3076.5	24.0	13172.0
530	3186.5	27.0	10783.0
540	3087.3333333333335	30.0	10213.0
550	3304.3333333333335	29.0	11575.0
560	3267.3333333333335	21.0	8774.0
570	3240.1666666666665	26.0	12093.0
580	3067.8333333333335	21.0	10686.0
590	3276.3333333333335	18.0	9224.0
600	3223.1666666666665	27.0	12232.0
610	3207.0	27.0	10580.0
620	3478.1666666666665	20.0	10619.0
630	3505.6666666666665	38.0	12931.0
640	3297.6666666666665	18.0	12797.0
650	3827.3333333333335	28.0	10701.0
660	3330.3333333333335	22.0	12817.0
670	3223.5	22.0	13679.0
680	3211.0	17.0	9300.0
690	3598.0	28.0	11354.0
700	3399.5	28.0	11439.0
710	3565.5	33.0	11919.0
720	3622.6666666666665	26.0	14312.0
730	3398.1666666666665	25.0	11673.0
740	3252.5	23.0	9648.0
750	3446.1666666666665	23.0	12733.0
760	3636.6666666666665	20.0	9008.0
770	3648.3333333333335	18.0	9164.0
780	3390.8333333333335	27.0	13470.0
790	2929.1666666666665	19.0	9370.0
800	3250.5	22.0	8067.0
810	3488.6666666666665	27.0	12391.0
820	3625.1666666666665	18.0	12500.0
830	3612.1666666666665	52.0	13705.0
840	3871.1666666666665	33.0	15178.0
850	3474.8333333333335	37.0	10706.0
860	3483.0	32.0	12648.0
870	3490.8333333333335	18.0	10327.0
880	3615.5	21.0	11365.0
890	3354.5	18.0	9260.0
900	3517.8333333333335	24.0	6698.0
910	3622.5	13.0	11567.0
920	3575.1666666666665	14.0	8233.0
930	3609.0	22.0	10530.0
940	3313.1666666666665	20.0	9140.0
950	3511.0	25.0	14527.0
960	3588.3333333333335	18.0	11514.0
970	3678.8333333333335	13.0	11066.0
980	3725.0	22.0	10445.0
990	3725.1666666666665	15.0	8034.0
1000	3534.5	20.0	9850.0
