0	240.66666666666666	0.0	0.0
10	2093.3333333333335	95.0	11909.0
20	1828.8333333333333	92.0	10633.0
30	1982.8333333333333	30.0	8057.0
40	1666.8333333333333	68.0	13700.0
50	2028.6666666666667	85.0	9168.0
60	2100.0	55.0	9009.0
70	2013.8333333333333	83.0	9785.0
80	2208.6666666666665	94.0	10238.0
90	2155.3333333333335	38.0	10339.0
100	2223.8333333333335	83.0	9916.0
110	2197.8333333333335	46.0	9249.0
120	2467.5	65.0	11845.0
130	2123.6666666666665	52.0	9697.0
140	2183.5	78.0	10504.0
150	2337.8333333333335	67.0	12321.0
160	2450.1666666666665	34.0	9334.0
170	2615.6666666666665	48.0	10800.0
180	2488.6666666666665	59.0	11016.0
190	2916.1666666666665	87.0	12421.0
200	2600.5	51.0	11084.0
210	2730.5	69.0	12266.0
220	2721.0	30.0	8893.0
230	2694.8333333333335	58.0	13043.0
240	2606.3333333333335	30.0	7499.0
250	2589.3333333333335	69.0	13997.0
260	2664.6666666666665	31.0	9500.0
270	2693.8333333333335	43.0	13779.0
280	3022.5	31.0	9322.0
290	2884.1666666666665	47.0	13476.0
300	3054.5	79.0	11978.0
310	2775.6666666666665	39.0	13924.0
320	2939.3333333333335	34.0	10240.0
330	3031.6666666666665	50.0	12515.0
340	2904.0	25.0	10009.0
350	3053.8333333333335	58.0	10870.0
360	3094.3333333333335	53.0	9554.0
370	2941.5	27.0	13627.0
380	2826.5	35.0	10649.0
390	2941.5	31.0	11502.0
400	3073.5	29.0	11489.0
410	2910.0	39.0	12978.0
420	3311.5	17.0	10097.0
430	3090.0	35.0	11730.0
440	3188.0	31.0	9637.0
450	3260.5	35.0	12090.0
460	2932.8333333333335	22.0	12377.0
470	3261.3333333333335	23.0	9558.0
480	3151.0	19.0	12132.0
490	3272.3333333333335	20.0	12859.0
500	3053.0	26.0	11528.0
510	3354.6666666666665	20.0	11204.0
520	3086.3333333333335	23.0	11315.0
530	3087.8333333333335	21.0	12210.0
540	3361.8333333333335	42.0	10891.0
550	2970.1666666666665	32.0	8661.0
560	3065.3333333333335	36.0	13770.0
570	3385.6666666666665	30.0	12850.0
580	3073.5	19.0	13604.0
590	3316.3333333333335	16.0	9395.0
600	3317.6666666666665	31.0	11221.0
610	3219.5	17.0	9501.0
620	3103.1666666666665	38.0	12589.0
630	3644.0	16.0	11895.0
640	3359.6666666666665	12.0	11628.0
650	3446.3333333333335	22.0	10918.0
660	3175.0	35.0	12630.0
670	3164.0	21.0	13116.0
680	3783.1666666666665	25.0	12808.0
690	3405.8333333333335	18.0	11284.0
700	2969.1666666666665	37.0	14656.0
710	3556.6666666666665	26.0	11827.0
720	3994.8333333333335	19.0	10351.0
730	3641.8333333333335	10.0	6824.0
740	3358.1666666666665	34.0	12605.0
750	3566.6666666666665	23.0	11601.0
760	3477.8333333333335	36.0	10903.0
770	3340.1666666666665	12.0	8675.0
780	3397.0	27.0	11981.0
790	3509.5	15.0	10491.0
800	3724.8333333333335	24.0	10726.0
810	3434.0	20.0	10002.0
820	3627.5	16.0	10522.0
830	3735.6666666666665	26.0	12384.0
840	3606.1666666666665	18.0	9140.0
850	3665.5	16.0	9615.0
860	3626.3333333333335	21.0	8507.0
870	3267.1666666666665	27.0	10024.0
880	3717.0	10.0	11053.0
890	3483.3333333333335	22.0	9879.0
900	3437.8333333333335	12.0	9604.0
910	3297.6666666666665	14.0	11810.0
920	3749.1666666666665	25.0	10692.0
930	3799.8333333333335	28.0	12725.0
940	3624.8333333333335	30.0	11876.0
950	3470.5	15.0	12986.0
960	3688.1666666666665	17.0	10652.0
970	3835.0	26.0	11857.0
980	3320.0	13.0	9314.0
990	3661.5	34.0	10771.0
1000	3633.1666666666665	20.0	12498.0
