0	279.3333333333333	0.0	0.0	0.0
10	1722.1666666666667	147.0	4110.0	7093.0
20	2029.8333333333333	67.0	2374.0	8021.0
30	2055.6666666666665	128.0	1804.0	7714.0
40	1998.8333333333333	14.0	760.0	5875.0
50	2059.3333333333335	48.0	1973.0	8799.0
60	2365.6666666666665	111.0	2710.0	10888.0
70	2370.1666666666665	46.0	1954.0	9615.0
80	1937.6666666666667	94.0	3539.0	13171.0
90	2091.1666666666665	13.0	1283.0	8600.0
100	2278.3333333333335	73.0	1085.0	7065.0
110	2433.5	95.0	3975.0	12868.0
120	2229.6666666666665	71.0	2717.0	10590.0
130	2130.6666666666665	80.0	3339.0	11422.0
140	2441.8333333333335	13.0	625.0	9663.0
150	2713.1666666666665	0.0	0.0	8972.0
160	2373.3333333333335	0.0	0.0	11898.0
170	2996.5	0.0	0.0	9233.0
180	2862.6666666666665	0.0	0.0	9135.0
190	2569.3333333333335	0.0	0.0	4991.0
200	2745.3333333333335	0.0	0.0	6831.0
210	2466.1666666666665	0.0	0.0	11237.0
220	2268.1666666666665	0.0	0.0	7633.0
230	2911.0	0.0	0.0	8093.0
240	2530.5	0.0	0.0	8050.0
250	2245.5	0.0	0.0	7371.0
260	2447.1666666666665	0.0	0.0	11546.0
270	2887.6666666666665	0.0	0.0	8370.0
280	3173.0	0.0	0.0	9691.0
290	2770.6666666666665	0.0	0.0	7367.0
300	3467.1666666666665	0.0	0.0	7743.0
310	3203.5	0.0	0.0	11660.0
320	2798.1666666666665	0.0	0.0	8065.0
330	3255.0	0.0	0.0	9520.0
340	3339.8333333333335	0.0	0.0	10045.0
350	2894.1666666666665	0.0	0.0	13175.0
360	3087.8333333333335	0.0	0.0	12660.0
370	3073.1666666666665	0.0	0.0	13001.0
380	2629.0	0.0	0.0	11496.0
390	3481.3333333333335	0.0	0.0	11985.0
400	3918.8333333333335	0.0	0.0	7504.0
410	3590.3333333333335	0.0	0.0	11844.0
420	4023.6666666666665	0.0	0.0	9386.0
430	3434.8333333333335	0.0	0.0	11896.0
440	3284.1666666666665	0.0	0.0	11532.0
450	3770.6666666666665	0.0	0.0	12012.0
460	3366.0	0.0	0.0	9136.0
470	4031.6666666666665	0.0	0.0	10767.0
480	3419.6666666666665	0.0	0.0	8405.0
490	3335.3333333333335	0.0	0.0	10399.0
500	3111.0	0.0	0.0	10651.0
510	3717.3333333333335	0.0	0.0	10320.0
520	3021.6666666666665	0.0	0.0	9984.0
530	3296.0	0.0	0.0	8932.0
540	3531.6666666666665	0.0	0.0	12331.0
550	3629.3333333333335	0.0	0.0	13561.0
560	3424.1666666666665	0.0	0.0	9875.0
570	3560.3333333333335	0.0	0.0	10259.0
580	3625.3333333333335	0.0	0.0	10422.0
590	3784.6666666666665	0.0	0.0	11626.0
600	4026.6666666666665	0.0	0.0	14413.0
610	3868.6666666666665	0.0	0.0	10510.0
620	3635.6666666666665	0.0	0.0	11223.0
630	3657.1666666666665	0.0	0.0	10165.0
640	3240.3333333333335	0.0	0.0	11927.0
650	3084.1666666666665	0.0	0.0	10417.0
660	3423.5	0.0	0.0	9601.0
670	3348.5	0.0	0.0	11253.0
680	4017.6666666666665	0.0	0.0	11204.0
690	3415.1666666666665	0.0	0.0	9066.0
700	3959.8333333333335	0.0	0.0	8225.0
710	3579.1666666666665	0.0	0.0	10003.0
720	4151.166666666667	0.0	0.0	10401.0
730	3897.0	0.0	0.0	10761.0
740	3683.3333333333335	0.0	0.0	9373.0
750	3734.3333333333335	0.0	0.0	10098.0
760	4030.5	0.0	0.0	12571.0
770	3743.8333333333335	0.0	0.0	11040.0
780	3793.3333333333335	0.0	0.0	9874.0
790	3682.1666666666665	0.0	0.0	9663.0
800	3847.8333333333335	0.0	0.0	11029.0
810	3539.5	0.0	0.0	9767.0
820	3651.1666666666665	0.0	0.0	8762.0
830	3822.5	0.0	0.0	11058.0
840	3449.6666666666665	0.0	0.0	10097.0
850	3892.8333333333335	0.0	0.0	8830.0
860	3765.3333333333335	0.0	0.0	8524.0
870	4142.333333333333	0.0	0.0	8315.0
880	3802.1666666666665	0.0	0.0	8860.0
890	3986.3333333333335	0.0	0.0	11753.0
900	3850.5	0.0	0.0	13783.0
910	3359.0	0.0	0.0	11248.0
920	3704.0	0.0	0.0	8298.0
930	3707.8333333333335	0.0	0.0	9387.0
940	3346.5	0.0	0.0	12040.0
950	3829.0	0.0	0.0	10014.0
960	3812.1666666666665	0.0	0.0	11945.0
970	3909.3333333333335	0.0	0.0	9934.0
980	3803.5	0.0	0.0	10846.0
990	3828.1666666666665	0.0	0.0	10886.0
1000	3737.6666666666665	0.0	0.0	9457.0
