0	913.6666666666666	0.0	0.0	0.0
10	769.0	774.0	10088.0	10088.0
20	1249.3333333333333	226.0	2312.0	6197.0
30	1283.6666666666667	0.0	0.0	5639.0
40	1257.0	0.0	0.0	8077.0
50	2089.1666666666665	0.0	0.0	6317.0
60	1749.6666666666667	0.0	0.0	6901.0
70	1282.3333333333333	0.0	0.0	6102.0
80	1240.6666666666667	0.0	0.0	5922.0
90	1784.3333333333333	0.0	0.0	5379.0
100	1271.0	0.0	0.0	5897.0
110	1267.6666666666667	0.0	0.0	6605.0
120	1163.8333333333333	0.0	0.0	6410.0
130	1849.5	0.0	0.0	6626.0
140	1610.1666666666667	0.0	0.0	9308.0
150	2011.6666666666667	0.0	0.0	5916.0
160	1892.5	0.0	0.0	7656.0
170	1822.3333333333333	0.0	0.0	8643.0
180	1698.8333333333333	0.0	0.0	7430.0
190	1285.1666666666667	0.0	0.0	5898.0
200	1814.5	0.0	0.0	5589.0
210	2262.5	0.0	0.0	8172.0
220	1937.8333333333333	0.0	0.0	7124.0
230	1901.6666666666667	0.0	0.0	11575.0
240	1766.3333333333333	0.0	0.0	7132.0
250	1728.6666666666667	0.0	0.0	7738.0
260	1614.8333333333333	0.0	0.0	7815.0
270	2078.8333333333335	0.0	0.0	9689.0
280	1966.5	0.0	0.0	6452.0
290	1968.8333333333333	0.0	0.0	7625.0
300	1893.5	0.0	0.0	7505.0
310	2069.1666666666665	0.0	0.0	8874.0
320	1567.8333333333333	0.0	0.0	8697.0
330	1638.0	0.0	0.0	9399.0
340	2230.3333333333335	0.0	0.0	9114.0
350	2359.5	0.0	0.0	8045.0
360	2539.0	0.0	0.0	7542.0
370	2344.0	0.0	0.0	10431.0
380	2586.1666666666665	0.0	0.0	7512.0
390	2386.3333333333335	0.0	0.0	11040.0
400	1593.3333333333333	0.0	0.0	9412.0
410	1827.8333333333333	0.0	0.0	9180.0
420	1694.8333333333333	0.0	0.0	7456.0
430	1629.5	0.0	0.0	9305.0
440	1712.6666666666667	0.0	0.0	9276.0
450	1604.6666666666667	0.0	0.0	9605.0
460	2325.0	0.0	0.0	8952.0
470	1846.6666666666667	0.0	0.0	8292.0
480	2753.8333333333335	0.0	0.0	8164.0
490	2691.0	0.0	0.0	10184.0
500	2708.8333333333335	0.0	0.0	7186.0
510	2414.0	0.0	0.0	8735.0
520	2018.0	0.0	0.0	9945.0
530	2394.6666666666665	0.0	0.0	9452.0
540	2252.5	0.0	0.0	8599.0
550	2425.3333333333335	0.0	0.0	9090.0
560	2392.8333333333335	0.0	0.0	9694.0
570	2606.8333333333335	0.0	0.0	7169.0
580	2436.3333333333335	0.0	0.0	7809.0
590	2261.3333333333335	0.0	0.0	8082.0
600	2569.3333333333335	0.0	0.0	7573.0
610	1644.1666666666667	0.0	0.0	9028.0
620	1782.3333333333333	0.0	0.0	9898.0
630	2250.6666666666665	0.0	0.0	8234.0
640	2419.0	0.0	0.0	7568.0
650	2415.6666666666665	0.0	0.0	8498.0
660	2316.1666666666665	0.0	0.0	9532.0
670	2441.0	0.0	0.0	7991.0
680	2342.0	0.0	0.0	8093.0
690	2364.8333333333335	0.0	0.0	7473.0
700	2535.3333333333335	0.0	0.0	7575.0
710	1850.3333333333333	0.0	0.0	8514.0
720	2359.1666666666665	0.0	0.0	8350.0
730	2019.0	0.0	0.0	9217.0
740	2057.1666666666665	0.0	0.0	8842.0
750	1729.0	0.0	0.0	8169.0
760	2385.6666666666665	0.0	0.0	8208.0
770	2235.1666666666665	0.0	0.0	9141.0
780	1766.3333333333333	0.0	0.0	7851.0
790	1709.6666666666667	0.0	0.0	7217.0
800	1653.3333333333333	0.0	0.0	10320.0
810	1742.5	0.0	0.0	11038.0
820	1681.3333333333333	0.0	0.0	7740.0
830	2015.3333333333333	0.0	0.0	7860.0
840	1923.3333333333333	0.0	0.0	7692.0
850	1990.5	0.0	0.0	9345.0
860	2060.3333333333335	0.0	0.0	8194.0
870	2001.6666666666667	0.0	0.0	13863.0
880	2550.1666666666665	0.0	0.0	7953.0
890	1740.0	0.0	0.0	9484.0
900	2369.8333333333335	0.0	0.0	9258.0
910	2247.8333333333335	0.0	0.0	8855.0
920	2630.8333333333335	0.0	0.0	8619.0
930	2471.3333333333335	0.0	0.0	5558.0
940	2677.3333333333335	0.0	0.0	7691.0
950	2471.3333333333335	0.0	0.0	7227.0
960	2637.8333333333335	0.0	0.0	8724.0
970	2461.6666666666665	0.0	0.0	11034.0
980	2302.5	0.0	0.0	8711.0
990	2069.6666666666665	0.0	0.0	9306.0
1000	2215.3333333333335	0.0	0.0	9784.0
