0	2389.1666666666665	0.0	0.0	0.0
10	2752.8333333333335	1000.0	1000.0	10119.0
20	2319.3333333333335	0.0	0.0	11574.0
30	2810.5	0.0	0.0	10381.0
40	3114.1666666666665	0.0	0.0	8566.0
50	2868.5	0.0	0.0	9834.0
60	2640.8333333333335	0.0	0.0	7921.0
70	2515.5	0.0	0.0	8691.0
80	3295.0	0.0	0.0	8275.0
90	2911.0	0.0	0.0	9324.0
100	3108.5	0.0	0.0	9602.0
110	3063.5	0.0	0.0	9059.0
120	3191.6666666666665	0.0	0.0	10468.0
130	3837.0	0.0	0.0	10327.0
140	3398.8333333333335	0.0	0.0	8867.0
150	3494.8333333333335	0.0	0.0	7377.0
160	3639.1666666666665	0.0	0.0	8849.0
170	4036.5	0.0	0.0	7564.0
180	3381.1666666666665	0.0	0.0	9751.0
190	3321.1666666666665	0.0	0.0	7300.0
200	3116.0	0.0	0.0	13129.0
210	3276.8333333333335	0.0	0.0	7549.0
220	3189.6666666666665	0.0	0.0	9161.0
230	3754.1666666666665	0.0	0.0	10291.0
240	3573.8333333333335	0.0	0.0	12043.0
250	3210.5	0.0	0.0	7000.0
260	3514.6666666666665	0.0	0.0	9845.0
270	3420.6666666666665	0.0	0.0	11013.0
280	3756.5	0.0	0.0	6735.0
290	3254.5	0.0	0.0	13148.0
300	3327.1666666666665	0.0	0.0	6956.0
310	3085.8333333333335	0.0	0.0	9911.0
320	3217.1666666666665	0.0	0.0	11003.0
330	3765.8333333333335	0.0	0.0	7945.0
340	3619.8333333333335	0.0	0.0	10391.0
350	3908.0	0.0	0.0	9878.0
360	3282.1666666666665	0.0	0.0	10867.0
370	3685.3333333333335	0.0	0.0	8296.0
380	3651.3333333333335	0.0	0.0	9354.0
390	3130.0	0.0	0.0	7556.0
400	3239.6666666666665	0.0	0.0	10162.0
410	3788.0	0.0	0.0	11696.0
420	3758.8333333333335	0.0	0.0	10117.0
430	3914.1666666666665	0.0	0.0	11434.0
440	3569.0	0.0	0.0	15297.0
450	3714.8333333333335	0.0	0.0	11737.0
460	3713.8333333333335	0.0	0.0	11711.0
470	4061.3333333333335	0.0	0.0	10505.0
480	3715.8333333333335	0.0	0.0	9873.0
490	3699.5	0.0	0.0	11624.0
500	3749.3333333333335	0.0	0.0	7584.0
510	3580.5	0.0	0.0	10919.0
520	3924.1666666666665	0.0	0.0	9034.0
530	3717.0	0.0	0.0	12660.0
540	3578.0	0.0	0.0	10640.0
550	3847.3333333333335	0.0	0.0	11789.0
560	4118.0	0.0	0.0	9706.0
570	3530.6666666666665	0.0	0.0	8338.0
580	3618.0	0.0	0.0	12169.0
590	3820.3333333333335	0.0	0.0	8613.0
600	3577.8333333333335	0.0	0.0	8277.0
