0	2729.5	0.0	0.0	0.0
10	3052.1666666666665	1000.0	1000.0	6210.0
20	2194.0	0.0	0.0	9288.0
30	2748.3333333333335	0.0	0.0	7056.0
40	2633.8333333333335	0.0	0.0	5960.0
50	2745.6666666666665	0.0	0.0	9125.0
60	2681.0	0.0	0.0	7458.0
70	2858.0	0.0	0.0	7883.0
80	3294.3333333333335	0.0	0.0	7843.0
90	3137.0	0.0	0.0	9027.0
100	2477.5	0.0	0.0	10345.0
110	3375.1666666666665	0.0	0.0	5528.0
120	3315.6666666666665	0.0	0.0	6331.0
130	3389.3333333333335	0.0	0.0	12417.0
140	3245.3333333333335	0.0	0.0	9741.0
150	3248.5	0.0	0.0	10004.0
160	3980.6666666666665	0.0	0.0	6467.0
170	3555.8333333333335	0.0	0.0	8891.0
180	3584.1666666666665	0.0	0.0	14156.0
190	3460.0	0.0	0.0	7101.0
200	2972.0	0.0	0.0	12872.0
210	3422.6666666666665	0.0	0.0	8544.0
220	3174.0	0.0	0.0	9548.0
230	3494.3333333333335	0.0	0.0	10733.0
240	2988.3333333333335	0.0	0.0	7127.0
250	3835.0	0.0	0.0	6860.0
260	3248.1666666666665	0.0	0.0	9168.0
270	2715.6666666666665	0.0	0.0	10049.0
280	3483.8333333333335	0.0	0.0	11767.0
290	3764.6666666666665	0.0	0.0	12634.0
300	3520.5	0.0	0.0	10320.0
310	3681.8333333333335	0.0	0.0	10262.0
320	3699.6666666666665	0.0	0.0	10087.0
330	3838.3333333333335	0.0	0.0	8920.0
340	3550.3333333333335	0.0	0.0	9205.0
350	3590.0	0.0	0.0	9487.0
360	3806.1666666666665	0.0	0.0	9094.0
370	3362.0	0.0	0.0	10008.0
380	3693.5	0.0	0.0	9892.0
390	3820.1666666666665	0.0	0.0	10860.0
400	3433.5	0.0	0.0	7917.0
410	3486.8333333333335	0.0	0.0	8424.0
420	3156.6666666666665	0.0	0.0	11633.0
430	3096.1666666666665	0.0	0.0	10876.0
440	4178.833333333333	0.0	0.0	14357.0
450	3918.8333333333335	0.0	0.0	10660.0
460	4079.6666666666665	0.0	0.0	10444.0
470	4066.0	0.0	0.0	6649.0
480	3428.6666666666665	0.0	0.0	8864.0
490	3886.0	0.0	0.0	12993.0
500	3957.0	0.0	0.0	10539.0
510	3833.8333333333335	0.0	0.0	9341.0
520	4008.5	0.0	0.0	10505.0
530	3586.0	0.0	0.0	10185.0
540	3966.0	0.0	0.0	12859.0
550	3548.5	0.0	0.0	7680.0
560	3929.6666666666665	0.0	0.0	10773.0
570	3274.5	0.0	0.0	11663.0
580	4112.333333333333	0.0	0.0	9092.0
590	3489.3333333333335	0.0	0.0	9327.0
600	3760.8333333333335	0.0	0.0	11281.0
