0	2498.8333333333335	0.0	0.0	0.0
10	2669.5	818.0	5143.0	13842.0
20	2775.6666666666665	182.0	727.0	9360.0
30	2517.0	0.0	0.0	6373.0
40	2324.5	0.0	0.0	10353.0
50	2242.8333333333335	0.0	0.0	8200.0
60	2755.1666666666665	0.0	0.0	5075.0
70	2412.5	0.0	0.0	11779.0
80	2797.0	0.0	0.0	10266.0
90	2835.5	0.0	0.0	8220.0
100	2379.1666666666665	0.0	0.0	9043.0
110	2917.5	0.0	0.0	9909.0
120	3203.5	0.0	0.0	6664.0
130	2614.6666666666665	0.0	0.0	11313.0
140	2982.1666666666665	0.0	0.0	7340.0
150	2795.6666666666665	0.0	0.0	10680.0
160	2952.1666666666665	0.0	0.0	9969.0
170	2972.6666666666665	0.0	0.0	12081.0
180	3305.3333333333335	0.0	0.0	8802.0
190	3073.6666666666665	0.0	0.0	10837.0
200	3157.5	0.0	0.0	8459.0
210	3689.0	0.0	0.0	10373.0
220	3507.0	0.0	0.0	9789.0
230	3569.6666666666665	0.0	0.0	11291.0
240	3605.3333333333335	0.0	0.0	7506.0
250	3230.8333333333335	0.0	0.0	11522.0
260	3433.0	0.0	0.0	9044.0
270	3536.0	0.0	0.0	8532.0
280	3278.1666666666665	0.0	0.0	10225.0
290	2824.6666666666665	0.0	0.0	10178.0
300	3346.1666666666665	0.0	0.0	7987.0
310	3407.0	0.0	0.0	10563.0
320	3426.5	0.0	0.0	12259.0
330	3679.3333333333335	0.0	0.0	8098.0
340	3317.5	0.0	0.0	8908.0
350	3827.6666666666665	0.0	0.0	9531.0
360	3540.1666666666665	0.0	0.0	9930.0
370	3686.3333333333335	0.0	0.0	9835.0
380	3175.3333333333335	0.0	0.0	10332.0
390	3187.6666666666665	0.0	0.0	9038.0
400	3505.8333333333335	0.0	0.0	14191.0
410	3590.0	0.0	0.0	10895.0
420	3485.5	0.0	0.0	8935.0
430	3612.0	0.0	0.0	11001.0
440	3613.0	0.0	0.0	9130.0
450	3579.1666666666665	0.0	0.0	13170.0
460	3326.1666666666665	0.0	0.0	10594.0
470	3742.6666666666665	0.0	0.0	11753.0
480	3684.0	0.0	0.0	10862.0
490	4136.666666666667	0.0	0.0	9754.0
500	3694.6666666666665	0.0	0.0	8452.0
510	3438.8333333333335	0.0	0.0	8390.0
520	3929.0	0.0	0.0	11736.0
530	3475.1666666666665	0.0	0.0	9035.0
540	3718.1666666666665	0.0	0.0	11115.0
550	3901.6666666666665	0.0	0.0	11884.0
560	3903.1666666666665	0.0	0.0	10684.0
570	3604.0	0.0	0.0	8423.0
580	3840.0	0.0	0.0	11729.0
590	3581.1666666666665	0.0	0.0	10073.0
600	3727.6666666666665	0.0	0.0	9437.0
610	3922.0	0.0	0.0	10908.0
620	3828.1666666666665	0.0	0.0	10652.0
630	3592.0	0.0	0.0	8303.0
640	4125.5	0.0	0.0	10263.0
650	3527.8333333333335	0.0	0.0	10944.0
660	3648.3333333333335	0.0	0.0	9786.0
670	3778.0	0.0	0.0	10746.0
680	3851.1666666666665	0.0	0.0	12650.0
690	3466.5	0.0	0.0	12414.0
700	3903.1666666666665	0.0	0.0	9983.0
710	4031.5	0.0	0.0	8257.0
720	3727.6666666666665	0.0	0.0	11175.0
730	4015.1666666666665	0.0	0.0	10521.0
740	3295.8333333333335	0.0	0.0	9680.0
750	3783.1666666666665	0.0	0.0	11141.0
760	3938.6666666666665	0.0	0.0	11905.0
770	3719.5	0.0	0.0	9827.0
780	3973.3333333333335	0.0	0.0	9171.0
790	3868.1666666666665	0.0	0.0	13763.0
800	3726.1666666666665	0.0	0.0	9789.0
