0	2255.0	0.0	0.0	0.0
10	2095.8333333333335	0.0	145.0	8122.0
20	2001.5	0.0	62.0	7049.0
30	2290.5	0.0	67.0	10133.0
40	2346.6666666666665	0.0	102.0	8378.0
50	2223.5	0.0	32.0	7452.0
60	2497.5	0.0	30.0	8362.0
70	2503.8333333333335	0.0	73.0	11806.0
80	2516.0	0.0	94.0	9351.0
90	2674.8333333333335	0.0	15.0	9829.0
100	2669.5	0.0	40.0	10784.0
110	2768.6666666666665	0.0	59.0	8445.0
120	2948.0	0.0	63.0	10155.0
130	2828.0	0.0	59.0	8487.0
140	2741.8333333333335	0.0	69.0	8815.0
150	2642.1666666666665	0.0	28.0	10947.0
160	2401.3333333333335	0.0	88.0	8058.0
170	2685.8333333333335	0.0	48.0	9634.0
180	2416.3333333333335	0.0	22.0	9506.0
190	2520.0	0.0	26.0	8442.0
200	2668.5	0.0	35.0	11743.0
210	2279.5	0.0	56.0	9225.0
220	2885.3333333333335	0.0	51.0	10344.0
230	2472.3333333333335	0.0	45.0	10232.0
240	2750.1666666666665	0.0	53.0	7893.0
250	2611.8333333333335	0.0	45.0	7433.0
260	2599.3333333333335	0.0	37.0	8222.0
270	3349.1666666666665	0.0	31.0	7383.0
280	3033.8333333333335	0.0	38.0	9924.0
290	3107.8333333333335	0.0	107.0	10208.0
300	2920.8333333333335	0.0	61.0	9175.0
310	3224.1666666666665	0.0	45.0	8977.0
320	3285.5	0.0	22.0	9787.0
330	3386.0	0.0	51.0	11113.0
340	3347.6666666666665	0.0	93.0	9309.0
350	3062.0	0.0	77.0	13709.0
360	3690.5	0.0	56.0	10661.0
370	3557.1666666666665	0.0	84.0	7902.0
380	3747.0	0.0	34.0	8886.0
390	2932.8333333333335	0.0	63.0	12022.0
400	3527.8333333333335	0.0	57.0	8121.0
410	3188.8333333333335	0.0	42.0	8993.0
420	3079.6666666666665	0.0	75.0	10695.0
430	3039.1666666666665	0.0	53.0	12425.0
440	3184.1666666666665	0.0	19.0	11755.0
450	3654.3333333333335	0.0	55.0	12449.0
460	2892.1666666666665	0.0	27.0	10498.0
470	3215.5	0.0	63.0	12676.0
480	3519.5	0.0	28.0	9908.0
490	3472.6666666666665	0.0	49.0	13533.0
500	3504.8333333333335	0.0	44.0	12383.0
510	3487.5	0.0	48.0	11234.0
520	3734.5	0.0	90.0	9689.0
530	3567.0	0.0	24.0	8864.0
540	3597.5	0.0	80.0	9722.0
550	3285.8333333333335	0.0	56.0	10052.0
560	3970.8333333333335	0.0	25.0	11186.0
570	3812.0	0.0	88.0	7807.0
580	3757.3333333333335	0.0	47.0	9824.0
590	3518.8333333333335	0.0	56.0	13054.0
600	3486.3333333333335	0.0	79.0	12468.0
610	3649.0	0.0	90.0	10576.0
620	3533.5	0.0	78.0	11346.0
630	3501.3333333333335	0.0	49.0	11960.0
640	3723.6666666666665	0.0	17.0	13868.0
650	3568.3333333333335	0.0	82.0	13174.0
660	3752.1666666666665	0.0	76.0	9762.0
670	3835.0	0.0	44.0	11381.0
680	3779.8333333333335	0.0	37.0	7354.0
690	3945.8333333333335	0.0	54.0	9249.0
700	3716.8333333333335	0.0	68.0	9423.0
710	3404.8333333333335	0.0	44.0	11706.0
720	3526.6666666666665	0.0	38.0	14541.0
730	3714.5	0.0	14.0	12091.0
740	3980.8333333333335	0.0	44.0	8695.0
750	3857.8333333333335	0.0	54.0	8197.0
760	4025.8333333333335	0.0	51.0	11179.0
770	3494.1666666666665	0.0	13.0	12604.0
780	3603.5	0.0	67.0	9772.0
790	3934.0	0.0	45.0	10244.0
800	3723.1666666666665	0.0	101.0	13722.0
