0	243.0	0.0	0.0
10	1938.8333333333333	120.0	7716.0
20	2276.6666666666665	169.0	9469.0
30	2286.3333333333335	40.0	7425.0
40	2080.0	75.0	7462.0
50	2182.3333333333335	43.0	9518.0
60	1999.0	157.0	11443.0
70	2171.0	114.0	9718.0
80	2334.8333333333335	158.0	9760.0
90	2658.1666666666665	165.0	12231.0
100	2012.0	51.0	7371.0
110	2319.3333333333335	29.0	9593.0
120	2575.3333333333335	50.0	9431.0
130	2417.3333333333335	47.0	8725.0
140	2783.8333333333335	32.0	8659.0
150	2477.8333333333335	42.0	9234.0
160	2158.6666666666665	43.0	11447.0
170	3189.5	27.0	11761.0
180	2929.8333333333335	27.0	8610.0
190	3067.1666666666665	50.0	11236.0
200	2889.8333333333335	16.0	8957.0
210	3138.6666666666665	48.0	11856.0
220	3562.0	23.0	11600.0
230	3461.5	37.0	10543.0
240	3119.8333333333335	39.0	11260.0
250	3037.6666666666665	24.0	9231.0
260	3288.6666666666665	13.0	7987.0
270	3334.6666666666665	19.0	12766.0
280	3602.0	36.0	10749.0
290	3375.3333333333335	19.0	9494.0
300	3743.6666666666665	16.0	9671.0
310	3411.3333333333335	26.0	14914.0
320	3737.3333333333335	33.0	12222.0
330	3615.6666666666665	22.0	9350.0
340	3456.1666666666665	30.0	12479.0
350	3317.8333333333335	30.0	12064.0
360	3264.8333333333335	13.0	6842.0
370	3892.8333333333335	43.0	16030.0
380	2932.5	25.0	11789.0
390	3371.3333333333335	34.0	15915.0
400	3162.3333333333335	15.0	11006.0
410	3589.0	0.0	12025.0
420	3822.3333333333335	0.0	13282.0
430	3249.5	0.0	9417.0
440	3577.0	0.0	10674.0
450	4036.0	0.0	11247.0
460	3294.5	0.0	9310.0
470	4022.3333333333335	0.0	10918.0
480	3606.5	0.0	10636.0
490	3745.8333333333335	0.0	9493.0
500	3990.8333333333335	0.0	8556.0
510	3808.0	0.0	9001.0
520	3908.3333333333335	0.0	10466.0
530	3731.1666666666665	0.0	10856.0
540	3764.5	0.0	11909.0
550	3644.1666666666665	0.0	10603.0
560	3611.8333333333335	0.0	13167.0
570	3695.5	0.0	11407.0
580	3611.6666666666665	0.0	9842.0
590	4033.1666666666665	0.0	9848.0
600	3966.3333333333335	0.0	10095.0
610	3600.5	0.0	11714.0
620	4006.3333333333335	0.0	13743.0
630	3731.5	0.0	11575.0
640	3637.0	0.0	10091.0
650	3858.3333333333335	0.0	9449.0
660	3852.8333333333335	0.0	9648.0
670	3940.8333333333335	0.0	12611.0
680	3644.0	0.0	8131.0
690	3363.6666666666665	0.0	12830.0
700	3694.6666666666665	0.0	13407.0
710	3868.8333333333335	0.0	9953.0
720	3730.8333333333335	0.0	11452.0
730	3607.3333333333335	0.0	11257.0
740	3920.6666666666665	0.0	12613.0
750	3906.8333333333335	0.0	9938.0
760	3941.1666666666665	0.0	10763.0
770	3990.6666666666665	0.0	8483.0
780	3598.3333333333335	0.0	10894.0
790	3911.6666666666665	0.0	9860.0
800	3664.5	0.0	10810.0
810	3566.0	0.0	9903.0
820	3903.3333333333335	0.0	10244.0
830	3778.5	0.0	12156.0
840	3697.1666666666665	0.0	11739.0
850	4153.166666666667	0.0	10768.0
860	3625.5	0.0	12743.0
870	3807.3333333333335	0.0	11746.0
880	3547.5	0.0	11720.0
890	3750.0	0.0	11454.0
900	3821.8333333333335	0.0	8646.0
910	3813.5	0.0	12013.0
920	4028.5	0.0	8540.0
930	3948.0	0.0	10907.0
940	3758.1666666666665	0.0	10547.0
950	3744.5	0.0	11384.0
960	3570.6666666666665	0.0	10508.0
970	3799.3333333333335	0.0	10338.0
980	3764.5	0.0	9715.0
990	3778.0	0.0	7813.0
1000	3933.0	0.0	10485.0
