0	275.3333333333333	0.0	0.0
10	1973.1666666666667	83.0	9457.0
20	1900.1666666666667	164.0	12053.0
30	2047.8333333333333	67.0	10812.0
40	2209.6666666666665	156.0	12945.0
50	2422.0	137.0	10989.0
60	2313.0	139.0	15052.0
70	2704.6666666666665	37.0	7996.0
80	2949.5	86.0	14120.0
90	2663.1666666666665	73.0	11271.0
100	2557.5	17.0	7263.0
110	2648.6666666666665	42.0	11958.0
120	2816.5	36.0	10351.0
130	2504.0	57.0	9686.0
140	2769.3333333333335	33.0	13630.0
150	3111.6666666666665	41.0	10486.0
160	3179.1666666666665	39.0	12700.0
170	3412.3333333333335	28.0	10876.0
180	3339.5	25.0	10610.0
190	3346.6666666666665	15.0	8818.0
200	3284.8333333333335	46.0	12840.0
210	2429.0	22.0	11849.0
220	2910.0	26.0	12951.0
230	3649.8333333333335	25.0	14367.0
240	3092.3333333333335	23.0	9976.0
250	3524.6666666666665	44.0	13307.0
260	3266.1666666666665	21.0	12502.0
270	3608.5	18.0	9370.0
280	3218.1666666666665	28.0	12635.0
290	3529.6666666666665	27.0	12062.0
300	3699.8333333333335	20.0	11540.0
310	3450.0	32.0	12454.0
320	3501.1666666666665	13.0	10737.0
330	3466.1666666666665	23.0	8860.0
340	4105.666666666667	23.0	12968.0
350	3653.1666666666665	31.0	13305.0
360	3411.0	34.0	12167.0
370	3513.8333333333335	22.0	9850.0
380	3632.0	20.0	10777.0
390	3979.1666666666665	10.0	8042.0
400	3658.8333333333335	13.0	6620.0
410	3735.6666666666665	21.0	11437.0
420	3738.8333333333335	22.0	9831.0
430	4111.5	26.0	12890.0
440	3639.8333333333335	29.0	11403.0
450	4010.8333333333335	38.0	10932.0
460	4097.333333333333	21.0	10557.0
470	3590.0	21.0	9513.0
480	4106.166666666667	26.0	11677.0
490	3905.3333333333335	0.0	10780.0
500	3649.1666666666665	0.0	10105.0
510	4064.6666666666665	0.0	8375.0
520	3942.3333333333335	0.0	10216.0
530	3825.6666666666665	0.0	10165.0
540	3752.5	0.0	9845.0
550	4020.0	0.0	10932.0
560	3835.0	0.0	11071.0
570	3729.3333333333335	0.0	9406.0
580	3889.1666666666665	0.0	8230.0
590	3672.3333333333335	0.0	10632.0
600	3789.8333333333335	0.0	11463.0
610	3756.8333333333335	0.0	10729.0
620	3968.3333333333335	0.0	11227.0
630	3600.3333333333335	0.0	9906.0
640	3650.3333333333335	0.0	13056.0
650	3617.8333333333335	0.0	10543.0
660	3942.0	0.0	8656.0
670	4231.333333333333	0.0	9968.0
680	3649.6666666666665	0.0	10474.0
690	3877.3333333333335	0.0	11675.0
700	4042.8333333333335	0.0	8243.0
710	4044.8333333333335	0.0	11541.0
720	3796.6666666666665	0.0	13222.0
730	3755.5	0.0	10497.0
740	3909.5	0.0	8339.0
750	3505.5	0.0	8927.0
760	3566.8333333333335	0.0	10411.0
770	3820.0	0.0	10939.0
780	4021.5	0.0	8902.0
790	3677.1666666666665	0.0	10155.0
800	3797.8333333333335	0.0	12073.0
810	3993.3333333333335	0.0	14185.0
820	3645.8333333333335	0.0	10544.0
830	3766.1666666666665	0.0	8033.0
840	3737.0	0.0	13012.0
850	3842.5	0.0	11013.0
860	3838.6666666666665	0.0	11276.0
870	3823.5	0.0	8734.0
880	3286.6666666666665	0.0	10644.0
890	3628.6666666666665	0.0	9999.0
900	3666.8333333333335	0.0	12230.0
910	3906.0	0.0	9021.0
920	3355.3333333333335	0.0	11500.0
930	3625.0	0.0	10811.0
940	3623.3333333333335	0.0	12087.0
950	3764.6666666666665	0.0	9210.0
960	3891.3333333333335	0.0	8472.0
970	3814.0	0.0	10271.0
980	3870.0	0.0	9627.0
990	3346.0	0.0	8624.0
1000	3695.3333333333335	0.0	11339.0
