0	268.0	0.0	0.0
10	1711.8333333333333	213.0	9581.0
20	2107.3333333333335	126.0	9062.0
30	1980.6666666666667	130.0	8800.0
40	2123.5	90.0	11339.0
50	2198.0	91.0	9785.0
60	2256.5	99.0	11706.0
70	2472.6666666666665	81.0	10825.0
80	2494.3333333333335	44.0	9659.0
90	2481.0	99.0	9512.0
100	2551.3333333333335	35.0	9479.0
110	2221.1666666666665	66.0	8142.0
120	2625.5	22.0	7048.0
130	2479.5	149.0	13165.0
140	2234.8333333333335	61.0	12628.0
150	3011.3333333333335	61.0	9495.0
160	2919.5	31.0	13654.0
170	2687.6666666666665	31.0	9260.0
180	2929.3333333333335	35.0	8929.0
190	3246.8333333333335	27.0	11549.0
200	3189.1666666666665	9.0	6631.0
210	2978.8333333333335	60.0	14678.0
220	2997.3333333333335	31.0	10314.0
230	3399.1666666666665	28.0	12014.0
240	3618.5	30.0	10760.0
250	3292.1666666666665	24.0	13195.0
260	3146.6666666666665	32.0	14520.0
270	3386.0	16.0	8637.0
280	3660.8333333333335	24.0	10702.0
290	3002.8333333333335	36.0	10658.0
300	3684.6666666666665	24.0	8793.0
310	3604.5	31.0	13694.0
320	3630.1666666666665	19.0	11711.0
330	3350.8333333333335	23.0	11301.0
340	3480.1666666666665	18.0	12153.0
350	3282.8333333333335	26.0	10592.0
360	3133.6666666666665	31.0	10322.0
370	3014.8333333333335	13.0	9396.0
380	2883.3333333333335	26.0	9277.0
390	3722.1666666666665	8.0	11823.0
400	4083.6666666666665	0.0	8881.0
410	3526.1666666666665	0.0	11130.0
420	3814.5	0.0	9927.0
430	3685.0	0.0	12406.0
440	3717.1666666666665	0.0	9518.0
450	3923.0	0.0	6655.0
460	3821.1666666666665	0.0	10857.0
470	3605.5	0.0	9219.0
480	4064.5	0.0	11847.0
490	3892.3333333333335	0.0	5642.0
500	3739.1666666666665	0.0	12646.0
510	3736.6666666666665	0.0	12682.0
520	3856.6666666666665	0.0	11173.0
530	3833.0	0.0	11851.0
540	3556.8333333333335	0.0	12299.0
550	3942.5	0.0	11015.0
560	3973.3333333333335	0.0	11036.0
570	3870.6666666666665	0.0	11257.0
580	4021.8333333333335	0.0	9827.0
590	4003.1666666666665	0.0	11661.0
600	3624.8333333333335	0.0	7195.0
610	3841.3333333333335	0.0	8506.0
620	3919.0	0.0	11215.0
630	3648.1666666666665	0.0	11293.0
640	3638.6666666666665	0.0	10343.0
650	3717.1666666666665	0.0	10552.0
660	3721.6666666666665	0.0	11754.0
670	3566.0	0.0	10579.0
680	3927.5	0.0	9505.0
690	3944.3333333333335	0.0	10080.0
700	3794.0	0.0	9571.0
710	3800.6666666666665	0.0	10743.0
720	3835.6666666666665	0.0	11171.0
730	3845.3333333333335	0.0	11439.0
740	3739.1666666666665	0.0	8425.0
750	4162.0	0.0	11864.0
760	3744.5	0.0	9757.0
770	4150.333333333333	0.0	10733.0
780	4075.0	0.0	10133.0
790	3921.5	0.0	9906.0
800	3693.1666666666665	0.0	8614.0
810	3876.3333333333335	0.0	11492.0
820	3724.8333333333335	0.0	11254.0
830	3723.5	0.0	11237.0
840	3489.8333333333335	0.0	7218.0
850	3937.3333333333335	0.0	13339.0
860	3417.5	0.0	7708.0
870	3701.8333333333335	0.0	11996.0
880	3660.5	0.0	10506.0
890	3857.8333333333335	0.0	11410.0
900	3589.3333333333335	0.0	9848.0
910	3844.0	0.0	10418.0
920	3642.0	0.0	8335.0
930	3776.6666666666665	0.0	10344.0
940	3776.5	0.0	11125.0
950	3932.0	0.0	11370.0
960	4070.0	0.0	11028.0
970	3630.5	0.0	9381.0
980	3710.8333333333335	0.0	7943.0
990	3579.0	0.0	9452.0
1000	3401.6666666666665	0.0	9665.0
