0	2717.5	0.0	0.0	0.0
10	2622.5	1000.0	1000.0	10220.0
20	2658.25	0.0	0.0	9413.0
30	2655.5	0.0	0.0	8870.0
40	2452.25	0.0	0.0	6163.0
50	2327.25	0.0	0.0	4888.0
60	2212.0	0.0	0.0	5892.0
70	2875.75	0.0	0.0	8506.0
80	2623.25	0.0	0.0	9472.0
90	2006.75	0.0	0.0	8030.0
100	2249.0	0.0	0.0	10476.0
110	1840.75	0.0	0.0	7397.0
120	2730.0	0.0	0.0	9070.0
130	2796.5	0.0	0.0	8172.0
140	2529.5	0.0	0.0	8416.0
150	2944.25	0.0	0.0	5509.0
160	2687.25	0.0	0.0	9480.0
170	2972.5	0.0	0.0	5275.0
180	2543.5	0.0	0.0	13143.0
190	2478.5	0.0	0.0	7918.0
200	2467.75	0.0	0.0	6699.0
210	2721.5	0.0	0.0	9937.0
220	2790.0	0.0	0.0	7559.0
230	2442.75	0.0	0.0	9240.0
240	2955.75	0.0	0.0	11423.0
250	2617.0	0.0	0.0	8156.0
260	2881.75	0.0	0.0	8060.0
270	3201.5	0.0	0.0	9267.0
280	3093.25	0.0	0.0	8830.0
290	2919.0	0.0	0.0	5255.0
300	2814.25	0.0	0.0	9052.0
310	3484.5	0.0	0.0	8242.0
320	3719.25	0.0	0.0	11366.0
330	3077.0	0.0	0.0	11068.0
340	3385.25	0.0	0.0	8951.0
350	3514.75	0.0	0.0	11449.0
360	3448.0	0.0	0.0	9262.0
370	3210.75	0.0	0.0	12478.0
380	3332.25	0.0	0.0	9801.0
390	3354.0	0.0	0.0	11734.0
400	3383.75	0.0	0.0	11237.0
410	3683.0	0.0	0.0	10486.0
420	3705.5	0.0	0.0	11363.0
430	3685.5	0.0	0.0	10934.0
440	3949.5	0.0	0.0	13024.0
450	3625.0	0.0	0.0	11207.0
460	3138.75	0.0	0.0	12091.0
470	3873.75	0.0	0.0	10748.0
480	3405.75	0.0	0.0	13877.0
490	3159.5	0.0	0.0	11471.0
500	3431.5	0.0	0.0	10355.0
510	3838.25	0.0	0.0	9763.0
520	2887.25	0.0	0.0	6957.0
530	3531.75	0.0	0.0	8778.0
540	3413.75	0.0	0.0	10753.0
550	4168.75	0.0	0.0	12296.0
560	3299.75	0.0	0.0	13466.0
570	3867.75	0.0	0.0	13626.0
580	3879.0	0.0	0.0	12263.0
590	3648.75	0.0	0.0	11876.0
600	3933.25	0.0	0.0	8762.0
610	4098.0	0.0	0.0	11277.0
620	3686.0	0.0	0.0	9023.0
630	3839.0	0.0	0.0	8925.0
640	3689.5	0.0	0.0	10519.0
650	3571.75	0.0	0.0	9619.0
660	3619.5	0.0	0.0	10946.0
670	3674.75	0.0	0.0	10973.0
680	3473.25	0.0	0.0	10934.0
690	3487.5	0.0	0.0	9901.0
700	3949.5	0.0	0.0	10208.0
710	3845.75	0.0	0.0	10423.0
720	3759.0	0.0	0.0	11054.0
730	3829.25	0.0	0.0	10311.0
740	4016.75	0.0	0.0	8773.0
750	4121.75	0.0	0.0	9887.0
760	4068.0	0.0	0.0	8951.0
770	3987.0	0.0	0.0	7990.0
780	3793.0	0.0	0.0	11711.0
790	4035.75	0.0	0.0	8935.0
800	3840.5	0.0	0.0	14222.0
