0	286.0	0.0	0.0	0.0
10	1888.0	55.0	3786.0	7923.0
20	1834.6666666666667	122.0	6422.0	13686.0
30	1710.1666666666667	85.0	4514.0	9242.0
40	2141.6666666666665	72.0	3851.0	8034.0
50	2445.5	40.0	5095.0	10690.0
60	2384.6666666666665	34.0	3967.0	8301.0
70	2188.8333333333335	28.0	3362.0	7127.0
80	2133.3333333333335	33.0	5814.0	12187.0
90	2359.8333333333335	43.0	4179.0	9208.0
100	2387.1666666666665	55.0	3960.0	8733.0
110	2276.1666666666665	31.0	5680.0	11382.0
120	2281.8333333333335	53.0	5228.0	10609.0
130	2466.0	60.0	5366.0	10959.0
140	2569.6666666666665	24.0	4530.0	9690.0
150	2620.3333333333335	63.0	4092.0	10467.0
160	2621.0	0.0	0.0	8457.0
170	2558.0	0.0	0.0	7813.0
180	2430.3333333333335	0.0	0.0	8693.0
190	2791.1666666666665	0.0	0.0	10105.0
200	2646.6666666666665	0.0	0.0	11068.0
210	2500.8333333333335	0.0	0.0	7020.0
220	2774.1666666666665	0.0	0.0	11592.0
230	3104.8333333333335	0.0	0.0	14104.0
240	3342.3333333333335	0.0	0.0	9473.0
250	3006.3333333333335	0.0	0.0	8929.0
260	2904.6666666666665	0.0	0.0	10362.0
270	3114.3333333333335	0.0	0.0	8346.0
280	3508.3333333333335	0.0	0.0	11756.0
290	2952.0	0.0	0.0	13201.0
300	3780.6666666666665	0.0	0.0	11416.0
310	3488.3333333333335	0.0	0.0	10079.0
320	3470.8333333333335	0.0	0.0	7965.0
330	3658.6666666666665	0.0	0.0	9120.0
340	3564.5	0.0	0.0	12258.0
350	3476.6666666666665	0.0	0.0	10001.0
360	3493.3333333333335	0.0	0.0	9235.0
370	3761.0	0.0	0.0	11440.0
380	3744.6666666666665	0.0	0.0	13674.0
390	3827.1666666666665	0.0	0.0	8971.0
400	3671.5	0.0	0.0	10332.0
410	3085.1666666666665	0.0	0.0	8574.0
420	3864.0	0.0	0.0	6386.0
430	3977.0	0.0	0.0	11465.0
440	3454.1666666666665	0.0	0.0	10312.0
450	3570.8333333333335	0.0	0.0	9032.0
460	3273.6666666666665	0.0	0.0	9914.0
470	3705.5	0.0	0.0	8997.0
480	3353.6666666666665	0.0	0.0	11431.0
490	3298.5	0.0	0.0	10946.0
500	3542.8333333333335	0.0	0.0	10868.0
510	3840.8333333333335	0.0	0.0	11264.0
520	3473.3333333333335	0.0	0.0	12008.0
530	3648.1666666666665	0.0	0.0	10121.0
540	3517.1666666666665	0.0	0.0	10354.0
550	3426.8333333333335	0.0	0.0	13840.0
560	3883.0	0.0	0.0	12043.0
570	3821.0	0.0	0.0	9038.0
580	3937.1666666666665	0.0	0.0	13148.0
590	3637.0	0.0	0.0	9368.0
600	3799.3333333333335	0.0	0.0	8904.0
610	3865.5	0.0	0.0	11251.0
620	3645.3333333333335	0.0	0.0	8095.0
630	3533.8333333333335	0.0	0.0	9618.0
640	3686.3333333333335	0.0	0.0	14520.0
650	3908.1666666666665	0.0	0.0	12769.0
660	3952.1666666666665	0.0	0.0	9684.0
670	3710.3333333333335	0.0	0.0	7539.0
680	4085.3333333333335	0.0	0.0	9823.0
690	4078.6666666666665	0.0	0.0	10660.0
700	3783.6666666666665	0.0	0.0	10210.0
710	3442.8333333333335	0.0	0.0	9569.0
720	3728.1666666666665	0.0	0.0	10938.0
730	3586.6666666666665	0.0	0.0	11488.0
740	3863.6666666666665	0.0	0.0	11053.0
750	3224.0	0.0	0.0	7554.0
760	3741.5	0.0	0.0	9754.0
770	3817.8333333333335	0.0	0.0	10902.0
780	3824.0	0.0	0.0	8148.0
790	4056.5	0.0	0.0	14034.0
800	3881.0	0.0	0.0	10884.0
810	3884.1666666666665	0.0	0.0	8443.0
820	4015.3333333333335	0.0	0.0	9923.0
830	3823.6666666666665	0.0	0.0	10261.0
840	3895.8333333333335	0.0	0.0	9018.0
850	3678.8333333333335	0.0	0.0	11178.0
860	3877.6666666666665	0.0	0.0	10977.0
870	4105.5	0.0	0.0	9289.0
880	3706.0	0.0	0.0	8923.0
890	3997.3333333333335	0.0	0.0	9244.0
900	3630.0	0.0	0.0	7659.0
910	3513.3333333333335	0.0	0.0	10830.0
920	3783.0	0.0	0.0	12584.0
930	3684.5	0.0	0.0	12260.0
940	3879.5	0.0	0.0	12151.0
950	3952.8333333333335	0.0	0.0	9335.0
960	3187.5	0.0	0.0	11287.0
970	3760.6666666666665	0.0	0.0	11144.0
980	4178.166666666667	0.0	0.0	7451.0
990	3853.8333333333335	0.0	0.0	10552.0
1000	3830.1666666666665	0.0	0.0	10674.0
