0	2320.6666666666665	0.0	0.0	0.0
10	2426.5	217.0	10655.0	10655.0
20	2377.3333333333335	273.0	12346.0	12346.0
30	2369.8333333333335	188.0	12068.0	12068.0
40	1934.3333333333333	96.0	11156.0	11156.0
50	2349.3333333333335	137.0	10380.0	10380.0
60	2451.1666666666665	89.0	7030.0	9945.0
70	2499.0	0.0	0.0	7980.0
80	2826.6666666666665	0.0	0.0	9622.0
90	2804.6666666666665	0.0	0.0	9976.0
100	2399.3333333333335	0.0	0.0	6725.0
110	2707.5	0.0	0.0	12215.0
120	2383.8333333333335	0.0	0.0	9233.0
130	3027.8333333333335	0.0	0.0	10152.0
140	3053.0	0.0	0.0	4843.0
150	2988.1666666666665	0.0	0.0	10973.0
160	2832.6666666666665	0.0	0.0	5369.0
170	3124.3333333333335	0.0	0.0	7295.0
180	2901.6666666666665	0.0	0.0	7091.0
190	3206.3333333333335	0.0	0.0	7467.0
200	2518.5	0.0	0.0	10930.0
210	2993.1666666666665	0.0	0.0	10118.0
220	3385.5	0.0	0.0	7205.0
230	3113.8333333333335	0.0	0.0	8471.0
240	3220.0	0.0	0.0	10690.0
250	2953.5	0.0	0.0	7823.0
260	3114.6666666666665	0.0	0.0	10039.0
270	3223.8333333333335	0.0	0.0	11255.0
280	3439.3333333333335	0.0	0.0	16067.0
290	3627.5	0.0	0.0	7841.0
300	3360.5	0.0	0.0	8506.0
310	3570.5	0.0	0.0	11668.0
320	3472.3333333333335	0.0	0.0	10981.0
330	3553.0	0.0	0.0	9236.0
340	3356.5	0.0	0.0	10648.0
350	3449.6666666666665	0.0	0.0	11292.0
360	3655.1666666666665	0.0	0.0	11578.0
370	3897.8333333333335	0.0	0.0	12759.0
380	3535.5	0.0	0.0	10696.0
390	3650.0	0.0	0.0	13723.0
400	3588.1666666666665	0.0	0.0	9810.0
410	3434.6666666666665	0.0	0.0	7158.0
420	3723.5	0.0	0.0	11558.0
430	3392.8333333333335	0.0	0.0	12094.0
440	3323.6666666666665	0.0	0.0	9925.0
450	3115.8333333333335	0.0	0.0	11286.0
460	2984.8333333333335	0.0	0.0	12094.0
470	3947.0	0.0	0.0	9886.0
480	3928.6666666666665	0.0	0.0	10441.0
490	3432.5	0.0	0.0	11807.0
500	4007.0	0.0	0.0	11133.0
510	3164.6666666666665	0.0	0.0	9986.0
520	3605.5	0.0	0.0	10659.0
530	3546.8333333333335	0.0	0.0	10110.0
540	3926.3333333333335	0.0	0.0	9763.0
550	3822.8333333333335	0.0	0.0	11798.0
560	3733.1666666666665	0.0	0.0	7969.0
570	3937.5	0.0	0.0	9905.0
580	3565.1666666666665	0.0	0.0	7424.0
590	3854.1666666666665	0.0	0.0	9628.0
600	3669.0	0.0	0.0	8588.0
610	3622.5	0.0	0.0	12833.0
620	3899.3333333333335	0.0	0.0	9536.0
630	3890.1666666666665	0.0	0.0	10929.0
640	3707.5	0.0	0.0	10319.0
650	3758.1666666666665	0.0	0.0	12829.0
660	3330.0	0.0	0.0	10254.0
670	3999.3333333333335	0.0	0.0	10235.0
680	3644.8333333333335	0.0	0.0	7776.0
690	3404.0	0.0	0.0	11795.0
700	3895.0	0.0	0.0	8714.0
710	3776.5	0.0	0.0	8844.0
720	3656.8333333333335	0.0	0.0	12429.0
730	3627.8333333333335	0.0	0.0	9719.0
740	3802.0	0.0	0.0	11525.0
750	3865.3333333333335	0.0	0.0	10060.0
760	3762.3333333333335	0.0	0.0	10291.0
770	3818.6666666666665	0.0	0.0	10499.0
780	3382.1666666666665	0.0	0.0	10305.0
790	3725.1666666666665	0.0	0.0	12570.0
800	3849.6666666666665	0.0	0.0	10079.0
