0	2269.0	0.0	0.0	0.0
10	2303.3333333333335	280.0	13240.0	13240.0
20	2467.1666666666665	140.0	11128.0	11128.0
30	2701.0	135.0	10281.0	10281.0
40	2665.8333333333335	175.0	12542.0	12542.0
50	2439.0	137.0	14518.0	14518.0
60	2761.6666666666665	133.0	5915.0	10229.0
70	2808.6666666666665	0.0	0.0	11690.0
80	3022.3333333333335	0.0	0.0	9849.0
90	2896.6666666666665	0.0	0.0	9651.0
100	2322.5	0.0	0.0	10113.0
110	2865.3333333333335	0.0	0.0	11839.0
120	3213.8333333333335	0.0	0.0	8291.0
130	2706.3333333333335	0.0	0.0	9661.0
140	3166.6666666666665	0.0	0.0	10143.0
150	3086.3333333333335	0.0	0.0	12444.0
160	2904.1666666666665	0.0	0.0	6678.0
170	3110.0	0.0	0.0	10497.0
180	2985.5	0.0	0.0	7851.0
190	3241.0	0.0	0.0	11483.0
200	3145.8333333333335	0.0	0.0	10989.0
210	3073.8333333333335	0.0	0.0	8725.0
220	3033.6666666666665	0.0	0.0	8678.0
230	3487.1666666666665	0.0	0.0	11505.0
240	3034.0	0.0	0.0	9964.0
250	3159.3333333333335	0.0	0.0	10813.0
260	3351.0	0.0	0.0	8855.0
270	2893.6666666666665	0.0	0.0	7400.0
280	3299.0	0.0	0.0	7773.0
290	3517.8333333333335	0.0	0.0	9643.0
300	3426.8333333333335	0.0	0.0	9100.0
310	3456.8333333333335	0.0	0.0	9058.0
320	2844.0	0.0	0.0	11050.0
330	3236.0	0.0	0.0	11610.0
340	3716.5	0.0	0.0	10057.0
350	3413.0	0.0	0.0	11902.0
360	3810.1666666666665	0.0	0.0	10099.0
370	3701.1666666666665	0.0	0.0	9760.0
380	3717.1666666666665	0.0	0.0	9658.0
390	3209.6666666666665	0.0	0.0	9033.0
400	3252.5	0.0	0.0	11691.0
410	3859.5	0.0	0.0	12300.0
420	3615.5	0.0	0.0	9111.0
430	3791.3333333333335	0.0	0.0	11915.0
440	3339.1666666666665	0.0	0.0	11406.0
450	3475.3333333333335	0.0	0.0	10709.0
460	2896.8333333333335	0.0	0.0	9628.0
470	3971.1666666666665	0.0	0.0	12320.0
480	4278.5	0.0	0.0	11703.0
490	3694.6666666666665	0.0	0.0	9931.0
500	3987.5	0.0	0.0	10238.0
510	3595.3333333333335	0.0	0.0	11159.0
520	3818.3333333333335	0.0	0.0	11126.0
530	3589.6666666666665	0.0	0.0	12915.0
540	3843.6666666666665	0.0	0.0	6953.0
550	3810.1666666666665	0.0	0.0	9209.0
560	3794.0	0.0	0.0	10470.0
570	3612.8333333333335	0.0	0.0	13086.0
580	3757.1666666666665	0.0	0.0	11222.0
590	3680.0	0.0	0.0	13193.0
600	3904.3333333333335	0.0	0.0	9869.0
610	4083.5	0.0	0.0	11303.0
620	3958.6666666666665	0.0	0.0	11954.0
630	3619.6666666666665	0.0	0.0	11363.0
640	3804.3333333333335	0.0	0.0	10185.0
650	3999.5	0.0	0.0	8272.0
660	3970.1666666666665	0.0	0.0	9878.0
670	3906.5	0.0	0.0	11803.0
680	3555.0	0.0	0.0	7812.0
690	4090.3333333333335	0.0	0.0	10592.0
700	3863.5	0.0	0.0	11177.0
710	3983.5	0.0	0.0	9256.0
720	3439.8333333333335	0.0	0.0	13508.0
730	3724.0	0.0	0.0	13637.0
740	4035.8333333333335	0.0	0.0	8867.0
750	3605.5	0.0	0.0	10059.0
760	3678.8333333333335	0.0	0.0	7602.0
770	3627.5	0.0	0.0	7741.0
780	4072.1666666666665	0.0	0.0	11434.0
790	3739.8333333333335	0.0	0.0	10417.0
800	3452.1666666666665	0.0	0.0	9491.0
