0	2206.3333333333335	0.0	0.0	0.0
10	2606.3333333333335	245.0	12500.0	12500.0
20	2454.3333333333335	213.0	10165.0	10165.0
30	2559.5	324.0	14722.0	14722.0
40	2691.0	75.0	8964.0	8964.0
50	2093.6666666666665	115.0	9263.0	9263.0
60	2492.6666666666665	28.0	1621.0	6633.0
70	2405.8333333333335	0.0	0.0	9013.0
80	2303.8333333333335	0.0	0.0	9794.0
90	2493.5	0.0	0.0	8623.0
100	2514.0	0.0	0.0	9364.0
110	2856.6666666666665	0.0	0.0	8048.0
120	2543.5	0.0	0.0	10386.0
130	2529.5	0.0	0.0	7957.0
140	2966.8333333333335	0.0	0.0	9539.0
150	2991.1666666666665	0.0	0.0	13087.0
160	2514.8333333333335	0.0	0.0	10619.0
170	2939.3333333333335	0.0	0.0	7928.0
180	2935.3333333333335	0.0	0.0	12292.0
190	3143.3333333333335	0.0	0.0	10730.0
200	3015.8333333333335	0.0	0.0	10870.0
210	3586.8333333333335	0.0	0.0	9927.0
220	3206.1666666666665	0.0	0.0	12691.0
230	3488.1666666666665	0.0	0.0	7405.0
240	3492.0	0.0	0.0	11585.0
250	3160.3333333333335	0.0	0.0	13631.0
260	3255.8333333333335	0.0	0.0	10243.0
270	3413.6666666666665	0.0	0.0	9805.0
280	4035.0	0.0	0.0	8607.0
290	3298.5	0.0	0.0	8623.0
300	3318.5	0.0	0.0	10187.0
310	3295.5	0.0	0.0	7225.0
320	3367.6666666666665	0.0	0.0	10965.0
330	3432.6666666666665	0.0	0.0	10596.0
340	2800.5	0.0	0.0	7669.0
350	3456.6666666666665	0.0	0.0	12548.0
360	3731.0	0.0	0.0	12148.0
370	3096.3333333333335	0.0	0.0	10485.0
380	3515.3333333333335	0.0	0.0	9229.0
390	3745.8333333333335	0.0	0.0	8535.0
400	3531.8333333333335	0.0	0.0	9286.0
410	3828.0	0.0	0.0	10764.0
420	3706.0	0.0	0.0	14907.0
430	2995.3333333333335	0.0	0.0	8729.0
440	3461.8333333333335	0.0	0.0	14213.0
450	3495.8333333333335	0.0	0.0	11989.0
460	3813.5	0.0	0.0	11598.0
470	3862.6666666666665	0.0	0.0	10805.0
480	3743.3333333333335	0.0	0.0	9690.0
490	3531.0	0.0	0.0	9438.0
500	3724.0	0.0	0.0	12421.0
510	3405.1666666666665	0.0	0.0	11775.0
520	3549.6666666666665	0.0	0.0	11203.0
530	3350.0	0.0	0.0	9265.0
540	3640.3333333333335	0.0	0.0	9094.0
550	3421.8333333333335	0.0	0.0	6460.0
560	3869.0	0.0	0.0	9563.0
570	4034.8333333333335	0.0	0.0	9410.0
580	3285.3333333333335	0.0	0.0	10172.0
590	3749.8333333333335	0.0	0.0	10759.0
600	3549.0	0.0	0.0	12603.0
610	4068.8333333333335	0.0	0.0	9850.0
620	3879.1666666666665	0.0	0.0	11777.0
630	3832.0	0.0	0.0	11809.0
640	3489.5	0.0	0.0	10068.0
650	3899.1666666666665	0.0	0.0	11612.0
660	4169.0	0.0	0.0	10027.0
670	3923.1666666666665	0.0	0.0	10241.0
680	2893.0	0.0	0.0	6958.0
690	3484.8333333333335	0.0	0.0	8897.0
700	3677.5	0.0	0.0	9844.0
710	3519.1666666666665	0.0	0.0	8083.0
720	3705.8333333333335	0.0	0.0	7403.0
730	3819.1666666666665	0.0	0.0	11782.0
740	3686.8333333333335	0.0	0.0	7252.0
750	3853.5	0.0	0.0	11338.0
760	3388.8333333333335	0.0	0.0	8020.0
770	3554.8333333333335	0.0	0.0	10776.0
780	3571.5	0.0	0.0	8559.0
790	3777.0	0.0	0.0	10416.0
800	3675.3333333333335	0.0	0.0	12354.0
