0	2233.8888888888887	0.0	0.0	0.0
10	2238.5	0.6666666666666666	39.0	8623.333333333334
20	2316.388888888889	0.0	54.0	7702.0
30	2295.722222222222	0.0	61.333333333333336	8547.0
40	2349.1666666666665	0.0	23.0	8759.333333333334
50	2311.5	0.0	40.0	9996.0
60	2397.6111111111113	0.0	45.0	10225.666666666666
70	2388.5	0.0	72.33333333333333	8666.0
80	2381.555555555556	0.0	30.0	9879.333333333334
90	2553.1666666666665	0.0	43.666666666666664	9048.0
100	2537.1666666666665	0.0	49.0	8368.0
110	2488.055555555555	0.0	39.0	9510.333333333334
120	2358.055555555555	0.0	86.33333333333333	8204.333333333334
130	2356.5	0.0	76.33333333333333	9947.0
140	2259.1111111111113	0.0	45.333333333333336	6723.0
150	2771.555555555555	0.0	40.333333333333336	10173.666666666666
160	2543.6111111111113	0.0	44.333333333333336	8566.666666666666
170	2352.8888888888887	0.0	28.666666666666668	7612.333333333333
180	2547.222222222222	0.0	77.0	9525.0
190	2625.055555555555	0.0	62.0	10179.333333333334
200	2434.944444444445	0.0	26.666666666666668	6942.666666666667
210	2520.1666666666665	0.0	57.666666666666664	10488.333333333334
220	2611.1666666666665	0.0	35.0	7736.0
230	2700.888888888889	0.0	49.0	9282.666666666666
240	2407.8888888888887	0.0	37.666666666666664	9081.333333333334
250	2597.444444444445	0.0	35.0	7745.0
260	2662.9444444444443	0.0	34.666666666666664	11499.0
270	2758.944444444444	0.0	48.0	6459.333333333333
280	2720.3888888888887	0.0	29.0	9791.333333333334
290	2733.555555555556	0.0	45.666666666666664	9024.0
300	2961.8333333333335	0.0	69.66666666666667	9439.0
310	2663.222222222222	0.0	66.33333333333333	9370.666666666666
320	2955.8888888888887	0.0	45.0	11001.0
330	2705.722222222222	0.0	48.666666666666664	8087.0
340	2882.5	0.0	51.0	10723.333333333334
350	2989.944444444445	0.0	42.666666666666664	7615.333333333333
360	2944.0	0.0	37.0	9591.0
370	3014.5	0.0	33.0	10175.666666666666
380	2960.7222222222226	0.0	93.0	10406.333333333334
390	3172.8333333333335	0.0	64.66666666666667	8747.666666666666
400	3210.7222222222226	0.0	52.666666666666664	10172.666666666666
410	3147.555555555555	0.0	70.0	9576.666666666666
420	3067.3333333333335	0.0	65.66666666666667	8841.333333333334
430	3328.944444444445	0.0	41.666666666666664	8483.0
440	3079.0	0.0	53.333333333333336	9459.666666666666
450	3203.055555555556	0.0	79.33333333333333	9133.666666666666
460	3135.3888888888887	0.0	41.333333333333336	11292.0
470	3500.444444444445	0.0	24.666666666666668	9562.666666666666
480	3483.277777777778	0.0	88.0	10283.666666666666
490	3582.1666666666665	0.0	88.66666666666667	10610.666666666666
500	3143.1111111111113	0.0	69.66666666666667	10954.0
510	3803.222222222222	0.0	46.333333333333336	9662.666666666666
520	3559.222222222222	0.0	75.33333333333333	10735.333333333334
530	3318.7222222222226	0.0	51.0	9020.0
540	3640.6111111111113	0.0	48.333333333333336	10743.666666666666
550	3585.6111111111113	0.0	45.666666666666664	9856.333333333334
560	3263.944444444444	0.0	52.0	10666.0
570	3423.555555555555	0.0	75.0	10528.0
580	3450.3333333333335	0.0	30.0	9011.333333333334
590	3522.8888888888887	0.0	52.0	10513.666666666666
600	3608.555555555556	0.0	57.666666666666664	10677.666666666666
610	3494.555555555555	0.0	82.66666666666667	9841.666666666666
620	3723.555555555556	0.0	72.0	8736.333333333334
630	3660.6666666666665	0.0	76.33333333333333	9454.0
640	3203.1111111111113	0.0	46.666666666666664	9734.333333333334
650	3609.277777777778	0.0	33.0	10512.666666666666
660	3424.8888888888887	0.0	69.0	12101.0
670	3207.055555555555	0.0	50.666666666666664	10650.666666666666
680	3804.2777777777774	0.0	75.0	8588.0
690	3558.888888888889	0.0	64.0	10557.666666666666
700	3665.277777777778	0.0	44.333333333333336	10475.0
710	3703.8333333333335	0.0	60.666666666666664	10300.666666666666
720	3733.222222222222	0.0	50.0	10627.666666666666
730	3855.944444444445	0.0	40.666666666666664	9800.666666666666
740	3784.944444444444	0.0	36.333333333333336	8986.666666666666
750	3481.777777777778	0.0	49.0	10522.0
760	3769.3888888888887	0.0	57.333333333333336	10416.0
770	3626.6111111111113	0.0	41.333333333333336	9941.0
780	3786.388888888889	0.0	60.333333333333336	11634.666666666666
790	3699.222222222222	0.0	70.66666666666667	10594.333333333334
800	3532.055555555556	0.0	87.33333333333333	10768.0
