0	2005.8333333333333	0.0	0.0	0.0
10	2287.1666666666665	3.0	798.0	9225.0
20	2170.8333333333335	7.0	857.0	8467.0
30	2202.6666666666665	1.0	1058.0	11727.0
40	2304.6666666666665	0.0	754.0	8704.0
50	2518.6666666666665	1.0	1514.0	13916.0
60	2412.8333333333335	0.0	651.0	7711.0
70	2588.3333333333335	1.0	590.0	7329.0
80	2347.3333333333335	5.0	656.0	8885.0
90	2507.8333333333335	18.0	761.0	8539.0
100	2638.6666666666665	0.0	1030.0	11486.0
110	2468.6666666666665	12.0	428.0	7849.0
120	2832.5	17.0	902.0	10417.0
130	2622.0	0.0	582.0	8094.0
140	2340.3333333333335	12.0	1131.0	12725.0
150	2458.8333333333335	1.0	218.0	4252.0
160	2618.0	0.0	455.0	7782.0
170	2350.6666666666665	5.0	797.0	11105.0
180	2518.0	12.0	741.0	10329.0
190	2277.6666666666665	3.0	663.0	8817.0
200	2502.0	3.0	464.0	8423.0
210	2552.6666666666665	3.0	588.0	8447.0
220	2671.3333333333335	6.0	569.0	10519.0
230	2851.1666666666665	2.0	543.0	8706.0
240	3027.3333333333335	10.0	552.0	9056.0
250	2314.3333333333335	0.0	506.0	7555.0
260	2908.8333333333335	0.0	453.0	7648.0
270	3117.0	0.0	482.0	6679.0
280	3146.1666666666665	0.0	477.0	8330.0
290	2934.8333333333335	0.0	595.0	9556.0
300	2641.5	0.0	912.0	13954.0
310	2721.6666666666665	3.0	397.0	6181.0
320	3144.8333333333335	0.0	482.0	6328.0
330	2467.6666666666665	0.0	755.0	9745.0
340	2544.1666666666665	0.0	580.0	11503.0
350	3204.3333333333335	0.0	455.0	6179.0
360	3253.6666666666665	0.0	502.0	6541.0
370	3251.0	0.0	638.0	9084.0
380	2848.0	0.0	819.0	11183.0
390	2785.8333333333335	2.0	712.0	9857.0
400	3372.0	0.0	658.0	8498.0
410	3215.6666666666665	0.0	792.0	8531.0
420	3325.8333333333335	0.0	732.0	11788.0
430	2584.6666666666665	0.0	674.0	9221.0
440	2955.0	0.0	658.0	8738.0
450	3630.6666666666665	0.0	777.0	11506.0
460	2994.8333333333335	1.0	515.0	5746.0
470	3520.3333333333335	0.0	613.0	10526.0
480	3583.5	0.0	542.0	9489.0
490	3362.3333333333335	0.0	805.0	11186.0
500	3748.1666666666665	0.0	879.0	12146.0
510	3610.5	0.0	463.0	6811.0
520	3738.8333333333335	0.0	644.0	7990.0
530	3409.5	0.0	795.0	10590.0
540	3520.3333333333335	0.0	860.0	12183.0
550	3603.0	0.0	802.0	11006.0
560	3183.1666666666665	0.0	804.0	11039.0
570	3194.5	0.0	810.0	10814.0
580	3379.6666666666665	0.0	974.0	11583.0
590	3721.1666666666665	0.0	650.0	9305.0
600	3118.3333333333335	0.0	891.0	10868.0
610	3738.1666666666665	0.0	624.0	8010.0
620	3821.5	0.0	824.0	10340.0
630	3836.8333333333335	0.0	680.0	8907.0
640	3166.5	0.0	841.0	8718.0
650	3830.6666666666665	0.0	758.0	9280.0
660	3937.1666666666665	0.0	1024.0	11829.0
670	3241.0	0.0	991.0	10785.0
680	4128.0	0.0	941.0	10126.0
690	3785.1666666666665	0.0	802.0	10506.0
700	3608.8333333333335	0.0	987.0	10154.0
710	3590.6666666666665	0.0	1004.0	10640.0
720	3719.1666666666665	0.0	928.0	11867.0
730	4166.166666666667	0.0	715.0	9401.0
740	3667.1666666666665	0.0	948.0	11645.0
750	3785.3333333333335	0.0	627.0	8425.0
760	3852.3333333333335	0.0	1078.0	11445.0
770	3321.1666666666665	0.0	741.0	9237.0
780	3763.0	0.0	906.0	11050.0
790	3971.6666666666665	0.0	1077.0	12478.0
800	3388.0	0.0	1103.0	12126.0
