0	2210.811111111111	0.0	0.0	0.0
10	2245.5999999999995	281.4	4500.6	9338.9
20	2300.2166666666662	268.9	4644.233333333334	9563.366666666667
30	2349.3333333333335	243.76666666666668	4148.333333333333	9436.6
40	2403.9777777777776	142.26666666666668	2618.6	9130.466666666667
50	2434.9	54.4	912.1333333333333	9146.066666666668
60	2426.2944444444447	9.266666666666667	128.53333333333333	9038.366666666667
70	2510.7555555555564	0.0	0.0	8676.1
80	2479.855555555555	0.0	0.0	8709.633333333333
90	2500.2055555555557	0.0	0.0	9758.033333333333
100	2506.1444444444446	0.0	0.0	8995.133333333333
110	2514.0777777777776	0.0	0.0	9376.9
120	2605.0833333333335	0.0	0.0	8860.7
130	2515.149999999999	0.0	0.0	8966.6
140	2486.9611111111108	0.0	0.0	8975.8
150	2463.3277777777776	0.0	0.0	8699.166666666666
160	2558.061111111111	0.0	0.0	9468.833333333334
170	2593.488888888889	0.0	0.0	9007.533333333333
180	2491.7277777777786	0.0	0.0	9183.133333333333
190	2626.0777777777776	0.0	0.0	9546.466666666667
200	2633.9722222222213	0.0	0.0	8628.466666666667
210	2635.8722222222227	0.0	0.0	8363.033333333333
220	2667.5833333333335	0.0	0.0	9326.9
230	2685.2777777777787	0.0	0.0	9222.066666666668
240	2712.1388888888887	0.0	0.0	8912.166666666666
250	2788.583333333334	0.0	0.0	10011.033333333333
260	2731.1111111111113	0.0	0.0	9501.866666666667
270	2834.766666666667	0.0	0.0	9548.266666666666
280	2972.072222222223	0.0	0.0	10104.266666666666
290	2959.016666666667	0.0	0.0	9593.166666666666
300	3012.6444444444437	0.0	0.0	9721.5
310	3167.2611111111114	0.0	0.0	10227.566666666668
320	3081.316666666667	0.0	0.0	9940.266666666666
330	3167.8777777777777	0.0	0.0	10088.4
340	3220.727777777778	0.0	0.0	9796.833333333334
350	3271.161111111111	0.0	0.0	10280.4
360	3330.8277777777776	0.0	0.0	9697.133333333333
370	3473.8611111111113	0.0	0.0	10231.666666666666
380	3326.005555555556	0.0	0.0	10410.8
390	3330.0555555555557	0.0	0.0	10292.733333333334
400	3391.6555555555556	0.0	0.0	10334.033333333333
410	3380.3388888888885	0.0	0.0	10481.033333333333
420	3436.238888888889	0.0	0.0	10300.866666666667
430	3406.1888888888875	0.0	0.0	10426.466666666667
440	3447.8388888888885	0.0	0.0	10730.666666666666
450	3422.244444444445	0.0	0.0	10390.566666666668
460	3491.7166666666667	0.0	0.0	10511.6
470	3426.9888888888886	0.0	0.0	10708.566666666668
480	3506.0722222222225	0.0	0.0	10507.133333333333
490	3458.288888888888	0.0	0.0	10112.9
500	3462.527777777777	0.0	0.0	10299.466666666667
510	3521.061111111111	0.0	0.0	10461.1
520	3559.172222222223	0.0	0.0	10637.366666666667
530	3593.122222222222	0.0	0.0	10323.0
540	3572.6388888888896	0.0	0.0	10053.533333333333
550	3571.227777777778	0.0	0.0	10338.066666666668
560	3635.2722222222214	0.0	0.0	10551.5
570	3648.483333333333	0.0	0.0	10035.666666666666
580	3579.972222222223	0.0	0.0	9812.3
590	3629.577777777777	0.0	0.0	10206.966666666667
600	3676.983333333333	0.0	0.0	10559.933333333332
610	3693.6222222222223	0.0	0.0	10329.9
620	3697.749999999999	0.0	0.0	10948.133333333333
630	3737.116666666667	0.0	0.0	10339.333333333334
640	3693.994444444444	0.0	0.0	10291.966666666667
650	3751.2666666666673	0.0	0.0	10725.166666666666
660	3742.6833333333343	0.0	0.0	10243.066666666668
670	3681.138888888889	0.0	0.0	10540.466666666667
680	3616.5444444444443	0.0	0.0	10481.1
690	3761.855555555556	0.0	0.0	10630.266666666666
700	3746.0888888888894	0.0	0.0	10274.5
710	3673.483333333333	0.0	0.0	10502.7
720	3809.5111111111123	0.0	0.0	10505.966666666667
730	3749.8944444444446	0.0	0.0	10804.933333333332
740	3848.983333333332	0.0	0.0	10250.7
750	3727.6500000000005	0.0	0.0	9911.233333333334
760	3769.233333333333	0.0	0.0	10604.133333333333
770	3712.55	0.0	0.0	10342.433333333332
780	3778.766666666666	0.0	0.0	10733.466666666667
790	3717.2833333333338	0.0	0.0	10184.433333333332
800	3756.0277777777787	0.0	0.0	10215.6
