0	2334.8333333333335	0.0	0.0	0.0
10	2036.1666666666667	42.0	175.0	8273.0
20	2271.1666666666665	0.0	99.0	9059.0
30	2379.5	0.0	49.0	10065.0
40	2228.8333333333335	0.0	57.0	5251.0
50	2149.1666666666665	0.0	80.0	10980.0
60	2350.5	0.0	38.0	9436.0
70	2504.6666666666665	0.0	48.0	8505.0
80	2446.5	0.0	53.0	7116.0
90	2371.3333333333335	0.0	55.0	8573.0
100	2667.6666666666665	0.0	32.0	8712.0
110	2459.6666666666665	0.0	72.0	12308.0
120	2643.0	0.0	17.0	6700.0
130	2432.3333333333335	0.0	23.0	6557.0
140	2925.3333333333335	0.0	25.0	8687.0
150	2820.1666666666665	0.0	32.0	10524.0
160	2764.8333333333335	0.0	24.0	10013.0
170	2852.5	0.0	62.0	7019.0
180	2705.0	0.0	89.0	9251.0
190	2824.1666666666665	0.0	108.0	10551.0
200	2713.3333333333335	0.0	97.0	10118.0
210	2437.1666666666665	0.0	39.0	5798.0
220	2418.1666666666665	0.0	82.0	6369.0
230	2855.3333333333335	0.0	126.0	8172.0
240	2416.6666666666665	0.0	51.0	7534.0
250	2522.1666666666665	0.0	54.0	11634.0
260	2413.5	0.0	48.0	7588.0
270	2693.6666666666665	0.0	48.0	7881.0
280	2581.1666666666665	0.0	43.0	9424.0
290	2619.8333333333335	0.0	50.0	9448.0
300	2967.0	0.0	51.0	8683.0
310	2904.8333333333335	0.0	19.0	7979.0
320	2614.8333333333335	0.0	44.0	8022.0
330	2702.5	0.0	57.0	8149.0
340	2786.5	0.0	39.0	6487.0
350	2979.5	0.0	103.0	8018.0
360	2836.5	0.0	65.0	9239.0
370	3110.1666666666665	0.0	17.0	6562.0
380	3177.8333333333335	0.0	42.0	12261.0
390	2983.6666666666665	0.0	36.0	11246.0
400	3616.5	0.0	31.0	10108.0
410	3181.6666666666665	0.0	51.0	10364.0
420	2947.5	0.0	86.0	7703.0
430	3098.5	0.0	49.0	7917.0
440	3030.5	0.0	72.0	11038.0
450	2914.3333333333335	0.0	44.0	8852.0
460	3493.8333333333335	0.0	56.0	6990.0
470	2810.0	0.0	65.0	8395.0
480	3494.6666666666665	0.0	50.0	10059.0
490	3819.5	0.0	82.0	11858.0
500	3324.3333333333335	0.0	88.0	9337.0
510	3570.0	0.0	105.0	9677.0
520	3527.8333333333335	0.0	74.0	10625.0
530	3117.5	0.0	41.0	10081.0
540	3293.0	0.0	60.0	11878.0
550	3675.6666666666665	0.0	94.0	10464.0
560	3630.6666666666665	0.0	60.0	10505.0
570	3559.1666666666665	0.0	38.0	10590.0
580	3512.3333333333335	0.0	63.0	11156.0
590	3380.5	0.0	64.0	9320.0
600	3349.6666666666665	0.0	41.0	12138.0
610	3318.8333333333335	0.0	47.0	10465.0
620	4035.6666666666665	0.0	41.0	8605.0
630	3239.5	0.0	70.0	9185.0
640	3134.3333333333335	0.0	51.0	8847.0
650	3428.5	0.0	73.0	8861.0
660	3590.8333333333335	0.0	54.0	10097.0
670	3258.6666666666665	0.0	75.0	8724.0
680	4059.3333333333335	0.0	56.0	10831.0
690	3358.5	0.0	61.0	11797.0
700	3835.0	0.0	46.0	10730.0
710	3648.8333333333335	0.0	64.0	12363.0
720	3388.5	0.0	85.0	11534.0
730	3356.8333333333335	0.0	94.0	9717.0
740	4093.3333333333335	0.0	50.0	11840.0
750	3988.8333333333335	0.0	59.0	11993.0
760	3371.8333333333335	0.0	71.0	9239.0
770	3811.5	0.0	35.0	11992.0
780	3712.6666666666665	0.0	81.0	10359.0
790	3760.3333333333335	0.0	91.0	10769.0
800	3807.1666666666665	0.0	81.0	8526.0
