0	2256.1666666666665	0.0	0.0	0.0
10	2459.3333333333335	899.0	6339.0	10825.0
20	2666.0	101.0	902.0	8360.0
30	2731.0	0.0	0.0	10067.0
40	2753.6666666666665	0.0	0.0	9718.0
50	2818.3333333333335	0.0	0.0	7402.0
60	3009.3333333333335	0.0	0.0	10926.0
70	3119.5	0.0	0.0	11197.0
80	3120.8333333333335	0.0	0.0	14448.0
90	3311.6666666666665	0.0	0.0	9894.0
100	2980.6666666666665	0.0	0.0	10506.0
110	3731.3333333333335	0.0	0.0	12558.0
120	3656.1666666666665	0.0	0.0	12520.0
130	3732.3333333333335	0.0	0.0	7588.0
140	3036.0	0.0	0.0	10110.0
150	3685.1666666666665	0.0	0.0	10193.0
160	3795.1666666666665	0.0	0.0	10656.0
170	3183.0	0.0	0.0	10433.0
180	3604.0	0.0	0.0	13134.0
190	3432.1666666666665	0.0	0.0	13245.0
200	3352.5	0.0	0.0	9894.0
210	3406.5	0.0	0.0	7973.0
220	3477.3333333333335	0.0	0.0	7121.0
230	3636.5	0.0	0.0	11141.0
240	3274.8333333333335	0.0	0.0	4906.0
250	3620.0	0.0	0.0	10705.0
260	3642.3333333333335	0.0	0.0	7700.0
270	3484.1666666666665	0.0	0.0	7638.0
280	3610.1666666666665	0.0	0.0	8612.0
290	3590.6666666666665	0.0	0.0	11850.0
300	3702.8333333333335	0.0	0.0	12067.0
310	3797.6666666666665	0.0	0.0	10627.0
320	3177.6666666666665	0.0	0.0	11363.0
330	3661.3333333333335	0.0	0.0	12332.0
340	3203.6666666666665	0.0	0.0	11065.0
350	3586.8333333333335	0.0	0.0	8382.0
360	3490.3333333333335	0.0	0.0	9824.0
370	3405.6666666666665	0.0	0.0	10752.0
380	3373.0	0.0	0.0	11156.0
390	3655.3333333333335	0.0	0.0	8633.0
400	3325.5	0.0	0.0	9207.0
410	3393.1666666666665	0.0	0.0	10204.0
420	3891.3333333333335	0.0	0.0	9104.0
430	3789.5	0.0	0.0	9496.0
440	3531.0	0.0	0.0	9557.0
450	3866.6666666666665	0.0	0.0	12390.0
460	3766.5	0.0	0.0	13785.0
470	3865.0	0.0	0.0	9389.0
480	3329.3333333333335	0.0	0.0	14770.0
490	3585.6666666666665	0.0	0.0	10028.0
500	3449.6666666666665	0.0	0.0	10101.0
510	3864.1666666666665	0.0	0.0	10156.0
520	3549.0	0.0	0.0	10799.0
530	4035.3333333333335	0.0	0.0	9544.0
540	3833.8333333333335	0.0	0.0	9655.0
550	3626.8333333333335	0.0	0.0	9332.0
560	3647.0	0.0	0.0	10127.0
570	3712.0	0.0	0.0	12967.0
580	3838.3333333333335	0.0	0.0	8949.0
590	3997.5	0.0	0.0	9144.0
600	3890.3333333333335	0.0	0.0	13589.0
