0	2688.5	0.0	0.0	0.0
10	2141.6666666666665	1000.0	5354.0	11759.0
20	2341.5	0.0	0.0	6672.0
30	2669.0	0.0	0.0	8918.0
40	2331.6666666666665	0.0	0.0	7876.0
50	2381.6666666666665	0.0	0.0	10373.0
60	2491.0	0.0	0.0	9143.0
70	2460.6666666666665	0.0	0.0	6828.0
80	2510.5	0.0	0.0	6486.0
90	2728.8333333333335	0.0	0.0	6162.0
100	2372.6666666666665	0.0	0.0	9671.0
110	2627.8333333333335	0.0	0.0	6355.0
120	2211.5	0.0	0.0	7105.0
130	2292.3333333333335	0.0	0.0	9824.0
140	2356.5	0.0	0.0	8904.0
150	2243.5	0.0	0.0	6091.0
160	2650.5	0.0	0.0	7568.0
170	2936.5	0.0	0.0	6161.0
180	3180.8333333333335	0.0	0.0	5547.0
190	2927.3333333333335	0.0	0.0	6228.0
200	3210.5	0.0	0.0	8265.0
210	2752.1666666666665	0.0	0.0	9715.0
220	2531.6666666666665	0.0	0.0	11726.0
230	3206.5	0.0	0.0	8603.0
240	3270.3333333333335	0.0	0.0	6849.0
250	3020.1666666666665	0.0	0.0	10976.0
260	3336.1666666666665	0.0	0.0	10009.0
270	3405.1666666666665	0.0	0.0	8816.0
280	3002.8333333333335	0.0	0.0	7845.0
290	3107.5	0.0	0.0	8611.0
300	2556.5	0.0	0.0	9099.0
310	3543.6666666666665	0.0	0.0	7702.0
320	3519.6666666666665	0.0	0.0	10171.0
330	3314.6666666666665	0.0	0.0	12951.0
340	3175.6666666666665	0.0	0.0	12707.0
350	3688.5	0.0	0.0	7191.0
360	3402.6666666666665	0.0	0.0	10750.0
370	3261.1666666666665	0.0	0.0	10801.0
380	3320.3333333333335	0.0	0.0	11019.0
390	3484.8333333333335	0.0	0.0	6156.0
400	3200.0	0.0	0.0	9422.0
410	3226.6666666666665	0.0	0.0	8543.0
420	3824.8333333333335	0.0	0.0	9764.0
430	3422.5	0.0	0.0	13087.0
440	3306.5	0.0	0.0	7218.0
450	3770.5	0.0	0.0	11742.0
460	3239.0	0.0	0.0	10065.0
470	3494.5	0.0	0.0	8323.0
480	3470.0	0.0	0.0	10891.0
490	3091.8333333333335	0.0	0.0	10236.0
500	3715.8333333333335	0.0	0.0	11077.0
510	3569.1666666666665	0.0	0.0	12287.0
520	3890.0	0.0	0.0	10895.0
530	3873.8333333333335	0.0	0.0	9650.0
540	4146.666666666667	0.0	0.0	8867.0
550	3313.1666666666665	0.0	0.0	7540.0
560	3764.8333333333335	0.0	0.0	12539.0
570	3985.8333333333335	0.0	0.0	8323.0
580	3824.8333333333335	0.0	0.0	13322.0
590	3653.6666666666665	0.0	0.0	14382.0
600	3421.1666666666665	0.0	0.0	9667.0
610	3663.1666666666665	0.0	0.0	12707.0
620	3627.8333333333335	0.0	0.0	9539.0
630	3705.0	0.0	0.0	11789.0
640	3640.8333333333335	0.0	0.0	12230.0
650	3410.1666666666665	0.0	0.0	12394.0
660	3696.0	0.0	0.0	10633.0
670	4118.166666666667	0.0	0.0	10930.0
680	3690.5	0.0	0.0	8608.0
690	3368.1666666666665	0.0	0.0	9185.0
700	3293.5	0.0	0.0	10171.0
710	3906.5	0.0	0.0	9097.0
720	3148.5	0.0	0.0	11115.0
730	3376.3333333333335	0.0	0.0	10314.0
740	3933.3333333333335	0.0	0.0	6502.0
750	3673.6666666666665	0.0	0.0	8688.0
760	3842.0	0.0	0.0	9323.0
770	3964.8333333333335	0.0	0.0	8877.0
780	3812.0	0.0	0.0	8645.0
790	3907.3333333333335	0.0	0.0	9566.0
800	3687.5	0.0	0.0	10477.0
