0	2595.8333333333335	0.0	0.0	0.0
10	2725.8333333333335	1000.0	5951.0	13929.0
20	2765.3333333333335	0.0	0.0	8788.0
30	2679.0	0.0	0.0	8041.0
40	2745.3333333333335	0.0	0.0	9584.0
50	2746.0	0.0	0.0	8703.0
60	2771.5	0.0	0.0	8170.0
70	2423.6666666666665	0.0	0.0	5785.0
80	2589.3333333333335	0.0	0.0	6706.0
90	2579.5	0.0	0.0	13349.0
100	3036.5	0.0	0.0	7378.0
110	2824.3333333333335	0.0	0.0	12397.0
120	2736.0	0.0	0.0	11469.0
130	2889.8333333333335	0.0	0.0	8828.0
140	2411.1666666666665	0.0	0.0	9536.0
150	2786.5	0.0	0.0	9974.0
160	2863.3333333333335	0.0	0.0	10155.0
170	2314.0	0.0	0.0	8765.0
180	2860.6666666666665	0.0	0.0	11243.0
190	2753.3333333333335	0.0	0.0	6780.0
200	3072.5	0.0	0.0	12409.0
210	3086.5	0.0	0.0	9730.0
220	3374.0	0.0	0.0	12588.0
230	2854.8333333333335	0.0	0.0	11155.0
240	3170.1666666666665	0.0	0.0	7692.0
250	3216.5	0.0	0.0	8224.0
260	3179.6666666666665	0.0	0.0	8935.0
270	3236.3333333333335	0.0	0.0	8912.0
280	3377.6666666666665	0.0	0.0	12794.0
290	2792.6666666666665	0.0	0.0	8203.0
300	2971.1666666666665	0.0	0.0	10497.0
310	3115.0	0.0	0.0	10230.0
320	3470.0	0.0	0.0	9302.0
330	3211.0	0.0	0.0	8309.0
340	2926.6666666666665	0.0	0.0	11982.0
350	3424.6666666666665	0.0	0.0	14393.0
360	3521.8333333333335	0.0	0.0	8579.0
370	3607.6666666666665	0.0	0.0	10290.0
380	3530.1666666666665	0.0	0.0	6086.0
390	3487.5	0.0	0.0	13143.0
400	3308.5	0.0	0.0	10222.0
410	3608.3333333333335	0.0	0.0	9951.0
420	3478.8333333333335	0.0	0.0	10657.0
430	3332.6666666666665	0.0	0.0	11869.0
440	3312.6666666666665	0.0	0.0	9682.0
450	3269.1666666666665	0.0	0.0	10346.0
460	3885.5	0.0	0.0	12858.0
470	3775.6666666666665	0.0	0.0	11055.0
480	3254.1666666666665	0.0	0.0	10500.0
490	3777.1666666666665	0.0	0.0	8630.0
500	3042.1666666666665	0.0	0.0	10091.0
510	3841.5	0.0	0.0	10265.0
520	3403.3333333333335	0.0	0.0	10083.0
530	4014.8333333333335	0.0	0.0	11433.0
540	3464.5	0.0	0.0	13969.0
550	4076.3333333333335	0.0	0.0	10819.0
560	2977.1666666666665	0.0	0.0	10550.0
570	3530.5	0.0	0.0	8395.0
580	3826.8333333333335	0.0	0.0	11961.0
590	3981.1666666666665	0.0	0.0	10365.0
600	3510.6666666666665	0.0	0.0	10504.0
610	3729.3333333333335	0.0	0.0	9673.0
620	3918.3333333333335	0.0	0.0	9114.0
630	4121.166666666667	0.0	0.0	10448.0
640	4012.1666666666665	0.0	0.0	11292.0
650	3858.5	0.0	0.0	11371.0
660	3983.6666666666665	0.0	0.0	13851.0
670	3681.3333333333335	0.0	0.0	10067.0
680	3760.5	0.0	0.0	10464.0
690	3821.6666666666665	0.0	0.0	12353.0
700	3855.1666666666665	0.0	0.0	10205.0
710	3568.0	0.0	0.0	9065.0
720	3770.1666666666665	0.0	0.0	7578.0
730	3835.6666666666665	0.0	0.0	11153.0
740	3833.5	0.0	0.0	10958.0
750	3987.8333333333335	0.0	0.0	9053.0
760	3679.8333333333335	0.0	0.0	10735.0
770	4026.0	0.0	0.0	9477.0
780	3797.3333333333335	0.0	0.0	9607.0
790	3498.1666666666665	0.0	0.0	9867.0
800	3957.3333333333335	0.0	0.0	11975.0
