0	1526.1666666666667	0.0	0.0	0.0
10	2056.5	1000.0	4670.0	12495.0
20	1839.6666666666667	0.0	0.0	8034.0
30	1870.1666666666667	0.0	0.0	8050.0
40	1884.3333333333333	0.0	0.0	5878.0
50	2066.0	0.0	0.0	6996.0
60	2277.5	0.0	0.0	8608.0
70	1946.3333333333333	0.0	0.0	5484.0
80	1984.0	0.0	0.0	7042.0
90	1986.8333333333333	0.0	0.0	7576.0
100	2041.1666666666667	0.0	0.0	6887.0
110	1626.3333333333333	0.0	0.0	5150.0
120	1673.6666666666667	0.0	0.0	5121.0
130	1657.3333333333333	0.0	0.0	7575.0
140	1843.0	0.0	0.0	8019.0
150	2158.0	0.0	0.0	12011.0
160	2039.3333333333333	0.0	0.0	6575.0
170	2150.8333333333335	0.0	0.0	7067.0
180	2208.3333333333335	0.0	0.0	6148.0
190	2422.6666666666665	0.0	0.0	7112.0
200	2179.1666666666665	0.0	0.0	6935.0
210	2224.0	0.0	0.0	9141.0
220	2173.3333333333335	0.0	0.0	10637.0
230	1999.5	0.0	0.0	8226.0
240	2256.5	0.0	0.0	8191.0
250	2140.1666666666665	0.0	0.0	9966.0
260	2360.5	0.0	0.0	11260.0
270	2196.5	0.0	0.0	9214.0
280	2424.0	0.0	0.0	7791.0
290	2285.5	0.0	0.0	12253.0
300	1953.0	0.0	0.0	4600.0
310	2074.3333333333335	0.0	0.0	5312.0
320	1982.5	0.0	0.0	9136.0
330	2322.8333333333335	0.0	0.0	9581.0
340	2081.5	0.0	0.0	5740.0
350	1824.3333333333333	0.0	0.0	5491.0
360	1937.3333333333333	0.0	0.0	8020.0
370	1924.6666666666667	0.0	0.0	7678.0
380	2339.0	0.0	0.0	10621.0
390	2092.5	0.0	0.0	7990.0
400	2353.6666666666665	0.0	0.0	4969.0
410	2517.0	0.0	0.0	9896.0
420	2249.3333333333335	0.0	0.0	6883.0
430	2466.8333333333335	0.0	0.0	10441.0
440	2643.6666666666665	0.0	0.0	9537.0
450	2703.5	0.0	0.0	6543.0
460	2217.5	0.0	0.0	8521.0
470	2399.3333333333335	0.0	0.0	6977.0
480	2450.3333333333335	0.0	0.0	9995.0
490	2301.1666666666665	0.0	0.0	6195.0
500	2715.1666666666665	0.0	0.0	9992.0
510	2318.0	0.0	0.0	9990.0
520	2519.3333333333335	0.0	0.0	7756.0
530	2842.0	0.0	0.0	6390.0
540	2789.1666666666665	0.0	0.0	7185.0
550	2648.3333333333335	0.0	0.0	8264.0
560	2325.8333333333335	0.0	0.0	7816.0
570	2410.6666666666665	0.0	0.0	7931.0
580	2653.0	0.0	0.0	5885.0
590	2778.0	0.0	0.0	7292.0
600	2843.6666666666665	0.0	0.0	6373.0
610	2644.3333333333335	0.0	0.0	10894.0
620	2669.3333333333335	0.0	0.0	10378.0
630	3023.3333333333335	0.0	0.0	10701.0
640	3082.1666666666665	0.0	0.0	9688.0
650	3007.6666666666665	0.0	0.0	7412.0
660	3224.6666666666665	0.0	0.0	8436.0
670	3458.1666666666665	0.0	0.0	7999.0
680	3051.6666666666665	0.0	0.0	8392.0
690	2663.6666666666665	0.0	0.0	7836.0
700	3316.0	0.0	0.0	7207.0
710	3340.5	0.0	0.0	5784.0
720	2854.3333333333335	0.0	0.0	8981.0
730	3022.5	0.0	0.0	10226.0
740	3575.5	0.0	0.0	11167.0
750	3446.5	0.0	0.0	9442.0
760	3574.6666666666665	0.0	0.0	13291.0
770	3602.0	0.0	0.0	10050.0
780	2855.8333333333335	0.0	0.0	9315.0
790	3981.5	0.0	0.0	10491.0
800	3359.5	0.0	0.0	10759.0
810	3777.0	0.0	0.0	8346.0
820	3385.0	0.0	0.0	6498.0
830	3835.3333333333335	0.0	0.0	6866.0
840	3608.0	0.0	0.0	10411.0
850	3373.1666666666665	0.0	0.0	7822.0
860	3825.5	0.0	0.0	7996.0
870	3290.0	0.0	0.0	10178.0
880	3014.1666666666665	0.0	0.0	8296.0
890	3443.1666666666665	0.0	0.0	10248.0
900	3651.3333333333335	0.0	0.0	8461.0
910	3631.1666666666665	0.0	0.0	11182.0
920	3552.5	0.0	0.0	8953.0
930	3446.8333333333335	0.0	0.0	8997.0
940	3691.8333333333335	0.0	0.0	10622.0
950	3439.8333333333335	0.0	0.0	12280.0
960	3368.6666666666665	0.0	0.0	9748.0
970	3833.1666666666665	0.0	0.0	11462.0
980	3701.6666666666665	0.0	0.0	12607.0
990	3875.0	0.0	0.0	10852.0
1000	3929.5	0.0	0.0	11275.0
