0	2953.1666666666665	0.0	0.0	0.0
10	2334.5	159.0	2840.0	9987.0
20	2558.5	103.0	3251.0	8869.0
30	2747.6666666666665	249.0	4162.0	10029.0
40	2599.8333333333335	173.0	3862.0	12083.0
50	2621.8333333333335	141.0	3671.0	9494.0
60	2576.5	173.0	5200.0	14296.0
70	2707.3333333333335	2.0	107.0	14054.0
80	3607.1666666666665	0.0	0.0	9775.0
90	2776.3333333333335	0.0	0.0	10517.0
100	3388.3333333333335	0.0	0.0	11970.0
110	3217.6666666666665	0.0	0.0	7206.0
120	3507.3333333333335	0.0	0.0	11373.0
130	3760.6666666666665	0.0	0.0	10305.0
140	3551.8333333333335	0.0	0.0	10215.0
150	3513.6666666666665	0.0	0.0	11527.0
160	3488.6666666666665	0.0	0.0	10347.0
170	3396.8333333333335	0.0	0.0	11333.0
180	3503.5	0.0	0.0	6132.0
190	2939.5	0.0	0.0	10919.0
200	3265.8333333333335	0.0	0.0	6781.0
210	3541.8333333333335	0.0	0.0	10243.0
220	3473.0	0.0	0.0	9644.0
230	3686.6666666666665	0.0	0.0	11700.0
240	4004.0	0.0	0.0	10395.0
250	3356.8333333333335	0.0	0.0	9708.0
260	3496.0	0.0	0.0	11582.0
270	3406.5	0.0	0.0	7920.0
280	3729.5	0.0	0.0	9509.0
290	3802.0	0.0	0.0	11949.0
300	3987.6666666666665	0.0	0.0	12798.0
310	3939.1666666666665	0.0	0.0	12749.0
320	3649.6666666666665	0.0	0.0	13838.0
330	3878.0	0.0	0.0	9112.0
340	3763.8333333333335	0.0	0.0	13533.0
350	4018.0	0.0	0.0	13173.0
360	3861.8333333333335	0.0	0.0	10439.0
370	3690.8333333333335	0.0	0.0	10427.0
380	3986.1666666666665	0.0	0.0	9763.0
390	3571.8333333333335	0.0	0.0	8190.0
400	3789.0	0.0	0.0	11698.0
410	3585.3333333333335	0.0	0.0	9901.0
420	3622.6666666666665	0.0	0.0	7950.0
430	3605.3333333333335	0.0	0.0	11030.0
440	3877.8333333333335	0.0	0.0	7977.0
450	3854.5	0.0	0.0	11557.0
460	3777.6666666666665	0.0	0.0	9607.0
470	3806.1666666666665	0.0	0.0	11869.0
480	3936.6666666666665	0.0	0.0	10589.0
490	3345.8333333333335	0.0	0.0	9162.0
500	3325.6666666666665	0.0	0.0	10593.0
510	3873.3333333333335	0.0	0.0	10830.0
520	3999.1666666666665	0.0	0.0	13526.0
530	3368.8333333333335	0.0	0.0	12714.0
540	4079.1666666666665	0.0	0.0	8695.0
550	3779.0	0.0	0.0	9916.0
560	4150.166666666667	0.0	0.0	11759.0
570	3865.5	0.0	0.0	10672.0
580	4073.0	0.0	0.0	10789.0
590	3660.8333333333335	0.0	0.0	8251.0
600	3719.5	0.0	0.0	8847.0
