0	2794.3333333333335	0.0	0.0	0.0
10	2425.1666666666665	639.0	14362.0	14362.0
20	2861.0	361.0	8559.0	11112.0
30	2540.6666666666665	0.0	0.0	4181.0
40	3055.3333333333335	0.0	0.0	11027.0
50	2666.6666666666665	0.0	0.0	9664.0
60	3177.0	0.0	0.0	9258.0
70	2842.3333333333335	0.0	0.0	7608.0
80	2960.1666666666665	0.0	0.0	10806.0
90	3110.3333333333335	0.0	0.0	9558.0
100	3481.1666666666665	0.0	0.0	9725.0
110	3521.6666666666665	0.0	0.0	12397.0
120	2818.0	0.0	0.0	9674.0
130	2952.8333333333335	0.0	0.0	8929.0
140	3748.8333333333335	0.0	0.0	10121.0
150	3543.6666666666665	0.0	0.0	8097.0
160	3236.5	0.0	0.0	10410.0
170	3290.3333333333335	0.0	0.0	9440.0
180	3523.3333333333335	0.0	0.0	11186.0
190	3229.0	0.0	0.0	9571.0
200	3603.1666666666665	0.0	0.0	8750.0
210	3376.0	0.0	0.0	8399.0
220	3755.0	0.0	0.0	11112.0
230	3928.5	0.0	0.0	8849.0
240	3783.3333333333335	0.0	0.0	11914.0
250	3316.5	0.0	0.0	9331.0
260	3262.6666666666665	0.0	0.0	9352.0
270	2893.0	0.0	0.0	10719.0
280	3055.0	0.0	0.0	11654.0
290	3915.1666666666665	0.0	0.0	14037.0
300	3488.8333333333335	0.0	0.0	12735.0
310	3128.5	0.0	0.0	9226.0
320	3902.6666666666665	0.0	0.0	12842.0
330	3926.6666666666665	0.0	0.0	10214.0
340	3532.0	0.0	0.0	10236.0
350	3540.5	0.0	0.0	12272.0
360	3324.6666666666665	0.0	0.0	12322.0
370	3744.6666666666665	0.0	0.0	12540.0
380	3973.0	0.0	0.0	11009.0
390	4001.8333333333335	0.0	0.0	8722.0
400	3310.3333333333335	0.0	0.0	10414.0
410	3556.1666666666665	0.0	0.0	7282.0
420	3267.5	0.0	0.0	11339.0
430	3831.1666666666665	0.0	0.0	11500.0
440	3911.8333333333335	0.0	0.0	10961.0
450	3891.6666666666665	0.0	0.0	11268.0
460	4181.833333333333	0.0	0.0	10499.0
470	4146.833333333333	0.0	0.0	8416.0
480	3436.1666666666665	0.0	0.0	10406.0
490	4000.5	0.0	0.0	10406.0
500	3898.8333333333335	0.0	0.0	10565.0
510	3768.8333333333335	0.0	0.0	14099.0
520	3672.8333333333335	0.0	0.0	10530.0
530	3704.5	0.0	0.0	9558.0
540	3792.1666666666665	0.0	0.0	9622.0
550	3825.5	0.0	0.0	10298.0
560	3521.5	0.0	0.0	10028.0
570	3767.8333333333335	0.0	0.0	12392.0
580	4011.6666666666665	0.0	0.0	9596.0
590	3801.5	0.0	0.0	11910.0
600	3594.0	0.0	0.0	10229.0
610	3427.8333333333335	0.0	0.0	11916.0
620	3644.6666666666665	0.0	0.0	10229.0
630	3630.8333333333335	0.0	0.0	10009.0
640	3628.6666666666665	0.0	0.0	10926.0
650	4203.333333333333	0.0	0.0	7969.0
660	3929.3333333333335	0.0	0.0	8604.0
670	4040.3333333333335	0.0	0.0	14609.0
680	3983.5	0.0	0.0	10020.0
690	4128.333333333333	0.0	0.0	9539.0
700	4029.8333333333335	0.0	0.0	11480.0
710	3733.1666666666665	0.0	0.0	12004.0
720	3855.6666666666665	0.0	0.0	7397.0
730	3907.6666666666665	0.0	0.0	8623.0
740	3721.5	0.0	0.0	11259.0
750	3184.1666666666665	0.0	0.0	9160.0
760	3710.6666666666665	0.0	0.0	11288.0
770	3719.6666666666665	0.0	0.0	10003.0
780	3581.1666666666665	0.0	0.0	9122.0
790	3932.3333333333335	0.0	0.0	10198.0
800	3852.6666666666665	0.0	0.0	8689.0
810	4050.8333333333335	0.0	0.0	8230.0
820	3627.1666666666665	0.0	0.0	7881.0
830	3602.3333333333335	0.0	0.0	11730.0
840	3860.0	0.0	0.0	7159.0
850	3632.0	0.0	0.0	11859.0
860	3622.0	0.0	0.0	10840.0
870	3420.1666666666665	0.0	0.0	12106.0
880	3680.0	0.0	0.0	9361.0
890	3762.8333333333335	0.0	0.0	12358.0
900	4008.1666666666665	0.0	0.0	9923.0
910	3782.0	0.0	0.0	8379.0
920	4272.166666666667	0.0	0.0	11518.0
930	3916.1666666666665	0.0	0.0	8914.0
940	3585.8333333333335	0.0	0.0	12325.0
950	4151.666666666667	0.0	0.0	9736.0
960	3987.8333333333335	0.0	0.0	11012.0
970	3508.0	0.0	0.0	13441.0
980	3807.3333333333335	0.0	0.0	10997.0
990	3968.5	0.0	0.0	6991.0
1000	3686.6666666666665	0.0	0.0	10220.0
