0	2685.5178571428573	0.0	0.0	0.0
10	2475.160714285714	360.5	2872.785714285714	13242.785714285714
20	2560.6785714285716	357.57142857142856	2868.285714285714	12777.142857142857
30	2660.8928571428573	234.42857142857142	2127.214285714286	12151.42857142857
40	2611.464285714286	47.5	401.92857142857144	10200.785714285714
50	2734.75	0.0	0.0	8536.0
60	2608.7321428571427	0.0	0.0	9613.214285714286
70	2786.1964285714284	0.0	0.0	9116.642857142857
80	2693.589285714286	0.0	0.0	9045.857142857143
90	2870.589285714286	0.0	0.0	9123.857142857143
100	2852.8928571428573	0.0	0.0	9222.714285714286
110	2736.5535714285716	0.0	0.0	9141.357142857143
120	2891.785714285714	0.0	0.0	9825.214285714286
130	2882.1964285714284	0.0	0.0	10060.714285714286
140	2989.2678571428573	0.0	0.0	10140.142857142857
150	3036.5178571428573	0.0	0.0	9668.92857142857
160	3057.160714285714	0.0	0.0	10626.285714285714
170	3112.160714285714	0.0	0.0	9176.07142857143
180	2998.0	0.0	0.0	10665.92857142857
190	3255.6785714285716	0.0	0.0	10492.214285714286
200	3277.375	0.0	0.0	9729.285714285714
210	3280.8214285714284	0.0	0.0	10521.714285714286
220	3263.785714285714	0.0	0.0	10293.857142857143
230	3284.9821428571427	0.0	0.0	10826.214285714286
240	3471.589285714286	0.0	0.0	10155.42857142857
250	3391.464285714286	0.0	0.0	9818.142857142857
260	3367.089285714286	0.0	0.0	11431.5
270	3459.875	0.0	0.0	10024.785714285714
280	3499.4821428571427	0.0	0.0	11084.357142857143
290	3401.9285714285716	0.0	0.0	10006.857142857143
300	3725.4285714285716	0.0	0.0	9423.285714285714
310	3515.6964285714284	0.0	0.0	10612.07142857143
320	3387.1071428571427	0.0	0.0	10929.714285714286
330	3568.660714285714	0.0	0.0	10419.714285714286
340	3550.4285714285716	0.0	0.0	10934.142857142857
350	3564.1785714285716	0.0	0.0	11065.285714285714
360	3520.0714285714284	0.0	0.0	10966.857142857143
370	3618.1964285714284	0.0	0.0	9959.285714285714
380	3424.6964285714284	0.0	0.0	10785.42857142857
390	3511.464285714286	0.0	0.0	10801.214285714286
400	3564.7321428571427	0.0	0.0	10443.642857142857
410	3587.839285714286	0.0	0.0	10850.642857142857
420	3730.535714285714	0.0	0.0	10259.785714285714
430	3627.0178571428573	0.0	0.0	11194.42857142857
440	3672.910714285714	0.0	0.0	10705.285714285714
450	3693.3214285714284	0.0	0.0	9749.857142857143
460	3769.5178571428573	0.0	0.0	11241.357142857143
470	3624.25	0.0	0.0	10942.714285714286
480	3668.4464285714284	0.0	0.0	10960.142857142857
490	3596.2678571428573	0.0	0.0	11329.07142857143
500	3693.214285714286	0.0	0.0	10439.857142857143
510	3694.160714285714	0.0	0.0	10527.92857142857
520	3603.589285714286	0.0	0.0	9622.214285714286
530	3552.589285714286	0.0	0.0	10100.07142857143
540	3743.5714285714284	0.0	0.0	10658.92857142857
550	3796.285714285714	0.0	0.0	10135.214285714286
560	3750.1428571428573	0.0	0.0	10677.92857142857
570	3641.8035714285716	0.0	0.0	10368.57142857143
580	3585.3571428571427	0.0	0.0	10170.57142857143
590	3724.3571428571427	0.0	0.0	9298.285714285714
600	3738.589285714286	0.0	0.0	10665.857142857143
610	3850.7321428571427	0.0	0.0	10120.214285714286
620	3751.5	0.0	0.0	10152.57142857143
630	3704.410714285714	0.0	0.0	10355.857142857143
640	3731.660714285714	0.0	0.0	10394.214285714286
650	3678.285714285714	0.0	0.0	10198.642857142857
660	3833.6071428571427	0.0	0.0	9826.142857142857
670	3771.339285714286	0.0	0.0	10910.0
680	3829.5714285714284	0.0	0.0	10191.0
690	3643.160714285714	0.0	0.0	10297.357142857143
700	3738.535714285714	0.0	0.0	10875.57142857143
710	3863.339285714286	0.0	0.0	9601.785714285714
720	3735.1964285714284	0.0	0.0	10689.857142857143
730	3799.3035714285716	0.0	0.0	10114.0
740	3660.8214285714284	0.0	0.0	10354.785714285714
750	3847.339285714286	0.0	0.0	10504.214285714286
760	3700.214285714286	0.0	0.0	10222.642857142857
770	3827.0535714285716	0.0	0.0	9744.714285714286
780	3795.5714285714284	0.0	0.0	9856.142857142857
790	3775.5	0.0	0.0	10065.07142857143
800	3643.5178571428573	0.0	0.0	10435.642857142857
