0	2274.25	0.0	0.0	0.0
10	2796.75	473.0	3509.0	14733.0
20	2757.0	312.0	2391.0	14492.0
30	2791.0	215.0	2443.0	13414.0
40	2630.5	0.0	0.0	9810.0
50	2687.75	0.0	0.0	7528.0
60	2464.75	0.0	0.0	8773.0
70	2154.0	0.0	0.0	8754.0
80	2135.0	0.0	0.0	9123.0
90	3153.75	0.0	0.0	8394.0
100	3090.5	0.0	0.0	11204.0
110	2978.5	0.0	0.0	9412.0
120	2697.75	0.0	0.0	9909.0
130	2980.5	0.0	0.0	7443.0
140	3334.25	0.0	0.0	7809.0
150	2983.25	0.0	0.0	10088.0
160	3121.75	0.0	0.0	11393.0
170	3029.75	0.0	0.0	7626.0
180	3529.5	0.0	0.0	10807.0
190	2955.5	0.0	0.0	13000.0
200	3181.5	0.0	0.0	11109.0
210	3161.0	0.0	0.0	13575.0
220	3737.75	0.0	0.0	6584.0
230	3146.75	0.0	0.0	12174.0
240	3798.0	0.0	0.0	7099.0
250	3570.5	0.0	0.0	9767.0
260	2983.75	0.0	0.0	10602.0
270	3509.75	0.0	0.0	8555.0
280	3653.5	0.0	0.0	10271.0
290	3546.0	0.0	0.0	11061.0
300	3992.5	0.0	0.0	6177.0
310	3371.0	0.0	0.0	11428.0
320	3598.0	0.0	0.0	10690.0
330	3250.25	0.0	0.0	11460.0
340	3844.75	0.0	0.0	13082.0
350	3729.25	0.0	0.0	12454.0
360	3922.0	0.0	0.0	10459.0
370	3056.25	0.0	0.0	11470.0
380	3574.75	0.0	0.0	9628.0
390	3052.25	0.0	0.0	8211.0
400	4090.75	0.0	0.0	12067.0
410	4056.0	0.0	0.0	11559.0
420	3680.5	0.0	0.0	8934.0
430	3514.25	0.0	0.0	13198.0
440	3618.75	0.0	0.0	7965.0
450	3689.5	0.0	0.0	7545.0
460	4192.5	0.0	0.0	11040.0
470	3628.5	0.0	0.0	14565.0
480	3798.25	0.0	0.0	11599.0
490	3509.0	0.0	0.0	10470.0
500	4335.0	0.0	0.0	8765.0
510	3847.5	0.0	0.0	9273.0
520	3885.75	0.0	0.0	9379.0
530	3129.5	0.0	0.0	9307.0
540	4116.0	0.0	0.0	12062.0
550	3768.0	0.0	0.0	10792.0
560	3585.5	0.0	0.0	10087.0
570	3468.0	0.0	0.0	9357.0
580	3600.5	0.0	0.0	11439.0
590	3700.0	0.0	0.0	9529.0
600	3447.25	0.0	0.0	11018.0
610	4030.75	0.0	0.0	9644.0
620	3631.0	0.0	0.0	12621.0
630	3590.0	0.0	0.0	7120.0
640	3397.0	0.0	0.0	9948.0
650	3620.0	0.0	0.0	10257.0
660	3694.5	0.0	0.0	10534.0
670	3685.25	0.0	0.0	11929.0
680	3966.25	0.0	0.0	11901.0
690	3764.5	0.0	0.0	10624.0
700	3630.5	0.0	0.0	10402.0
710	4029.0	0.0	0.0	9850.0
720	4056.0	0.0	0.0	13244.0
730	3976.5	0.0	0.0	9508.0
740	3551.25	0.0	0.0	10308.0
750	3710.25	0.0	0.0	12356.0
760	3388.0	0.0	0.0	10513.0
770	3907.0	0.0	0.0	11981.0
780	3776.0	0.0	0.0	11078.0
790	3350.25	0.0	0.0	8582.0
800	2942.5	0.0	0.0	13699.0
