0	269.6666666666667	0.0	0.0
10	2072.1666666666665	701.0	12162.0
20	2152.1666666666665	758.0	13572.0
30	2003.8333333333333	666.0	13655.0
40	2560.3333333333335	548.0	15079.0
50	2611.6666666666665	642.0	14594.0
60	3016.8333333333335	287.0	13100.0
70	2763.5	353.0	13497.0
80	2886.8333333333335	236.0	11771.0
90	3274.1666666666665	361.0	15453.0
100	3034.8333333333335	213.0	12187.0
110	3438.5	199.0	12309.0
120	3497.8333333333335	153.0	12922.0
130	3144.0	95.0	10660.0
140	2702.0	120.0	13150.0
150	3325.5	158.0	14593.0
160	3585.1666666666665	138.0	12114.0
170	3432.6666666666665	143.0	13669.0
180	3857.5	142.0	14602.0
190	3122.1666666666665	161.0	12605.0
200	4215.833333333333	98.0	11129.0
210	3427.5	151.0	13828.0
220	3791.8333333333335	114.0	11191.0
230	3445.5	121.0	10108.0
240	3817.5	89.0	10534.0
250	3944.0	134.0	14288.0
260	3263.1666666666665	100.0	13692.0
270	3282.5	94.0	10379.0
280	4006.5	99.0	11103.0
290	3901.3333333333335	130.0	14172.0
300	3794.5	124.0	12877.0
310	3488.5	113.0	11993.0
320	3931.1666666666665	90.0	9105.0
330	3640.1666666666665	117.0	12180.0
340	3996.0	98.0	9663.0
350	3992.6666666666665	108.0	12898.0
360	3914.0	128.0	12298.0
370	3956.8333333333335	141.0	14084.0
380	3873.1666666666665	124.0	12475.0
390	3665.0	135.0	12569.0
400	3824.5	90.0	10608.0
410	3723.0	140.0	13856.0
420	3849.8333333333335	118.0	11390.0
430	3781.5	102.0	10740.0
440	3557.5	91.0	10031.0
450	3648.8333333333335	98.0	6977.0
460	3686.8333333333335	144.0	14945.0
470	3758.8333333333335	111.0	11502.0
480	3607.1666666666665	134.0	11896.0
490	3712.0	128.0	11606.0
500	3722.1666666666665	103.0	11618.0
510	3826.0	128.0	13570.0
520	3573.3333333333335	118.0	12441.0
530	3773.5	92.0	8454.0
540	3942.8333333333335	115.0	11842.0
550	3674.6666666666665	94.0	11515.0
560	3851.1666666666665	109.0	11424.0
570	3787.8333333333335	85.0	11804.0
580	3783.8333333333335	93.0	12217.0
590	3784.6666666666665	86.0	10055.0
600	3543.1666666666665	96.0	10355.0
610	3874.1666666666665	114.0	12689.0
620	3948.5	87.0	10346.0
630	3882.6666666666665	132.0	15032.0
640	3596.6666666666665	79.0	10879.0
650	3640.5	121.0	10518.0
660	3775.0	122.0	12289.0
670	3561.0	91.0	9979.0
680	3425.6666666666665	113.0	9566.0
690	3843.8333333333335	152.0	13646.0
700	3691.5	82.0	11859.0
710	3878.3333333333335	89.0	12387.0
720	3813.3333333333335	108.0	9938.0
730	3586.1666666666665	143.0	12332.0
740	3743.8333333333335	108.0	13340.0
750	3449.1666666666665	79.0	9575.0
760	4161.333333333333	125.0	12305.0
770	3568.3333333333335	109.0	13183.0
780	3494.6666666666665	100.0	12639.0
790	3960.6666666666665	114.0	11118.0
800	3839.1666666666665	103.0	11444.0
810	3678.1666666666665	120.0	10817.0
820	4046.5	95.0	8534.0
830	3615.6666666666665	120.0	11886.0
840	3639.3333333333335	111.0	10745.0
850	3700.3333333333335	115.0	12375.0
860	3661.6666666666665	104.0	10643.0
870	3854.1666666666665	117.0	12621.0
880	4033.0	99.0	10420.0
890	3624.8333333333335	116.0	11260.0
900	3744.0	122.0	10600.0
910	3688.6666666666665	126.0	12700.0
920	4002.1666666666665	131.0	12869.0
930	4075.0	111.0	11588.0
940	3839.3333333333335	101.0	9392.0
950	3714.0	109.0	12046.0
960	4189.5	120.0	10664.0
970	3491.1666666666665	106.0	13271.0
980	3502.6666666666665	110.0	12746.0
990	3715.3333333333335	109.0	10883.0
1000	3691.0	135.0	12572.0
