0	2584.222222222222	0.0	0.0	0.0
10	2572.311111111111	46.06666666666667	2387.0333333333333	9380.366666666667
20	2637.5888888888894	33.46666666666667	2250.5666666666666	8799.1
30	2727.0222222222224	36.9	2234.233333333333	9200.433333333332
40	2789.0388888888892	29.233333333333334	2198.8333333333335	8581.233333333334
50	2763.1166666666663	25.8	2333.5666666666666	9037.866666666667
60	2850.911111111111	19.866666666666667	2187.0333333333333	9004.0
70	2925.1888888888884	25.3	2454.4333333333334	9599.333333333334
80	2969.8666666666672	13.433333333333334	2072.8	8666.366666666667
90	2997.855555555555	17.6	2314.133333333333	9491.733333333334
100	3053.1111111111104	12.666666666666666	2255.2	9233.666666666666
110	3039.244444444444	13.233333333333333	2324.233333333333	9687.7
120	3155.155555555555	9.8	2327.9666666666667	9530.5
130	3152.522222222223	7.133333333333334	2408.233333333333	9882.2
140	3196.677777777777	6.966666666666667	2382.9333333333334	10083.266666666666
150	3280.216666666667	5.733333333333333	2320.266666666667	9425.066666666668
160	3230.5555555555557	5.566666666666666	2208.733333333333	9450.533333333333
170	3262.4333333333334	3.966666666666667	2148.6666666666665	9389.833333333334
180	3324.7388888888886	3.7333333333333334	2301.633333333333	10088.9
190	3364.783333333333	1.9666666666666666	2201.7	9768.366666666667
200	3314.2500000000005	2.1	2254.633333333333	10086.7
210	3428.5444444444447	1.2	2394.733333333333	10497.6
220	3471.061111111111	1.7	2467.3	10352.466666666667
230	3316.25	0.9666666666666667	2358.233333333333	10379.2
240	3371.277777777778	1.2	2322.8333333333335	10450.1
250	3400.25	0.5	2238.4	10190.433333333332
260	3441.7500000000005	0.5333333333333333	2368.4	10546.266666666666
270	3545.6333333333337	0.5666666666666667	2267.4666666666667	10495.166666666666
280	3564.6277777777777	0.7666666666666667	2264.4	10458.133333333333
290	3412.3000000000006	0.4	2224.3	10106.6
300	3568.3166666666666	0.1	2330.6	10744.033333333333
310	3584.811111111112	0.43333333333333335	2175.3333333333335	10286.133333333333
320	3561.138888888889	0.4	2166.133333333333	10169.266666666666
330	3556.4166666666665	0.13333333333333333	2193.7	9893.133333333333
340	3534.3166666666666	0.03333333333333333	2235.5	10221.133333333333
350	3627.711111111112	0.03333333333333333	2306.366666666667	10222.433333333332
360	3585.4500000000003	0.0	2578.1	11134.8
370	3611.7000000000003	0.06666666666666667	2327.3333333333335	10386.566666666668
380	3619.944444444445	0.0	2373.8	10702.466666666667
390	3711.161111111111	0.0	2241.0	10368.666666666666
400	3641.8944444444455	0.0	2282.766666666667	10695.6
410	3574.922222222222	0.03333333333333333	2153.6666666666665	10438.066666666668
420	3596.7944444444447	0.0	2204.866666666667	10474.733333333334
430	3622.972222222222	0.0	2246.9	10465.0
440	3650.9555555555553	0.0	2145.4	10236.8
450	3722.005555555555	0.03333333333333333	2202.5	10741.766666666666
460	3735.622222222222	0.0	2137.0666666666666	10307.133333333333
470	3768.5833333333335	0.0	2095.733333333333	10311.5
480	3681.0833333333335	0.0	2195.5666666666666	10294.733333333334
490	3695.005555555555	0.0	2127.7	10566.033333333333
500	3725.2166666666676	0.0	2109.8333333333335	10670.4
510	3803.161111111111	0.0	2055.1	10784.766666666666
520	3784.561111111111	0.0	2045.1	10135.5
530	3741.7222222222217	0.0	2043.1666666666667	10227.233333333334
540	3705.077777777778	0.0	2171.4666666666667	10356.733333333334
550	3685.4388888888884	0.0	2131.5333333333333	10304.366666666667
560	3692.7333333333345	0.0	1927.6666666666667	9948.633333333333
570	3793.9111111111115	0.0	1997.9	10452.066666666668
580	3722.072222222222	0.0	2027.1	10611.5
590	3781.6499999999996	0.0	2027.1	10071.733333333334
600	3733.0333333333338	0.0	1911.7333333333333	9985.266666666666
610	3731.972222222222	0.0	2009.3	10141.6
620	3727.972222222223	0.0	2080.266666666667	10579.6
630	3777.0777777777776	0.0	1909.3666666666666	10405.466666666667
640	3729.8333333333326	0.0	1922.2	9807.366666666667
650	3792.911111111111	0.0	2071.5666666666666	10536.466666666667
660	3737.622222222222	0.0	2013.0	10548.633333333333
670	3792.3277777777766	0.0	1910.0333333333333	10034.933333333332
680	3751.388888888889	0.0	1838.0333333333333	10000.466666666667
690	3719.533333333333	0.0	1896.0333333333333	10186.666666666666
700	3767.7722222222224	0.0	2034.1	10513.366666666667
710	3787.2111111111108	0.0	1877.0333333333333	10105.8
720	3699.444444444445	0.0	1846.4666666666667	9863.066666666668
730	3735.2777777777783	0.0	2098.233333333333	11080.8
740	3778.5333333333338	0.0	1837.7333333333333	9921.0
750	3842.6222222222223	0.0	1931.0666666666666	10770.133333333333
760	3856.088888888889	0.0	1922.0333333333333	10341.866666666667
770	3756.5388888888892	0.0	1962.2	10783.233333333334
780	3812.7888888888897	0.0	1930.9666666666667	10143.866666666667
790	3798.705555555555	0.0	1966.6	10259.733333333334
800	3804.4388888888884	0.0	1991.0	10514.0
