0	2634.1666666666665	0.0	0.0	0.0
10	2618.0	58.0	2768.0	11443.0
20	2670.3333333333335	49.0	3075.0	12346.0
30	3049.6666666666665	43.0	2147.0	9670.0
40	2983.5	17.0	1874.0	7068.0
50	2859.0	22.0	2929.0	10299.0
60	3089.6666666666665	26.0	1920.0	8080.0
70	3518.3333333333335	13.0	2661.0	9757.0
80	3111.1666666666665	6.0	1708.0	8766.0
90	3492.5	6.0	1555.0	7241.0
100	3334.0	10.0	2303.0	9872.0
110	3529.3333333333335	9.0	3097.0	13126.0
120	3543.3333333333335	0.0	2218.0	8626.0
130	3443.6666666666665	3.0	2400.0	10964.0
140	3693.5	1.0	2010.0	6190.0
150	3986.5	1.0	3720.0	13425.0
160	3629.1666666666665	3.0	2388.0	9811.0
170	3397.0	1.0	1837.0	8458.0
180	3374.1666666666665	5.0	1805.0	8866.0
190	3215.8333333333335	7.0	2431.0	10818.0
200	3259.1666666666665	2.0	2275.0	13069.0
210	3291.3333333333335	3.0	2098.0	10755.0
220	3581.1666666666665	1.0	2170.0	10466.0
230	3367.5	2.0	2087.0	10121.0
240	3568.1666666666665	0.0	2454.0	9397.0
250	3640.3333333333335	0.0	1778.0	9271.0
260	3690.6666666666665	0.0	1810.0	10266.0
270	3709.6666666666665	0.0	1883.0	12128.0
280	3879.1666666666665	0.0	2118.0	10277.0
290	3748.3333333333335	1.0	2124.0	9786.0
300	3592.5	0.0	2287.0	9375.0
310	3261.5	0.0	2231.0	9194.0
320	3995.6666666666665	0.0	3048.0	10277.0
330	3991.5	0.0	2346.0	7375.0
340	3549.5	0.0	2515.0	10108.0
350	3600.8333333333335	0.0	2723.0	11148.0
360	4070.0	0.0	2842.0	10673.0
370	4203.333333333333	0.0	2021.0	11256.0
380	3899.0	0.0	2120.0	11310.0
390	3404.5	0.0	2117.0	8642.0
400	3980.8333333333335	0.0	1969.0	11857.0
410	3749.0	0.0	1772.0	9732.0
420	3661.1666666666665	0.0	1355.0	9206.0
430	3830.8333333333335	0.0	2041.0	9872.0
440	3598.5	0.0	2364.0	10493.0
450	4043.5	0.0	1959.0	11128.0
460	3930.1666666666665	0.0	1441.0	11356.0
470	3749.8333333333335	0.0	944.0	7733.0
480	4006.0	0.0	1588.0	10517.0
490	3998.3333333333335	0.0	1490.0	9022.0
500	3850.1666666666665	0.0	1280.0	10240.0
510	3990.6666666666665	0.0	1460.0	9116.0
520	3935.6666666666665	0.0	1218.0	9643.0
530	3743.3333333333335	0.0	1636.0	10220.0
540	4107.166666666667	0.0	2625.0	11733.0
550	3405.0	0.0	1831.0	9921.0
560	3778.6666666666665	0.0	1478.0	10366.0
570	3861.5	0.0	1739.0	10268.0
580	3929.6666666666665	0.0	2223.0	9923.0
590	3449.5	0.0	1230.0	8060.0
600	3894.6666666666665	0.0	1782.0	12166.0
610	3675.3333333333335	0.0	1639.0	10446.0
620	3547.0	0.0	1694.0	10201.0
630	3872.1666666666665	0.0	1335.0	11695.0
640	4073.1666666666665	0.0	1137.0	8579.0
650	3560.5	0.0	1568.0	10037.0
660	3682.6666666666665	0.0	2081.0	11689.0
670	4012.1666666666665	0.0	2309.0	13307.0
680	3745.0	0.0	2050.0	12419.0
690	3760.8333333333335	0.0	1902.0	8570.0
700	3849.0	0.0	1848.0	10180.0
710	3544.1666666666665	0.0	1588.0	10516.0
720	3720.1666666666665	0.0	2137.0	11165.0
730	3740.3333333333335	0.0	2117.0	10606.0
740	3550.1666666666665	0.0	2505.0	10194.0
750	4071.1666666666665	0.0	1932.0	9870.0
760	3741.3333333333335	0.0	2150.0	10509.0
770	3884.1666666666665	0.0	1790.0	10827.0
780	3733.3333333333335	0.0	1498.0	8859.0
790	3954.6666666666665	0.0	1815.0	8807.0
800	3773.6666666666665	0.0	3036.0	14293.0
