0	2501.1666666666665	0.0	0.0	0.0
10	2278.1666666666665	57.0	2859.0	11749.0
20	2557.6666666666665	13.0	2091.0	9121.0
30	2628.8333333333335	35.0	2960.0	11091.0
40	2923.0	15.0	1998.0	8391.0
50	2617.0	14.0	2528.0	7927.0
60	3058.0	6.0	3000.0	9300.0
70	2854.1666666666665	35.0	2617.0	10027.0
80	2971.1666666666665	1.0	2458.0	11267.0
90	3377.0	46.0	2140.0	11244.0
100	3324.1666666666665	6.0	1846.0	9149.0
110	3630.5	8.0	1922.0	6584.0
120	2965.8333333333335	4.0	2597.0	10034.0
130	2788.6666666666665	10.0	2913.0	12475.0
140	3014.3333333333335	6.0	1594.0	8487.0
150	3132.3333333333335	4.0	2011.0	9678.0
160	3168.8333333333335	4.0	2244.0	9925.0
170	2865.0	0.0	2904.0	10531.0
180	3455.1666666666665	0.0	1993.0	8590.0
190	3681.5	0.0	2423.0	10380.0
200	3169.0	0.0	2096.0	7932.0
210	3611.8333333333335	0.0	2407.0	10587.0
220	3762.3333333333335	0.0	1750.0	9677.0
230	3440.6666666666665	1.0	1714.0	8870.0
240	3250.6666666666665	4.0	2379.0	10551.0
250	3606.6666666666665	1.0	1521.0	8729.0
260	3402.6666666666665	0.0	2610.0	12613.0
270	3419.6666666666665	0.0	2164.0	10287.0
280	3821.3333333333335	0.0	1995.0	10231.0
290	3023.6666666666665	0.0	1929.0	8945.0
300	3734.3333333333335	0.0	2265.0	11265.0
310	3568.6666666666665	0.0	2660.0	11693.0
320	3438.6666666666665	0.0	2823.0	12896.0
330	3418.5	0.0	1910.0	9701.0
340	3539.3333333333335	0.0	2053.0	9883.0
350	3735.3333333333335	0.0	2480.0	11825.0
360	3941.6666666666665	0.0	2420.0	10330.0
370	3177.1666666666665	0.0	2061.0	9567.0
380	3636.6666666666665	0.0	2731.0	15119.0
390	3678.1666666666665	0.0	1249.0	7819.0
400	3910.1666666666665	0.0	1300.0	7462.0
410	3367.6666666666665	0.0	2434.0	12602.0
420	3540.6666666666665	0.0	1945.0	10711.0
430	3865.6666666666665	0.0	1353.0	9891.0
440	3475.6666666666665	0.0	1831.0	9863.0
450	3799.1666666666665	0.0	1795.0	11807.0
460	3415.0	0.0	1945.0	8424.0
470	3554.8333333333335	0.0	1723.0	10064.0
480	3851.5	0.0	3066.0	14308.0
490	3910.5	0.0	2299.0	11875.0
500	3956.6666666666665	0.0	2683.0	10705.0
510	3730.6666666666665	0.0	1479.0	8997.0
520	3840.3333333333335	0.0	2696.0	14467.0
530	3075.3333333333335	0.0	1555.0	10218.0
540	3759.1666666666665	0.0	1658.0	9552.0
550	3898.3333333333335	0.0	2094.0	12136.0
560	4151.0	0.0	1663.0	9911.0
570	3751.1666666666665	0.0	1702.0	9485.0
580	3672.0	0.0	2476.0	10521.0
590	3743.8333333333335	0.0	1976.0	11348.0
600	3718.1666666666665	0.0	1836.0	8808.0
610	3575.1666666666665	0.0	1928.0	8253.0
620	4050.5	0.0	4142.0	11559.0
630	3761.3333333333335	0.0	1964.0	9656.0
640	4078.1666666666665	0.0	2395.0	9495.0
650	3841.6666666666665	0.0	3604.0	11899.0
660	3604.8333333333335	0.0	2393.0	11541.0
670	3867.5	0.0	1517.0	7736.0
680	3979.0	0.0	1628.0	8086.0
690	3651.5	0.0	1860.0	10160.0
700	3950.6666666666665	0.0	1613.0	9377.0
710	3516.6666666666665	0.0	1732.0	11461.0
720	3708.1666666666665	0.0	1135.0	8020.0
730	3585.6666666666665	0.0	2026.0	12114.0
740	3585.8333333333335	0.0	1527.0	9462.0
750	4193.333333333333	0.0	2148.0	10555.0
760	3709.1666666666665	0.0	2227.0	11953.0
770	3546.5	0.0	1573.0	10415.0
780	3630.3333333333335	0.0	2107.0	11614.0
790	3941.3333333333335	0.0	1808.0	10748.0
800	3752.5	0.0	1693.0	9313.0
