0	2424.1666666666665	0.0	0.0	0.0
10	2102.1666666666665	261.0	9071.0	9071.0
20	2509.1666666666665	179.0	11029.0	11029.0
30	2363.3333333333335	312.0	9795.0	9795.0
40	1808.8333333333333	248.0	8364.0	9122.0
50	2497.1666666666665	0.0	0.0	10757.0
60	2433.5	0.0	0.0	7758.0
70	2126.5	0.0	0.0	7899.0
80	2418.8333333333335	0.0	0.0	10406.0
90	2362.3333333333335	0.0	0.0	8541.0
100	2786.6666666666665	0.0	0.0	8329.0
110	2668.1666666666665	0.0	0.0	7896.0
120	2726.3333333333335	0.0	0.0	9113.0
130	2266.6666666666665	0.0	0.0	9157.0
140	3005.1666666666665	0.0	0.0	7733.0
150	2538.3333333333335	0.0	0.0	8830.0
160	2474.0	0.0	0.0	8920.0
170	2147.8333333333335	0.0	0.0	7934.0
180	2549.1666666666665	0.0	0.0	5999.0
190	2704.0	0.0	0.0	7160.0
200	2222.5	0.0	0.0	6680.0
210	2332.5	0.0	0.0	7212.0
220	2368.3333333333335	0.0	0.0	9415.0
230	2434.3333333333335	0.0	0.0	7833.0
240	2534.8333333333335	0.0	0.0	8370.0
250	2603.6666666666665	0.0	0.0	9064.0
260	2057.5	0.0	0.0	9776.0
270	2735.6666666666665	0.0	0.0	9462.0
280	2570.1666666666665	0.0	0.0	5194.0
290	2621.1666666666665	0.0	0.0	7430.0
300	2955.0	0.0	0.0	9543.0
310	2825.3333333333335	0.0	0.0	9181.0
320	2686.3333333333335	0.0	0.0	7751.0
330	2682.5	0.0	0.0	6982.0
340	2734.1666666666665	0.0	0.0	8003.0
350	2459.0	0.0	0.0	10627.0
360	2423.8333333333335	0.0	0.0	13445.0
370	3493.3333333333335	0.0	0.0	6928.0
380	2935.5	0.0	0.0	10933.0
390	3244.0	0.0	0.0	9806.0
400	3516.8333333333335	0.0	0.0	9803.0
410	3658.8333333333335	0.0	0.0	10976.0
420	3437.8333333333335	0.0	0.0	10759.0
430	3465.3333333333335	0.0	0.0	13159.0
440	3050.6666666666665	0.0	0.0	8634.0
450	3130.1666666666665	0.0	0.0	11008.0
460	3855.8333333333335	0.0	0.0	10703.0
470	3651.8333333333335	0.0	0.0	7725.0
480	3127.1666666666665	0.0	0.0	9163.0
490	3594.8333333333335	0.0	0.0	10527.0
500	3184.0	0.0	0.0	9756.0
510	3606.1666666666665	0.0	0.0	9582.0
520	3303.0	0.0	0.0	7964.0
530	3949.8333333333335	0.0	0.0	11997.0
540	3976.1666666666665	0.0	0.0	10384.0
550	3423.1666666666665	0.0	0.0	8111.0
560	3790.1666666666665	0.0	0.0	12214.0
570	3227.6666666666665	0.0	0.0	10166.0
580	3615.3333333333335	0.0	0.0	14151.0
590	3128.5	0.0	0.0	9932.0
600	3864.6666666666665	0.0	0.0	11063.0
610	3703.8333333333335	0.0	0.0	10685.0
620	3307.1666666666665	0.0	0.0	7096.0
630	3857.8333333333335	0.0	0.0	11032.0
640	3088.3333333333335	0.0	0.0	11515.0
650	3422.0	0.0	0.0	12078.0
660	3493.0	0.0	0.0	9671.0
670	3088.5	0.0	0.0	11269.0
680	3311.3333333333335	0.0	0.0	8827.0
690	3592.6666666666665	0.0	0.0	11070.0
700	3354.1666666666665	0.0	0.0	8462.0
710	2985.0	0.0	0.0	13904.0
720	3450.1666666666665	0.0	0.0	9447.0
730	3099.1666666666665	0.0	0.0	8543.0
740	3309.3333333333335	0.0	0.0	11643.0
750	3955.5	0.0	0.0	8801.0
760	3885.3333333333335	0.0	0.0	8616.0
770	3651.5	0.0	0.0	10503.0
780	3724.5	0.0	0.0	12809.0
790	3744.8333333333335	0.0	0.0	8506.0
800	3572.6666666666665	0.0	0.0	12221.0
