0	1749.8333333333333	0.0	0.0	0.0
10	1639.6666666666667	8.0	796.0	4888.0
20	1693.1666666666667	10.0	839.0	6051.0
30	1591.5	61.0	1456.0	7438.0
40	1524.3333333333333	25.0	1203.0	6169.0
50	1687.8333333333333	59.0	1762.0	6763.0
60	1759.0	34.0	1219.0	6540.0
70	1671.8333333333333	55.0	1388.0	6430.0
80	1498.3333333333333	5.0	1175.0	6003.0
90	1695.8333333333333	67.0	1769.0	7509.0
100	1700.1666666666667	26.0	1201.0	6194.0
110	1509.3333333333333	47.0	1525.0	6743.0
120	1486.0	11.0	850.0	4232.0
130	1737.6666666666667	11.0	1095.0	5200.0
140	1514.6666666666667	31.0	1648.0	8390.0
150	1455.6666666666667	36.0	2071.0	7785.0
160	1758.3333333333333	18.0	1758.0	6626.0
170	1487.0	34.0	1771.0	7253.0
180	1402.0	24.0	1727.0	7647.0
190	1430.8333333333333	8.0	1609.0	6234.0
200	1725.0	12.0	1324.0	6306.0
210	1535.1666666666667	19.0	1048.0	6396.0
220	1607.3333333333333	11.0	1837.0	7817.0
230	1611.5	51.0	2645.0	9368.0
240	1709.8333333333333	50.0	3048.0	10937.0
250	1675.3333333333333	15.0	1500.0	7014.0
260	1711.3333333333333	24.0	1517.0	7010.0
270	1702.5	9.0	2215.0	7733.0
280	1546.3333333333333	37.0	2443.0	8162.0
290	1383.0	16.0	1122.0	4703.0
300	1299.6666666666667	37.0	1677.0	7731.0
310	1697.3333333333333	9.0	1536.0	5567.0
320	1480.0	3.0	1974.0	8057.0
330	1314.0	10.0	864.0	4972.0
340	1430.6666666666667	12.0	1115.0	5625.0
350	1402.6666666666667	9.0	1711.0	7262.0
360	1537.3333333333333	10.0	1122.0	7001.0
370	1484.6666666666667	9.0	1454.0	6815.0
380	1363.3333333333333	1.0	1061.0	6794.0
390	1483.0	18.0	1392.0	7187.0
400	1461.6666666666667	16.0	940.0	5569.0
410	1375.0	13.0	1281.0	6411.0
420	1537.0	6.0	1524.0	8325.0
430	1482.3333333333333	18.0	1732.0	6083.0
440	1408.6666666666667	6.0	1167.0	5908.0
450	1712.0	9.0	505.0	4876.0
460	1630.5	0.0	0.0	10316.0
470	1518.0	0.0	0.0	4663.0
480	1675.6666666666667	0.0	0.0	5384.0
490	1368.0	0.0	0.0	4960.0
500	1196.3333333333333	0.0	0.0	4780.0
510	1470.3333333333333	0.0	0.0	4982.0
520	1387.6666666666667	0.0	0.0	6027.0
530	1378.0	0.0	0.0	6696.0
540	1553.3333333333333	0.0	0.0	7320.0
550	1518.1666666666667	0.0	0.0	6068.0
560	1375.3333333333333	0.0	0.0	6092.0
570	1332.0	0.0	0.0	6188.0
580	1305.0	0.0	0.0	4759.0
590	1365.6666666666667	0.0	0.0	6815.0
600	1430.0	0.0	0.0	6901.0
610	1339.3333333333333	0.0	0.0	5474.0
620	1476.0	0.0	0.0	5258.0
630	1132.3333333333333	0.0	0.0	5342.0
640	1387.0	0.0	0.0	5823.0
650	1415.0	0.0	0.0	7580.0
660	1361.0	0.0	0.0	4960.0
670	1482.0	0.0	0.0	5623.0
680	1338.0	0.0	0.0	4473.0
690	1277.3333333333333	0.0	0.0	5309.0
700	1267.0	0.0	0.0	6895.0
710	1289.0	0.0	0.0	4617.0
720	1328.0	0.0	0.0	7054.0
730	1231.6666666666667	0.0	0.0	4516.0
740	1322.6666666666667	0.0	0.0	5114.0
750	1377.6666666666667	0.0	0.0	5307.0
760	1212.0	0.0	0.0	4256.0
770	1418.3333333333333	0.0	0.0	6047.0
780	1323.3333333333333	0.0	0.0	5804.0
790	1490.6666666666667	0.0	0.0	6711.0
800	1212.3333333333333	0.0	0.0	6406.0
810	1185.6666666666667	0.0	0.0	5435.0
820	1360.6666666666667	0.0	0.0	5364.0
830	1149.3333333333333	0.0	0.0	6227.0
840	1327.6666666666667	0.0	0.0	4298.0
850	1072.6666666666667	0.0	0.0	5205.0
860	1310.3333333333333	0.0	0.0	6840.0
870	1315.6666666666667	0.0	0.0	6136.0
880	1363.3333333333333	0.0	0.0	5390.0
890	1171.3333333333333	0.0	0.0	5185.0
900	1249.0	0.0	0.0	5494.0
910	1165.3333333333333	0.0	0.0	5213.0
920	1301.3333333333333	0.0	0.0	5370.0
930	1285.0	0.0	0.0	4183.0
940	1095.6666666666667	0.0	0.0	4176.0
950	1345.3333333333333	0.0	0.0	4167.0
960	1276.6666666666667	0.0	0.0	4757.0
970	1225.0	0.0	0.0	6562.0
980	1300.6666666666667	0.0	0.0	6118.0
990	1252.0	0.0	0.0	3958.0
1000	1356.3333333333333	0.0	0.0	5842.0
