0	1734.3333333333333	0.0	0.0	0.0
10	1644.3333333333333	12.0	865.0	5077.0
20	1635.5	4.0	820.0	5469.0
30	1678.8333333333333	73.0	1680.0	6590.0
40	1519.0	53.0	1484.0	7545.0
50	1569.0	36.0	1443.0	7040.0
60	1534.6666666666667	46.0	1176.0	6727.0
70	1572.3333333333333	30.0	946.0	6969.0
80	1518.8333333333333	45.0	2019.0	7034.0
90	1742.3333333333333	25.0	1326.0	6607.0
100	1445.6666666666667	45.0	1392.0	7159.0
110	1576.3333333333333	64.0	1775.0	7648.0
120	1463.8333333333333	10.0	1462.0	7491.0
130	1285.6666666666667	29.0	986.0	6084.0
140	1519.3333333333333	5.0	802.0	4876.0
150	1570.3333333333333	11.0	1264.0	6227.0
160	1396.3333333333333	33.0	1601.0	6930.0
170	1504.3333333333333	20.0	936.0	6216.0
180	1450.3333333333333	12.0	1181.0	6975.0
190	1402.6666666666667	66.0	1483.0	6264.0
200	1411.0	11.0	1329.0	7815.0
210	1363.5	9.0	886.0	6429.0
220	1554.0	25.0	1856.0	9606.0
230	1591.6666666666667	0.0	411.0	3687.0
240	1486.3333333333333	1.0	685.0	6124.0
250	1232.0	1.0	699.0	5308.0
260	1443.6666666666667	8.0	808.0	5602.0
270	1388.0	12.0	1253.0	6995.0
280	1344.6666666666667	50.0	1321.0	5565.0
290	1526.6666666666667	7.0	1330.0	6565.0
300	1327.0	3.0	586.0	5651.0
310	1322.6666666666667	12.0	1375.0	8156.0
320	1147.3333333333333	3.0	901.0	5836.0
330	1413.3333333333333	10.0	1299.0	6596.0
340	1371.3333333333333	15.0	932.0	4767.0
350	1236.6666666666667	1.0	1030.0	4691.0
360	1345.3333333333333	18.0	1803.0	7462.0
370	1244.0	5.0	1289.0	7592.0
380	1262.6666666666667	4.0	693.0	4575.0
390	1223.0	3.0	1062.0	5794.0
400	1341.6666666666667	11.0	472.0	4633.0
410	1343.0	15.0	1169.0	6696.0
420	1416.0	21.0	984.0	7197.0
430	1321.3333333333333	3.0	916.0	5920.0
440	1469.0	6.0	712.0	5016.0
450	1478.0	27.0	812.0	5714.0
460	1246.6666666666667	0.0	557.0	3682.0
470	1248.3333333333333	28.0	761.0	5675.0
480	1206.3333333333333	14.0	621.0	5128.0
490	1310.3333333333333	1.0	706.0	5798.0
500	1365.0	23.0	943.0	6790.0
510	1372.3333333333333	10.0	876.0	6201.0
520	1277.6666666666667	7.0	849.0	6624.0
530	1308.6666666666667	2.0	957.0	5112.0
540	1342.3333333333333	11.0	801.0	6218.0
550	1149.3333333333333	4.0	800.0	6911.0
560	1323.0	0.0	0.0	5475.0
570	1314.6666666666667	0.0	0.0	7128.0
580	1377.6666666666667	0.0	0.0	6854.0
590	1156.6666666666667	0.0	0.0	4572.0
600	1308.3333333333333	0.0	0.0	4860.0
610	1353.6666666666667	0.0	0.0	4260.0
620	1339.0	0.0	0.0	7465.0
630	1314.3333333333333	0.0	0.0	4329.0
640	1331.3333333333333	0.0	0.0	4324.0
650	1300.3333333333333	0.0	0.0	4211.0
660	1422.0	0.0	0.0	7335.0
670	1300.6666666666667	0.0	0.0	4621.0
680	1261.0	0.0	0.0	5707.0
690	1224.6666666666667	0.0	0.0	6147.0
700	1393.5	0.0	0.0	6058.0
710	1244.3333333333333	0.0	0.0	6888.0
720	1296.0	0.0	0.0	6320.0
730	1275.3333333333333	0.0	0.0	4547.0
740	1193.3333333333333	0.0	0.0	6169.0
750	1306.6666666666667	0.0	0.0	6484.0
760	1226.3333333333333	0.0	0.0	7278.0
770	1351.0	0.0	0.0	4272.0
780	1267.3333333333333	0.0	0.0	4929.0
790	1423.3333333333333	0.0	0.0	6059.0
800	1252.3333333333333	0.0	0.0	5905.0
810	1195.6666666666667	0.0	0.0	5956.0
820	1212.0	0.0	0.0	5005.0
830	1269.3333333333333	0.0	0.0	5895.0
840	1187.0	0.0	0.0	4307.0
850	1223.0	0.0	0.0	4756.0
860	1315.3333333333333	0.0	0.0	4596.0
870	1320.6666666666667	0.0	0.0	4763.0
880	1197.6666666666667	0.0	0.0	4666.0
890	1186.3333333333333	0.0	0.0	6624.0
900	1201.6666666666667	0.0	0.0	7247.0
910	1310.6666666666667	0.0	0.0	5463.0
920	1311.0	0.0	0.0	4647.0
930	1158.3333333333333	0.0	0.0	4460.0
940	1336.0	0.0	0.0	5578.0
950	1160.3333333333333	0.0	0.0	5324.0
960	1360.0	0.0	0.0	4329.0
970	1144.0	0.0	0.0	6309.0
980	1197.3333333333333	0.0	0.0	4434.0
990	1162.3333333333333	0.0	0.0	6188.0
1000	1196.0	0.0	0.0	5373.0
