0	1672.6666666666667	0.0	0.0	0.0
10	1629.3333333333333	21.0	1082.0	5654.0
20	1730.5	15.0	1046.0	6995.0
30	1730.5	33.0	1357.0	7573.0
40	1676.8333333333333	22.0	1163.0	7678.0
50	1557.6666666666667	22.0	1291.0	7973.0
60	1653.3333333333333	7.0	1571.0	7854.0
70	1766.6666666666667	48.0	1445.0	6803.0
80	1478.3333333333333	18.0	1227.0	6162.0
90	1478.6666666666667	76.0	1212.0	7163.0
100	1534.0	37.0	939.0	4018.0
110	1664.6666666666667	67.0	2181.0	8834.0
120	1447.3333333333333	47.0	1621.0	8426.0
130	1183.6666666666667	37.0	1446.0	7589.0
140	1637.0	7.0	1149.0	6448.0
150	1630.8333333333333	58.0	1076.0	5844.0
160	1514.0	5.0	736.0	4433.0
170	1541.3333333333333	15.0	1010.0	6693.0
180	1506.5	27.0	684.0	5044.0
190	1462.0	9.0	1217.0	7635.0
200	1532.0	21.0	885.0	6425.0
210	1433.6666666666667	4.0	796.0	5998.0
220	1485.6666666666667	6.0	731.0	5704.0
230	1333.6666666666667	38.0	1591.0	7625.0
240	1355.6666666666667	6.0	713.0	5709.0
250	1354.0	10.0	847.0	5284.0
260	1383.6666666666667	6.0	611.0	5349.0
270	1350.0	8.0	805.0	5054.0
280	1322.0	14.0	1035.0	5620.0
290	1387.6666666666667	7.0	701.0	5679.0
300	1165.6666666666667	26.0	1182.0	6968.0
310	1352.0	55.0	1378.0	7384.0
320	1378.6666666666667	8.0	1207.0	7112.0
330	1319.3333333333333	13.0	1257.0	6136.0
340	1206.0	21.0	1099.0	6556.0
350	1438.3333333333333	34.0	1431.0	7657.0
360	1313.5	1.0	592.0	4759.0
370	1475.0	12.0	1249.0	7680.0
380	1472.0	8.0	1217.0	5944.0
390	1256.3333333333333	10.0	710.0	4727.0
400	1284.0	7.0	740.0	5074.0
410	1355.6666666666667	5.0	533.0	4748.0
420	1276.3333333333333	35.0	1605.0	7485.0
430	1354.0	16.0	1413.0	6112.0
440	1418.3333333333333	20.0	923.0	4194.0
450	1414.0	10.0	1235.0	6183.0
460	1158.0	11.0	1079.0	5357.0
470	1402.6666666666667	0.0	762.0	5114.0
480	1339.3333333333333	2.0	876.0	4885.0
490	1210.0	1.0	801.0	6818.0
500	1173.6666666666667	1.0	668.0	4457.0
510	1203.3333333333333	4.0	801.0	5003.0
520	1366.3333333333333	9.0	405.0	6322.0
530	1319.3333333333333	0.0	0.0	5821.0
540	1316.6666666666667	0.0	0.0	7117.0
550	1188.0	0.0	0.0	7849.0
560	1375.0	0.0	0.0	5737.0
570	1235.6666666666667	0.0	0.0	6666.0
580	1405.3333333333333	0.0	0.0	4946.0
590	1341.0	0.0	0.0	6318.0
600	1163.0	0.0	0.0	6023.0
610	1271.3333333333333	0.0	0.0	6175.0
620	1191.0	0.0	0.0	5589.0
630	1249.0	0.0	0.0	7466.0
640	1420.3333333333333	0.0	0.0	7148.0
650	1312.3333333333333	0.0	0.0	5058.0
660	1315.0	0.0	0.0	5312.0
670	1261.0	0.0	0.0	4656.0
680	1317.3333333333333	0.0	0.0	6628.0
690	1208.0	0.0	0.0	4120.0
700	1119.6666666666667	0.0	0.0	5181.0
710	1337.0	0.0	0.0	4713.0
720	1136.0	0.0	0.0	4654.0
730	1182.6666666666667	0.0	0.0	5244.0
740	1384.6666666666667	0.0	0.0	6331.0
750	1198.3333333333333	0.0	0.0	7675.0
760	1154.0	0.0	0.0	6479.0
770	1098.3333333333333	0.0	0.0	6521.0
780	1174.6666666666667	0.0	0.0	6013.0
790	1198.3333333333333	0.0	0.0	4912.0
800	1274.0	0.0	0.0	5838.0
810	1332.6666666666667	0.0	0.0	4836.0
820	1306.6666666666667	0.0	0.0	6460.0
830	1178.6666666666667	0.0	0.0	7160.0
840	1214.3333333333333	0.0	0.0	4766.0
850	1275.3333333333333	0.0	0.0	4833.0
860	1226.0	0.0	0.0	5892.0
870	1326.6666666666667	0.0	0.0	5141.0
880	1278.0	0.0	0.0	5382.0
890	1381.6666666666667	0.0	0.0	6612.0
900	1210.3333333333333	0.0	0.0	5039.0
910	1262.6666666666667	0.0	0.0	4741.0
920	1262.0	0.0	0.0	5786.0
930	1255.0	0.0	0.0	5351.0
940	1327.0	0.0	0.0	5663.0
950	1343.6666666666667	0.0	0.0	6117.0
960	1198.6666666666667	0.0	0.0	5059.0
970	1240.6666666666667	0.0	0.0	6739.0
980	1330.6666666666667	0.0	0.0	6352.0
990	1322.0	0.0	0.0	5616.0
1000	1204.3333333333333	0.0	0.0	6084.0
