0	2249.6666666666665	0.0	0.0	0.0
10	2148.1666666666665	35.0	5854.0	8445.0
20	2233.6666666666665	15.0	5653.0	8653.0
30	2642.6666666666665	18.0	6794.0	10773.0
40	2519.8333333333335	42.0	5406.0	8953.0
50	2458.3333333333335	7.0	6534.0	11841.0
60	2727.5	11.0	5832.0	10520.0
70	2438.6666666666665	4.0	5252.0	8423.0
80	2832.3333333333335	53.0	8958.0	15291.0
90	2919.1666666666665	73.0	6498.0	10702.0
100	2801.3333333333335	9.0	5785.0	9239.0
110	2779.3333333333335	4.0	4965.0	9037.0
120	2599.5	30.0	6949.0	11013.0
130	2196.1666666666665	5.0	4565.0	7428.0
140	2718.8333333333335	18.0	5544.0	8683.0
150	2695.1666666666665	28.0	7174.0	12006.0
160	2623.8333333333335	23.0	8600.0	14960.0
170	2672.5	10.0	8277.0	13375.0
180	3050.0	5.0	6404.0	11268.0
190	3049.5	10.0	6630.0	10845.0
200	3162.3333333333335	4.0	6956.0	11381.0
210	3191.3333333333335	5.0	5349.0	9469.0
220	2760.3333333333335	5.0	5872.0	8925.0
230	2386.5	5.0	6153.0	9224.0
240	3717.8333333333335	2.0	6488.0	10774.0
250	2964.3333333333335	5.0	5968.0	9599.0
260	3028.6666666666665	11.0	8011.0	12241.0
270	3374.0	15.0	8038.0	11687.0
280	3047.0	8.0	8017.0	12075.0
290	3471.3333333333335	3.0	3525.0	6734.0
300	3899.0	11.0	8291.0	13179.0
310	3392.3333333333335	4.0	6202.0	10105.0
320	3439.0	9.0	6088.0	10139.0
330	3197.1666666666665	5.0	7383.0	11242.0
340	3624.6666666666665	5.0	6589.0	10988.0
350	3789.5	15.0	6823.0	9384.0
360	4229.5	3.0	6915.0	9514.0
370	3757.5	2.0	5753.0	8816.0
380	3836.8333333333335	4.0	5319.0	8536.0
390	3889.0	9.0	7578.0	11878.0
400	3714.6666666666665	8.0	7733.0	11417.0
410	3558.0	8.0	7516.0	11686.0
420	3220.6666666666665	11.0	6033.0	8551.0
430	3859.5	6.0	11353.0	15751.0
440	3883.3333333333335	10.0	6330.0	8845.0
450	3791.3333333333335	6.0	8539.0	11461.0
460	3715.0	7.0	7560.0	10709.0
470	3937.8333333333335	14.0	8315.0	11792.0
480	3492.0	6.0	7859.0	11078.0
490	3411.1666666666665	6.0	8676.0	12161.0
500	3313.0	2.0	7528.0	11603.0
510	3875.5	4.0	6823.0	11479.0
520	3905.5	0.0	5798.0	8603.0
530	3869.0	12.0	8432.0	12341.0
540	3948.8333333333335	9.0	8349.0	11610.0
550	3958.1666666666665	1.0	6625.0	9430.0
560	3591.1666666666665	8.0	8904.0	12066.0
570	4035.0	8.0	8988.0	12046.0
580	3714.8333333333335	3.0	9761.0	12369.0
590	3749.0	8.0	7748.0	10395.0
600	3555.0	8.0	8475.0	11709.0
610	3624.3333333333335	6.0	7204.0	10663.0
620	3976.5	6.0	5849.0	8718.0
630	3672.0	7.0	8324.0	12356.0
640	3934.8333333333335	5.0	7959.0	10854.0
650	4023.1666666666665	8.0	5467.0	8413.0
660	3550.1666666666665	3.0	8104.0	11332.0
670	4001.8333333333335	10.0	8399.0	12462.0
680	3910.6666666666665	5.0	7979.0	11661.0
690	3908.6666666666665	7.0	8127.0	11193.0
700	3955.3333333333335	9.0	7515.0	10587.0
710	3853.8333333333335	10.0	7218.0	10593.0
720	4066.8333333333335	7.0	7561.0	10661.0
730	4113.0	5.0	6989.0	10423.0
740	3918.1666666666665	6.0	7151.0	11177.0
750	3937.3333333333335	6.0	5990.0	8588.0
760	3728.5	8.0	8453.0	11785.0
770	3669.3333333333335	8.0	8299.0	11413.0
780	3904.3333333333335	9.0	8955.0	11779.0
790	3717.1666666666665	7.0	8721.0	11574.0
800	3538.8333333333335	13.0	8338.0	11891.0
