0	2118.6666666666665	0.0	0.0	0.0
10	2153.8333333333335	0.0	33.0	8499.0
20	2269.3333333333335	0.0	17.0	8327.0
30	2428.1666666666665	0.0	43.0	7551.0
40	2256.5	0.0	68.0	8470.0
50	2437.1666666666665	0.0	14.0	6340.0
60	2387.6666666666665	0.0	31.0	8596.0
70	2603.1666666666665	3.0	36.0	11840.0
80	2303.5	3.0	73.0	9485.0
90	2576.6666666666665	0.0	45.0	11358.0
100	2268.5	0.0	54.0	8911.0
110	2472.5	0.0	34.0	7790.0
120	2389.3333333333335	3.0	81.0	10479.0
130	2626.1666666666665	0.0	43.0	8846.0
140	2810.6666666666665	0.0	73.0	11140.0
150	3080.6666666666665	1.0	92.0	8514.0
160	2080.0	12.0	190.0	11478.0
170	2475.6666666666665	7.0	80.0	11991.0
180	2376.5	0.0	38.0	7639.0
190	2587.1666666666665	7.0	106.0	10165.0
200	2212.3333333333335	1.0	85.0	8052.0
210	2663.8333333333335	0.0	65.0	8823.0
220	2119.5	15.0	262.0	11015.0
230	2524.6666666666665	1.0	91.0	9037.0
240	3099.3333333333335	0.0	116.0	10947.0
250	2755.5	0.0	115.0	6751.0
260	3294.3333333333335	3.0	146.0	8811.0
270	2919.1666666666665	2.0	177.0	10632.0
280	2849.6666666666665	0.0	197.0	8589.0
290	2903.1666666666665	2.0	134.0	9274.0
300	3500.0	1.0	115.0	8262.0
310	3197.6666666666665	0.0	234.0	12106.0
320	3241.0	1.0	131.0	8876.0
330	2939.5	0.0	199.0	10182.0
340	3433.3333333333335	2.0	168.0	6705.0
350	3582.0	5.0	328.0	8199.0
360	3709.8333333333335	4.0	311.0	12694.0
370	3380.6666666666665	0.0	255.0	8561.0
380	3556.0	0.0	59.0	8114.0
390	3407.6666666666665	1.0	242.0	11530.0
400	3592.6666666666665	4.0	126.0	7400.0
410	3632.1666666666665	0.0	188.0	7616.0
420	3094.8333333333335	0.0	178.0	11963.0
430	3722.8333333333335	5.0	190.0	9046.0
440	3658.1666666666665	2.0	250.0	11627.0
450	3309.6666666666665	1.0	88.0	9474.0
460	3286.0	2.0	147.0	8799.0
470	3198.5	0.0	183.0	9182.0
480	3512.3333333333335	0.0	221.0	13878.0
490	3403.6666666666665	0.0	157.0	10518.0
500	3970.1666666666665	1.0	119.0	10409.0
510	3269.8333333333335	0.0	129.0	11989.0
520	3979.8333333333335	0.0	174.0	10732.0
530	3848.0	2.0	206.0	9690.0
540	3183.5	5.0	115.0	8284.0
550	3749.6666666666665	0.0	195.0	9257.0
560	3927.6666666666665	1.0	191.0	10282.0
570	3447.6666666666665	0.0	252.0	9305.0
580	3652.5	0.0	89.0	6858.0
590	3589.0	0.0	157.0	10867.0
600	3357.0	1.0	183.0	12449.0
610	3610.3333333333335	0.0	185.0	11987.0
620	3707.8333333333335	0.0	113.0	7510.0
630	3506.1666666666665	2.0	216.0	7868.0
640	3172.6666666666665	2.0	250.0	11114.0
650	3357.5	0.0	190.0	9349.0
660	3511.3333333333335	0.0	145.0	10112.0
670	3434.5	2.0	227.0	14394.0
680	3637.5	0.0	280.0	11682.0
690	3856.3333333333335	4.0	254.0	11629.0
700	3918.5	0.0	87.0	10567.0
710	3668.0	0.0	208.0	11087.0
720	3503.0	0.0	396.0	10588.0
730	4100.5	2.0	306.0	11446.0
740	3871.6666666666665	1.0	167.0	10912.0
750	3694.3333333333335	0.0	195.0	8736.0
760	3399.8333333333335	0.0	242.0	10084.0
770	4021.3333333333335	2.0	178.0	12244.0
780	3966.0	1.0	188.0	9933.0
790	3769.1666666666665	1.0	100.0	9780.0
800	3521.0	3.0	154.0	14086.0
