0	2196.1666666666665	0.0	0.0	0.0
10	2257.1666666666665	4.0	46.0	10041.0
20	2008.5	1.0	6.0	5859.0
30	2311.3333333333335	1.0	155.0	9446.0
40	2316.8333333333335	0.0	74.0	11097.0
50	2603.6666666666665	0.0	10.0	10182.0
60	2594.5	0.0	78.0	9859.0
70	2630.8333333333335	0.0	17.0	8172.0
80	2557.3333333333335	2.0	77.0	7665.0
90	2415.6666666666665	0.0	7.0	7644.0
100	2378.8333333333335	0.0	23.0	6571.0
110	2526.6666666666665	0.0	64.0	10476.0
120	2636.6666666666665	0.0	98.0	12864.0
130	2721.3333333333335	0.0	34.0	8269.0
140	2108.0	1.0	58.0	8592.0
150	2640.1666666666665	0.0	53.0	10283.0
160	2508.5	1.0	107.0	12196.0
170	2669.5	7.0	96.0	11046.0
180	2699.1666666666665	0.0	88.0	10712.0
190	2841.8333333333335	0.0	72.0	7655.0
200	2438.8333333333335	1.0	46.0	7907.0
210	2815.6666666666665	0.0	105.0	12658.0
220	2407.0	0.0	4.0	5984.0
230	2562.5	4.0	176.0	9596.0
240	2830.8333333333335	0.0	89.0	7844.0
250	2178.1666666666665	1.0	104.0	8031.0
260	2639.0	0.0	106.0	8290.0
270	2882.5	1.0	100.0	9589.0
280	2862.5	3.0	96.0	7859.0
290	3307.6666666666665	0.0	166.0	9386.0
300	3214.6666666666665	3.0	174.0	11244.0
310	2626.1666666666665	0.0	169.0	13255.0
320	3220.0	0.0	204.0	8088.0
330	2833.0	1.0	117.0	7143.0
340	2802.0	2.0	152.0	6762.0
350	3277.3333333333335	1.0	223.0	9635.0
360	3156.6666666666665	1.0	252.0	10684.0
370	3422.6666666666665	0.0	140.0	8533.0
380	3151.8333333333335	2.0	285.0	13729.0
390	3471.3333333333335	1.0	129.0	9071.0
400	3356.1666666666665	4.0	166.0	8624.0
410	3375.0	0.0	317.0	11198.0
420	3700.5	3.0	143.0	9558.0
430	3550.6666666666665	2.0	323.0	12590.0
440	3343.6666666666665	2.0	177.0	10017.0
450	2985.8333333333335	0.0	161.0	9223.0
460	3426.6666666666665	0.0	135.0	10065.0
470	3454.8333333333335	2.0	201.0	12547.0
480	3826.3333333333335	1.0	349.0	14499.0
490	3501.3333333333335	0.0	91.0	10380.0
500	3790.1666666666665	1.0	132.0	8292.0
510	3907.8333333333335	0.0	149.0	13029.0
520	3526.6666666666665	2.0	168.0	8032.0
530	3532.6666666666665	0.0	119.0	8584.0
540	3593.0	2.0	206.0	11243.0
550	3707.3333333333335	0.0	131.0	11397.0
560	3708.3333333333335	0.0	242.0	9882.0
570	3033.6666666666665	0.0	231.0	10262.0
580	3684.5	0.0	82.0	7105.0
590	3786.6666666666665	0.0	180.0	8404.0
600	3577.3333333333335	3.0	322.0	12326.0
610	3914.0	0.0	275.0	9678.0
620	3519.0	0.0	250.0	11328.0
630	3807.3333333333335	0.0	243.0	10907.0
640	4054.3333333333335	1.0	179.0	9217.0
650	3190.3333333333335	2.0	170.0	7257.0
660	3961.3333333333335	0.0	134.0	10719.0
670	3970.0	2.0	186.0	10097.0
680	3627.0	0.0	221.0	10409.0
690	3603.0	0.0	199.0	8458.0
700	3858.6666666666665	4.0	215.0	11717.0
710	3761.3333333333335	0.0	134.0	7782.0
720	4087.3333333333335	2.0	152.0	10344.0
730	3461.3333333333335	3.0	201.0	12061.0
740	3892.1666666666665	0.0	259.0	12287.0
750	3621.3333333333335	0.0	392.0	8531.0
760	4182.166666666667	2.0	338.0	11424.0
770	3588.0	2.0	202.0	10391.0
780	3776.1666666666665	0.0	164.0	7191.0
790	3584.3333333333335	1.0	180.0	8829.0
800	3809.0	0.0	159.0	10951.0
