0	2620.3333333333335	0.0	0.0	0.0
10	2773.0	1000.0	1000.0	10101.0
20	2629.8333333333335	0.0	0.0	8563.0
30	2915.6666666666665	0.0	0.0	7755.0
40	2478.0	0.0	0.0	9203.0
50	2466.8333333333335	0.0	0.0	8944.0
60	2709.8333333333335	0.0	0.0	9757.0
70	2757.1666666666665	0.0	0.0	9824.0
80	2964.6666666666665	0.0	0.0	9395.0
90	3174.0	0.0	0.0	9631.0
100	3050.8333333333335	0.0	0.0	9864.0
110	3039.8333333333335	0.0	0.0	10968.0
120	2507.8333333333335	0.0	0.0	8996.0
130	3420.5	0.0	0.0	9863.0
140	2860.6666666666665	0.0	0.0	10152.0
150	3431.6666666666665	0.0	0.0	7984.0
160	3648.0	0.0	0.0	7868.0
170	3376.1666666666665	0.0	0.0	8503.0
180	3663.6666666666665	0.0	0.0	8040.0
190	3603.6666666666665	0.0	0.0	8916.0
200	3475.5	0.0	0.0	8796.0
210	3551.6666666666665	0.0	0.0	12353.0
220	3940.1666666666665	0.0	0.0	11889.0
230	2807.1666666666665	0.0	0.0	10454.0
240	3371.1666666666665	0.0	0.0	7453.0
250	3734.1666666666665	0.0	0.0	6820.0
260	3693.0	0.0	0.0	10434.0
270	3291.5	0.0	0.0	12290.0
280	3476.5	0.0	0.0	9152.0
290	3493.8333333333335	0.0	0.0	8628.0
300	3652.1666666666665	0.0	0.0	14671.0
310	3452.6666666666665	0.0	0.0	9073.0
320	3487.1666666666665	0.0	0.0	7880.0
330	3671.1666666666665	0.0	0.0	9934.0
340	3684.6666666666665	0.0	0.0	15617.0
350	3253.1666666666665	0.0	0.0	9754.0
360	3781.8333333333335	0.0	0.0	7850.0
370	3864.5	0.0	0.0	9881.0
380	3923.6666666666665	0.0	0.0	12110.0
390	3747.1666666666665	0.0	0.0	7571.0
400	3634.6666666666665	0.0	0.0	10660.0
410	3381.6666666666665	0.0	0.0	6954.0
420	3724.8333333333335	0.0	0.0	9688.0
430	3984.3333333333335	0.0	0.0	11777.0
440	3367.6666666666665	0.0	0.0	9694.0
450	3715.1666666666665	0.0	0.0	12109.0
460	3561.8333333333335	0.0	0.0	11893.0
470	3822.5	0.0	0.0	7901.0
480	3925.3333333333335	0.0	0.0	10273.0
490	3834.6666666666665	0.0	0.0	9787.0
500	3707.3333333333335	0.0	0.0	7776.0
510	3921.5	0.0	0.0	9208.0
520	3938.8333333333335	0.0	0.0	8696.0
530	3135.3333333333335	0.0	0.0	11455.0
540	3670.5	0.0	0.0	12645.0
550	4024.5	0.0	0.0	9696.0
560	3811.1666666666665	0.0	0.0	8918.0
570	3884.5	0.0	0.0	13539.0
580	3591.5	0.0	0.0	10869.0
590	3966.1666666666665	0.0	0.0	9795.0
600	3736.6666666666665	0.0	0.0	11731.0
