0	1652.5	0.0	0.0	0.0
10	2183.5	200.0	3529.0	11593.0
20	1939.5	90.0	2179.0	9458.0
30	2024.8333333333333	88.0	2434.0	10005.0
40	2341.3333333333335	52.0	2350.0	8667.0
50	2272.6666666666665	100.0	2365.0	9912.0
60	2276.5	54.0	2164.0	8209.0
70	2160.1666666666665	37.0	2472.0	7354.0
80	2156.3333333333335	45.0	1766.0	7092.0
90	2247.5	48.0	1837.0	7422.0
100	2291.8333333333335	61.0	4219.0	13095.0
110	2254.0	42.0	2405.0	8267.0
120	2397.5	56.0	2609.0	8458.0
130	2381.6666666666665	26.0	3059.0	10155.0
140	2507.0	35.0	3461.0	10086.0
150	2485.6666666666665	34.0	2734.0	8606.0
160	2695.1666666666665	11.0	2555.0	7575.0
170	2667.3333333333335	21.0	1832.0	8037.0
180	3231.5	0.0	0.0	10234.0
190	2811.3333333333335	0.0	0.0	9085.0
200	2719.1666666666665	0.0	0.0	9821.0
210	2793.0	0.0	0.0	8819.0
220	2862.1666666666665	0.0	0.0	12375.0
230	2742.0	0.0	0.0	10106.0
240	2683.1666666666665	0.0	0.0	9781.0
250	3340.1666666666665	0.0	0.0	9405.0
260	2547.8333333333335	0.0	0.0	9627.0
270	2916.6666666666665	0.0	0.0	8424.0
280	2940.0	0.0	0.0	9690.0
290	3059.0	0.0	0.0	10648.0
300	3476.1666666666665	0.0	0.0	9410.0
310	3493.0	0.0	0.0	9630.0
320	3069.3333333333335	0.0	0.0	11301.0
330	3476.3333333333335	0.0	0.0	10583.0
340	3390.0	0.0	0.0	10294.0
350	3171.8333333333335	0.0	0.0	12221.0
360	4047.8333333333335	0.0	0.0	12189.0
370	3230.1666666666665	0.0	0.0	12005.0
380	3685.6666666666665	0.0	0.0	11508.0
390	3484.0	0.0	0.0	7343.0
400	3073.0	0.0	0.0	12094.0
410	3320.1666666666665	0.0	0.0	16164.0
420	3880.6666666666665	0.0	0.0	7770.0
430	3673.0	0.0	0.0	10730.0
440	3488.3333333333335	0.0	0.0	9929.0
450	3611.3333333333335	0.0	0.0	11833.0
460	3054.1666666666665	0.0	0.0	11030.0
470	2760.1666666666665	0.0	0.0	10576.0
480	3474.0	0.0	0.0	9642.0
490	3091.5	0.0	0.0	9205.0
500	3694.5	0.0	0.0	11526.0
510	3638.3333333333335	0.0	0.0	9138.0
520	3545.3333333333335	0.0	0.0	12247.0
530	3817.8333333333335	0.0	0.0	11300.0
540	3786.1666666666665	0.0	0.0	13304.0
550	4039.3333333333335	0.0	0.0	10812.0
560	3679.3333333333335	0.0	0.0	10076.0
570	3957.8333333333335	0.0	0.0	12911.0
580	3908.8333333333335	0.0	0.0	8046.0
590	3241.6666666666665	0.0	0.0	9638.0
600	3322.3333333333335	0.0	0.0	10194.0
610	3583.0	0.0	0.0	12714.0
620	3858.0	0.0	0.0	9726.0
630	3518.6666666666665	0.0	0.0	9976.0
640	3754.0	0.0	0.0	7350.0
650	3866.8333333333335	0.0	0.0	7213.0
660	3618.3333333333335	0.0	0.0	13800.0
670	3599.5	0.0	0.0	10961.0
680	3751.5	0.0	0.0	9805.0
690	3449.8333333333335	0.0	0.0	9359.0
700	3457.3333333333335	0.0	0.0	10941.0
710	3898.8333333333335	0.0	0.0	10129.0
720	3605.6666666666665	0.0	0.0	10476.0
730	3408.8333333333335	0.0	0.0	9454.0
740	3782.0	0.0	0.0	10970.0
750	3832.0	0.0	0.0	8928.0
760	3718.3333333333335	0.0	0.0	7749.0
770	3921.0	0.0	0.0	12108.0
780	4170.666666666667	0.0	0.0	11002.0
790	3560.0	0.0	0.0	11119.0
800	4034.0	0.0	0.0	10770.0
810	3785.0	0.0	0.0	9896.0
820	3917.3333333333335	0.0	0.0	10877.0
830	3645.8333333333335	0.0	0.0	12041.0
840	4050.3333333333335	0.0	0.0	9997.0
850	3550.1666666666665	0.0	0.0	9021.0
860	3766.0	0.0	0.0	13853.0
870	3685.6666666666665	0.0	0.0	8278.0
880	3923.0	0.0	0.0	10752.0
890	3952.1666666666665	0.0	0.0	12863.0
900	3951.3333333333335	0.0	0.0	11042.0
910	3927.6666666666665	0.0	0.0	11227.0
920	3888.3333333333335	0.0	0.0	13014.0
930	3498.3333333333335	0.0	0.0	9711.0
940	3139.6666666666665	0.0	0.0	9291.0
950	3918.5	0.0	0.0	10348.0
960	4030.8333333333335	0.0	0.0	8718.0
970	3655.1666666666665	0.0	0.0	10759.0
980	3366.3333333333335	0.0	0.0	10737.0
990	3526.6666666666665	0.0	0.0	8035.0
1000	3794.1666666666665	0.0	0.0	9940.0
