0	239.0	0.0	0.0	0.0
10	1890.6666666666667	303.0	4261.0	9008.0
20	2072.3333333333335	98.0	3013.0	12792.0
30	2194.0	28.0	460.0	6283.0
40	2126.0	70.0	1447.0	8935.0
50	2216.3333333333335	36.0	727.0	6007.0
60	2245.0	47.0	959.0	7336.0
70	2393.8333333333335	126.0	2393.0	11896.0
80	2211.3333333333335	35.0	975.0	7799.0
90	2307.5	52.0	1198.0	9447.0
100	2409.5	82.0	1275.0	8201.0
110	2545.0	65.0	1952.0	10454.0
120	2247.0	58.0	97.0	8255.0
130	2116.1666666666665	0.0	0.0	8542.0
140	2455.6666666666665	0.0	0.0	9960.0
150	2523.5	0.0	0.0	7447.0
160	2420.1666666666665	0.0	0.0	7928.0
170	2499.1666666666665	0.0	0.0	7697.0
180	2577.6666666666665	0.0	0.0	8431.0
190	2470.6666666666665	0.0	0.0	6215.0
200	2075.3333333333335	0.0	0.0	10537.0
210	2496.6666666666665	0.0	0.0	6250.0
220	2400.3333333333335	0.0	0.0	5763.0
230	2549.0	0.0	0.0	6207.0
240	2352.5	0.0	0.0	9323.0
250	2343.6666666666665	0.0	0.0	5513.0
260	2716.8333333333335	0.0	0.0	8461.0
270	2331.3333333333335	0.0	0.0	7333.0
280	2837.3333333333335	0.0	0.0	7244.0
290	2527.1666666666665	0.0	0.0	7589.0
300	2519.1666666666665	0.0	0.0	9386.0
310	2373.6666666666665	0.0	0.0	9077.0
320	2731.5	0.0	0.0	9199.0
330	2475.0	0.0	0.0	10864.0
340	2436.1666666666665	0.0	0.0	6493.0
350	2563.5	0.0	0.0	7202.0
360	2662.6666666666665	0.0	0.0	7235.0
370	2366.0	0.0	0.0	9126.0
380	2410.0	0.0	0.0	7822.0
390	2386.6666666666665	0.0	0.0	8668.0
400	2462.1666666666665	0.0	0.0	7105.0
410	2759.8333333333335	0.0	0.0	9763.0
420	2514.6666666666665	0.0	0.0	7451.0
430	2587.3333333333335	0.0	0.0	9892.0
440	2882.8333333333335	0.0	0.0	8570.0
450	2774.0	0.0	0.0	10386.0
460	2487.3333333333335	0.0	0.0	9192.0
470	2992.6666666666665	0.0	0.0	11252.0
480	2800.6666666666665	0.0	0.0	9949.0
490	3488.1666666666665	0.0	0.0	9656.0
500	3285.1666666666665	0.0	0.0	9800.0
510	3416.3333333333335	0.0	0.0	8746.0
520	3248.5	0.0	0.0	10401.0
530	3218.1666666666665	0.0	0.0	10930.0
540	3312.0	0.0	0.0	9907.0
550	3279.5	0.0	0.0	11756.0
560	3797.8333333333335	0.0	0.0	8602.0
570	3386.6666666666665	0.0	0.0	10950.0
580	3626.0	0.0	0.0	11083.0
590	3521.6666666666665	0.0	0.0	10235.0
600	3427.0	0.0	0.0	8963.0
610	3294.0	0.0	0.0	9448.0
620	4143.333333333333	0.0	0.0	9237.0
630	3674.6666666666665	0.0	0.0	11508.0
640	3733.1666666666665	0.0	0.0	11648.0
650	3634.0	0.0	0.0	9104.0
660	3808.1666666666665	0.0	0.0	12531.0
670	3428.1666666666665	0.0	0.0	10856.0
680	3640.5	0.0	0.0	9909.0
690	3634.0	0.0	0.0	11974.0
700	3992.5	0.0	0.0	10834.0
710	3757.0	0.0	0.0	11989.0
720	3507.3333333333335	0.0	0.0	10181.0
730	3416.5	0.0	0.0	10683.0
740	3596.3333333333335	0.0	0.0	10935.0
750	3274.8333333333335	0.0	0.0	9763.0
760	3506.6666666666665	0.0	0.0	12952.0
770	3853.1666666666665	0.0	0.0	9633.0
780	3843.1666666666665	0.0	0.0	14681.0
790	3599.5	0.0	0.0	8775.0
800	3983.8333333333335	0.0	0.0	9548.0
810	3526.0	0.0	0.0	11342.0
820	3411.6666666666665	0.0	0.0	11969.0
830	3799.5	0.0	0.0	12555.0
840	3769.3333333333335	0.0	0.0	12988.0
850	3531.0	0.0	0.0	7479.0
860	3840.8333333333335	0.0	0.0	11364.0
870	3869.6666666666665	0.0	0.0	11687.0
880	3584.1666666666665	0.0	0.0	9018.0
890	4112.833333333333	0.0	0.0	9950.0
900	3544.0	0.0	0.0	9258.0
910	4209.333333333333	0.0	0.0	10484.0
920	3914.8333333333335	0.0	0.0	7453.0
930	3633.3333333333335	0.0	0.0	11408.0
940	4035.5	0.0	0.0	11190.0
950	3572.3333333333335	0.0	0.0	10516.0
960	3628.5	0.0	0.0	10277.0
970	3287.1666666666665	0.0	0.0	12005.0
980	3608.8333333333335	0.0	0.0	10240.0
990	3934.3333333333335	0.0	0.0	10511.0
1000	3887.5	0.0	0.0	9801.0
