0	2033.1666666666667	0.0	0.0	0.0
10	2330.1666666666665	193.0	859.0	7584.0
20	2276.3333333333335	357.0	1319.0	9501.0
30	2177.8333333333335	417.0	1535.0	7981.0
40	2496.0	33.0	140.0	8208.0
50	2218.0	0.0	0.0	6670.0
60	2275.8333333333335	0.0	0.0	10281.0
70	2389.3333333333335	0.0	0.0	10049.0
80	2340.6666666666665	0.0	0.0	9771.0
90	2512.0	0.0	0.0	7014.0
100	2371.1666666666665	0.0	0.0	6675.0
110	2635.8333333333335	0.0	0.0	7819.0
120	2673.5	0.0	0.0	8762.0
130	2424.6666666666665	0.0	0.0	6102.0
140	2054.3333333333335	0.0	0.0	8414.0
150	2674.6666666666665	0.0	0.0	8837.0
160	2053.6666666666665	0.0	0.0	7230.0
170	2856.6666666666665	0.0	0.0	13669.0
180	2858.3333333333335	0.0	0.0	9328.0
190	2919.1666666666665	0.0	0.0	8627.0
200	2483.3333333333335	0.0	0.0	4300.0
210	2662.5	0.0	0.0	6562.0
220	2745.8333333333335	0.0	0.0	8544.0
230	2038.3333333333333	0.0	0.0	8965.0
240	2441.5	0.0	0.0	7503.0
250	2598.8333333333335	0.0	0.0	7184.0
260	2700.3333333333335	0.0	0.0	7525.0
270	2726.8333333333335	0.0	0.0	7722.0
280	2360.5	0.0	0.0	9304.0
290	2338.1666666666665	0.0	0.0	9837.0
300	2554.3333333333335	0.0	0.0	9329.0
310	2382.1666666666665	0.0	0.0	9424.0
320	2336.8333333333335	0.0	0.0	8215.0
330	2606.6666666666665	0.0	0.0	7881.0
340	2894.3333333333335	0.0	0.0	10876.0
350	2644.6666666666665	0.0	0.0	7513.0
360	3018.6666666666665	0.0	0.0	10041.0
370	3133.5	0.0	0.0	7368.0
380	3203.5	0.0	0.0	8985.0
390	3174.0	0.0	0.0	9121.0
400	3047.3333333333335	0.0	0.0	12614.0
410	3142.1666666666665	0.0	0.0	8377.0
420	3410.6666666666665	0.0	0.0	10624.0
430	3494.0	0.0	0.0	9935.0
440	3434.1666666666665	0.0	0.0	8107.0
450	3186.1666666666665	0.0	0.0	10235.0
460	2963.8333333333335	0.0	0.0	10786.0
470	3437.1666666666665	0.0	0.0	9128.0
480	3930.8333333333335	0.0	0.0	10034.0
490	3455.5	0.0	0.0	10929.0
500	3428.0	0.0	0.0	10838.0
510	3632.6666666666665	0.0	0.0	13657.0
520	3325.6666666666665	0.0	0.0	9099.0
530	3840.5	0.0	0.0	9891.0
540	3419.1666666666665	0.0	0.0	6968.0
550	3465.1666666666665	0.0	0.0	10233.0
560	3928.5	0.0	0.0	5414.0
570	3043.3333333333335	0.0	0.0	11616.0
580	3382.8333333333335	0.0	0.0	9897.0
590	3959.0	0.0	0.0	10338.0
600	3361.1666666666665	0.0	0.0	9872.0
610	3521.0	0.0	0.0	10099.0
620	3534.8333333333335	0.0	0.0	6660.0
630	3482.0	0.0	0.0	13116.0
640	2782.6666666666665	0.0	0.0	9469.0
650	3649.0	0.0	0.0	13149.0
660	3871.3333333333335	0.0	0.0	9821.0
670	3415.8333333333335	0.0	0.0	6339.0
680	4030.0	0.0	0.0	11315.0
690	3504.8333333333335	0.0	0.0	11406.0
700	3386.8333333333335	0.0	0.0	9689.0
710	2996.8333333333335	0.0	0.0	9420.0
720	4116.166666666667	0.0	0.0	11561.0
730	3843.3333333333335	0.0	0.0	11732.0
740	3631.1666666666665	0.0	0.0	11084.0
750	3836.5	0.0	0.0	9937.0
760	3334.3333333333335	0.0	0.0	10208.0
770	3802.5	0.0	0.0	10278.0
780	4098.0	0.0	0.0	11920.0
790	3918.3333333333335	0.0	0.0	7148.0
800	3750.8333333333335	0.0	0.0	9496.0
