0	2345.5	0.0	0.0	0.0
10	2127.3333333333335	442.0	1845.0	9392.0
20	2114.3333333333335	328.0	1871.0	9666.0
30	2145.0	230.0	1107.0	8910.0
40	2407.5	0.0	0.0	11299.0
50	2630.3333333333335	0.0	0.0	12873.0
60	2415.5	0.0	0.0	11986.0
70	2660.8333333333335	0.0	0.0	9781.0
80	2078.8333333333335	0.0	0.0	7198.0
90	2306.6666666666665	0.0	0.0	10764.0
100	2388.0	0.0	0.0	7963.0
110	2308.8333333333335	0.0	0.0	11012.0
120	2324.3333333333335	0.0	0.0	8205.0
130	2507.0	0.0	0.0	10174.0
140	2516.1666666666665	0.0	0.0	11975.0
150	2579.0	0.0	0.0	4687.0
160	2579.1666666666665	0.0	0.0	11864.0
170	2530.5	0.0	0.0	8435.0
180	2563.0	0.0	0.0	6170.0
190	1928.0	0.0	0.0	9400.0
200	2500.0	0.0	0.0	9567.0
210	2644.1666666666665	0.0	0.0	7317.0
220	3040.8333333333335	0.0	0.0	8905.0
230	3376.6666666666665	0.0	0.0	6045.0
240	3317.6666666666665	0.0	0.0	8022.0
250	2820.5	0.0	0.0	10584.0
260	2996.8333333333335	0.0	0.0	11153.0
270	2776.3333333333335	0.0	0.0	10108.0
280	3165.5	0.0	0.0	7634.0
290	3470.5	0.0	0.0	8641.0
300	3209.6666666666665	0.0	0.0	7393.0
310	2986.1666666666665	0.0	0.0	12997.0
320	2939.6666666666665	0.0	0.0	11548.0
330	2840.8333333333335	0.0	0.0	11689.0
340	3153.8333333333335	0.0	0.0	10652.0
350	3145.5	0.0	0.0	9656.0
360	2958.1666666666665	0.0	0.0	10070.0
370	3133.3333333333335	0.0	0.0	8286.0
380	3574.5	0.0	0.0	8769.0
390	3482.3333333333335	0.0	0.0	10770.0
400	3542.5	0.0	0.0	11529.0
410	3569.0	0.0	0.0	12125.0
420	3305.3333333333335	0.0	0.0	11942.0
430	3563.3333333333335	0.0	0.0	8839.0
440	3296.5	0.0	0.0	12418.0
450	3672.0	0.0	0.0	8318.0
460	3727.1666666666665	0.0	0.0	10465.0
470	3617.1666666666665	0.0	0.0	8247.0
480	3525.5	0.0	0.0	10126.0
490	3668.3333333333335	0.0	0.0	10065.0
500	3879.5	0.0	0.0	9380.0
510	3943.0	0.0	0.0	12295.0
520	3430.6666666666665	0.0	0.0	7226.0
530	3766.8333333333335	0.0	0.0	10336.0
540	3263.3333333333335	0.0	0.0	9565.0
550	3071.5	0.0	0.0	10494.0
560	3257.5	0.0	0.0	9642.0
570	3614.0	0.0	0.0	11316.0
580	3681.5	0.0	0.0	9737.0
590	3938.8333333333335	0.0	0.0	9088.0
600	3621.3333333333335	0.0	0.0	11059.0
610	3899.8333333333335	0.0	0.0	9816.0
620	3882.1666666666665	0.0	0.0	9215.0
630	3576.1666666666665	0.0	0.0	9786.0
640	4038.3333333333335	0.0	0.0	10015.0
650	3853.1666666666665	0.0	0.0	9454.0
660	3209.8333333333335	0.0	0.0	9567.0
670	3860.3333333333335	0.0	0.0	7796.0
680	3622.8333333333335	0.0	0.0	10706.0
690	3763.1666666666665	0.0	0.0	12588.0
700	3945.6666666666665	0.0	0.0	10109.0
710	3667.1666666666665	0.0	0.0	12230.0
720	3946.6666666666665	0.0	0.0	10402.0
730	3816.8333333333335	0.0	0.0	11505.0
740	3750.0	0.0	0.0	11158.0
750	3893.3333333333335	0.0	0.0	8373.0
760	3645.3333333333335	0.0	0.0	9698.0
770	3864.0	0.0	0.0	9598.0
780	3915.8333333333335	0.0	0.0	8344.0
790	3632.3333333333335	0.0	0.0	10826.0
800	3624.1666666666665	0.0	0.0	13207.0
