0	2178.8333333333335	0.0	0.0	0.0
10	2052.8333333333335	502.0	5822.0	11226.0
20	2301.1666666666665	335.0	5215.0	10208.0
30	2579.0	163.0	2863.0	8674.0
40	2172.6666666666665	0.0	0.0	9700.0
50	2228.1666666666665	0.0	0.0	6113.0
60	2440.0	0.0	0.0	6768.0
70	2119.8333333333335	0.0	0.0	10304.0
80	1972.6666666666667	0.0	0.0	8900.0
90	2103.8333333333335	0.0	0.0	10946.0
100	2448.8333333333335	0.0	0.0	6259.0
110	2885.6666666666665	0.0	0.0	8245.0
120	2490.6666666666665	0.0	0.0	8491.0
130	2683.1666666666665	0.0	0.0	7945.0
140	2543.3333333333335	0.0	0.0	8964.0
150	3109.1666666666665	0.0	0.0	7876.0
160	2987.8333333333335	0.0	0.0	9535.0
170	3062.3333333333335	0.0	0.0	7497.0
180	2616.0	0.0	0.0	9033.0
190	2838.8333333333335	0.0	0.0	8262.0
200	2601.6666666666665	0.0	0.0	8264.0
210	3001.5	0.0	0.0	7154.0
220	2976.1666666666665	0.0	0.0	10515.0
230	2863.8333333333335	0.0	0.0	7789.0
240	3262.8333333333335	0.0	0.0	7552.0
250	2985.8333333333335	0.0	0.0	7890.0
260	3292.1666666666665	0.0	0.0	7656.0
270	2803.1666666666665	0.0	0.0	9058.0
280	3072.5	0.0	0.0	10544.0
290	3222.3333333333335	0.0	0.0	9626.0
300	3287.3333333333335	0.0	0.0	8232.0
310	2876.1666666666665	0.0	0.0	7545.0
320	3389.3333333333335	0.0	0.0	7966.0
330	3310.1666666666665	0.0	0.0	8471.0
340	3478.0	0.0	0.0	9372.0
350	3518.3333333333335	0.0	0.0	10278.0
360	2808.3333333333335	0.0	0.0	12759.0
370	3339.3333333333335	0.0	0.0	9763.0
380	3607.3333333333335	0.0	0.0	11697.0
390	3023.5	0.0	0.0	10963.0
400	3618.5	0.0	0.0	9376.0
410	3048.3333333333335	0.0	0.0	10032.0
420	3240.0	0.0	0.0	9682.0
430	3517.3333333333335	0.0	0.0	12223.0
440	3182.1666666666665	0.0	0.0	8799.0
450	3349.3333333333335	0.0	0.0	11715.0
460	3050.6666666666665	0.0	0.0	8284.0
470	3977.8333333333335	0.0	0.0	8148.0
480	3833.5	0.0	0.0	9543.0
490	3349.3333333333335	0.0	0.0	12081.0
500	3697.8333333333335	0.0	0.0	13474.0
510	3911.5	0.0	0.0	9610.0
520	3839.1666666666665	0.0	0.0	9489.0
530	3827.8333333333335	0.0	0.0	8747.0
540	3376.3333333333335	0.0	0.0	11198.0
550	3611.5	0.0	0.0	9710.0
560	3352.8333333333335	0.0	0.0	10149.0
570	3266.8333333333335	0.0	0.0	11287.0
580	3054.6666666666665	0.0	0.0	9565.0
590	3512.3333333333335	0.0	0.0	11880.0
600	3610.3333333333335	0.0	0.0	11100.0
610	3214.5	0.0	0.0	8884.0
620	4023.5	0.0	0.0	9204.0
630	3599.3333333333335	0.0	0.0	14742.0
640	3531.6666666666665	0.0	0.0	9871.0
650	3471.5	0.0	0.0	11055.0
660	3552.3333333333335	0.0	0.0	11571.0
670	3460.0	0.0	0.0	9057.0
680	4057.3333333333335	0.0	0.0	12656.0
690	3616.6666666666665	0.0	0.0	9356.0
700	3621.5	0.0	0.0	10010.0
710	3261.8333333333335	0.0	0.0	10351.0
720	3051.3333333333335	0.0	0.0	9371.0
730	3514.0	0.0	0.0	9120.0
740	3693.0	0.0	0.0	9244.0
750	3715.0	0.0	0.0	10419.0
760	3351.0	0.0	0.0	13036.0
770	3871.6666666666665	0.0	0.0	12079.0
780	3844.6666666666665	0.0	0.0	11481.0
790	3963.3333333333335	0.0	0.0	12980.0
800	3715.6666666666665	0.0	0.0	10416.0
