0	2541.3333333333335	0.0	0.0	0.0
10	2774.8333333333335	0.0	38.0	7496.0
20	2626.5	1.0	41.0	5331.0
30	2525.1666666666665	0.0	35.0	6030.0
40	2612.6666666666665	0.0	45.0	11929.0
50	2517.6666666666665	0.0	20.0	7209.0
60	2639.5	0.0	24.0	7129.0
70	2432.0	0.0	24.0	5995.0
80	2087.3333333333335	0.0	86.0	8263.0
90	2467.1666666666665	0.0	34.0	8993.0
100	2318.6666666666665	0.0	34.0	6798.0
110	2632.3333333333335	0.0	49.0	10799.0
120	2515.5	0.0	23.0	9041.0
130	2527.0	0.0	60.0	8681.0
140	3109.8333333333335	0.0	27.0	5718.0
150	2973.6666666666665	0.0	33.0	8951.0
160	2789.8333333333335	0.0	17.0	14094.0
170	2727.5	0.0	131.0	8584.0
180	3242.1666666666665	0.0	28.0	7747.0
190	2994.8333333333335	0.0	19.0	10127.0
200	2606.0	0.0	58.0	9899.0
210	3003.8333333333335	0.0	21.0	10937.0
220	3063.1666666666665	0.0	81.0	10109.0
230	3202.8333333333335	0.0	49.0	9784.0
240	2869.6666666666665	0.0	34.0	9263.0
250	3541.8333333333335	0.0	51.0	10871.0
260	3228.1666666666665	0.0	76.0	11728.0
270	3469.6666666666665	0.0	47.0	9013.0
280	3958.0	0.0	18.0	8027.0
290	3827.3333333333335	0.0	93.0	8470.0
300	3612.0	0.0	38.0	13806.0
310	3805.8333333333335	0.0	35.0	11422.0
320	3872.3333333333335	0.0	55.0	9715.0
330	3169.8333333333335	0.0	113.0	12882.0
340	3755.0	0.0	56.0	14024.0
350	3728.5	0.0	111.0	9873.0
360	3361.6666666666665	0.0	36.0	12794.0
370	3427.0	0.0	18.0	10289.0
380	3961.3333333333335	0.0	55.0	9701.0
390	3285.6666666666665	0.0	41.0	11052.0
400	3961.0	0.0	43.0	14726.0
410	3624.0	0.0	40.0	12189.0
420	3459.6666666666665	0.0	141.0	9682.0
430	3233.6666666666665	0.0	47.0	10024.0
440	3266.0	0.0	60.0	10781.0
450	3518.8333333333335	0.0	47.0	10263.0
460	3356.1666666666665	0.0	62.0	12295.0
470	2961.8333333333335	0.0	25.0	11981.0
480	3411.6666666666665	0.0	61.0	10478.0
490	3677.0	0.0	45.0	9355.0
500	3930.0	0.0	63.0	8940.0
510	3766.5	0.0	64.0	8527.0
520	3897.8333333333335	0.0	62.0	10094.0
530	3353.3333333333335	0.0	39.0	12323.0
540	3954.1666666666665	0.0	72.0	11366.0
550	3964.0	0.0	38.0	12960.0
560	3796.6666666666665	0.0	53.0	9985.0
570	2060.0	0.0	53.0	5931.0
580	3689.0	0.0	78.0	11207.0
590	4175.5	0.0	57.0	11576.0
600	3490.6666666666665	0.0	94.0	10240.0
610	3036.0	0.0	33.0	9012.0
620	3721.8333333333335	0.0	68.0	11854.0
630	3526.3333333333335	0.0	44.0	11918.0
640	3708.6666666666665	0.0	83.0	9812.0
650	3570.8333333333335	0.0	51.0	10636.0
660	2969.1666666666665	0.0	38.0	8623.0
670	3779.1666666666665	0.0	62.0	11472.0
680	3341.5	0.0	49.0	9423.0
690	3381.0	0.0	44.0	9533.0
700	3507.0	0.0	59.0	11236.0
710	4098.333333333333	0.0	41.0	10205.0
720	3444.0	0.0	74.0	8678.0
730	4027.1666666666665	0.0	55.0	9233.0
740	3549.0	0.0	69.0	10348.0
750	3740.6666666666665	0.0	102.0	12659.0
760	3772.1666666666665	0.0	79.0	12131.0
770	3539.8333333333335	0.0	34.0	11351.0
780	3837.8333333333335	0.0	18.0	9242.0
790	3854.6666666666665	0.0	84.0	9373.0
800	3947.8333333333335	0.0	42.0	9214.0
