0	2711.1666666666665	0.0	0.0	0.0
10	2548.5	1000.0	2355.0	10381.0
20	2338.5	0.0	0.0	6368.0
30	2698.3333333333335	0.0	0.0	10243.0
40	2342.5	0.0	0.0	11201.0
50	2597.8333333333335	0.0	0.0	6508.0
60	2398.3333333333335	0.0	0.0	7304.0
70	3265.8333333333335	0.0	0.0	5670.0
80	2961.8333333333335	0.0	0.0	9961.0
90	3123.1666666666665	0.0	0.0	6343.0
100	2908.0	0.0	0.0	10861.0
110	2517.6666666666665	0.0	0.0	8044.0
120	3253.3333333333335	0.0	0.0	6418.0
130	3061.3333333333335	0.0	0.0	13248.0
140	3065.5	0.0	0.0	9912.0
150	3713.0	0.0	0.0	8780.0
160	3037.6666666666665	0.0	0.0	9934.0
170	3338.3333333333335	0.0	0.0	8622.0
180	2822.5	0.0	0.0	10738.0
190	3027.1666666666665	0.0	0.0	11695.0
200	3385.3333333333335	0.0	0.0	8623.0
210	3280.8333333333335	0.0	0.0	8699.0
220	3284.1666666666665	0.0	0.0	8451.0
230	4144.666666666667	0.0	0.0	11829.0
240	3684.6666666666665	0.0	0.0	9003.0
250	3098.1666666666665	0.0	0.0	9969.0
260	3205.6666666666665	0.0	0.0	8345.0
270	3438.6666666666665	0.0	0.0	9130.0
280	3672.5	0.0	0.0	12029.0
290	3468.6666666666665	0.0	0.0	6788.0
300	3503.6666666666665	0.0	0.0	9708.0
310	3230.5	0.0	0.0	12980.0
320	3679.0	0.0	0.0	8992.0
330	3674.5	0.0	0.0	10078.0
340	3453.0	0.0	0.0	10299.0
350	3779.5	0.0	0.0	8183.0
360	3252.5	0.0	0.0	7813.0
370	3841.6666666666665	0.0	0.0	9590.0
380	3722.8333333333335	0.0	0.0	10662.0
390	3659.8333333333335	0.0	0.0	10241.0
400	4043.8333333333335	0.0	0.0	8520.0
410	4027.6666666666665	0.0	0.0	11014.0
420	3719.6666666666665	0.0	0.0	11514.0
430	3646.3333333333335	0.0	0.0	9113.0
440	3336.0	0.0	0.0	11102.0
450	4041.8333333333335	0.0	0.0	11818.0
460	3598.5	0.0	0.0	9927.0
470	3777.8333333333335	0.0	0.0	10523.0
480	3545.8333333333335	0.0	0.0	13231.0
490	3795.3333333333335	0.0	0.0	9916.0
500	3200.1666666666665	0.0	0.0	11284.0
510	3235.1666666666665	0.0	0.0	9242.0
520	3569.8333333333335	0.0	0.0	11613.0
530	3669.3333333333335	0.0	0.0	9080.0
540	3714.0	0.0	0.0	12070.0
550	3660.8333333333335	0.0	0.0	9138.0
560	3541.0	0.0	0.0	11024.0
570	3701.0	0.0	0.0	12397.0
580	3762.8333333333335	0.0	0.0	10951.0
590	3167.3333333333335	0.0	0.0	13529.0
600	3804.1666666666665	0.0	0.0	9274.0
