0	2858.5	0.0	0.0	0.0
10	2736.8333333333335	1000.0	2788.0	8995.0
20	2552.1666666666665	0.0	0.0	9432.0
30	3091.1666666666665	0.0	0.0	11961.0
40	2645.5	0.0	0.0	8539.0
50	3048.0	0.0	0.0	6696.0
60	3105.6666666666665	0.0	0.0	8791.0
70	3385.3333333333335	0.0	0.0	9159.0
80	2880.1666666666665	0.0	0.0	8955.0
90	3094.8333333333335	0.0	0.0	8325.0
100	2810.0	0.0	0.0	9144.0
110	3591.0	0.0	0.0	9987.0
120	3628.1666666666665	0.0	0.0	7772.0
130	3363.5	0.0	0.0	9093.0
140	3421.8333333333335	0.0	0.0	13610.0
150	3593.5	0.0	0.0	12596.0
160	3883.0	0.0	0.0	8855.0
170	3886.0	0.0	0.0	11750.0
180	3046.3333333333335	0.0	0.0	10816.0
190	3544.5	0.0	0.0	12901.0
200	3186.5	0.0	0.0	8130.0
210	3122.8333333333335	0.0	0.0	11681.0
220	3338.0	0.0	0.0	9905.0
230	3425.3333333333335	0.0	0.0	9611.0
240	3610.8333333333335	0.0	0.0	8812.0
250	3325.8333333333335	0.0	0.0	12172.0
260	3753.8333333333335	0.0	0.0	9516.0
270	3225.0	0.0	0.0	12300.0
280	3775.8333333333335	0.0	0.0	12591.0
290	3778.5	0.0	0.0	9796.0
300	3804.8333333333335	0.0	0.0	7496.0
310	3614.5	0.0	0.0	11329.0
320	3746.6666666666665	0.0	0.0	11126.0
330	3781.6666666666665	0.0	0.0	10277.0
340	3960.1666666666665	0.0	0.0	9945.0
350	3644.3333333333335	0.0	0.0	12101.0
360	3556.6666666666665	0.0	0.0	10849.0
370	4112.166666666667	0.0	0.0	11232.0
380	3650.1666666666665	0.0	0.0	11039.0
390	3863.5	0.0	0.0	9075.0
400	3642.8333333333335	0.0	0.0	10066.0
410	3503.0	0.0	0.0	8846.0
420	3826.0	0.0	0.0	12842.0
430	3998.6666666666665	0.0	0.0	13300.0
440	3517.3333333333335	0.0	0.0	12633.0
450	3980.6666666666665	0.0	0.0	13095.0
460	3573.1666666666665	0.0	0.0	11448.0
470	3822.3333333333335	0.0	0.0	10611.0
480	4044.3333333333335	0.0	0.0	10138.0
490	3775.1666666666665	0.0	0.0	9435.0
500	3927.0	0.0	0.0	10103.0
510	3277.6666666666665	0.0	0.0	9734.0
520	3115.1666666666665	0.0	0.0	9515.0
530	3009.0	0.0	0.0	7970.0
540	3586.6666666666665	0.0	0.0	11977.0
550	3663.1666666666665	0.0	0.0	12255.0
560	3821.8333333333335	0.0	0.0	11712.0
570	3527.6666666666665	0.0	0.0	10921.0
580	3937.5	0.0	0.0	13440.0
590	3933.6666666666665	0.0	0.0	10644.0
600	4127.166666666667	0.0	0.0	11787.0
