0	2302.25	0.0	0.0	0.0
10	2633.5	3.0	11022.0	11022.0
20	2897.0	25.0	12106.0	12106.0
30	2191.25	37.0	14821.0	14821.0
40	2180.5	21.0	8847.0	8847.0
50	2422.0	16.0	8699.0	8699.0
60	1871.0	17.0	7719.0	7719.0
70	2516.75	7.0	12310.0	12310.0
80	2711.0	5.0	9213.0	9213.0
90	2738.5	10.0	10087.0	10087.0
100	2920.75	4.0	6455.0	6455.0
110	2758.25	5.0	7599.0	7599.0
120	2919.0	9.0	8598.0	8598.0
130	3266.75	5.0	9125.0	9125.0
140	3083.75	11.0	9597.0	9597.0
150	2787.25	10.0	12373.0	12373.0
160	3240.0	11.0	13050.0	13050.0
170	3229.25	21.0	8369.0	8369.0
180	2511.0	17.0	9912.0	9912.0
190	2710.75	12.0	10254.0	10254.0
200	3191.0	6.0	9790.0	9790.0
210	3371.75	4.0	8574.0	8574.0
220	3125.0	6.0	10422.0	10422.0
230	3319.5	6.0	10960.0	10960.0
240	3314.75	4.0	9058.0	9058.0
250	3683.0	5.0	8014.0	8014.0
260	3181.75	3.0	6850.0	6850.0
270	2687.75	8.0	8126.0	8126.0
280	3290.0	10.0	11761.0	11761.0
290	3550.75	10.0	12068.0	12068.0
300	3226.0	6.0	9691.0	9691.0
310	3351.0	1.0	10532.0	10532.0
320	3592.25	6.0	9905.0	9905.0
330	3050.25	6.0	11560.0	11560.0
340	3235.25	4.0	7671.0	7671.0
350	3512.5	10.0	11048.0	11048.0
360	3705.25	13.0	11495.0	11495.0
370	3384.0	11.0	10422.0	10422.0
380	3838.0	13.0	11070.0	11070.0
390	3381.75	5.0	11741.0	11741.0
400	3492.0	15.0	11853.0	11853.0
410	3343.5	11.0	12443.0	12443.0
420	3562.5	7.0	13143.0	13143.0
430	3607.75	2.0	8051.0	8051.0
440	3995.5	4.0	11387.0	11387.0
450	3566.25	8.0	10863.0	10863.0
460	3490.5	7.0	11349.0	11349.0
470	3548.0	9.0	11363.0	11363.0
480	3540.5	10.0	12339.0	12339.0
490	3820.5	9.0	10239.0	10239.0
500	3522.25	7.0	14378.0	14378.0
510	3894.0	7.0	11407.0	11407.0
520	3524.75	4.0	9270.0	9270.0
530	3978.25	4.0	9529.0	9529.0
540	3382.75	7.0	7341.0	7341.0
550	3738.75	16.0	11704.0	11704.0
560	3552.75	13.0	11448.0	11448.0
570	3984.75	7.0	12911.0	12911.0
580	3798.5	2.0	10148.0	10148.0
590	3867.0	5.0	9291.0	9291.0
600	3596.0	3.0	11522.0	11522.0
610	3536.25	10.0	10694.0	10694.0
620	3935.75	14.0	12685.0	12685.0
630	3873.25	6.0	8903.0	8903.0
640	3833.25	4.0	10420.0	10420.0
650	3132.0	13.0	7842.0	7842.0
660	3871.5	6.0	10427.0	10427.0
670	3921.75	8.0	11587.0	11587.0
680	3827.0	9.0	11485.0	11485.0
690	4118.25	9.0	9020.0	9020.0
700	4083.75	6.0	9891.0	9891.0
710	3960.25	4.0	10027.0	10027.0
720	3743.25	8.0	9576.0	9576.0
730	3727.0	9.0	10151.0	10151.0
740	3935.0	3.0	9434.0	9434.0
750	3671.75	3.0	9139.0	9139.0
760	3799.0	3.0	10434.0	10434.0
770	4017.5	10.0	11657.0	11657.0
780	3874.5	9.0	11678.0	11678.0
790	4039.25	6.0	13049.0	13049.0
800	3606.25	2.0	14186.0	14186.0
