0	2902.5	0.0	0.0	0.0
10	2578.25	6.0	11731.0	11731.0
20	2778.5	26.0	14986.0	14986.0
30	2687.5	36.0	8792.0	8792.0
40	2695.75	14.0	10521.0	10521.0
50	2625.0	16.0	13654.0	13654.0
60	2464.25	23.0	10805.0	10805.0
70	2777.0	8.0	10879.0	10879.0
80	2966.75	24.0	9788.0	9788.0
90	2909.25	7.0	9734.0	9734.0
100	2992.0	17.0	10691.0	10691.0
110	2966.0	5.0	9865.0	9865.0
120	2378.75	8.0	9819.0	9819.0
130	2932.0	2.0	8874.0	8874.0
140	3093.0	5.0	10577.0	10577.0
150	2638.0	11.0	11862.0	11862.0
160	3050.25	7.0	10843.0	10843.0
170	2472.25	6.0	8849.0	8849.0
180	3065.5	8.0	12829.0	12829.0
190	3607.0	8.0	12959.0	12959.0
200	3549.75	12.0	11089.0	11089.0
210	2742.75	4.0	10642.0	10642.0
220	3438.5	5.0	9725.0	9725.0
230	3072.5	12.0	11825.0	11825.0
240	3123.25	6.0	9572.0	9572.0
250	3481.0	5.0	9550.0	9550.0
260	3292.25	3.0	10195.0	10195.0
270	3011.75	3.0	12380.0	12380.0
280	3300.0	4.0	12172.0	12172.0
290	3997.0	7.0	12794.0	12794.0
300	3356.75	11.0	13215.0	13215.0
310	3230.75	5.0	10466.0	10466.0
320	3710.0	6.0	12524.0	12524.0
330	3216.5	5.0	9134.0	9134.0
340	4260.0	2.0	9662.0	9662.0
350	3859.75	6.0	11196.0	11196.0
360	3552.5	10.0	12603.0	12603.0
370	3234.0	5.0	7079.0	7079.0
380	3995.0	9.0	12023.0	12023.0
390	3632.0	4.0	12567.0	12567.0
400	3725.25	4.0	9955.0	9955.0
410	3802.25	7.0	11789.0	11789.0
420	4173.5	8.0	13340.0	13340.0
430	3824.25	8.0	9239.0	9239.0
440	3340.0	4.0	13757.0	13757.0
450	3493.0	8.0	10581.0	10581.0
460	3969.75	8.0	10557.0	10557.0
470	3792.0	8.0	12790.0	12790.0
480	3925.25	4.0	8947.0	8947.0
490	3428.0	7.0	11783.0	11783.0
500	3759.25	14.0	13224.0	13224.0
510	3909.5	10.0	10067.0	10067.0
520	3439.25	7.0	9547.0	9547.0
530	3677.25	7.0	10280.0	10280.0
540	3216.5	7.0	10257.0	10257.0
550	4004.5	7.0	10000.0	10000.0
560	3726.5	8.0	11272.0	11272.0
570	3816.25	7.0	10975.0	10975.0
580	4168.75	9.0	10110.0	10110.0
590	3936.75	9.0	10610.0	10610.0
600	3362.5	3.0	9875.0	9875.0
610	3971.75	5.0	9535.0	9535.0
620	3943.25	6.0	9763.0	9763.0
630	3791.0	5.0	9437.0	9437.0
640	3820.0	15.0	11472.0	11472.0
650	3551.0	6.0	10582.0	10582.0
660	3619.75	5.0	11354.0	11354.0
670	3784.25	14.0	10933.0	10933.0
680	3925.75	5.0	10775.0	10775.0
690	3676.5	9.0	12074.0	12074.0
700	3352.0	4.0	8714.0	8714.0
710	3983.5	2.0	10256.0	10256.0
720	3848.5	8.0	11978.0	11978.0
730	3787.25	4.0	10200.0	10200.0
740	4269.0	4.0	7471.0	7471.0
750	3530.25	8.0	11136.0	11136.0
760	3576.75	11.0	12276.0	12276.0
770	3827.25	6.0	10017.0	10017.0
780	3627.25	1.0	9484.0	9484.0
790	4072.5	12.0	11923.0	11923.0
800	3955.75	9.0	11166.0	11166.0
