0	1685.1666666666667	0.0	0.0	0.0
10	1520.6666666666667	116.0	4646.0	7091.0
20	2055.5	163.0	8507.0	12928.0
30	2124.6666666666665	45.0	4603.0	8756.0
40	2200.1666666666665	55.0	5171.0	9789.0
50	2323.8333333333335	133.0	5782.0	11499.0
60	2136.1666666666665	43.0	5222.0	11013.0
70	2589.3333333333335	26.0	3734.0	7798.0
80	2466.6666666666665	15.0	4592.0	10584.0
90	2480.1666666666665	55.0	5282.0	11388.0
100	2654.5	56.0	5258.0	10254.0
110	1908.6666666666667	13.0	3739.0	8079.0
120	2364.0	24.0	3869.0	8765.0
130	2659.5	52.0	5958.0	12849.0
140	2279.6666666666665	11.0	3882.0	8322.0
150	2472.3333333333335	11.0	3331.0	6963.0
160	2268.3333333333335	28.0	2996.0	7780.0
170	2406.8333333333335	58.0	4111.0	8922.0
180	2231.1666666666665	29.0	3995.0	8639.0
190	2975.3333333333335	16.0	5075.0	11626.0
200	2844.5	11.0	3738.0	8060.0
210	3018.5	6.0	3956.0	8893.0
220	3066.6666666666665	9.0	4009.0	8900.0
230	2384.5	23.0	4684.0	9986.0
240	3064.5	2.0	1231.0	7404.0
250	3011.8333333333335	0.0	0.0	11075.0
260	2726.5	0.0	0.0	14049.0
270	3297.6666666666665	0.0	0.0	9131.0
280	3228.3333333333335	0.0	0.0	11213.0
290	2702.5	0.0	0.0	15569.0
300	3058.8333333333335	0.0	0.0	12892.0
310	3312.3333333333335	0.0	0.0	6938.0
320	3424.8333333333335	0.0	0.0	12045.0
330	2839.0	0.0	0.0	8351.0
340	3217.1666666666665	0.0	0.0	13380.0
350	2618.3333333333335	0.0	0.0	8380.0
360	3585.0	0.0	0.0	8073.0
370	3437.3333333333335	0.0	0.0	9244.0
380	2933.6666666666665	0.0	0.0	10982.0
390	3133.5	0.0	0.0	8842.0
400	3180.8333333333335	0.0	0.0	10173.0
410	3588.5	0.0	0.0	11018.0
420	3429.8333333333335	0.0	0.0	8982.0
430	3158.3333333333335	0.0	0.0	8872.0
440	3484.0	0.0	0.0	9568.0
450	3990.1666666666665	0.0	0.0	10261.0
460	3540.0	0.0	0.0	9909.0
470	3280.8333333333335	0.0	0.0	11625.0
480	3127.1666666666665	0.0	0.0	11399.0
490	3636.3333333333335	0.0	0.0	8283.0
500	3392.5	0.0	0.0	12043.0
510	3725.0	0.0	0.0	12384.0
520	2995.3333333333335	0.0	0.0	8886.0
530	3275.0	0.0	0.0	11136.0
540	4141.5	0.0	0.0	10363.0
550	3723.5	0.0	0.0	8125.0
560	3894.5	0.0	0.0	10428.0
570	3673.1666666666665	0.0	0.0	6986.0
580	3517.3333333333335	0.0	0.0	12278.0
590	3931.1666666666665	0.0	0.0	10414.0
600	3466.6666666666665	0.0	0.0	8991.0
610	3525.0	0.0	0.0	11146.0
620	3451.0	0.0	0.0	10024.0
630	3707.1666666666665	0.0	0.0	9470.0
640	3602.0	0.0	0.0	8546.0
650	3433.3333333333335	0.0	0.0	11826.0
660	3397.0	0.0	0.0	7798.0
670	3235.1666666666665	0.0	0.0	11311.0
680	4155.666666666667	0.0	0.0	9550.0
690	3482.0	0.0	0.0	10605.0
700	3874.3333333333335	0.0	0.0	12518.0
710	3683.1666666666665	0.0	0.0	10316.0
720	3796.5	0.0	0.0	9196.0
730	3843.0	0.0	0.0	10566.0
740	3896.1666666666665	0.0	0.0	8821.0
750	4228.0	0.0	0.0	10584.0
760	3912.1666666666665	0.0	0.0	12249.0
770	3596.8333333333335	0.0	0.0	8904.0
780	3783.5	0.0	0.0	7847.0
790	3466.3333333333335	0.0	0.0	12633.0
800	3313.3333333333335	0.0	0.0	12137.0
810	3765.6666666666665	0.0	0.0	9948.0
820	3735.8333333333335	0.0	0.0	8282.0
830	3694.6666666666665	0.0	0.0	10677.0
840	4131.166666666667	0.0	0.0	9140.0
850	3722.1666666666665	0.0	0.0	8085.0
860	3585.3333333333335	0.0	0.0	9200.0
870	3450.0	0.0	0.0	8401.0
880	3836.8333333333335	0.0	0.0	10501.0
890	3710.8333333333335	0.0	0.0	10840.0
900	3804.5	0.0	0.0	7324.0
910	3698.3333333333335	0.0	0.0	10231.0
920	3780.3333333333335	0.0	0.0	12140.0
930	3796.0	0.0	0.0	10214.0
940	3771.5	0.0	0.0	10975.0
950	3835.1666666666665	0.0	0.0	9195.0
960	3631.1666666666665	0.0	0.0	6905.0
970	3970.3333333333335	0.0	0.0	13098.0
980	3573.6666666666665	0.0	0.0	11750.0
990	3601.1666666666665	0.0	0.0	8549.0
1000	3863.3333333333335	0.0	0.0	9949.0
