0	235.33333333333334	0.0	0.0
10	2078.6666666666665	915.0	14224.0
20	1963.1666666666667	806.0	14787.0
30	2468.0	279.0	9297.0
40	2417.0	0.0	9223.0
50	2187.8333333333335	0.0	6532.0
60	2106.1666666666665	0.0	11279.0
70	2425.6666666666665	0.0	6941.0
80	2760.0	0.0	9141.0
90	2518.0	0.0	8023.0
100	2497.8333333333335	0.0	9625.0
110	2777.8333333333335	0.0	10174.0
120	2652.5	0.0	8451.0
130	2527.3333333333335	0.0	9046.0
140	2342.6666666666665	0.0	9319.0
150	2823.1666666666665	0.0	6627.0
160	2607.6666666666665	0.0	7060.0
170	2627.3333333333335	0.0	10485.0
180	2778.6666666666665	0.0	12047.0
190	2900.3333333333335	0.0	9749.0
200	3316.8333333333335	0.0	11123.0
210	2697.0	0.0	11306.0
220	3083.5	0.0	7967.0
230	2894.0	0.0	10008.0
240	3068.0	0.0	11474.0
250	2821.1666666666665	0.0	11634.0
260	3229.3333333333335	0.0	11452.0
270	3205.6666666666665	0.0	8423.0
280	3217.6666666666665	0.0	10475.0
290	3650.8333333333335	0.0	9394.0
300	3429.0	0.0	10818.0
310	3248.6666666666665	0.0	13122.0
320	3067.6666666666665	0.0	10625.0
330	3135.8333333333335	0.0	8970.0
340	2856.5	0.0	9415.0
350	3604.8333333333335	0.0	10087.0
360	3665.5	0.0	8826.0
370	3257.5	0.0	10483.0
380	3186.5	0.0	11645.0
390	3564.5	0.0	7448.0
400	3187.0	0.0	12453.0
410	3530.8333333333335	0.0	9799.0
420	3526.0	0.0	8545.0
430	3225.0	0.0	11711.0
440	3339.3333333333335	0.0	12246.0
450	3407.8333333333335	0.0	10933.0
460	3554.5	0.0	12009.0
470	3076.3333333333335	0.0	10331.0
480	3656.3333333333335	0.0	10446.0
490	4047.3333333333335	0.0	11377.0
500	3622.8333333333335	0.0	11856.0
510	3763.0	0.0	10310.0
520	3863.5	0.0	10069.0
530	3886.8333333333335	0.0	10189.0
540	3538.1666666666665	0.0	8503.0
550	3858.3333333333335	0.0	8506.0
560	3496.5	0.0	10680.0
570	3847.3333333333335	0.0	11668.0
580	3490.6666666666665	0.0	9411.0
590	3642.6666666666665	0.0	7593.0
600	3813.0	0.0	9660.0
610	3595.5	0.0	7128.0
620	3662.0	0.0	10277.0
630	3247.8333333333335	0.0	8444.0
640	3963.0	0.0	11285.0
650	3806.6666666666665	0.0	11264.0
660	3812.0	0.0	11893.0
670	3767.5	0.0	12484.0
680	3766.1666666666665	0.0	11917.0
690	4212.333333333333	0.0	11922.0
700	3481.0	0.0	11278.0
710	3881.1666666666665	0.0	9793.0
720	3841.8333333333335	0.0	9469.0
730	3943.1666666666665	0.0	8491.0
740	3877.0	0.0	10767.0
750	4027.8333333333335	0.0	8463.0
760	3988.1666666666665	0.0	11566.0
770	3833.5	0.0	9269.0
780	3727.1666666666665	0.0	12879.0
790	3881.8333333333335	0.0	12359.0
800	3712.1666666666665	0.0	9272.0
810	3356.0	0.0	11006.0
820	3144.6666666666665	0.0	9657.0
830	3749.8333333333335	0.0	11103.0
840	3214.0	0.0	9724.0
850	3774.3333333333335	0.0	9818.0
860	3686.6666666666665	0.0	8437.0
870	3693.0	0.0	10013.0
880	4175.333333333333	0.0	10592.0
890	4081.8333333333335	0.0	10581.0
900	3710.1666666666665	0.0	9352.0
910	3763.1666666666665	0.0	12742.0
920	3679.1666666666665	0.0	9344.0
930	3756.8333333333335	0.0	10211.0
940	3805.8333333333335	0.0	11590.0
950	3916.0	0.0	10778.0
960	3670.3333333333335	0.0	11786.0
970	4006.8333333333335	0.0	12259.0
980	3666.5	0.0	8922.0
990	3644.1666666666665	0.0	13084.0
1000	3960.1666666666665	0.0	10590.0
