0	268.0	0.0	0.0
10	2047.3333333333333	831.0	12781.0
20	1899.6666666666667	799.0	11501.0
30	2438.3333333333335	370.0	9855.0
40	2353.5	0.0	5761.0
50	2277.3333333333335	0.0	8476.0
60	2659.0	0.0	10431.0
70	2179.5	0.0	8908.0
80	2631.8333333333335	0.0	9257.0
90	2302.5	0.0	8123.0
100	2359.3333333333335	0.0	7516.0
110	2722.0	0.0	14117.0
120	2669.5	0.0	11413.0
130	2701.5	0.0	5073.0
140	2313.5	0.0	9420.0
150	2706.3333333333335	0.0	12501.0
160	3276.5	0.0	11319.0
170	2659.3333333333335	0.0	9983.0
180	2950.8333333333335	0.0	5898.0
190	2771.5	0.0	9744.0
200	3293.8333333333335	0.0	9740.0
210	3025.8333333333335	0.0	6296.0
220	3096.1666666666665	0.0	12639.0
230	2808.0	0.0	8514.0
240	3422.0	0.0	9414.0
250	3246.5	0.0	10697.0
260	3271.8333333333335	0.0	12849.0
270	3323.3333333333335	0.0	8168.0
280	3241.1666666666665	0.0	10963.0
290	3011.8333333333335	0.0	8871.0
300	2403.3333333333335	0.0	11209.0
310	3515.0	0.0	8495.0
320	3365.3333333333335	0.0	9219.0
330	3092.1666666666665	0.0	7920.0
340	3131.6666666666665	0.0	7474.0
350	3236.3333333333335	0.0	12014.0
360	3939.1666666666665	0.0	9300.0
370	3220.1666666666665	0.0	10581.0
380	3375.3333333333335	0.0	12499.0
390	4055.1666666666665	0.0	9434.0
400	3236.3333333333335	0.0	13208.0
410	3621.8333333333335	0.0	10869.0
420	3529.1666666666665	0.0	10130.0
430	3402.8333333333335	0.0	9498.0
440	3902.5	0.0	8803.0
450	3037.1666666666665	0.0	9391.0
460	3652.5	0.0	8922.0
470	3284.0	0.0	11027.0
480	3180.0	0.0	10758.0
490	3676.3333333333335	0.0	9124.0
500	3723.0	0.0	11940.0
510	3648.5	0.0	10850.0
520	4099.166666666667	0.0	12509.0
530	3891.3333333333335	0.0	11396.0
540	3896.3333333333335	0.0	11775.0
550	3682.5	0.0	12578.0
560	3791.0	0.0	10910.0
570	3791.8333333333335	0.0	12070.0
580	3857.6666666666665	0.0	10108.0
590	3594.3333333333335	0.0	11688.0
600	3986.1666666666665	0.0	9067.0
610	3769.8333333333335	0.0	11832.0
620	3906.0	0.0	12868.0
630	3876.1666666666665	0.0	12703.0
640	3991.0	0.0	9690.0
650	3636.0	0.0	10176.0
660	3526.5	0.0	9902.0
670	3604.6666666666665	0.0	6795.0
680	3605.1666666666665	0.0	12026.0
690	3920.1666666666665	0.0	8497.0
700	3708.6666666666665	0.0	12385.0
710	3498.6666666666665	0.0	12090.0
720	3795.8333333333335	0.0	14901.0
730	3611.0	0.0	9087.0
740	3763.0	0.0	10944.0
750	4005.0	0.0	9311.0
760	3907.1666666666665	0.0	9669.0
770	3737.1666666666665	0.0	10413.0
780	3627.6666666666665	0.0	11896.0
790	3691.0	0.0	14031.0
800	3824.5	0.0	11626.0
810	3511.0	0.0	9378.0
820	3762.1666666666665	0.0	9325.0
830	3839.0	0.0	10365.0
840	3873.5	0.0	8205.0
850	3791.8333333333335	0.0	11426.0
860	3459.3333333333335	0.0	6990.0
870	3953.0	0.0	9105.0
880	4005.0	0.0	11991.0
890	4172.0	0.0	8759.0
900	3605.8333333333335	0.0	10603.0
910	3837.6666666666665	0.0	10626.0
920	3839.5	0.0	12281.0
930	3921.5	0.0	11485.0
940	3887.3333333333335	0.0	9933.0
950	3941.8333333333335	0.0	11747.0
960	3967.6666666666665	0.0	10161.0
970	3828.5	0.0	6154.0
980	3840.5	0.0	10964.0
990	3812.1666666666665	0.0	8040.0
1000	3594.0	0.0	8984.0
