0	2345.6666666666665	0.0	0.0	0.0
10	2914.3333333333335	264.0	953.0	8004.0
20	2728.5	138.0	615.0	8752.0
30	2588.0	137.0	671.0	7644.0
40	2706.3333333333335	267.0	1025.0	10868.0
50	3044.3333333333335	194.0	689.0	10306.0
60	2679.1666666666665	0.0	0.0	8445.0
70	2811.0	0.0	0.0	7520.0
80	2811.6666666666665	0.0	0.0	8693.0
90	2511.8333333333335	0.0	0.0	6705.0
100	3210.8333333333335	0.0	0.0	7897.0
110	2978.0	0.0	0.0	7117.0
120	3170.1666666666665	0.0	0.0	9012.0
130	3220.0	0.0	0.0	12532.0
140	2657.0	0.0	0.0	10889.0
150	3034.1666666666665	0.0	0.0	10236.0
160	3403.1666666666665	0.0	0.0	9872.0
170	3481.5	0.0	0.0	9931.0
180	3143.8333333333335	0.0	0.0	6017.0
190	3445.5	0.0	0.0	11285.0
200	3605.0	0.0	0.0	7439.0
210	3665.6666666666665	0.0	0.0	11910.0
220	3152.6666666666665	0.0	0.0	10188.0
230	3460.6666666666665	0.0	0.0	7795.0
240	3491.1666666666665	0.0	0.0	9031.0
250	2953.3333333333335	0.0	0.0	8140.0
260	3663.1666666666665	0.0	0.0	11815.0
270	3650.0	0.0	0.0	10194.0
280	3321.3333333333335	0.0	0.0	9803.0
290	3008.5	0.0	0.0	8450.0
300	3352.5	0.0	0.0	10019.0
310	3355.5	0.0	0.0	8216.0
320	3153.3333333333335	0.0	0.0	12544.0
330	3804.3333333333335	0.0	0.0	8519.0
340	2947.3333333333335	0.0	0.0	7987.0
350	3385.5	0.0	0.0	9416.0
360	3365.0	0.0	0.0	8989.0
370	3901.3333333333335	0.0	0.0	11910.0
380	3689.3333333333335	0.0	0.0	11201.0
390	3127.5	0.0	0.0	10114.0
400	3811.0	0.0	0.0	10405.0
410	4012.1666666666665	0.0	0.0	9550.0
420	3827.3333333333335	0.0	0.0	7735.0
430	3479.1666666666665	0.0	0.0	9100.0
440	3576.6666666666665	0.0	0.0	14059.0
450	3828.5	0.0	0.0	12153.0
460	3382.0	0.0	0.0	11354.0
470	3641.3333333333335	0.0	0.0	12530.0
480	3587.8333333333335	0.0	0.0	10429.0
490	3044.3333333333335	0.0	0.0	10766.0
500	3711.5	0.0	0.0	12448.0
510	3930.6666666666665	0.0	0.0	11650.0
520	3885.0	0.0	0.0	9444.0
530	3273.3333333333335	0.0	0.0	10022.0
540	3668.6666666666665	0.0	0.0	11493.0
550	3752.1666666666665	0.0	0.0	11871.0
560	4004.1666666666665	0.0	0.0	11366.0
570	3805.0	0.0	0.0	11125.0
580	3513.1666666666665	0.0	0.0	13545.0
590	3978.3333333333335	0.0	0.0	6585.0
600	3667.8333333333335	0.0	0.0	12131.0
