0	2384.5	0.0	0.0	0.0
10	2419.3333333333335	161.0	651.0	8493.0
20	2477.0	150.0	977.0	7391.0
30	2706.3333333333335	62.0	647.0	7080.0
40	2455.3333333333335	257.0	1010.0	10200.0
50	2892.3333333333335	147.0	792.0	5937.0
60	2830.3333333333335	193.0	795.0	8088.0
70	2913.1666666666665	30.0	154.0	10725.0
80	2969.1666666666665	0.0	0.0	8729.0
90	2858.5	0.0	0.0	8178.0
100	2813.3333333333335	0.0	0.0	6292.0
110	3121.8333333333335	0.0	0.0	11235.0
120	2570.0	0.0	0.0	10631.0
130	3146.8333333333335	0.0	0.0	9035.0
140	3041.6666666666665	0.0	0.0	8413.0
150	2842.1666666666665	0.0	0.0	10014.0
160	2820.0	0.0	0.0	11101.0
170	3586.0	0.0	0.0	10030.0
180	3395.8333333333335	0.0	0.0	7947.0
190	3270.3333333333335	0.0	0.0	8705.0
200	3446.1666666666665	0.0	0.0	11697.0
210	3403.6666666666665	0.0	0.0	10467.0
220	3400.5	0.0	0.0	10136.0
230	3276.5	0.0	0.0	14973.0
240	3660.6666666666665	0.0	0.0	10458.0
250	3787.8333333333335	0.0	0.0	6054.0
260	3419.5	0.0	0.0	7558.0
270	3787.8333333333335	0.0	0.0	8967.0
280	3732.8333333333335	0.0	0.0	10467.0
290	3581.3333333333335	0.0	0.0	6812.0
300	3699.3333333333335	0.0	0.0	12581.0
310	3873.1666666666665	0.0	0.0	9085.0
320	3027.0	0.0	0.0	8965.0
330	3381.5	0.0	0.0	13388.0
340	3516.3333333333335	0.0	0.0	8315.0
350	3703.1666666666665	0.0	0.0	9117.0
360	3408.0	0.0	0.0	6095.0
370	3850.1666666666665	0.0	0.0	8407.0
380	3886.8333333333335	0.0	0.0	11733.0
390	3261.8333333333335	0.0	0.0	10008.0
400	3747.8333333333335	0.0	0.0	8881.0
410	3213.5	0.0	0.0	12035.0
420	3309.8333333333335	0.0	0.0	9406.0
430	3873.8333333333335	0.0	0.0	9702.0
440	3935.0	0.0	0.0	12235.0
450	3974.0	0.0	0.0	11687.0
460	3982.0	0.0	0.0	9664.0
470	4032.3333333333335	0.0	0.0	10527.0
480	3594.3333333333335	0.0	0.0	10202.0
490	3786.5	0.0	0.0	7909.0
500	3665.8333333333335	0.0	0.0	9128.0
510	3746.5	0.0	0.0	11104.0
520	3639.1666666666665	0.0	0.0	14746.0
530	3888.1666666666665	0.0	0.0	8710.0
540	3970.1666666666665	0.0	0.0	9981.0
550	3349.0	0.0	0.0	8718.0
560	3882.1666666666665	0.0	0.0	13153.0
570	3677.1666666666665	0.0	0.0	8593.0
580	3816.5	0.0	0.0	9441.0
590	3849.0	0.0	0.0	9739.0
600	3692.1666666666665	0.0	0.0	8517.0
