0	2146.5	0.0	0.0	0.0
10	2369.0	17796.0	17796.0	17796.0
20	2536.6666666666665	14277.0	14277.0	14277.0
30	2457.8333333333335	16608.0	16608.0	16608.0
40	2473.5	13677.0	13677.0	13677.0
50	2626.5	10024.0	10024.0	13052.0
60	2803.5	0.0	0.0	12034.0
70	3014.6666666666665	0.0	0.0	10537.0
80	3072.5	0.0	0.0	7876.0
90	3096.6666666666665	0.0	0.0	7833.0
100	2929.3333333333335	0.0	0.0	7823.0
110	3089.6666666666665	0.0	0.0	7939.0
120	3148.1666666666665	0.0	0.0	10560.0
130	3014.8333333333335	0.0	0.0	14086.0
140	2948.1666666666665	0.0	0.0	10673.0
150	3805.5	0.0	0.0	11173.0
160	3624.0	0.0	0.0	12733.0
170	3299.8333333333335	0.0	0.0	12134.0
180	3182.8333333333335	0.0	0.0	6562.0
190	3351.1666666666665	0.0	0.0	9412.0
200	3355.1666666666665	0.0	0.0	12608.0
210	3669.0	0.0	0.0	9703.0
220	3770.3333333333335	0.0	0.0	7263.0
230	3261.5	0.0	0.0	10000.0
240	2948.5	0.0	0.0	11221.0
250	3340.5	0.0	0.0	10770.0
260	3363.0	0.0	0.0	10306.0
270	3287.5	0.0	0.0	11516.0
280	3639.1666666666665	0.0	0.0	10676.0
290	3410.8333333333335	0.0	0.0	10258.0
300	3706.3333333333335	0.0	0.0	11154.0
310	3142.6666666666665	0.0	0.0	12800.0
320	3174.3333333333335	0.0	0.0	10167.0
330	3144.1666666666665	0.0	0.0	10499.0
340	3841.8333333333335	0.0	0.0	9706.0
350	3713.0	0.0	0.0	11145.0
360	4019.5	0.0	0.0	10466.0
370	3814.3333333333335	0.0	0.0	10437.0
380	3388.5	0.0	0.0	13799.0
390	3606.6666666666665	0.0	0.0	12758.0
400	3663.1666666666665	0.0	0.0	10631.0
410	3772.5	0.0	0.0	11042.0
420	3843.3333333333335	0.0	0.0	11674.0
430	3551.0	0.0	0.0	10385.0
440	3572.0	0.0	0.0	10579.0
450	3862.8333333333335	0.0	0.0	10557.0
460	3942.5	0.0	0.0	9346.0
470	3683.1666666666665	0.0	0.0	9421.0
480	3670.1666666666665	0.0	0.0	10620.0
490	3866.6666666666665	0.0	0.0	9464.0
500	3716.0	0.0	0.0	12944.0
510	3472.5	0.0	0.0	12032.0
520	4026.6666666666665	0.0	0.0	8945.0
530	3563.0	0.0	0.0	10150.0
540	3850.0	0.0	0.0	8755.0
550	3516.3333333333335	0.0	0.0	10399.0
560	3739.8333333333335	0.0	0.0	10358.0
570	3741.1666666666665	0.0	0.0	9667.0
580	3912.8333333333335	0.0	0.0	11394.0
590	4064.1666666666665	0.0	0.0	13776.0
600	3478.1666666666665	0.0	0.0	8572.0
610	3929.5	0.0	0.0	10513.0
620	3556.1666666666665	0.0	0.0	9789.0
630	3831.8333333333335	0.0	0.0	9728.0
640	3792.3333333333335	0.0	0.0	12263.0
650	3802.3333333333335	0.0	0.0	11639.0
660	3567.0	0.0	0.0	12644.0
670	3861.6666666666665	0.0	0.0	8589.0
680	3789.6666666666665	0.0	0.0	8921.0
690	3834.3333333333335	0.0	0.0	8536.0
700	3781.5	0.0	0.0	7042.0
710	3665.5	0.0	0.0	12525.0
720	3791.0	0.0	0.0	14034.0
730	4100.833333333333	0.0	0.0	11061.0
740	3794.8333333333335	0.0	0.0	7712.0
750	3914.1666666666665	0.0	0.0	9673.0
760	3789.1666666666665	0.0	0.0	7004.0
770	3572.6666666666665	0.0	0.0	11456.0
780	4021.3333333333335	0.0	0.0	8097.0
790	3668.8333333333335	0.0	0.0	12686.0
800	3842.8333333333335	0.0	0.0	8054.0
