0	2210.1666666666665	0.0	0.0	0.0
10	1924.8333333333333	13544.0	13544.0	13544.0
20	2178.0	15349.0	15349.0	15349.0
30	2769.3333333333335	13940.0	13940.0	13940.0
40	3021.1666666666665	12151.0	12151.0	12151.0
50	2838.6666666666665	14595.0	14595.0	14595.0
60	2939.6666666666665	2803.0	2803.0	9750.0
70	2817.0	0.0	0.0	9825.0
80	3595.6666666666665	0.0	0.0	9555.0
90	3476.1666666666665	0.0	0.0	10951.0
100	2866.6666666666665	0.0	0.0	9304.0
110	3493.5	0.0	0.0	9228.0
120	2980.5	0.0	0.0	8993.0
130	3442.3333333333335	0.0	0.0	7871.0
140	3189.5	0.0	0.0	8752.0
150	3359.8333333333335	0.0	0.0	9088.0
160	2701.6666666666665	0.0	0.0	12891.0
170	3697.6666666666665	0.0	0.0	10114.0
180	3464.5	0.0	0.0	10772.0
190	3633.0	0.0	0.0	7568.0
200	3885.8333333333335	0.0	0.0	10725.0
210	3342.6666666666665	0.0	0.0	10280.0
220	3508.1666666666665	0.0	0.0	9376.0
230	3457.3333333333335	0.0	0.0	12018.0
240	3668.3333333333335	0.0	0.0	12207.0
250	3591.8333333333335	0.0	0.0	8607.0
260	3579.6666666666665	0.0	0.0	13764.0
270	3658.8333333333335	0.0	0.0	8264.0
280	3561.0	0.0	0.0	13945.0
290	4023.8333333333335	0.0	0.0	11379.0
300	3519.1666666666665	0.0	0.0	12020.0
310	3820.1666666666665	0.0	0.0	8799.0
320	3504.3333333333335	0.0	0.0	9786.0
330	3879.1666666666665	0.0	0.0	9176.0
340	3566.6666666666665	0.0	0.0	8934.0
350	4010.3333333333335	0.0	0.0	12431.0
360	3362.1666666666665	0.0	0.0	12905.0
370	3662.3333333333335	0.0	0.0	9130.0
380	2901.8333333333335	0.0	0.0	11401.0
390	3679.1666666666665	0.0	0.0	11365.0
400	3838.8333333333335	0.0	0.0	10722.0
410	3678.5	0.0	0.0	12270.0
420	3499.3333333333335	0.0	0.0	12052.0
430	3393.8333333333335	0.0	0.0	11252.0
440	3210.6666666666665	0.0	0.0	9968.0
450	3721.6666666666665	0.0	0.0	11510.0
460	3942.5	0.0	0.0	11587.0
470	3477.5	0.0	0.0	12482.0
480	4068.1666666666665	0.0	0.0	8341.0
490	3773.6666666666665	0.0	0.0	9226.0
500	2782.0	0.0	0.0	10543.0
510	3769.0	0.0	0.0	11813.0
520	3340.1666666666665	0.0	0.0	8378.0
530	3944.6666666666665	0.0	0.0	8494.0
540	3925.1666666666665	0.0	0.0	11035.0
550	3638.8333333333335	0.0	0.0	11117.0
560	4018.8333333333335	0.0	0.0	13047.0
570	3357.5	0.0	0.0	8743.0
580	3896.1666666666665	0.0	0.0	10970.0
590	4087.6666666666665	0.0	0.0	9838.0
600	3559.5	0.0	0.0	9257.0
610	3755.0	0.0	0.0	9052.0
620	3765.3333333333335	0.0	0.0	10720.0
630	3652.5	0.0	0.0	10157.0
640	3605.1666666666665	0.0	0.0	9126.0
650	3769.8333333333335	0.0	0.0	9539.0
660	3545.1666666666665	0.0	0.0	8025.0
670	3481.6666666666665	0.0	0.0	9622.0
680	3822.3333333333335	0.0	0.0	11830.0
690	3575.3333333333335	0.0	0.0	10505.0
700	3647.1666666666665	0.0	0.0	11710.0
710	3843.6666666666665	0.0	0.0	10089.0
720	3542.1666666666665	0.0	0.0	9351.0
730	3965.5	0.0	0.0	10855.0
740	3723.0	0.0	0.0	10857.0
750	3851.5	0.0	0.0	5597.0
760	4021.1666666666665	0.0	0.0	13374.0
770	3120.1666666666665	0.0	0.0	9196.0
780	3709.5	0.0	0.0	10535.0
790	3953.8333333333335	0.0	0.0	10289.0
800	3674.1666666666665	0.0	0.0	9809.0
