0	250.5	0.0	0.0	0.0
10	2152.5	346.0	755.0	7012.0
20	2163.5	534.0	1271.0	10305.0
30	2156.25	120.0	241.0	10978.0
40	2271.5	0.0	0.0	7382.0
50	2482.5	0.0	0.0	8282.0
60	2326.5	0.0	0.0	11359.0
70	2097.0	0.0	0.0	13181.0
80	2135.5	0.0	0.0	10946.0
90	2343.5	0.0	0.0	8811.0
100	2525.5	0.0	0.0	11384.0
110	2667.75	0.0	0.0	12892.0
120	2677.75	0.0	0.0	9784.0
130	2688.75	0.0	0.0	13047.0
140	2943.75	0.0	0.0	10735.0
150	2911.25	0.0	0.0	7719.0
160	2450.25	0.0	0.0	9610.0
170	2321.0	0.0	0.0	11374.0
180	2155.5	0.0	0.0	9390.0
190	2206.25	0.0	0.0	7439.0
200	2547.0	0.0	0.0	7358.0
210	2833.0	0.0	0.0	13180.0
220	3009.75	0.0	0.0	7809.0
230	2566.0	0.0	0.0	7473.0
240	3290.75	0.0	0.0	8617.0
250	3085.5	0.0	0.0	12164.0
260	3077.25	0.0	0.0	11458.0
270	3330.75	0.0	0.0	8102.0
280	3272.0	0.0	0.0	9778.0
290	2735.25	0.0	0.0	12939.0
300	3478.0	0.0	0.0	9011.0
310	3041.5	0.0	0.0	11015.0
320	3015.0	0.0	0.0	13664.0
330	2806.75	0.0	0.0	8212.0
340	3767.25	0.0	0.0	9126.0
350	3521.5	0.0	0.0	11857.0
360	3536.25	0.0	0.0	9251.0
370	3800.5	0.0	0.0	12454.0
380	3305.25	0.0	0.0	10962.0
390	3602.25	0.0	0.0	7220.0
400	3676.75	0.0	0.0	11259.0
410	3462.0	0.0	0.0	8627.0
420	3357.75	0.0	0.0	9488.0
430	3735.75	0.0	0.0	9398.0
440	3494.0	0.0	0.0	9493.0
450	4147.0	0.0	0.0	13007.0
460	3725.75	0.0	0.0	8538.0
470	3743.0	0.0	0.0	11332.0
480	3787.5	0.0	0.0	11650.0
490	3764.5	0.0	0.0	10980.0
500	3495.25	0.0	0.0	9281.0
510	3769.5	0.0	0.0	8687.0
520	3651.25	0.0	0.0	8154.0
530	3716.5	0.0	0.0	6521.0
540	3019.75	0.0	0.0	11708.0
550	3811.5	0.0	0.0	8245.0
560	3733.75	0.0	0.0	9320.0
570	3641.0	0.0	0.0	11538.0
580	3536.75	0.0	0.0	9722.0
590	3926.0	0.0	0.0	13372.0
600	3469.75	0.0	0.0	8458.0
610	3068.0	0.0	0.0	11042.0
620	3814.0	0.0	0.0	8725.0
630	3393.25	0.0	0.0	8501.0
640	3834.25	0.0	0.0	9096.0
650	3307.75	0.0	0.0	10510.0
660	4375.25	0.0	0.0	11426.0
670	3705.25	0.0	0.0	11053.0
680	3319.0	0.0	0.0	11547.0
690	3915.5	0.0	0.0	12030.0
700	3587.0	0.0	0.0	11448.0
710	2869.75	0.0	0.0	7175.0
720	3551.75	0.0	0.0	10129.0
730	3382.75	0.0	0.0	9283.0
740	3985.5	0.0	0.0	9588.0
750	3505.75	0.0	0.0	11111.0
760	3645.25	0.0	0.0	14082.0
770	3979.5	0.0	0.0	13414.0
780	3632.0	0.0	0.0	10878.0
790	3872.75	0.0	0.0	10145.0
800	4112.75	0.0	0.0	8197.0
810	3963.0	0.0	0.0	9005.0
820	3984.25	0.0	0.0	9876.0
830	3723.25	0.0	0.0	11367.0
840	3970.5	0.0	0.0	11697.0
850	3664.0	0.0	0.0	10482.0
860	3590.5	0.0	0.0	8334.0
870	3611.75	0.0	0.0	10785.0
880	3593.75	0.0	0.0	10128.0
890	4175.5	0.0	0.0	9122.0
900	3860.5	0.0	0.0	8949.0
910	3746.75	0.0	0.0	9711.0
920	3912.5	0.0	0.0	11638.0
930	4072.75	0.0	0.0	13012.0
940	4043.75	0.0	0.0	11056.0
950	3991.75	0.0	0.0	10678.0
960	3760.75	0.0	0.0	10499.0
970	3850.5	0.0	0.0	9896.0
980	3628.25	0.0	0.0	8483.0
990	4248.75	0.0	0.0	9450.0
1000	3957.0	0.0	0.0	10611.0
