0	819.3333333333334	0.0	0.0	0.0
10	607.0	1000.0	1000.0	7139.0
20	972.3333333333334	0.0	0.0	4336.0
30	998.3333333333334	0.0	0.0	6380.0
40	1478.6666666666667	0.0	0.0	8285.0
50	1756.6666666666667	0.0	0.0	4590.0
60	1619.8333333333333	0.0	0.0	6612.0
70	2337.6666666666665	0.0	0.0	10511.0
80	2668.0	0.0	0.0	8730.0
90	2443.3333333333335	0.0	0.0	7263.0
100	2397.0	0.0	0.0	8890.0
110	2323.8333333333335	0.0	0.0	9624.0
120	2660.3333333333335	0.0	0.0	7919.0
130	2359.1666666666665	0.0	0.0	8212.0
140	2475.3333333333335	0.0	0.0	8749.0
150	1912.3333333333333	0.0	0.0	8482.0
160	1921.6666666666667	0.0	0.0	7118.0
170	1935.3333333333333	0.0	0.0	7139.0
180	2064.8333333333335	0.0	0.0	8890.0
190	1855.0	0.0	0.0	7228.0
200	2165.8333333333335	0.0	0.0	8741.0
210	1970.6666666666667	0.0	0.0	11224.0
220	1196.3333333333333	0.0	0.0	5440.0
230	851.3333333333334	0.0	0.0	5441.0
240	1655.8333333333333	0.0	0.0	6762.0
250	1587.3333333333333	0.0	0.0	7631.0
260	2205.5	0.0	0.0	6635.0
270	1597.5	0.0	0.0	9013.0
280	1715.6666666666667	0.0	0.0	5568.0
290	1883.6666666666667	0.0	0.0	9044.0
300	1833.0	0.0	0.0	8177.0
310	1891.6666666666667	0.0	0.0	8373.0
320	2048.1666666666665	0.0	0.0	8742.0
330	2210.3333333333335	0.0	0.0	8797.0
340	1757.6666666666667	0.0	0.0	8743.0
350	2293.6666666666665	0.0	0.0	8139.0
360	1893.8333333333333	0.0	0.0	9103.0
370	2573.8333333333335	0.0	0.0	9848.0
380	2366.6666666666665	0.0	0.0	7154.0
390	2322.3333333333335	0.0	0.0	8672.0
400	2039.6666666666667	0.0	0.0	8849.0
410	2253.5	0.0	0.0	8102.0
420	2274.6666666666665	0.0	0.0	7640.0
430	2306.5	0.0	0.0	12092.0
440	2205.1666666666665	0.0	0.0	9174.0
450	2240.8333333333335	0.0	0.0	6977.0
460	2424.6666666666665	0.0	0.0	6961.0
470	2314.0	0.0	0.0	7868.0
480	2324.6666666666665	0.0	0.0	9799.0
490	2247.5	0.0	0.0	7778.0
500	2361.3333333333335	0.0	0.0	10169.0
510	2162.0	0.0	0.0	9891.0
520	2213.6666666666665	0.0	0.0	7831.0
530	2416.8333333333335	0.0	0.0	8530.0
540	2488.0	0.0	0.0	9405.0
550	2482.0	0.0	0.0	8839.0
560	2421.3333333333335	0.0	0.0	9386.0
570	2558.6666666666665	0.0	0.0	8749.0
580	2204.1666666666665	0.0	0.0	9853.0
590	1890.8333333333333	0.0	0.0	9244.0
600	2142.6666666666665	0.0	0.0	9431.0
610	1940.8333333333333	0.0	0.0	6957.0
620	1728.3333333333333	0.0	0.0	9817.0
630	2434.5	0.0	0.0	7096.0
640	2262.8333333333335	0.0	0.0	7649.0
650	1891.3333333333333	0.0	0.0	9151.0
660	1869.6666666666667	0.0	0.0	11643.0
670	1864.0	0.0	0.0	7877.0
680	2427.6666666666665	0.0	0.0	9557.0
690	2505.0	0.0	0.0	8617.0
700	2245.0	0.0	0.0	10882.0
710	2316.3333333333335	0.0	0.0	9749.0
720	2747.1666666666665	0.0	0.0	9508.0
730	2374.0	0.0	0.0	7583.0
740	2251.8333333333335	0.0	0.0	10847.0
750	2125.0	0.0	0.0	7655.0
760	2579.6666666666665	0.0	0.0	8591.0
770	2425.0	0.0	0.0	8634.0
780	1789.1666666666667	0.0	0.0	8285.0
790	1912.8333333333333	0.0	0.0	8897.0
800	2546.0	0.0	0.0	8392.0
810	2214.0	0.0	0.0	9345.0
820	2526.3333333333335	0.0	0.0	8693.0
830	2562.0	0.0	0.0	11365.0
840	2255.3333333333335	0.0	0.0	9581.0
850	2444.6666666666665	0.0	0.0	9280.0
860	2507.8333333333335	0.0	0.0	7177.0
870	2489.3333333333335	0.0	0.0	8488.0
880	2406.1666666666665	0.0	0.0	6824.0
890	2414.0	0.0	0.0	8486.0
900	2295.1666666666665	0.0	0.0	8462.0
910	2421.1666666666665	0.0	0.0	10135.0
920	2327.3333333333335	0.0	0.0	8101.0
930	1624.3333333333333	0.0	0.0	8111.0
940	1642.3333333333333	0.0	0.0	8869.0
950	2730.8333333333335	0.0	0.0	6731.0
960	2490.0	0.0	0.0	9144.0
970	2576.6666666666665	0.0	0.0	9725.0
980	2394.0	0.0	0.0	9812.0
990	2570.6666666666665	0.0	0.0	8384.0
1000	1828.5	0.0	0.0	10072.0
