0	2139.8333333333335	0.0	0.0	0.0
10	2689.1666666666665	138.0	652.0	13194.0
20	2691.5	39.0	566.0	11996.0
30	2722.0	26.0	317.0	7452.0
40	2685.8333333333335	47.0	501.0	9851.0
50	2824.0	80.0	547.0	10397.0
60	2809.1666666666665	43.0	448.0	9775.0
70	2629.1666666666665	68.0	432.0	8780.0
80	2624.5	41.0	459.0	6986.0
90	2397.3333333333335	52.0	288.0	8535.0
100	2754.3333333333335	41.0	439.0	9228.0
110	3141.6666666666665	40.0	495.0	10476.0
120	2959.3333333333335	96.0	661.0	11797.0
130	2943.0	66.0	466.0	10156.0
140	3348.5	63.0	713.0	11770.0
150	2938.0	83.0	759.0	10952.0
160	3307.1666666666665	60.0	656.0	8957.0
170	2921.0	17.0	403.0	11454.0
180	3237.8333333333335	0.0	0.0	6005.0
190	3164.0	0.0	0.0	7061.0
200	3775.1666666666665	0.0	0.0	5743.0
210	3263.8333333333335	0.0	0.0	9466.0
220	3825.8333333333335	0.0	0.0	13240.0
230	3108.5	0.0	0.0	6920.0
240	3231.8333333333335	0.0	0.0	9517.0
250	3359.6666666666665	0.0	0.0	11101.0
260	3755.8333333333335	0.0	0.0	12233.0
270	3650.8333333333335	0.0	0.0	11139.0
280	3553.5	0.0	0.0	8887.0
290	3879.1666666666665	0.0	0.0	9128.0
300	3626.6666666666665	0.0	0.0	10742.0
310	3667.6666666666665	0.0	0.0	6417.0
320	3733.6666666666665	0.0	0.0	8768.0
330	3444.6666666666665	0.0	0.0	9360.0
340	3529.0	0.0	0.0	11684.0
350	3410.1666666666665	0.0	0.0	7960.0
360	3710.0	0.0	0.0	10021.0
370	3565.1666666666665	0.0	0.0	9222.0
380	3648.6666666666665	0.0	0.0	11939.0
390	3732.1666666666665	0.0	0.0	10262.0
400	3782.8333333333335	0.0	0.0	11496.0
410	3896.3333333333335	0.0	0.0	13565.0
420	3955.5	0.0	0.0	9432.0
430	3723.1666666666665	0.0	0.0	12801.0
440	3955.1666666666665	0.0	0.0	8103.0
450	3443.5	0.0	0.0	9139.0
460	4134.333333333333	0.0	0.0	11303.0
470	3506.1666666666665	0.0	0.0	8913.0
480	3865.6666666666665	0.0	0.0	12240.0
490	3894.1666666666665	0.0	0.0	8171.0
500	3636.6666666666665	0.0	0.0	9011.0
510	4031.8333333333335	0.0	0.0	11037.0
520	4007.6666666666665	0.0	0.0	9408.0
530	3948.5	0.0	0.0	10918.0
540	3699.6666666666665	0.0	0.0	9936.0
550	3447.1666666666665	0.0	0.0	11442.0
560	3999.8333333333335	0.0	0.0	9569.0
570	3820.6666666666665	0.0	0.0	11592.0
580	3630.1666666666665	0.0	0.0	9707.0
590	3400.5	0.0	0.0	8532.0
600	3764.0	0.0	0.0	11023.0
