0	2410.0	0.0	0.0	0.0
10	2643.6666666666665	0.0	8.0	9943.0
20	2762.5	0.0	55.0	9289.0
30	2915.8333333333335	0.0	30.0	11508.0
40	2764.1666666666665	0.0	61.0	11446.0
50	2715.6666666666665	0.0	38.0	10909.0
60	2595.5	0.0	122.0	8382.0
70	2941.3333333333335	0.0	33.0	9418.0
80	2616.5	0.0	18.0	8066.0
90	3005.0	0.0	37.0	7723.0
100	3065.6666666666665	0.0	57.0	10169.0
110	2452.1666666666665	0.0	50.0	10420.0
120	3134.6666666666665	2.0	79.0	12028.0
130	3616.5	0.0	27.0	6802.0
140	3450.6666666666665	0.0	87.0	11572.0
150	3210.3333333333335	0.0	109.0	8527.0
160	3118.0	0.0	126.0	8089.0
170	3385.5	0.0	49.0	9181.0
180	3145.3333333333335	0.0	23.0	7523.0
190	3252.6666666666665	0.0	89.0	13626.0
200	3335.5	0.0	66.0	10098.0
210	3709.6666666666665	0.0	115.0	9220.0
220	3588.0	0.0	109.0	12672.0
230	3441.1666666666665	1.0	150.0	7816.0
240	3680.1666666666665	0.0	131.0	9886.0
250	3401.5	0.0	67.0	11586.0
260	3372.0	0.0	50.0	11341.0
270	3778.1666666666665	1.0	228.0	13997.0
280	3661.0	0.0	29.0	9038.0
290	3621.5	0.0	118.0	8765.0
300	3010.5	1.0	99.0	10139.0
310	3621.3333333333335	0.0	65.0	7960.0
320	3150.6666666666665	0.0	152.0	8822.0
330	2971.8333333333335	1.0	133.0	12666.0
340	3492.5	0.0	74.0	11660.0
350	3851.1666666666665	0.0	71.0	10185.0
360	3661.6666666666665	1.0	79.0	9215.0
370	3673.3333333333335	0.0	77.0	11187.0
380	3774.1666666666665	0.0	74.0	10638.0
390	4005.6666666666665	0.0	49.0	9148.0
400	3751.1666666666665	0.0	72.0	10135.0
410	3842.1666666666665	0.0	153.0	13095.0
420	3607.3333333333335	0.0	27.0	8870.0
430	3588.5	0.0	45.0	11320.0
440	3722.0	0.0	27.0	11679.0
450	3781.1666666666665	0.0	56.0	10399.0
460	3636.6666666666665	0.0	58.0	9205.0
470	3946.3333333333335	0.0	79.0	9971.0
480	3774.0	1.0	21.0	7808.0
490	3448.6666666666665	0.0	73.0	8142.0
500	3490.0	0.0	50.0	10868.0
510	3566.8333333333335	0.0	63.0	9972.0
520	3854.3333333333335	0.0	58.0	8290.0
530	3654.3333333333335	0.0	56.0	7526.0
540	3641.5	0.0	89.0	10223.0
550	3618.3333333333335	0.0	53.0	8533.0
560	3495.6666666666665	0.0	158.0	10924.0
570	3254.6666666666665	0.0	48.0	11633.0
580	3564.5	0.0	75.0	9138.0
590	3646.5	2.0	131.0	10517.0
600	3786.8333333333335	0.0	45.0	8393.0
