0	2503.6666666666665	0.0	0.0	0.0
10	2708.3333333333335	0.0	76.0	12019.0
20	2673.1666666666665	0.0	26.0	8344.0
30	2504.5	0.0	20.0	9321.0
40	2779.6666666666665	0.0	81.0	9501.0
50	2536.6666666666665	0.0	83.0	10396.0
60	2920.8333333333335	0.0	81.0	7944.0
70	3024.6666666666665	0.0	34.0	9941.0
80	3173.1666666666665	0.0	72.0	11690.0
90	2979.5	0.0	7.0	6520.0
100	3208.8333333333335	0.0	52.0	11607.0
110	2703.1666666666665	1.0	96.0	8940.0
120	2457.3333333333335	0.0	42.0	9373.0
130	3081.5	0.0	62.0	11184.0
140	2887.8333333333335	2.0	61.0	9292.0
150	3386.6666666666665	0.0	93.0	8333.0
160	3350.6666666666665	0.0	70.0	8811.0
170	3563.1666666666665	1.0	50.0	11865.0
180	3350.8333333333335	0.0	77.0	9236.0
190	3802.8333333333335	0.0	104.0	13953.0
200	3197.8333333333335	2.0	101.0	10520.0
210	3212.0	0.0	16.0	8431.0
220	3717.6666666666665	0.0	89.0	11227.0
230	3182.3333333333335	0.0	130.0	10270.0
240	3405.3333333333335	0.0	82.0	11619.0
250	3397.8333333333335	0.0	7.0	12398.0
260	3104.1666666666665	0.0	80.0	11630.0
270	3557.6666666666665	0.0	183.0	10304.0
280	3301.5	0.0	21.0	7608.0
290	3783.1666666666665	0.0	77.0	10271.0
300	3661.1666666666665	0.0	73.0	9381.0
310	3661.1666666666665	2.0	66.0	10647.0
320	4018.8333333333335	0.0	155.0	9195.0
330	3624.0	0.0	111.0	11773.0
340	3243.8333333333335	0.0	44.0	13091.0
350	3322.6666666666665	0.0	116.0	11468.0
360	3480.8333333333335	0.0	25.0	13962.0
370	3849.6666666666665	0.0	32.0	11819.0
380	3560.6666666666665	0.0	123.0	10992.0
390	3825.0	0.0	77.0	11127.0
400	3530.5	0.0	56.0	9806.0
410	3485.0	0.0	88.0	10533.0
420	3694.0	1.0	100.0	10247.0
430	4065.8333333333335	2.0	122.0	13703.0
440	3978.0	1.0	79.0	10433.0
450	3809.0	0.0	42.0	11228.0
460	3953.5	0.0	114.0	10642.0
470	3882.1666666666665	0.0	83.0	8513.0
480	3955.1666666666665	0.0	111.0	9351.0
490	3660.5	0.0	133.0	12376.0
500	4128.333333333333	0.0	52.0	10974.0
510	3670.1666666666665	0.0	94.0	13307.0
520	3368.0	0.0	89.0	11017.0
530	3421.0	1.0	25.0	9052.0
540	4056.0	0.0	25.0	10145.0
550	3492.6666666666665	2.0	75.0	8679.0
560	3945.3333333333335	0.0	133.0	11154.0
570	3612.5	0.0	75.0	9416.0
580	3572.8333333333335	1.0	73.0	10824.0
590	3535.5	1.0	97.0	9808.0
600	3697.3333333333335	0.0	63.0	10075.0
