0	289.0	0.0	0.0	0.0
10	1868.8333333333333	678.0	10209.0	10243.0
20	2116.3333333333335	576.0	8215.0	8254.0
30	1676.0	599.0	8212.0	8245.0
40	1734.6666666666667	463.0	6879.0	6911.0
50	1895.5	794.0	10149.0	10182.0
60	2256.0	608.0	10905.0	10936.0
70	1991.8333333333333	602.0	8545.0	8585.0
80	2682.8333333333335	697.0	6732.0	9495.0
90	2836.1666666666665	0.0	0.0	6769.0
100	2404.3333333333335	0.0	0.0	9159.0
110	2676.6666666666665	0.0	0.0	8447.0
120	2679.0	0.0	0.0	6237.0
130	2748.0	0.0	0.0	8400.0
140	2457.5	0.0	0.0	9151.0
150	2710.8333333333335	0.0	0.0	10474.0
160	2978.5	0.0	0.0	8759.0
170	3132.3333333333335	0.0	0.0	10167.0
180	2991.5	0.0	0.0	12831.0
190	2725.3333333333335	0.0	0.0	10712.0
200	2916.8333333333335	0.0	0.0	8755.0
210	2746.8333333333335	0.0	0.0	11062.0
220	3177.3333333333335	0.0	0.0	6475.0
230	3284.5	0.0	0.0	11571.0
240	3119.8333333333335	0.0	0.0	9280.0
250	3564.8333333333335	0.0	0.0	11028.0
260	3084.5	0.0	0.0	11842.0
270	3179.8333333333335	0.0	0.0	11324.0
280	3043.6666666666665	0.0	0.0	11687.0
290	3415.8333333333335	0.0	0.0	10700.0
300	3402.0	0.0	0.0	11790.0
310	3851.8333333333335	0.0	0.0	9046.0
320	3349.6666666666665	0.0	0.0	11053.0
330	3306.8333333333335	0.0	0.0	10227.0
340	3684.8333333333335	0.0	0.0	13138.0
350	3753.6666666666665	0.0	0.0	7890.0
360	3438.1666666666665	0.0	0.0	11115.0
370	3213.5	0.0	0.0	9356.0
380	3499.0	0.0	0.0	12250.0
390	3461.1666666666665	0.0	0.0	11502.0
400	3346.5	0.0	0.0	10584.0
410	3455.3333333333335	0.0	0.0	9842.0
420	3660.8333333333335	0.0	0.0	10954.0
430	3364.5	0.0	0.0	9253.0
440	3683.0	0.0	0.0	11233.0
450	3680.0	0.0	0.0	10978.0
460	3866.6666666666665	0.0	0.0	12600.0
470	3571.8333333333335	0.0	0.0	7787.0
480	3510.5	0.0	0.0	10732.0
490	3523.3333333333335	0.0	0.0	8608.0
500	4034.5	0.0	0.0	9888.0
510	3910.5	0.0	0.0	11623.0
520	3821.5	0.0	0.0	11609.0
530	3742.3333333333335	0.0	0.0	10232.0
540	3704.6666666666665	0.0	0.0	12912.0
550	3834.1666666666665	0.0	0.0	10476.0
560	3760.3333333333335	0.0	0.0	13263.0
570	4346.666666666667	0.0	0.0	10293.0
580	3812.3333333333335	0.0	0.0	9413.0
590	3425.6666666666665	0.0	0.0	10507.0
600	3753.6666666666665	0.0	0.0	8033.0
610	3488.6666666666665	0.0	0.0	10702.0
620	3705.5	0.0	0.0	9053.0
630	3830.5	0.0	0.0	13400.0
640	3356.5	0.0	0.0	7709.0
650	4068.8333333333335	0.0	0.0	11221.0
660	3545.1666666666665	0.0	0.0	9092.0
670	3931.1666666666665	0.0	0.0	9435.0
680	3931.8333333333335	0.0	0.0	9995.0
690	3620.1666666666665	0.0	0.0	9725.0
700	3582.6666666666665	0.0	0.0	11315.0
710	4216.333333333333	0.0	0.0	10504.0
720	3546.6666666666665	0.0	0.0	11534.0
730	3756.5	0.0	0.0	9728.0
740	3381.0	0.0	0.0	10942.0
750	4001.8333333333335	0.0	0.0	10040.0
760	4000.5	0.0	0.0	10489.0
770	3754.6666666666665	0.0	0.0	10320.0
780	3667.8333333333335	0.0	0.0	8124.0
790	3545.0	0.0	0.0	9511.0
800	3773.1666666666665	0.0	0.0	11044.0
810	4197.666666666667	0.0	0.0	11075.0
820	4102.166666666667	0.0	0.0	8142.0
830	3774.8333333333335	0.0	0.0	8360.0
840	3775.6666666666665	0.0	0.0	9537.0
850	3542.0	0.0	0.0	9793.0
860	3676.6666666666665	0.0	0.0	9114.0
870	3959.1666666666665	0.0	0.0	11368.0
880	3750.1666666666665	0.0	0.0	11323.0
890	3863.1666666666665	0.0	0.0	10235.0
900	3782.0	0.0	0.0	8826.0
910	3948.3333333333335	0.0	0.0	9843.0
920	3835.8333333333335	0.0	0.0	9226.0
930	3712.5	0.0	0.0	8661.0
940	3755.1666666666665	0.0	0.0	13089.0
950	4024.0	0.0	0.0	11254.0
960	3930.8333333333335	0.0	0.0	11678.0
970	3885.8333333333335	0.0	0.0	10138.0
980	3654.3333333333335	0.0	0.0	11457.0
990	4048.1666666666665	0.0	0.0	11674.0
1000	3441.8333333333335	0.0	0.0	11119.0
