0	262.0	0.0	0.0	0.0
10	1929.5	1101.0	15152.0	15190.0
20	1996.3333333333333	587.0	11299.0	11347.0
30	1780.6666666666667	732.0	13102.0	13156.0
40	2288.1666666666665	1245.0	13758.0	13791.0
50	1883.1666666666667	399.0	7672.0	7702.0
60	2224.8333333333335	806.0	8863.0	10991.0
70	2430.3333333333335	0.0	0.0	9372.0
80	2497.8333333333335	0.0	0.0	8497.0
90	2472.3333333333335	0.0	0.0	7881.0
100	2479.3333333333335	0.0	0.0	7634.0
110	2519.6666666666665	0.0	0.0	7542.0
120	2705.8333333333335	0.0	0.0	9834.0
130	2581.6666666666665	0.0	0.0	8980.0
140	2813.3333333333335	0.0	0.0	6295.0
150	2969.5	0.0	0.0	10515.0
160	2601.5	0.0	0.0	11749.0
170	2803.6666666666665	0.0	0.0	9595.0
180	2776.0	0.0	0.0	7880.0
190	2775.5	0.0	0.0	8390.0
200	3267.0	0.0	0.0	9405.0
210	2928.0	0.0	0.0	9457.0
220	3304.6666666666665	0.0	0.0	11208.0
230	2627.3333333333335	0.0	0.0	10973.0
240	3087.3333333333335	0.0	0.0	6413.0
250	3186.3333333333335	0.0	0.0	8697.0
260	3211.3333333333335	0.0	0.0	10301.0
270	3747.1666666666665	0.0	0.0	12707.0
280	3338.5	0.0	0.0	8240.0
290	2959.6666666666665	0.0	0.0	10565.0
300	3217.8333333333335	0.0	0.0	12236.0
310	3141.0	0.0	0.0	11161.0
320	3539.3333333333335	0.0	0.0	10557.0
330	3729.6666666666665	0.0	0.0	11667.0
340	3412.1666666666665	0.0	0.0	10299.0
350	3717.8333333333335	0.0	0.0	7657.0
360	3139.8333333333335	0.0	0.0	14152.0
370	3589.0	0.0	0.0	12668.0
380	3613.5	0.0	0.0	11647.0
390	3524.3333333333335	0.0	0.0	11013.0
400	3430.8333333333335	0.0	0.0	10704.0
410	3282.1666666666665	0.0	0.0	8381.0
420	3739.0	0.0	0.0	8465.0
430	3499.0	0.0	0.0	10297.0
440	3198.8333333333335	0.0	0.0	12293.0
450	3538.8333333333335	0.0	0.0	10860.0
460	3643.6666666666665	0.0	0.0	13293.0
470	3772.1666666666665	0.0	0.0	8392.0
480	2820.5	0.0	0.0	10939.0
490	3584.0	0.0	0.0	9785.0
500	3027.6666666666665	0.0	0.0	11648.0
510	3013.8333333333335	0.0	0.0	10720.0
520	3616.3333333333335	0.0	0.0	11786.0
530	3254.3333333333335	0.0	0.0	11502.0
540	3605.1666666666665	0.0	0.0	9609.0
550	3469.0	0.0	0.0	11102.0
560	3643.8333333333335	0.0	0.0	11408.0
570	3842.3333333333335	0.0	0.0	11027.0
580	3967.0	0.0	0.0	13049.0
590	3568.6666666666665	0.0	0.0	9448.0
600	3876.0	0.0	0.0	10481.0
610	3382.5	0.0	0.0	10461.0
620	2914.3333333333335	0.0	0.0	10127.0
630	3520.8333333333335	0.0	0.0	9984.0
640	3551.6666666666665	0.0	0.0	11702.0
650	4116.166666666667	0.0	0.0	9768.0
660	3753.6666666666665	0.0	0.0	11645.0
670	3616.0	0.0	0.0	8060.0
680	3721.1666666666665	0.0	0.0	8578.0
690	3514.3333333333335	0.0	0.0	11551.0
700	3754.0	0.0	0.0	12504.0
710	3567.3333333333335	0.0	0.0	14689.0
720	3722.3333333333335	0.0	0.0	10813.0
730	3706.1666666666665	0.0	0.0	11206.0
740	3540.5	0.0	0.0	9543.0
750	3531.1666666666665	0.0	0.0	7862.0
760	3665.1666666666665	0.0	0.0	8797.0
770	3694.8333333333335	0.0	0.0	10886.0
780	3664.3333333333335	0.0	0.0	13028.0
790	3801.6666666666665	0.0	0.0	8818.0
800	3670.5	0.0	0.0	11120.0
810	3726.3333333333335	0.0	0.0	8682.0
820	3715.3333333333335	0.0	0.0	11180.0
830	4098.333333333333	0.0	0.0	14071.0
840	3703.0	0.0	0.0	11808.0
850	3961.8333333333335	0.0	0.0	11286.0
860	3801.5	0.0	0.0	8653.0
870	4045.6666666666665	0.0	0.0	9419.0
880	3745.0	0.0	0.0	11480.0
890	3906.3333333333335	0.0	0.0	10032.0
900	3868.3333333333335	0.0	0.0	8705.0
910	3828.5	0.0	0.0	11219.0
920	3729.0	0.0	0.0	12216.0
930	3749.0	0.0	0.0	9772.0
940	3974.1666666666665	0.0	0.0	7003.0
950	3659.0	0.0	0.0	11858.0
960	3794.8333333333335	0.0	0.0	10560.0
970	3881.8333333333335	0.0	0.0	11381.0
980	3832.1666666666665	0.0	0.0	8288.0
990	3854.0	0.0	0.0	9172.0
1000	3682.0	0.0	0.0	9084.0
