0	261.3333333333333	0.0	0.0	0.0
10	1914.8333333333333	922.0	10935.0	10995.0
20	2201.3333333333335	715.0	11144.0	11182.0
30	2188.6666666666665	941.0	12653.0	12689.0
40	2100.3333333333335	502.0	9378.0	9412.0
50	2323.1666666666665	1121.0	12873.0	12905.0
60	2378.0	748.0	10911.0	10952.0
70	2114.5	168.0	1952.0	10049.0
80	2371.6666666666665	0.0	0.0	9259.0
90	2434.1666666666665	0.0	0.0	9473.0
100	2772.0	0.0	0.0	9561.0
110	2809.6666666666665	0.0	0.0	9468.0
120	2576.1666666666665	0.0	0.0	7621.0
130	2690.1666666666665	0.0	0.0	7606.0
140	2852.0	0.0	0.0	6409.0
150	2513.1666666666665	0.0	0.0	4524.0
160	3096.1666666666665	0.0	0.0	6501.0
170	2568.6666666666665	0.0	0.0	7066.0
180	2887.5	0.0	0.0	8830.0
190	2780.5	0.0	0.0	8117.0
200	2581.3333333333335	0.0	0.0	7934.0
210	2819.1666666666665	0.0	0.0	11077.0
220	2785.8333333333335	0.0	0.0	10505.0
230	2787.1666666666665	0.0	0.0	9681.0
240	3435.6666666666665	0.0	0.0	11233.0
250	2976.1666666666665	0.0	0.0	8559.0
260	2855.3333333333335	0.0	0.0	12264.0
270	2992.3333333333335	0.0	0.0	9385.0
280	3004.1666666666665	0.0	0.0	10348.0
290	3136.8333333333335	0.0	0.0	13920.0
300	3137.1666666666665	0.0	0.0	10421.0
310	3236.3333333333335	0.0	0.0	9333.0
320	3318.5	0.0	0.0	10233.0
330	3293.6666666666665	0.0	0.0	8743.0
340	3498.6666666666665	0.0	0.0	8340.0
350	3378.8333333333335	0.0	0.0	12594.0
360	3936.3333333333335	0.0	0.0	10441.0
370	3043.3333333333335	0.0	0.0	12068.0
380	3845.0	0.0	0.0	10487.0
390	3276.6666666666665	0.0	0.0	8178.0
400	3883.6666666666665	0.0	0.0	8199.0
410	3466.5	0.0	0.0	10069.0
420	3309.3333333333335	0.0	0.0	7732.0
430	3554.6666666666665	0.0	0.0	10979.0
440	3991.1666666666665	0.0	0.0	10574.0
450	3407.3333333333335	0.0	0.0	8021.0
460	2975.1666666666665	0.0	0.0	10361.0
470	3703.1666666666665	0.0	0.0	8346.0
480	3745.8333333333335	0.0	0.0	11723.0
490	3771.1666666666665	0.0	0.0	10493.0
500	3991.3333333333335	0.0	0.0	9966.0
510	3660.5	0.0	0.0	11799.0
520	3834.1666666666665	0.0	0.0	12834.0
530	3614.0	0.0	0.0	9887.0
540	2923.1666666666665	0.0	0.0	13869.0
550	3721.0	0.0	0.0	11431.0
560	3753.0	0.0	0.0	11134.0
570	3495.3333333333335	0.0	0.0	13171.0
580	3450.3333333333335	0.0	0.0	8954.0
590	3661.5	0.0	0.0	10157.0
600	3861.6666666666665	0.0	0.0	8795.0
610	3859.6666666666665	0.0	0.0	11693.0
620	3894.3333333333335	0.0	0.0	12347.0
630	3867.8333333333335	0.0	0.0	9974.0
640	3699.0	0.0	0.0	8610.0
650	3277.5	0.0	0.0	10790.0
660	3599.1666666666665	0.0	0.0	8436.0
670	3672.0	0.0	0.0	8868.0
680	3899.3333333333335	0.0	0.0	10641.0
690	3902.3333333333335	0.0	0.0	10023.0
700	3865.1666666666665	0.0	0.0	10267.0
710	3750.8333333333335	0.0	0.0	11924.0
720	3598.6666666666665	0.0	0.0	12024.0
730	3832.8333333333335	0.0	0.0	9792.0
740	3680.1666666666665	0.0	0.0	11650.0
750	3524.6666666666665	0.0	0.0	11436.0
760	3556.8333333333335	0.0	0.0	10488.0
770	3628.1666666666665	0.0	0.0	10869.0
780	3703.5	0.0	0.0	9982.0
790	3576.8333333333335	0.0	0.0	11721.0
800	3838.8333333333335	0.0	0.0	10700.0
810	3505.1666666666665	0.0	0.0	11090.0
820	3773.3333333333335	0.0	0.0	11902.0
830	3951.5	0.0	0.0	8752.0
840	3822.6666666666665	0.0	0.0	10924.0
850	3789.6666666666665	0.0	0.0	10173.0
860	3511.1666666666665	0.0	0.0	11176.0
870	3808.8333333333335	0.0	0.0	12619.0
880	3776.1666666666665	0.0	0.0	9623.0
890	3874.8333333333335	0.0	0.0	12653.0
900	3894.6666666666665	0.0	0.0	9978.0
910	3894.1666666666665	0.0	0.0	8773.0
920	3867.3333333333335	0.0	0.0	12001.0
930	3238.6666666666665	0.0	0.0	6321.0
940	3911.0	0.0	0.0	8603.0
950	3706.5	0.0	0.0	9035.0
960	3483.8333333333335	0.0	0.0	9240.0
970	3935.8333333333335	0.0	0.0	8929.0
980	3982.1666666666665	0.0	0.0	10895.0
990	3758.0	0.0	0.0	8309.0
1000	4050.1666666666665	0.0	0.0	11027.0
