0	2334.5	0.0	0.0	0.0
10	2358.8333333333335	499.0	2768.0	7292.0
20	2222.3333333333335	501.0	2789.0	10040.0
30	2498.5	0.0	0.0	9144.0
40	2318.3333333333335	0.0	0.0	8289.0
50	2544.3333333333335	0.0	0.0	8534.0
60	2689.0	0.0	0.0	11793.0
70	2465.8333333333335	0.0	0.0	11555.0
80	2799.1666666666665	0.0	0.0	8104.0
90	2600.5	0.0	0.0	9523.0
100	2448.6666666666665	0.0	0.0	8717.0
110	2743.5	0.0	0.0	11814.0
120	2222.0	0.0	0.0	8917.0
130	2517.3333333333335	0.0	0.0	11948.0
140	2669.0	0.0	0.0	10879.0
150	2631.1666666666665	0.0	0.0	5632.0
160	2267.1666666666665	0.0	0.0	5473.0
170	2816.8333333333335	0.0	0.0	7003.0
180	2588.3333333333335	0.0	0.0	7447.0
190	2590.1666666666665	0.0	0.0	10912.0
200	2958.0	0.0	0.0	7500.0
210	2589.8333333333335	0.0	0.0	11895.0
220	2786.0	0.0	0.0	7897.0
230	3014.5	0.0	0.0	8056.0
240	3681.0	0.0	0.0	10536.0
250	2966.8333333333335	0.0	0.0	12200.0
260	3422.8333333333335	0.0	0.0	10614.0
270	2904.1666666666665	0.0	0.0	14540.0
280	3267.8333333333335	0.0	0.0	11132.0
290	3282.3333333333335	0.0	0.0	10769.0
300	3754.8333333333335	0.0	0.0	8498.0
310	3752.1666666666665	0.0	0.0	11504.0
320	3297.0	0.0	0.0	9798.0
330	3779.1666666666665	0.0	0.0	10573.0
340	3773.1666666666665	0.0	0.0	10546.0
350	3436.0	0.0	0.0	10942.0
360	3490.5	0.0	0.0	8575.0
370	3571.8333333333335	0.0	0.0	12337.0
380	3091.1666666666665	0.0	0.0	11380.0
390	3452.0	0.0	0.0	9965.0
400	3150.6666666666665	0.0	0.0	11419.0
410	3834.0	0.0	0.0	9818.0
420	3604.6666666666665	0.0	0.0	11042.0
430	3101.1666666666665	0.0	0.0	10003.0
440	3662.8333333333335	0.0	0.0	11429.0
450	3574.0	0.0	0.0	10102.0
460	3687.5	0.0	0.0	10349.0
470	3828.3333333333335	0.0	0.0	9997.0
480	3497.8333333333335	0.0	0.0	9646.0
490	3489.0	0.0	0.0	10509.0
500	3733.5	0.0	0.0	9333.0
510	3355.6666666666665	0.0	0.0	10654.0
520	3885.6666666666665	0.0	0.0	9750.0
530	3724.1666666666665	0.0	0.0	13324.0
540	3489.6666666666665	0.0	0.0	12283.0
550	3317.3333333333335	0.0	0.0	9201.0
560	4014.3333333333335	0.0	0.0	9525.0
570	3329.8333333333335	0.0	0.0	12651.0
580	4026.5	0.0	0.0	8975.0
590	3986.1666666666665	0.0	0.0	11422.0
600	3310.5	0.0	0.0	9697.0
610	3857.5	0.0	0.0	10109.0
620	3993.1666666666665	0.0	0.0	10527.0
630	3481.6666666666665	0.0	0.0	11739.0
640	3871.0	0.0	0.0	11415.0
650	3678.0	0.0	0.0	11534.0
660	4137.666666666667	0.0	0.0	11403.0
670	3957.1666666666665	0.0	0.0	12002.0
680	3638.3333333333335	0.0	0.0	10289.0
690	3392.3333333333335	0.0	0.0	9715.0
700	3824.3333333333335	0.0	0.0	9803.0
710	3370.6666666666665	0.0	0.0	9965.0
720	3749.6666666666665	0.0	0.0	11489.0
730	3838.1666666666665	0.0	0.0	13116.0
740	3308.6666666666665	0.0	0.0	6804.0
750	3535.5	0.0	0.0	7723.0
760	3832.0	0.0	0.0	14010.0
770	3762.8333333333335	0.0	0.0	8779.0
780	3913.0	0.0	0.0	12718.0
790	4022.8333333333335	0.0	0.0	10081.0
800	3756.8333333333335	0.0	0.0	12551.0
