0	2611.3333333333335	0.0	0.0	0.0
10	2645.6666666666665	1000.0	1459.0	9688.0
20	2645.6666666666665	0.0	0.0	7843.0
30	3260.0	0.0	0.0	5037.0
40	2045.3333333333333	0.0	0.0	7849.0
50	2990.0	0.0	0.0	6343.0
60	2742.0	0.0	0.0	6440.0
70	2229.0	0.0	0.0	11486.0
80	2877.0	0.0	0.0	6251.0
90	3004.6666666666665	0.0	0.0	10289.0
100	3302.0	0.0	0.0	9692.0
110	2793.6666666666665	0.0	0.0	12062.0
120	3339.1666666666665	0.0	0.0	12094.0
130	2835.5	0.0	0.0	6000.0
140	3304.1666666666665	0.0	0.0	8052.0
150	3085.1666666666665	0.0	0.0	10889.0
160	3167.8333333333335	0.0	0.0	7960.0
170	3590.5	0.0	0.0	11840.0
180	3399.6666666666665	0.0	0.0	9319.0
190	3561.5	0.0	0.0	8528.0
200	3126.0	0.0	0.0	10997.0
210	3326.0	0.0	0.0	13109.0
220	3287.5	0.0	0.0	9668.0
230	3628.6666666666665	0.0	0.0	9319.0
240	3467.8333333333335	0.0	0.0	10840.0
250	3633.0	0.0	0.0	10739.0
260	3267.1666666666665	0.0	0.0	10322.0
270	3266.1666666666665	0.0	0.0	8288.0
280	3402.1666666666665	0.0	0.0	8475.0
290	3673.3333333333335	0.0	0.0	12239.0
300	3518.5	0.0	0.0	5077.0
310	3387.8333333333335	0.0	0.0	10315.0
320	3098.0	0.0	0.0	9091.0
330	3441.5	0.0	0.0	10097.0
340	3699.1666666666665	0.0	0.0	9779.0
350	3420.1666666666665	0.0	0.0	9785.0
360	4108.0	0.0	0.0	7710.0
370	3737.8333333333335	0.0	0.0	11830.0
380	3935.6666666666665	0.0	0.0	11093.0
390	3401.1666666666665	0.0	0.0	11150.0
400	3440.5	0.0	0.0	11048.0
410	3851.8333333333335	0.0	0.0	11085.0
420	3687.8333333333335	0.0	0.0	9672.0
430	3510.1666666666665	0.0	0.0	10070.0
440	3861.0	0.0	0.0	10703.0
450	3955.6666666666665	0.0	0.0	10124.0
460	3631.3333333333335	0.0	0.0	8406.0
470	3661.3333333333335	0.0	0.0	9868.0
480	3269.6666666666665	0.0	0.0	10411.0
490	3581.3333333333335	0.0	0.0	10329.0
500	3358.1666666666665	0.0	0.0	11379.0
510	3626.3333333333335	0.0	0.0	11530.0
520	3331.0	0.0	0.0	11011.0
530	3584.3333333333335	0.0	0.0	9081.0
540	3352.8333333333335	0.0	0.0	10473.0
550	3803.3333333333335	0.0	0.0	9116.0
560	3881.3333333333335	0.0	0.0	10701.0
570	4178.666666666667	0.0	0.0	11131.0
580	4080.3333333333335	0.0	0.0	10388.0
590	3437.6666666666665	0.0	0.0	10457.0
600	3671.1666666666665	0.0	0.0	10282.0
