0	302.0	0.0	0.0	0.0
10	1992.5	1000.0	1000.0	8940.0
20	2131.0	0.0	0.0	10038.0
30	1943.0	0.0	0.0	6652.0
40	2274.0	0.0	0.0	9515.0
50	2195.5	0.0	0.0	11150.0
60	2090.5	0.0	0.0	9863.0
70	2364.25	0.0	0.0	9527.0
80	2493.5	0.0	0.0	11619.0
90	2457.25	0.0	0.0	9109.0
100	2691.25	0.0	0.0	8445.0
110	2430.75	0.0	0.0	8973.0
120	2614.75	0.0	0.0	6235.0
130	2868.25	0.0	0.0	8236.0
140	3011.75	0.0	0.0	10418.0
150	2583.0	0.0	0.0	8315.0
160	2788.0	0.0	0.0	11490.0
170	2629.0	0.0	0.0	7986.0
180	2348.0	0.0	0.0	9222.0
190	2175.0	0.0	0.0	7642.0
200	2129.25	0.0	0.0	9779.0
210	2215.75	0.0	0.0	11549.0
220	2300.75	0.0	0.0	11014.0
230	2359.0	0.0	0.0	11793.0
240	2773.5	0.0	0.0	10676.0
250	2344.0	0.0	0.0	9363.0
260	2872.0	0.0	0.0	8758.0
270	2762.25	0.0	0.0	7448.0
280	2544.75	0.0	0.0	11497.0
290	3316.75	0.0	0.0	12939.0
300	2844.25	0.0	0.0	11584.0
310	2865.25	0.0	0.0	7485.0
320	3067.75	0.0	0.0	9684.0
330	2642.25	0.0	0.0	9067.0
340	3651.0	0.0	0.0	11705.0
350	3488.0	0.0	0.0	10109.0
360	3245.75	0.0	0.0	11741.0
370	3743.75	0.0	0.0	11772.0
380	2982.5	0.0	0.0	10703.0
390	2812.25	0.0	0.0	11162.0
400	3227.0	0.0	0.0	7831.0
410	2886.0	0.0	0.0	11839.0
420	3585.0	0.0	0.0	9920.0
430	3853.0	0.0	0.0	13848.0
440	3143.0	0.0	0.0	11441.0
450	3446.25	0.0	0.0	10954.0
460	3768.75	0.0	0.0	8634.0
470	3209.5	0.0	0.0	10138.0
480	3525.5	0.0	0.0	8295.0
490	3462.25	0.0	0.0	12884.0
500	3380.0	0.0	0.0	11777.0
510	3748.25	0.0	0.0	9189.0
520	3340.75	0.0	0.0	9716.0
530	3823.5	0.0	0.0	11929.0
540	3955.75	0.0	0.0	9172.0
550	3866.75	0.0	0.0	9062.0
560	4108.0	0.0	0.0	9436.0
570	3786.25	0.0	0.0	12358.0
580	4191.0	0.0	0.0	8931.0
590	3611.0	0.0	0.0	13294.0
600	4011.5	0.0	0.0	11765.0
610	3400.0	0.0	0.0	10867.0
620	4183.75	0.0	0.0	8324.0
630	3098.0	0.0	0.0	7429.0
640	3474.25	0.0	0.0	7096.0
650	3181.5	0.0	0.0	11325.0
660	3182.0	0.0	0.0	9891.0
670	3322.5	0.0	0.0	9457.0
680	3346.25	0.0	0.0	12502.0
690	3499.75	0.0	0.0	7363.0
700	4009.25	0.0	0.0	12974.0
710	4343.25	0.0	0.0	11815.0
720	3834.0	0.0	0.0	9167.0
730	3877.0	0.0	0.0	11323.0
740	4127.5	0.0	0.0	8740.0
750	3709.25	0.0	0.0	11244.0
760	3605.0	0.0	0.0	10740.0
770	3442.0	0.0	0.0	11641.0
780	3946.25	0.0	0.0	9039.0
790	3873.25	0.0	0.0	9813.0
800	3924.0	0.0	0.0	9932.0
810	4374.5	0.0	0.0	7973.0
820	3813.5	0.0	0.0	10093.0
830	3578.0	0.0	0.0	12474.0
840	3848.0	0.0	0.0	10769.0
850	3627.5	0.0	0.0	12673.0
860	3742.5	0.0	0.0	11197.0
870	3728.5	0.0	0.0	9803.0
880	3459.5	0.0	0.0	8193.0
890	3717.5	0.0	0.0	10191.0
900	3960.0	0.0	0.0	10231.0
910	4260.75	0.0	0.0	11279.0
920	3793.25	0.0	0.0	11114.0
930	3449.0	0.0	0.0	9625.0
940	4233.25	0.0	0.0	9037.0
950	3768.25	0.0	0.0	9478.0
960	3731.25	0.0	0.0	10387.0
970	3601.75	0.0	0.0	7171.0
980	4006.0	0.0	0.0	11986.0
990	3969.25	0.0	0.0	8535.0
1000	4217.0	0.0	0.0	9944.0
