0	256.0	0.0	0.0	0.0
10	2075.75	1000.0	1000.0	10842.0
20	2079.75	0.0	0.0	9553.0
30	2198.5	0.0	0.0	9097.0
40	2396.75	0.0	0.0	9284.0
50	2263.5	0.0	0.0	12053.0
60	2440.25	0.0	0.0	12543.0
70	2368.0	0.0	0.0	4639.0
80	2546.25	0.0	0.0	10737.0
90	2561.0	0.0	0.0	9273.0
100	2506.75	0.0	0.0	11753.0
110	2528.0	0.0	0.0	7783.0
120	2488.0	0.0	0.0	6310.0
130	2371.5	0.0	0.0	8998.0
140	2609.75	0.0	0.0	7936.0
150	2591.5	0.0	0.0	6867.0
160	2646.5	0.0	0.0	11378.0
170	2902.5	0.0	0.0	9484.0
180	2228.75	0.0	0.0	8205.0
190	2291.75	0.0	0.0	7964.0
200	2488.0	0.0	0.0	13347.0
210	2316.75	0.0	0.0	9073.0
220	2376.75	0.0	0.0	7721.0
230	2221.75	0.0	0.0	5439.0
240	2493.5	0.0	0.0	8252.0
250	2584.75	0.0	0.0	8800.0
260	2363.25	0.0	0.0	8764.0
270	2951.25	0.0	0.0	6987.0
280	2358.25	0.0	0.0	9392.0
290	2569.0	0.0	0.0	7986.0
300	3161.0	0.0	0.0	5227.0
310	2976.0	0.0	0.0	8266.0
320	2436.75	0.0	0.0	9451.0
330	2814.0	0.0	0.0	6737.0
340	2646.0	0.0	0.0	9483.0
350	3251.5	0.0	0.0	12613.0
360	2547.0	0.0	0.0	7666.0
370	2992.5	0.0	0.0	7032.0
380	3283.0	0.0	0.0	8393.0
390	2592.5	0.0	0.0	8300.0
400	2665.0	0.0	0.0	10127.0
410	2709.25	0.0	0.0	12982.0
420	3366.25	0.0	0.0	12889.0
430	3472.0	0.0	0.0	8956.0
440	3006.5	0.0	0.0	12908.0
450	3051.25	0.0	0.0	10583.0
460	3164.25	0.0	0.0	11350.0
470	2638.75	0.0	0.0	7752.0
480	2929.25	0.0	0.0	9407.0
490	3369.75	0.0	0.0	11959.0
500	3632.25	0.0	0.0	9506.0
510	3123.25	0.0	0.0	11502.0
520	3888.0	0.0	0.0	11900.0
530	4033.75	0.0	0.0	10718.0
540	3210.75	0.0	0.0	12129.0
550	3419.25	0.0	0.0	9588.0
560	3442.75	0.0	0.0	11074.0
570	3350.5	0.0	0.0	10369.0
580	3818.75	0.0	0.0	10666.0
590	3173.5	0.0	0.0	10394.0
600	3883.0	0.0	0.0	9720.0
610	3433.25	0.0	0.0	8013.0
620	3533.0	0.0	0.0	6719.0
630	3237.25	0.0	0.0	10162.0
640	3150.75	0.0	0.0	8622.0
650	3595.0	0.0	0.0	7618.0
660	3310.5	0.0	0.0	8730.0
670	3907.75	0.0	0.0	11194.0
680	3574.75	0.0	0.0	10939.0
690	3678.75	0.0	0.0	10829.0
700	3447.75	0.0	0.0	9495.0
710	3600.75	0.0	0.0	8813.0
720	3551.75	0.0	0.0	12653.0
730	3775.25	0.0	0.0	9245.0
740	3873.5	0.0	0.0	8398.0
750	3910.0	0.0	0.0	10248.0
760	3690.0	0.0	0.0	10326.0
770	3247.5	0.0	0.0	7195.0
780	3821.25	0.0	0.0	9819.0
790	3693.25	0.0	0.0	9747.0
800	3678.25	0.0	0.0	8558.0
810	3829.5	0.0	0.0	10064.0
820	3705.0	0.0	0.0	7996.0
830	3513.5	0.0	0.0	9695.0
840	3975.0	0.0	0.0	9119.0
850	4110.0	0.0	0.0	8460.0
860	3611.25	0.0	0.0	12009.0
870	3578.5	0.0	0.0	11842.0
880	3987.75	0.0	0.0	9484.0
890	3811.5	0.0	0.0	7767.0
900	3944.75	0.0	0.0	10359.0
910	3401.5	0.0	0.0	11214.0
920	3396.0	0.0	0.0	9218.0
930	4125.25	0.0	0.0	9390.0
940	3855.0	0.0	0.0	11057.0
950	3843.25	0.0	0.0	10957.0
960	3655.75	0.0	0.0	12647.0
970	3906.25	0.0	0.0	7099.0
980	4046.25	0.0	0.0	9783.0
990	3658.75	0.0	0.0	13512.0
1000	3595.25	0.0	0.0	12093.0
