0	248.5	0.0	0.0	0.0
10	2065.5	1000.0	1000.0	9833.0
20	1994.5	0.0	0.0	8066.0
30	2178.0	0.0	0.0	11095.0
40	2104.25	0.0	0.0	7591.0
50	2042.75	0.0	0.0	8868.0
60	2279.75	0.0	0.0	6626.0
70	2051.5	0.0	0.0	9441.0
80	2327.5	0.0	0.0	8776.0
90	2346.25	0.0	0.0	6717.0
100	2422.75	0.0	0.0	11096.0
110	2164.5	0.0	0.0	6676.0
120	2150.75	0.0	0.0	9500.0
130	2510.25	0.0	0.0	12728.0
140	2312.0	0.0	0.0	8921.0
150	2687.25	0.0	0.0	5416.0
160	2440.0	0.0	0.0	8393.0
170	2363.75	0.0	0.0	11174.0
180	2668.0	0.0	0.0	8182.0
190	2603.25	0.0	0.0	11570.0
200	2636.25	0.0	0.0	6739.0
210	2365.0	0.0	0.0	10322.0
220	2681.5	0.0	0.0	10651.0
230	2943.75	0.0	0.0	8363.0
240	2800.75	0.0	0.0	8234.0
250	2377.0	0.0	0.0	9105.0
260	2223.0	0.0	0.0	8348.0
270	2429.0	0.0	0.0	8889.0
280	3125.75	0.0	0.0	13018.0
290	2614.25	0.0	0.0	7675.0
300	2424.5	0.0	0.0	6709.0
310	2660.0	0.0	0.0	7822.0
320	2450.25	0.0	0.0	7490.0
330	2272.5	0.0	0.0	10241.0
340	2878.75	0.0	0.0	11487.0
350	2997.5	0.0	0.0	8120.0
360	2714.25	0.0	0.0	12229.0
370	2860.25	0.0	0.0	6290.0
380	3059.5	0.0	0.0	9599.0
390	2655.75	0.0	0.0	10304.0
400	3001.75	0.0	0.0	8570.0
410	3354.0	0.0	0.0	10638.0
420	3148.5	0.0	0.0	9584.0
430	3397.25	0.0	0.0	10577.0
440	3376.0	0.0	0.0	11567.0
450	3316.75	0.0	0.0	9261.0
460	3324.5	0.0	0.0	10839.0
470	3556.0	0.0	0.0	11268.0
480	3077.75	0.0	0.0	7382.0
490	3377.75	0.0	0.0	13718.0
500	2987.0	0.0	0.0	10315.0
510	2843.25	0.0	0.0	8540.0
520	3620.0	0.0	0.0	8431.0
530	3718.0	0.0	0.0	11666.0
540	3485.5	0.0	0.0	9985.0
550	3397.75	0.0	0.0	13636.0
560	3666.25	0.0	0.0	11638.0
570	3674.25	0.0	0.0	11195.0
580	3399.5	0.0	0.0	8292.0
590	3712.0	0.0	0.0	14049.0
600	3575.5	0.0	0.0	13123.0
610	3581.75	0.0	0.0	14202.0
620	3435.0	0.0	0.0	9503.0
630	3035.0	0.0	0.0	11589.0
640	3523.0	0.0	0.0	9967.0
650	4317.75	0.0	0.0	12245.0
660	3976.75	0.0	0.0	10288.0
670	3449.5	0.0	0.0	11300.0
680	3375.0	0.0	0.0	10098.0
690	4040.25	0.0	0.0	10316.0
700	3859.0	0.0	0.0	8155.0
710	3348.25	0.0	0.0	10452.0
720	3684.25	0.0	0.0	11615.0
730	3884.0	0.0	0.0	13037.0
740	3968.0	0.0	0.0	12486.0
750	4040.5	0.0	0.0	9321.0
760	3252.0	0.0	0.0	11259.0
770	3074.75	0.0	0.0	9672.0
780	3773.25	0.0	0.0	12175.0
790	3895.75	0.0	0.0	6745.0
800	3670.75	0.0	0.0	13169.0
810	3276.25	0.0	0.0	12072.0
820	4045.75	0.0	0.0	10212.0
830	3639.5	0.0	0.0	10315.0
840	3703.5	0.0	0.0	9946.0
850	3921.0	0.0	0.0	8707.0
860	3685.25	0.0	0.0	9174.0
870	3937.75	0.0	0.0	11875.0
880	3879.25	0.0	0.0	7588.0
890	3161.75	0.0	0.0	11024.0
900	4069.75	0.0	0.0	9134.0
910	3865.0	0.0	0.0	10986.0
920	3543.5	0.0	0.0	11058.0
930	3594.75	0.0	0.0	10935.0
940	3974.0	0.0	0.0	10846.0
950	3911.0	0.0	0.0	8352.0
960	3906.75	0.0	0.0	12396.0
970	3789.75	0.0	0.0	10611.0
980	3930.25	0.0	0.0	9262.0
990	3313.0	0.0	0.0	8056.0
1000	3720.5	0.0	0.0	11794.0
