0	1456.6666666666667	0.0	0.0
10	2275.3333333333335	14.0	20000.0
20	2321.6666666666665	19.0	20000.0
30	2348.5	29.0	20000.0
40	2425.1666666666665	26.0	20000.0
50	2513.6666666666665	12.0	20000.0
60	2461.1666666666665	14.0	20000.0
70	2707.1666666666665	23.0	20000.0
80	2545.0	13.0	19496.0
90	2623.5	16.0	20000.0
100	2756.8333333333335	21.0	19933.0
110	2783.0	20.0	20000.0
120	2817.5	18.0	19358.0
130	2860.6666666666665	18.0	20000.0
140	2990.1666666666665	13.0	18908.0
150	2899.6666666666665	21.0	19807.0
160	3146.8333333333335	23.0	19898.0
170	3026.8333333333335	17.0	19431.0
180	3081.6666666666665	25.0	19237.0
190	3054.6666666666665	18.0	19170.0
200	3252.6666666666665	21.0	19224.0
210	3138.0	11.0	18485.0
220	3209.8333333333335	10.0	17938.0
230	3264.0	14.0	19524.0
240	2844.5	12.0	19264.0
250	3098.6666666666665	23.0	19700.0
260	2976.0	14.0	20000.0
270	3336.1666666666665	21.0	19450.0
280	3385.1666666666665	16.0	18311.0
290	3085.0	16.0	18944.0
300	2972.0	21.0	19197.0
310	2925.0	21.0	19607.0
320	2800.0	19.0	20000.0
330	2704.1666666666665	10.0	19391.0
340	2896.0	14.0	19605.0
350	2732.6666666666665	10.0	19689.0
360	2912.8333333333335	16.0	19811.0
370	2858.0	15.0	19534.0
380	2928.0	12.0	19647.0
390	3051.1666666666665	32.0	19801.0
400	2889.3333333333335	11.0	19754.0
410	3026.6666666666665	18.0	19575.0
420	2926.3333333333335	23.0	20000.0
430	3022.1666666666665	17.0	20000.0
440	3224.1666666666665	35.0	19226.0
450	3241.0	14.0	18920.0
460	2772.5	15.0	19683.0
470	2936.8333333333335	29.0	19441.0
480	3161.8333333333335	18.0	19343.0
490	3262.8333333333335	14.0	19806.0
500	3250.5	16.0	18876.0
510	3089.8333333333335	19.0	20000.0
520	3149.5	16.0	19565.0
530	3138.0	21.0	20000.0
540	3004.5	19.0	20000.0
550	3204.3333333333335	19.0	19777.0
560	3113.5	11.0	20000.0
570	3180.8333333333335	15.0	19818.0
580	3104.6666666666665	18.0	19179.0
590	3405.1666666666665	16.0	20000.0
600	3182.1666666666665	16.0	20000.0
610	3284.1666666666665	6.0	19329.0
620	3227.6666666666665	11.0	19746.0
630	3311.6666666666665	16.0	20000.0
640	3329.1666666666665	18.0	19284.0
650	3401.1666666666665	20.0	20000.0
660	3411.3333333333335	12.0	19538.0
670	3172.5	10.0	20000.0
680	3119.6666666666665	19.0	19439.0
690	3169.0	18.0	19772.0
700	3134.0	7.0	19534.0
710	3151.8333333333335	17.0	19815.0
720	3335.6666666666665	20.0	20000.0
730	3255.0	17.0	19748.0
740	3484.0	18.0	19490.0
750	3514.8333333333335	8.0	19709.0
760	3353.0	12.0	19772.0
770	3395.1666666666665	15.0	19826.0
780	3596.6666666666665	17.0	19451.0
790	3526.3333333333335	10.0	19868.0
800	3434.0	10.0	19608.0
810	3457.0	16.0	20000.0
820	3626.6666666666665	17.0	20000.0
830	3449.0	18.0	20000.0
840	3503.1666666666665	17.0	19655.0
850	3357.0	9.0	19227.0
860	3414.0	11.0	19441.0
870	3452.8333333333335	6.0	19902.0
880	3419.8333333333335	18.0	20000.0
890	3414.3333333333335	13.0	20000.0
900	3531.5	9.0	19650.0
910	3405.1666666666665	21.0	20000.0
920	3409.8333333333335	11.0	19708.0
930	3494.5	9.0	20000.0
940	3551.5	9.0	20000.0
950	3604.5	11.0	20000.0
960	3552.0	19.0	19756.0
970	3713.3333333333335	8.0	20000.0
980	3412.8333333333335	13.0	19863.0
990	3368.6666666666665	7.0	19889.0
1000	3708.1666666666665	9.0	19880.0
