0	1647.8333333333333	0.0	0.0	0.0
10	1612.0	0.0	0.0	6419.0
20	1687.0	0.0	0.0	6780.0
30	1521.3333333333333	0.0	0.0	9582.0
40	1571.8333333333333	0.0	0.0	8173.0
50	1744.1666666666667	0.0	0.0	7987.0
60	1674.0	0.0	0.0	7565.0
70	1622.0	0.0	0.0	6428.0
80	1679.3333333333333	0.0	0.0	6075.0
90	1521.3333333333333	0.0	0.0	7658.0
100	1526.0	0.0	0.0	7494.0
110	1628.5	0.0	0.0	3998.0
120	1606.0	0.0	0.0	7660.0
130	1560.6666666666667	0.0	0.0	8027.0
140	1592.3333333333333	0.0	0.0	7104.0
150	1365.5	0.0	0.0	7997.0
160	1394.6666666666667	0.0	0.0	7724.0
170	1239.5	0.0	0.0	7646.0
180	1618.6666666666667	0.0	0.0	7132.0
190	1668.3333333333333	0.0	0.0	7121.0
200	1588.0	0.0	0.0	6155.0
210	1314.0	0.0	0.0	5544.0
220	1446.3333333333333	0.0	0.0	6302.0
230	1451.8333333333333	0.0	0.0	8040.0
240	1558.0	0.0	0.0	8015.0
250	1417.6666666666667	0.0	0.0	6884.0
260	1310.6666666666667	0.0	0.0	6288.0
270	1572.1666666666667	0.0	0.0	6089.0
280	1468.3333333333333	0.0	0.0	6702.0
290	1554.0	0.0	0.0	5625.0
300	1566.3333333333333	0.0	0.0	5990.0
310	1425.0	0.0	0.0	5601.0
320	1424.6666666666667	0.0	0.0	7200.0
330	1380.3333333333333	0.0	0.0	5292.0
340	1528.6666666666667	0.0	0.0	10291.0
350	1423.0	0.0	0.0	7354.0
360	1390.0	0.0	0.0	6449.0
370	1291.0	0.0	0.0	6029.0
380	1316.0	0.0	0.0	7175.0
390	1457.3333333333333	0.0	0.0	6253.0
400	1382.0	0.0	0.0	6095.0
410	1389.6666666666667	0.0	0.0	5098.0
420	1396.6666666666667	0.0	0.0	6766.0
430	1444.0	0.0	0.0	6560.0
440	1327.6666666666667	0.0	0.0	6995.0
450	1282.6666666666667	0.0	0.0	5098.0
460	1368.6666666666667	0.0	0.0	8418.0
470	1448.3333333333333	0.0	0.0	6340.0
480	1132.3333333333333	0.0	0.0	5576.0
490	1311.0	0.0	0.0	5832.0
500	1382.3333333333333	0.0	0.0	6097.0
510	1273.6666666666667	0.0	0.0	5476.0
520	1304.3333333333333	0.0	0.0	6441.0
530	1286.3333333333333	0.0	0.0	5838.0
540	1322.0	0.0	0.0	4928.0
550	1312.0	0.0	0.0	6194.0
560	1234.3333333333333	0.0	0.0	5574.0
570	1351.6666666666667	0.0	0.0	5393.0
580	1265.3333333333333	0.0	0.0	4978.0
590	1342.3333333333333	0.0	0.0	7395.0
600	1235.0	0.0	0.0	4576.0
610	1394.0	0.0	0.0	4713.0
620	1283.0	0.0	0.0	5449.0
630	1415.6666666666667	0.0	0.0	5975.0
640	1223.0	0.0	0.0	7676.0
650	1393.6666666666667	0.0	0.0	7442.0
660	1221.6666666666667	0.0	0.0	5384.0
670	1312.0	0.0	0.0	6640.0
680	1441.6666666666667	0.0	0.0	5401.0
690	1308.0	0.0	0.0	5352.0
700	1399.3333333333333	0.0	0.0	6673.0
710	1220.3333333333333	0.0	0.0	5028.0
720	1307.3333333333333	0.0	0.0	5923.0
730	1185.3333333333333	0.0	0.0	4601.0
740	1361.6666666666667	0.0	0.0	6907.0
750	1177.0	0.0	0.0	5019.0
760	1182.6666666666667	0.0	0.0	5591.0
770	1302.0	0.0	0.0	5653.0
780	1416.3333333333333	0.0	0.0	5649.0
790	1213.6666666666667	0.0	0.0	5320.0
800	1384.3333333333333	0.0	0.0	4930.0
810	1334.0	0.0	0.0	7197.0
820	1141.3333333333333	0.0	0.0	5419.0
830	1335.6666666666667	0.0	0.0	9079.0
840	1348.6666666666667	0.0	0.0	3655.0
850	1345.0	0.0	0.0	7627.0
860	1291.3333333333333	0.0	0.0	6134.0
870	1360.6666666666667	0.0	0.0	4455.0
880	1178.3333333333333	0.0	0.0	5228.0
890	1310.1666666666667	0.0	0.0	6720.0
900	1305.3333333333333	0.0	0.0	4267.0
910	1284.0	0.0	0.0	4741.0
920	1378.3333333333333	0.0	0.0	7804.0
930	1223.6666666666667	0.0	0.0	4715.0
940	1196.6666666666667	0.0	0.0	7064.0
950	1352.3333333333333	0.0	0.0	6558.0
960	1301.3333333333333	0.0	0.0	4976.0
970	1281.0	0.0	0.0	6605.0
980	1346.0	0.0	0.0	4047.0
990	1188.3333333333333	0.0	0.0	7623.0
1000	1347.3333333333333	0.0	0.0	6743.0
