0	246.66666666666666	0.0	0.0
10	2100.1666666666665	21.0	8491.0
20	1914.8333333333333	757.0	12550.0
30	2175.5	619.0	9876.0
40	2457.0	603.0	8736.0
50	2119.1666666666665	0.0	5975.0
60	2259.3333333333335	0.0	10352.0
70	2472.0	0.0	10043.0
80	2399.8333333333335	0.0	8872.0
90	2880.8333333333335	0.0	12110.0
100	2801.1666666666665	0.0	8998.0
110	2611.6666666666665	0.0	10131.0
120	2062.1666666666665	0.0	6640.0
130	2519.0	0.0	9822.0
140	2436.1666666666665	0.0	5868.0
150	2360.0	0.0	11871.0
160	2559.8333333333335	0.0	8792.0
170	2693.1666666666665	0.0	10135.0
180	2527.3333333333335	0.0	9145.0
190	2672.3333333333335	0.0	9534.0
200	2813.5	0.0	12207.0
210	2379.3333333333335	0.0	12518.0
220	2462.1666666666665	0.0	11975.0
230	2895.1666666666665	0.0	10898.0
240	2943.5	0.0	9489.0
250	3031.1666666666665	0.0	9093.0
260	3126.6666666666665	0.0	10830.0
270	3249.6666666666665	0.0	7871.0
280	3025.8333333333335	0.0	10764.0
290	3195.0	0.0	7273.0
300	3543.1666666666665	0.0	10792.0
310	2777.3333333333335	0.0	10579.0
320	3409.1666666666665	0.0	11828.0
330	3024.3333333333335	0.0	10439.0
340	3079.3333333333335	0.0	11064.0
350	3570.6666666666665	0.0	10492.0
360	3650.1666666666665	0.0	9666.0
370	3027.6666666666665	0.0	7470.0
380	2896.8333333333335	0.0	11368.0
390	3611.5	0.0	10358.0
400	3427.8333333333335	0.0	9924.0
410	3334.0	0.0	7265.0
420	3634.5	0.0	12141.0
430	3595.5	0.0	10387.0
440	3324.1666666666665	0.0	12364.0
450	3486.5	0.0	8226.0
460	3709.5	0.0	9491.0
470	4029.8333333333335	0.0	12964.0
480	3765.6666666666665	0.0	10196.0
490	3787.1666666666665	0.0	11341.0
500	3563.0	0.0	13526.0
510	3696.8333333333335	0.0	9355.0
520	3431.3333333333335	0.0	11587.0
530	4086.0	0.0	15191.0
540	3454.1666666666665	0.0	10633.0
550	3634.3333333333335	0.0	11530.0
560	4167.0	0.0	10744.0
570	3574.0	0.0	12181.0
580	3578.8333333333335	0.0	11002.0
590	3448.3333333333335	0.0	9661.0
600	3981.5	0.0	8614.0
610	3388.8333333333335	0.0	10892.0
620	3789.3333333333335	0.0	11763.0
630	3989.5	0.0	8822.0
640	3636.6666666666665	0.0	11362.0
650	4160.0	0.0	10914.0
660	4009.5	0.0	10459.0
670	3890.1666666666665	0.0	10104.0
680	3774.0	0.0	10592.0
690	3899.1666666666665	0.0	12133.0
700	3867.8333333333335	0.0	9641.0
710	3468.0	0.0	12343.0
720	3592.1666666666665	0.0	10129.0
730	3759.1666666666665	0.0	9838.0
740	3553.6666666666665	0.0	9525.0
750	3542.3333333333335	0.0	7205.0
760	3896.0	0.0	9914.0
770	4000.3333333333335	0.0	10390.0
780	3699.1666666666665	0.0	10283.0
790	3732.1666666666665	0.0	10061.0
800	3536.8333333333335	0.0	10508.0
810	3609.1666666666665	0.0	10903.0
820	3751.6666666666665	0.0	10278.0
830	3740.6666666666665	0.0	10663.0
840	3942.5	0.0	9963.0
850	3405.8333333333335	0.0	11017.0
860	3855.1666666666665	0.0	11136.0
870	3709.1666666666665	0.0	9441.0
880	3529.3333333333335	0.0	9468.0
890	3815.3333333333335	0.0	9094.0
900	3492.5	0.0	11061.0
910	3506.6666666666665	0.0	10279.0
920	4010.3333333333335	0.0	10430.0
930	3862.3333333333335	0.0	13624.0
940	3870.8333333333335	0.0	12847.0
950	3824.3333333333335	0.0	10737.0
960	3831.6666666666665	0.0	10547.0
970	3941.0	0.0	10932.0
980	3727.3333333333335	0.0	13825.0
990	3616.5	0.0	9916.0
1000	4103.0	0.0	9815.0
