0	2532.3333333333335	0.0	0.0	0.0
10	2421.5	1000.0	1000.0	9541.0
20	2792.3333333333335	0.0	0.0	5404.0
30	2574.6666666666665	0.0	0.0	9804.0
40	2855.0	0.0	0.0	8648.0
50	2611.8333333333335	0.0	0.0	7592.0
60	2772.5	0.0	0.0	9985.0
70	2787.3333333333335	0.0	0.0	11602.0
80	3012.0	0.0	0.0	8896.0
90	2868.5	0.0	0.0	11311.0
100	3092.3333333333335	0.0	0.0	8189.0
110	3436.0	0.0	0.0	6546.0
120	3170.5	0.0	0.0	9926.0
130	3448.1666666666665	0.0	0.0	8385.0
140	3077.1666666666665	0.0	0.0	10262.0
150	3215.1666666666665	0.0	0.0	13239.0
160	3543.1666666666665	0.0	0.0	7303.0
170	3550.6666666666665	0.0	0.0	9959.0
180	3636.0	0.0	0.0	6152.0
190	3492.8333333333335	0.0	0.0	10135.0
200	3093.0	0.0	0.0	9170.0
210	3602.6666666666665	0.0	0.0	7243.0
220	2985.6666666666665	0.0	0.0	11694.0
230	3005.3333333333335	0.0	0.0	13321.0
240	2954.8333333333335	0.0	0.0	10144.0
250	3260.1666666666665	0.0	0.0	9490.0
260	3051.0	0.0	0.0	11244.0
270	3446.3333333333335	0.0	0.0	10610.0
280	3532.1666666666665	0.0	0.0	11553.0
290	3308.5	0.0	0.0	11000.0
300	3521.0	0.0	0.0	13066.0
310	3571.6666666666665	0.0	0.0	7514.0
320	4055.1666666666665	0.0	0.0	7393.0
330	3361.6666666666665	0.0	0.0	10525.0
340	3848.0	0.0	0.0	10207.0
350	3329.5	0.0	0.0	9503.0
360	3268.0	0.0	0.0	10232.0
370	3641.8333333333335	0.0	0.0	10762.0
380	3501.8333333333335	0.0	0.0	10481.0
390	3107.6666666666665	0.0	0.0	9591.0
400	3453.1666666666665	0.0	0.0	8060.0
410	3479.6666666666665	0.0	0.0	10755.0
420	3428.5	0.0	0.0	10433.0
430	3652.6666666666665	0.0	0.0	10086.0
440	3854.8333333333335	0.0	0.0	9325.0
450	3456.1666666666665	0.0	0.0	9385.0
460	3245.1666666666665	0.0	0.0	12123.0
470	3744.5	0.0	0.0	7954.0
480	3889.6666666666665	0.0	0.0	9550.0
490	3320.6666666666665	0.0	0.0	8526.0
500	3846.5	0.0	0.0	7712.0
510	3727.8333333333335	0.0	0.0	12650.0
520	3617.5	0.0	0.0	11396.0
530	3603.8333333333335	0.0	0.0	10448.0
540	4004.6666666666665	0.0	0.0	7130.0
550	3947.6666666666665	0.0	0.0	11821.0
560	3979.0	0.0	0.0	10472.0
570	3792.1666666666665	0.0	0.0	9381.0
580	3879.5	0.0	0.0	10141.0
590	3939.6666666666665	0.0	0.0	10411.0
600	3989.3333333333335	0.0	0.0	10397.0
610	3884.6666666666665	0.0	0.0	13413.0
620	3911.0	0.0	0.0	13305.0
630	3974.1666666666665	0.0	0.0	11873.0
640	4276.666666666667	0.0	0.0	11635.0
650	4029.0	0.0	0.0	6441.0
660	4111.333333333333	0.0	0.0	14553.0
670	3624.6666666666665	0.0	0.0	11061.0
680	3574.0	0.0	0.0	11025.0
690	3811.1666666666665	0.0	0.0	8609.0
700	3910.8333333333335	0.0	0.0	9350.0
710	3911.1666666666665	0.0	0.0	9193.0
720	3857.1666666666665	0.0	0.0	7839.0
730	3727.6666666666665	0.0	0.0	8618.0
740	3612.5	0.0	0.0	8887.0
750	3800.5	0.0	0.0	9302.0
760	3911.8333333333335	0.0	0.0	9373.0
770	3869.3333333333335	0.0	0.0	5856.0
780	3601.6666666666665	0.0	0.0	10879.0
790	3860.8333333333335	0.0	0.0	10422.0
800	3522.6666666666665	0.0	0.0	9141.0
