0	2646.6666666666665	0.0	0.0	0.0
10	2654.1666666666665	1000.0	1000.0	9895.0
20	2859.3333333333335	0.0	0.0	7247.0
30	2907.3333333333335	0.0	0.0	11927.0
40	2872.3333333333335	0.0	0.0	11823.0
50	2257.0	0.0	0.0	10935.0
60	2537.1666666666665	0.0	0.0	9336.0
70	2865.3333333333335	0.0	0.0	8417.0
80	3472.1666666666665	0.0	0.0	12516.0
90	2935.0	0.0	0.0	12106.0
100	2978.1666666666665	0.0	0.0	11010.0
110	2987.3333333333335	0.0	0.0	9636.0
120	3134.0	0.0	0.0	11338.0
130	3358.6666666666665	0.0	0.0	11313.0
140	3359.6666666666665	0.0	0.0	8129.0
150	3147.0	0.0	0.0	9851.0
160	3446.1666666666665	0.0	0.0	9272.0
170	2957.8333333333335	0.0	0.0	12535.0
180	3454.8333333333335	0.0	0.0	12141.0
190	3270.3333333333335	0.0	0.0	9391.0
200	3306.0	0.0	0.0	8316.0
210	3565.6666666666665	0.0	0.0	11171.0
220	2643.0	0.0	0.0	9198.0
230	3662.6666666666665	0.0	0.0	7922.0
240	3515.6666666666665	0.0	0.0	10570.0
250	3653.0	0.0	0.0	9707.0
260	3698.1666666666665	0.0	0.0	12255.0
270	3858.1666666666665	0.0	0.0	12660.0
280	3193.1666666666665	0.0	0.0	11078.0
290	3758.0	0.0	0.0	8930.0
300	3723.3333333333335	0.0	0.0	9831.0
310	3823.0	0.0	0.0	8147.0
320	3008.5	0.0	0.0	8459.0
330	3269.3333333333335	0.0	0.0	7125.0
340	3534.0	0.0	0.0	11512.0
350	3079.5	0.0	0.0	10890.0
360	3924.3333333333335	0.0	0.0	9102.0
370	3021.0	0.0	0.0	9050.0
380	3657.8333333333335	0.0	0.0	11669.0
390	3930.8333333333335	0.0	0.0	10265.0
400	3972.0	0.0	0.0	12371.0
410	3464.0	0.0	0.0	10728.0
420	3654.5	0.0	0.0	10131.0
430	3577.8333333333335	0.0	0.0	11611.0
440	3772.0	0.0	0.0	12025.0
450	3722.0	0.0	0.0	11956.0
460	3456.8333333333335	0.0	0.0	8574.0
470	3904.5	0.0	0.0	10864.0
480	3705.3333333333335	0.0	0.0	10121.0
490	3867.6666666666665	0.0	0.0	11137.0
500	3938.0	0.0	0.0	10853.0
510	4118.666666666667	0.0	0.0	9812.0
520	3525.3333333333335	0.0	0.0	11241.0
530	3576.8333333333335	0.0	0.0	9463.0
540	3752.0	0.0	0.0	9624.0
550	3408.6666666666665	0.0	0.0	9330.0
560	3758.5	0.0	0.0	9277.0
570	3275.0	0.0	0.0	9549.0
580	3770.8333333333335	0.0	0.0	7332.0
590	3912.3333333333335	0.0	0.0	9805.0
600	3447.8333333333335	0.0	0.0	9884.0
610	3730.6666666666665	0.0	0.0	11818.0
620	3774.3333333333335	0.0	0.0	9438.0
630	3785.5	0.0	0.0	12282.0
640	3861.3333333333335	0.0	0.0	9901.0
650	3809.3333333333335	0.0	0.0	6718.0
660	3587.3333333333335	0.0	0.0	9828.0
670	4289.0	0.0	0.0	10539.0
680	3697.0	0.0	0.0	11394.0
690	3564.6666666666665	0.0	0.0	12419.0
700	3808.6666666666665	0.0	0.0	10225.0
710	3478.5	0.0	0.0	11818.0
720	3676.0	0.0	0.0	9500.0
730	3905.1666666666665	0.0	0.0	11249.0
740	3586.0	0.0	0.0	9753.0
750	3961.3333333333335	0.0	0.0	11043.0
760	4036.6666666666665	0.0	0.0	11740.0
770	3666.5	0.0	0.0	11232.0
780	3706.8333333333335	0.0	0.0	10183.0
790	3877.1666666666665	0.0	0.0	12666.0
800	3576.0	0.0	0.0	13446.0
