0	253.33333333333334	0.0	0.0	0.0
10	1681.6666666666667	53.0	5049.0	11064.0
20	2084.1666666666665	52.0	4618.0	9995.0
30	2131.0	0.0	2515.0	5709.0
40	2068.3333333333335	75.0	4242.0	8833.0
50	2170.5	55.0	4870.0	10025.0
60	2327.0	20.0	4742.0	9658.0
70	2391.1666666666665	19.0	4166.0	8805.0
80	2519.3333333333335	63.0	5977.0	12375.0
90	2369.0	109.0	4631.0	9324.0
100	2158.0	64.0	4902.0	10594.0
110	2726.5	147.0	4680.0	9680.0
120	2789.5	41.0	5843.0	12458.0
130	3008.3333333333335	31.0	5031.0	10924.0
140	2332.3333333333335	54.0	4945.0	9895.0
150	2790.8333333333335	33.0	4901.0	10388.0
160	2628.0	22.0	4925.0	9966.0
170	2966.3333333333335	16.0	5146.0	10319.0
180	3273.8333333333335	14.0	3886.0	7654.0
190	2836.3333333333335	5.0	3231.0	6742.0
200	3208.8333333333335	3.0	3698.0	7631.0
210	2513.8333333333335	10.0	4994.0	9687.0
220	3687.6666666666665	7.0	5155.0	10205.0
230	3379.5	1.0	3066.0	5937.0
240	3037.6666666666665	8.0	6002.0	12038.0
250	2711.3333333333335	16.0	5336.0	10628.0
260	3722.5	20.0	5438.0	10590.0
270	3748.5	6.0	3393.0	6853.0
280	3610.3333333333335	3.0	5507.0	10424.0
290	3650.1666666666665	15.0	5105.0	10029.0
300	3638.3333333333335	1.0	5255.0	9922.0
310	3708.0	3.0	5498.0	10839.0
320	3351.1666666666665	2.0	6134.0	11710.0
330	3054.1666666666665	6.0	5925.0	11491.0
340	3470.3333333333335	0.0	4738.0	9372.0
350	3172.5	0.0	5061.0	9720.0
360	4195.833333333333	0.0	3835.0	7358.0
370	3403.1666666666665	1.0	4604.0	9169.0
380	3526.0	5.0	5515.0	10695.0
390	4086.0	3.0	5808.0	11154.0
400	3388.3333333333335	0.0	4528.0	8810.0
410	3709.3333333333335	1.0	5318.0	10281.0
420	3453.1666666666665	0.0	5711.0	11034.0
430	3048.0	0.0	5720.0	10954.0
440	3908.8333333333335	0.0	4328.0	8404.0
450	3473.5	0.0	5801.0	11529.0
460	3734.0	0.0	5746.0	11358.0
470	3960.0	2.0	5262.0	10182.0
480	3873.5	2.0	5406.0	10305.0
490	3903.3333333333335	1.0	4317.0	8537.0
500	3499.8333333333335	0.0	7297.0	14329.0
510	3710.3333333333335	3.0	5683.0	11127.0
520	3771.3333333333335	2.0	6345.0	12491.0
530	3604.3333333333335	2.0	5424.0	11008.0
540	3572.3333333333335	0.0	5285.0	10360.0
550	3529.3333333333335	0.0	5833.0	11247.0
560	3286.5	0.0	6412.0	12171.0
570	3904.3333333333335	3.0	6456.0	12013.0
580	3286.5	0.0	5270.0	10483.0
590	3448.8333333333335	1.0	3002.0	11448.0
600	3762.5	0.0	0.0	9738.0
610	3948.5	0.0	0.0	12395.0
620	3235.1666666666665	0.0	0.0	9467.0
630	3676.6666666666665	0.0	0.0	13555.0
640	3295.0	0.0	0.0	11225.0
650	3645.6666666666665	0.0	0.0	9603.0
660	3783.3333333333335	0.0	0.0	10537.0
670	3748.1666666666665	0.0	0.0	8441.0
680	3605.3333333333335	0.0	0.0	8121.0
690	4120.666666666667	0.0	0.0	9747.0
700	3985.0	0.0	0.0	9643.0
710	3788.1666666666665	0.0	0.0	10887.0
720	3937.0	0.0	0.0	11818.0
730	3768.0	0.0	0.0	10469.0
740	3849.3333333333335	0.0	0.0	9849.0
750	3610.6666666666665	0.0	0.0	10219.0
760	3675.8333333333335	0.0	0.0	11348.0
770	3589.1666666666665	0.0	0.0	10548.0
780	4158.666666666667	0.0	0.0	5417.0
790	3765.1666666666665	0.0	0.0	12301.0
800	3789.1666666666665	0.0	0.0	10369.0
810	3767.0	0.0	0.0	7849.0
820	3528.3333333333335	0.0	0.0	12955.0
830	4352.666666666667	0.0	0.0	12671.0
840	3675.1666666666665	0.0	0.0	11516.0
850	3919.0	0.0	0.0	8304.0
860	3872.1666666666665	0.0	0.0	12991.0
870	3874.5	0.0	0.0	11583.0
880	3899.6666666666665	0.0	0.0	8748.0
890	3563.8333333333335	0.0	0.0	9917.0
900	3860.5	0.0	0.0	8853.0
910	4042.5	0.0	0.0	7690.0
920	3750.5	0.0	0.0	10352.0
930	4010.3333333333335	0.0	0.0	10861.0
940	4082.3333333333335	0.0	0.0	11752.0
950	3638.3333333333335	0.0	0.0	11038.0
960	3729.6666666666665	0.0	0.0	6330.0
970	3830.8333333333335	0.0	0.0	8271.0
980	3350.6666666666665	0.0	0.0	9985.0
990	3985.6666666666665	0.0	0.0	8205.0
1000	3737.1666666666665	0.0	0.0	12287.0
