0	2142.6666666666665	0.0	0.0	0.0
10	2317.3333333333335	0.0	1741.0	8332.0
20	2236.6666666666665	9.0	1491.0	9225.0
30	2291.0	18.0	2471.0	10840.0
40	2465.0	3.0	1564.0	9521.0
50	2637.6666666666665	8.0	2398.0	9649.0
60	2422.5	11.0	1850.0	8653.0
70	2218.5	6.0	1855.0	9079.0
80	2331.0	9.0	3344.0	11974.0
90	2584.0	51.0	3014.0	11073.0
100	2672.3333333333335	28.0	3560.0	11085.0
110	2566.1666666666665	11.0	3038.0	10635.0
120	2587.0	9.0	2741.0	8625.0
130	2420.6666666666665	23.0	2186.0	8449.0
140	2432.6666666666665	0.0	1818.0	7752.0
150	1927.6666666666667	0.0	2701.0	8098.0
160	2931.8333333333335	14.0	1953.0	8022.0
170	2838.6666666666665	30.0	2844.0	9218.0
180	2442.8333333333335	13.0	1284.0	6537.0
190	2358.3333333333335	7.0	1817.0	8943.0
200	2591.3333333333335	27.0	3311.0	10448.0
210	2611.5	8.0	2963.0	9947.0
220	2284.0	2.0	2181.0	8467.0
230	2512.3333333333335	9.0	2021.0	8251.0
240	2679.0	1.0	2604.0	9348.0
250	2337.3333333333335	1.0	2377.0	9550.0
260	2726.8333333333335	1.0	2257.0	9578.0
270	2665.5	1.0	1783.0	7624.0
280	2944.0	1.0	1762.0	7885.0
290	2852.0	0.0	2288.0	8480.0
300	2599.5	0.0	2409.0	9301.0
310	2417.6666666666665	0.0	2705.0	10779.0
320	2646.8333333333335	0.0	51.0	9925.0
330	2911.5	0.0	0.0	6450.0
340	2874.8333333333335	0.0	0.0	8315.0
350	3029.5	0.0	0.0	6797.0
360	3062.3333333333335	0.0	0.0	11261.0
370	3092.8333333333335	0.0	0.0	8358.0
380	2793.6666666666665	0.0	0.0	12833.0
390	2804.6666666666665	0.0	0.0	7222.0
400	3413.0	0.0	0.0	9173.0
410	3439.6666666666665	0.0	0.0	8626.0
420	3688.3333333333335	0.0	0.0	10877.0
430	3646.8333333333335	0.0	0.0	9947.0
440	3661.8333333333335	0.0	0.0	7942.0
450	3479.5	0.0	0.0	10125.0
460	3450.6666666666665	0.0	0.0	10555.0
470	3304.0	0.0	0.0	11198.0
480	3647.0	0.0	0.0	11832.0
490	3599.0	0.0	0.0	6582.0
500	3500.3333333333335	0.0	0.0	9230.0
510	3865.3333333333335	0.0	0.0	9702.0
520	3702.1666666666665	0.0	0.0	9821.0
530	3265.8333333333335	0.0	0.0	7730.0
540	3159.0	0.0	0.0	10993.0
550	3383.5	0.0	0.0	10477.0
560	2895.6666666666665	0.0	0.0	9461.0
570	2962.1666666666665	0.0	0.0	11722.0
580	3677.5	0.0	0.0	8343.0
590	3779.1666666666665	0.0	0.0	8224.0
600	3096.3333333333335	0.0	0.0	10246.0
610	3324.3333333333335	0.0	0.0	9309.0
620	2797.1666666666665	0.0	0.0	12546.0
630	3063.0	0.0	0.0	11318.0
640	2915.3333333333335	0.0	0.0	10623.0
650	3251.6666666666665	0.0	0.0	11638.0
660	3800.3333333333335	0.0	0.0	9362.0
670	3383.1666666666665	0.0	0.0	10323.0
680	3515.8333333333335	0.0	0.0	11299.0
690	3972.0	0.0	0.0	7600.0
700	3735.5	0.0	0.0	12076.0
710	3279.5	0.0	0.0	10450.0
720	4069.5	0.0	0.0	8296.0
730	3791.3333333333335	0.0	0.0	10145.0
740	3611.8333333333335	0.0	0.0	9558.0
750	3673.0	0.0	0.0	9311.0
760	3471.5	0.0	0.0	9891.0
770	3394.0	0.0	0.0	11162.0
780	3705.6666666666665	0.0	0.0	11756.0
790	3751.6666666666665	0.0	0.0	11009.0
800	3927.0	0.0	0.0	10792.0
