0	2224.8333333333335	0.0	0.0	0.0
10	2275.5	1.0	515.0	5403.0
20	2155.3333333333335	26.0	2344.0	10467.0
30	2405.8333333333335	2.0	528.0	5718.0
40	2477.3333333333335	13.0	4258.0	12964.0
50	2307.5	24.0	2381.0	10589.0
60	2338.5	17.0	1098.0	7232.0
70	2541.1666666666665	26.0	1467.0	7833.0
80	2508.0	42.0	2541.0	10077.0
90	2417.0	30.0	2102.0	8824.0
100	2498.5	4.0	1790.0	7786.0
110	2562.1666666666665	7.0	3379.0	10467.0
120	2632.1666666666665	8.0	2692.0	10324.0
130	2625.8333333333335	72.0	2260.0	8416.0
140	2500.8333333333335	0.0	986.0	5807.0
150	2179.5	17.0	2265.0	7972.0
160	2165.6666666666665	10.0	2922.0	10470.0
170	2333.3333333333335	54.0	3338.0	11584.0
180	2604.0	0.0	2126.0	8494.0
190	2882.5	0.0	1229.0	6174.0
200	2565.6666666666665	10.0	2771.0	8822.0
210	2278.6666666666665	2.0	1974.0	8163.0
220	2334.0	22.0	2736.0	10081.0
230	2364.3333333333335	4.0	2353.0	9388.0
240	2609.8333333333335	4.0	2648.0	11515.0
250	2901.3333333333335	0.0	2170.0	8210.0
260	2657.0	4.0	1657.0	5493.0
270	2651.3333333333335	1.0	2814.0	11432.0
280	2409.6666666666665	8.0	2043.0	7959.0
290	2582.0	0.0	2545.0	9347.0
300	2555.1666666666665	4.0	2510.0	9246.0
310	2910.8333333333335	0.0	2175.0	9976.0
320	3111.3333333333335	0.0	2352.0	10423.0
330	3440.8333333333335	0.0	1413.0	9836.0
340	3503.8333333333335	0.0	0.0	8082.0
350	3008.1666666666665	0.0	0.0	13742.0
360	3357.3333333333335	0.0	0.0	9388.0
370	3358.6666666666665	0.0	0.0	10409.0
380	3909.5	0.0	0.0	10380.0
390	2734.3333333333335	0.0	0.0	10400.0
400	3273.8333333333335	0.0	0.0	11868.0
410	3591.6666666666665	0.0	0.0	9858.0
420	3703.1666666666665	0.0	0.0	10196.0
430	3720.6666666666665	0.0	0.0	11052.0
440	3573.6666666666665	0.0	0.0	8683.0
450	3502.0	0.0	0.0	7678.0
460	3328.6666666666665	0.0	0.0	9184.0
470	3686.1666666666665	0.0	0.0	10112.0
480	3363.1666666666665	0.0	0.0	13666.0
490	3945.0	0.0	0.0	11403.0
500	2625.1666666666665	0.0	0.0	12095.0
510	2951.0	0.0	0.0	11332.0
520	2927.3333333333335	0.0	0.0	9888.0
530	3070.3333333333335	0.0	0.0	9308.0
540	3507.8333333333335	0.0	0.0	10081.0
550	3530.3333333333335	0.0	0.0	7804.0
560	4056.6666666666665	0.0	0.0	6773.0
570	4227.166666666667	0.0	0.0	12728.0
580	3297.3333333333335	0.0	0.0	10689.0
590	3279.6666666666665	0.0	0.0	11288.0
600	3801.3333333333335	0.0	0.0	10041.0
610	3515.1666666666665	0.0	0.0	10080.0
620	3486.5	0.0	0.0	9944.0
630	3218.3333333333335	0.0	0.0	8884.0
640	4065.3333333333335	0.0	0.0	11035.0
650	3920.3333333333335	0.0	0.0	10308.0
660	3764.3333333333335	0.0	0.0	10110.0
670	3837.8333333333335	0.0	0.0	9247.0
680	3626.3333333333335	0.0	0.0	10289.0
690	3733.5	0.0	0.0	10900.0
700	3715.8333333333335	0.0	0.0	9875.0
710	3804.5	0.0	0.0	10075.0
720	3955.5	0.0	0.0	10462.0
730	3693.1666666666665	0.0	0.0	10619.0
740	3678.3333333333335	0.0	0.0	10818.0
750	3793.8333333333335	0.0	0.0	9500.0
760	3193.3333333333335	0.0	0.0	6424.0
770	3475.5	0.0	0.0	12283.0
780	3892.6666666666665	0.0	0.0	10207.0
790	3804.8333333333335	0.0	0.0	10868.0
800	3738.8333333333335	0.0	0.0	12394.0
