0	2204.1666666666665	0.0	0.0	0.0
10	2200.5	81.0	1408.0	9844.0
20	2393.5	85.0	951.0	7965.0
30	2239.5	72.0	1321.0	9589.0
40	2461.0	75.0	1421.0	9756.0
50	2387.5	27.0	826.0	6718.0
60	2298.5	46.0	811.0	7411.0
70	2368.1666666666665	24.0	801.0	6755.0
80	2086.3333333333335	50.0	1767.0	11337.0
90	2585.1666666666665	55.0	1549.0	10756.0
100	2513.5	29.0	838.0	6379.0
110	2243.5	25.0	1322.0	7847.0
120	2407.5	11.0	1259.0	8319.0
130	2761.1666666666665	63.0	1669.0	11597.0
140	2701.3333333333335	83.0	1551.0	10605.0
150	2837.8333333333335	34.0	835.0	6275.0
160	2786.6666666666665	59.0	1388.0	10747.0
170	2542.6666666666665	35.0	1484.0	9605.0
180	2684.0	14.0	997.0	9609.0
190	2400.0	8.0	853.0	7617.0
200	2617.5	8.0	1283.0	10144.0
210	2549.1666666666665	19.0	971.0	7819.0
220	2207.0	15.0	1070.0	8336.0
230	2791.1666666666665	4.0	909.0	6892.0
240	2896.0	26.0	1422.0	12762.0
250	2579.5	20.0	1501.0	11079.0
260	3331.6666666666665	6.0	1080.0	8986.0
270	3028.0	14.0	1487.0	11031.0
280	2610.6666666666665	1.0	1085.0	8111.0
290	2638.3333333333335	2.0	1124.0	8676.0
300	2907.5	9.0	511.0	10164.0
310	3426.8333333333335	0.0	0.0	6416.0
320	3601.8333333333335	0.0	0.0	9641.0
330	3818.1666666666665	0.0	0.0	9731.0
340	3253.6666666666665	0.0	0.0	10309.0
350	2875.8333333333335	0.0	0.0	11291.0
360	2989.0	0.0	0.0	12007.0
370	3400.6666666666665	0.0	0.0	7304.0
380	3586.6666666666665	0.0	0.0	12618.0
390	3800.8333333333335	0.0	0.0	10842.0
400	3432.3333333333335	0.0	0.0	7390.0
410	3036.1666666666665	0.0	0.0	16787.0
420	3751.0	0.0	0.0	12936.0
430	3642.3333333333335	0.0	0.0	9915.0
440	3751.5	0.0	0.0	10667.0
450	3689.0	0.0	0.0	9578.0
460	3670.8333333333335	0.0	0.0	12014.0
470	3055.8333333333335	0.0	0.0	9270.0
480	3018.6666666666665	0.0	0.0	10164.0
490	3722.1666666666665	0.0	0.0	10007.0
500	3864.6666666666665	0.0	0.0	10592.0
510	3646.8333333333335	0.0	0.0	14196.0
520	3676.0	0.0	0.0	12506.0
530	3646.3333333333335	0.0	0.0	11264.0
540	3666.8333333333335	0.0	0.0	13421.0
550	3761.0	0.0	0.0	11228.0
560	3690.6666666666665	0.0	0.0	9316.0
570	3892.1666666666665	0.0	0.0	8306.0
580	3920.5	0.0	0.0	10946.0
590	3779.0	0.0	0.0	10228.0
600	3749.1666666666665	0.0	0.0	10531.0
610	3268.8333333333335	0.0	0.0	8145.0
620	3171.0	0.0	0.0	11446.0
630	4077.1666666666665	0.0	0.0	10025.0
640	4109.0	0.0	0.0	11819.0
650	3663.5	0.0	0.0	9965.0
660	3607.1666666666665	0.0	0.0	11681.0
670	4030.6666666666665	0.0	0.0	12655.0
680	4008.5	0.0	0.0	10973.0
690	3504.3333333333335	0.0	0.0	12507.0
700	3536.8333333333335	0.0	0.0	9039.0
710	4095.8333333333335	0.0	0.0	9789.0
720	3686.1666666666665	0.0	0.0	12296.0
730	4275.333333333333	0.0	0.0	11367.0
740	3994.6666666666665	0.0	0.0	13657.0
750	3755.1666666666665	0.0	0.0	9514.0
760	3896.3333333333335	0.0	0.0	10705.0
770	3285.1666666666665	0.0	0.0	9238.0
780	3977.8333333333335	0.0	0.0	11539.0
790	4069.3333333333335	0.0	0.0	9437.0
800	3878.1666666666665	0.0	0.0	10827.0
