0	287.0	0.0	0.0	0.0
10	1656.0	183.0	2722.0	9088.0
20	2108.0	419.0	6891.0	12090.0
30	2077.1666666666665	319.0	5453.0	8503.0
40	2135.6666666666665	79.0	631.0	10582.0
50	2412.5	0.0	0.0	9621.0
60	2392.8333333333335	0.0	0.0	8916.0
70	2448.0	0.0	0.0	6896.0
80	2347.3333333333335	0.0	0.0	8518.0
90	2663.5	0.0	0.0	7783.0
100	2504.6666666666665	0.0	0.0	8206.0
110	2698.5	0.0	0.0	10492.0
120	2549.8333333333335	0.0	0.0	10517.0
130	2634.1666666666665	0.0	0.0	8635.0
140	2588.0	0.0	0.0	8818.0
150	2645.5	0.0	0.0	7740.0
160	2746.8333333333335	0.0	0.0	6450.0
170	2686.1666666666665	0.0	0.0	8106.0
180	2723.5	0.0	0.0	13465.0
190	2716.0	0.0	0.0	8501.0
200	2972.3333333333335	0.0	0.0	10350.0
210	2652.6666666666665	0.0	0.0	6681.0
220	2197.6666666666665	0.0	0.0	8800.0
230	2495.6666666666665	0.0	0.0	7724.0
240	2637.5	0.0	0.0	11057.0
250	2406.3333333333335	0.0	0.0	8431.0
260	2650.8333333333335	0.0	0.0	9814.0
270	2694.5	0.0	0.0	8679.0
280	2820.8333333333335	0.0	0.0	7585.0
290	2622.6666666666665	0.0	0.0	7348.0
300	2900.1666666666665	0.0	0.0	13352.0
310	2955.3333333333335	0.0	0.0	9686.0
320	2922.0	0.0	0.0	6470.0
330	3024.3333333333335	0.0	0.0	8868.0
340	2876.8333333333335	0.0	0.0	9732.0
350	3274.3333333333335	0.0	0.0	9315.0
360	2953.8333333333335	0.0	0.0	9783.0
370	3013.0	0.0	0.0	11618.0
380	3167.8333333333335	0.0	0.0	9991.0
390	3289.8333333333335	0.0	0.0	10574.0
400	2876.6666666666665	0.0	0.0	10335.0
410	3156.1666666666665	0.0	0.0	12720.0
420	3203.5	0.0	0.0	11413.0
430	3148.3333333333335	0.0	0.0	9648.0
440	4169.333333333333	0.0	0.0	8428.0
450	3823.1666666666665	0.0	0.0	7380.0
460	3130.1666666666665	0.0	0.0	13533.0
470	3749.6666666666665	0.0	0.0	7962.0
480	3504.6666666666665	0.0	0.0	9668.0
490	2873.0	0.0	0.0	12047.0
500	3535.6666666666665	0.0	0.0	10486.0
510	3592.0	0.0	0.0	12058.0
520	3509.0	0.0	0.0	10666.0
530	3786.0	0.0	0.0	9911.0
540	3773.0	0.0	0.0	10922.0
550	3834.1666666666665	0.0	0.0	8899.0
560	3608.8333333333335	0.0	0.0	9626.0
570	3614.8333333333335	0.0	0.0	10961.0
580	3738.3333333333335	0.0	0.0	10551.0
590	3449.6666666666665	0.0	0.0	10239.0
600	3628.1666666666665	0.0	0.0	9077.0
610	3404.6666666666665	0.0	0.0	11241.0
620	3877.6666666666665	0.0	0.0	8144.0
630	3910.3333333333335	0.0	0.0	10023.0
640	3415.3333333333335	0.0	0.0	10468.0
650	3406.0	0.0	0.0	10212.0
660	3589.8333333333335	0.0	0.0	10133.0
670	4055.5	0.0	0.0	9985.0
680	3978.0	0.0	0.0	8151.0
690	3869.6666666666665	0.0	0.0	10728.0
700	3765.8333333333335	0.0	0.0	12292.0
710	3713.0	0.0	0.0	7191.0
720	3793.5	0.0	0.0	10483.0
730	3435.5	0.0	0.0	9251.0
740	3330.6666666666665	0.0	0.0	9463.0
750	3972.8333333333335	0.0	0.0	9804.0
760	3402.6666666666665	0.0	0.0	13366.0
770	3617.0	0.0	0.0	13204.0
780	3553.6666666666665	0.0	0.0	8723.0
790	4002.3333333333335	0.0	0.0	10854.0
800	3840.5	0.0	0.0	8560.0
810	3986.3333333333335	0.0	0.0	10616.0
820	3658.8333333333335	0.0	0.0	10438.0
830	3728.1666666666665	0.0	0.0	11653.0
840	3794.8333333333335	0.0	0.0	7406.0
850	3605.5	0.0	0.0	12526.0
860	3970.6666666666665	0.0	0.0	8893.0
870	3999.8333333333335	0.0	0.0	8630.0
880	3814.3333333333335	0.0	0.0	10691.0
890	3733.6666666666665	0.0	0.0	10921.0
900	3939.6666666666665	0.0	0.0	7587.0
910	3780.5	0.0	0.0	11195.0
920	3991.8333333333335	0.0	0.0	7921.0
930	3830.1666666666665	0.0	0.0	12964.0
940	3168.3333333333335	0.0	0.0	10116.0
950	3841.3333333333335	0.0	0.0	9577.0
960	3524.6666666666665	0.0	0.0	10977.0
970	3888.8333333333335	0.0	0.0	13684.0
980	3822.6666666666665	0.0	0.0	10196.0
990	3444.1666666666665	0.0	0.0	8684.0
1000	3491.6666666666665	0.0	0.0	10111.0
