0	298.0	0.0	0.0	0.0
10	1776.0	105.0	2370.0	9787.0
20	1776.1666666666667	398.0	5563.0	8876.0
30	2098.3333333333335	319.0	6685.0	10441.0
40	1943.0	178.0	3884.0	9269.0
50	2343.1666666666665	0.0	0.0	8478.0
60	1920.6666666666667	0.0	0.0	8573.0
70	2365.3333333333335	0.0	0.0	11053.0
80	2352.6666666666665	0.0	0.0	8534.0
90	2546.0	0.0	0.0	7534.0
100	2540.5	0.0	0.0	8529.0
110	2597.6666666666665	0.0	0.0	12365.0
120	2873.8333333333335	0.0	0.0	8622.0
130	2752.1666666666665	0.0	0.0	11450.0
140	2817.0	0.0	0.0	8717.0
150	2415.0	0.0	0.0	9020.0
160	2606.5	0.0	0.0	9485.0
170	2562.1666666666665	0.0	0.0	6708.0
180	2187.3333333333335	0.0	0.0	9612.0
190	2491.8333333333335	0.0	0.0	10630.0
200	2716.8333333333335	0.0	0.0	6603.0
210	2863.6666666666665	0.0	0.0	9392.0
220	2846.3333333333335	0.0	0.0	8725.0
230	2779.0	0.0	0.0	10312.0
240	2935.1666666666665	0.0	0.0	12710.0
250	2623.6666666666665	0.0	0.0	11427.0
260	3067.8333333333335	0.0	0.0	8927.0
270	2512.6666666666665	0.0	0.0	13287.0
280	3205.1666666666665	0.0	0.0	9472.0
290	3036.6666666666665	0.0	0.0	12883.0
300	3120.3333333333335	0.0	0.0	10006.0
310	3035.5	0.0	0.0	8643.0
320	2810.0	0.0	0.0	10978.0
330	3156.3333333333335	0.0	0.0	9308.0
340	3688.1666666666665	0.0	0.0	6886.0
350	3197.6666666666665	0.0	0.0	8424.0
360	3456.6666666666665	0.0	0.0	13938.0
370	2808.1666666666665	0.0	0.0	12216.0
380	3435.1666666666665	0.0	0.0	9845.0
390	3629.6666666666665	0.0	0.0	13145.0
400	3367.3333333333335	0.0	0.0	11998.0
410	3232.8333333333335	0.0	0.0	9065.0
420	3132.1666666666665	0.0	0.0	8513.0
430	3267.8333333333335	0.0	0.0	10596.0
440	3052.1666666666665	0.0	0.0	8359.0
450	3927.1666666666665	0.0	0.0	9874.0
460	3832.1666666666665	0.0	0.0	10844.0
470	3545.8333333333335	0.0	0.0	10662.0
480	3640.1666666666665	0.0	0.0	15141.0
490	3201.3333333333335	0.0	0.0	10984.0
500	3531.0	0.0	0.0	9556.0
510	3620.0	0.0	0.0	8835.0
520	3722.6666666666665	0.0	0.0	9144.0
530	3836.1666666666665	0.0	0.0	10984.0
540	3625.0	0.0	0.0	8997.0
550	3754.3333333333335	0.0	0.0	15285.0
560	3933.5	0.0	0.0	12513.0
570	3557.5	0.0	0.0	11326.0
580	3970.5	0.0	0.0	10252.0
590	3321.8333333333335	0.0	0.0	9563.0
600	3651.5	0.0	0.0	11635.0
610	3887.0	0.0	0.0	10529.0
620	3666.5	0.0	0.0	11368.0
630	3226.1666666666665	0.0	0.0	10639.0
640	4012.3333333333335	0.0	0.0	14117.0
650	3804.3333333333335	0.0	0.0	8402.0
660	3566.6666666666665	0.0	0.0	14608.0
670	3305.5	0.0	0.0	9465.0
680	3957.5	0.0	0.0	12156.0
690	4054.5	0.0	0.0	10681.0
700	3690.8333333333335	0.0	0.0	10887.0
710	4137.833333333333	0.0	0.0	9439.0
720	3935.0	0.0	0.0	10301.0
730	3834.3333333333335	0.0	0.0	10126.0
740	3782.8333333333335	0.0	0.0	11542.0
750	4000.6666666666665	0.0	0.0	9925.0
760	3691.5	0.0	0.0	10756.0
770	3671.0	0.0	0.0	8375.0
780	3562.5	0.0	0.0	10597.0
790	3610.3333333333335	0.0	0.0	10688.0
800	3729.3333333333335	0.0	0.0	8124.0
810	3768.1666666666665	0.0	0.0	10252.0
820	3288.0	0.0	0.0	11512.0
830	4039.6666666666665	0.0	0.0	7355.0
840	3780.6666666666665	0.0	0.0	9285.0
850	3813.8333333333335	0.0	0.0	9489.0
860	3950.1666666666665	0.0	0.0	9815.0
870	3346.6666666666665	0.0	0.0	7614.0
880	3401.0	0.0	0.0	10294.0
890	3923.8333333333335	0.0	0.0	9442.0
900	3563.3333333333335	0.0	0.0	9295.0
910	3731.3333333333335	0.0	0.0	9178.0
920	3703.0	0.0	0.0	9634.0
930	3797.1666666666665	0.0	0.0	7672.0
940	3841.5	0.0	0.0	10315.0
950	3831.5	0.0	0.0	11199.0
960	3919.8333333333335	0.0	0.0	8812.0
970	3617.5	0.0	0.0	8398.0
980	3623.3333333333335	0.0	0.0	9769.0
990	3739.1666666666665	0.0	0.0	7574.0
1000	3973.1666666666665	0.0	0.0	9852.0
