0	2139.0	0.0	0.0	0.0
10	2166.1666666666665	1000.0	3777.0	11352.0
20	2251.8333333333335	0.0	0.0	10133.0
30	2137.6666666666665	0.0	0.0	9261.0
40	2458.8333333333335	0.0	0.0	10867.0
50	2308.8333333333335	0.0	0.0	5063.0
60	2643.0	0.0	0.0	12522.0
70	2485.3333333333335	0.0	0.0	8366.0
80	2620.1666666666665	0.0	0.0	11618.0
90	2787.8333333333335	0.0	0.0	9866.0
100	2757.5	0.0	0.0	7585.0
110	2915.6666666666665	0.0	0.0	6369.0
120	2474.0	0.0	0.0	11453.0
130	2477.1666666666665	0.0	0.0	9351.0
140	2082.0	0.0	0.0	11070.0
150	2574.8333333333335	0.0	0.0	10330.0
160	2331.1666666666665	0.0	0.0	8591.0
170	2015.5	0.0	0.0	8627.0
180	2613.8333333333335	0.0	0.0	8411.0
190	2276.1666666666665	0.0	0.0	11284.0
200	2538.0	0.0	0.0	10242.0
210	2734.0	0.0	0.0	11242.0
220	3010.3333333333335	0.0	0.0	9426.0
230	2959.6666666666665	0.0	0.0	10519.0
240	3078.6666666666665	0.0	0.0	5112.0
250	2862.5	0.0	0.0	10992.0
260	3249.1666666666665	0.0	0.0	12691.0
270	3427.5	0.0	0.0	9139.0
280	3073.1666666666665	0.0	0.0	10978.0
290	3375.1666666666665	0.0	0.0	11312.0
300	2901.0	0.0	0.0	12495.0
310	3066.0	0.0	0.0	10876.0
320	3103.3333333333335	0.0	0.0	12151.0
330	3096.1666666666665	0.0	0.0	7468.0
340	3244.1666666666665	0.0	0.0	6026.0
350	3295.8333333333335	0.0	0.0	9947.0
360	2526.3333333333335	0.0	0.0	13175.0
370	3599.5	0.0	0.0	8066.0
380	3056.8333333333335	0.0	0.0	9423.0
390	3121.8333333333335	0.0	0.0	9466.0
400	3713.8333333333335	0.0	0.0	6746.0
410	3516.6666666666665	0.0	0.0	9305.0
420	3063.0	0.0	0.0	11116.0
430	3817.6666666666665	0.0	0.0	9555.0
440	3615.6666666666665	0.0	0.0	9793.0
450	3554.8333333333335	0.0	0.0	12922.0
460	2840.0	0.0	0.0	13527.0
470	3446.6666666666665	0.0	0.0	10756.0
480	3854.0	0.0	0.0	10371.0
490	3865.5	0.0	0.0	14598.0
500	3328.5	0.0	0.0	8700.0
510	3817.0	0.0	0.0	11217.0
520	3570.5	0.0	0.0	8672.0
530	3191.6666666666665	0.0	0.0	10837.0
540	3790.1666666666665	0.0	0.0	11990.0
550	3439.0	0.0	0.0	10915.0
560	3860.8333333333335	0.0	0.0	8778.0
570	3465.1666666666665	0.0	0.0	9877.0
580	3579.5	0.0	0.0	10539.0
590	4103.833333333333	0.0	0.0	11511.0
600	3929.5	0.0	0.0	11915.0
610	3606.5	0.0	0.0	10478.0
620	3825.8333333333335	0.0	0.0	11096.0
630	3599.5	0.0	0.0	12295.0
640	4083.6666666666665	0.0	0.0	11512.0
650	3584.0	0.0	0.0	14953.0
660	3643.0	0.0	0.0	9566.0
670	3588.5	0.0	0.0	9199.0
680	3867.3333333333335	0.0	0.0	9707.0
690	3691.5	0.0	0.0	9698.0
700	3764.0	0.0	0.0	11857.0
710	3641.0	0.0	0.0	8902.0
720	3762.6666666666665	0.0	0.0	12358.0
730	3631.1666666666665	0.0	0.0	9590.0
740	3640.3333333333335	0.0	0.0	9958.0
750	3757.8333333333335	0.0	0.0	11879.0
760	3508.0	0.0	0.0	11361.0
770	3691.6666666666665	0.0	0.0	9777.0
780	3800.5	0.0	0.0	12234.0
790	4071.3333333333335	0.0	0.0	10827.0
800	3870.0	0.0	0.0	11025.0
