0	2461.1666666666665	0.0	0.0	0.0
10	2730.5	1000.0	1000.0	6483.0
20	2821.3333333333335	0.0	0.0	6498.0
30	2343.3333333333335	0.0	0.0	7032.0
40	2912.6666666666665	0.0	0.0	7698.0
50	2343.3333333333335	0.0	0.0	9593.0
60	2964.5	0.0	0.0	6527.0
70	2909.3333333333335	0.0	0.0	10735.0
80	2754.6666666666665	0.0	0.0	8436.0
90	2852.8333333333335	0.0	0.0	9735.0
100	2632.0	0.0	0.0	8514.0
110	2687.6666666666665	0.0	0.0	9549.0
120	2439.6666666666665	0.0	0.0	6989.0
130	3305.6666666666665	0.0	0.0	9943.0
140	3353.5	0.0	0.0	9612.0
150	2995.3333333333335	0.0	0.0	13219.0
160	3537.5	0.0	0.0	8184.0
170	3128.5	0.0	0.0	5782.0
180	3559.8333333333335	0.0	0.0	8746.0
190	3295.0	0.0	0.0	11016.0
200	3245.0	0.0	0.0	10934.0
210	3382.6666666666665	0.0	0.0	12825.0
220	3716.8333333333335	0.0	0.0	10903.0
230	3247.0	0.0	0.0	10725.0
240	3241.0	0.0	0.0	12402.0
250	3437.5	0.0	0.0	10892.0
260	3299.0	0.0	0.0	9581.0
270	2914.8333333333335	0.0	0.0	11060.0
280	4071.0	0.0	0.0	8923.0
290	3183.3333333333335	0.0	0.0	11307.0
300	3604.1666666666665	0.0	0.0	9991.0
310	3606.0	0.0	0.0	9177.0
320	3746.6666666666665	0.0	0.0	10536.0
330	3578.1666666666665	0.0	0.0	10635.0
340	3055.5	0.0	0.0	7822.0
350	3430.6666666666665	0.0	0.0	11135.0
360	3602.5	0.0	0.0	13125.0
370	3266.0	0.0	0.0	10943.0
380	4069.6666666666665	0.0	0.0	12097.0
390	3850.0	0.0	0.0	10423.0
400	3793.5	0.0	0.0	9553.0
410	3568.1666666666665	0.0	0.0	9558.0
420	3633.6666666666665	0.0	0.0	8369.0
430	3639.3333333333335	0.0	0.0	8541.0
440	3683.1666666666665	0.0	0.0	11134.0
450	3759.5	0.0	0.0	10901.0
460	3568.6666666666665	0.0	0.0	10969.0
470	3814.1666666666665	0.0	0.0	8996.0
480	3687.5	0.0	0.0	10275.0
490	4010.3333333333335	0.0	0.0	7714.0
500	3829.0	0.0	0.0	11790.0
510	3415.6666666666665	0.0	0.0	8156.0
520	3658.8333333333335	0.0	0.0	11697.0
530	3673.1666666666665	0.0	0.0	12174.0
540	3767.3333333333335	0.0	0.0	10959.0
550	3584.5	0.0	0.0	7874.0
560	3702.0	0.0	0.0	9396.0
570	3978.8333333333335	0.0	0.0	12082.0
580	4008.8333333333335	0.0	0.0	9884.0
590	3295.0	0.0	0.0	10311.0
600	3415.3333333333335	0.0	0.0	8853.0
