0	2293.8333333333335	0.0	0.0	0.0
10	2636.1666666666665	1000.0	1000.0	10524.0
20	2776.3333333333335	0.0	0.0	9324.0
30	2585.5	0.0	0.0	9616.0
40	2843.0	0.0	0.0	6391.0
50	2387.0	0.0	0.0	8034.0
60	2770.5	0.0	0.0	10532.0
70	2980.1666666666665	0.0	0.0	7277.0
80	2876.6666666666665	0.0	0.0	8508.0
90	3001.0	0.0	0.0	8269.0
100	2979.6666666666665	0.0	0.0	9673.0
110	3047.0	0.0	0.0	9776.0
120	3285.1666666666665	0.0	0.0	8631.0
130	2823.3333333333335	0.0	0.0	6697.0
140	2837.0	0.0	0.0	9157.0
150	3227.5	0.0	0.0	7895.0
160	3178.0	0.0	0.0	9614.0
170	3383.3333333333335	0.0	0.0	7224.0
180	3079.3333333333335	0.0	0.0	9960.0
190	2948.3333333333335	0.0	0.0	8700.0
200	3298.5	0.0	0.0	8862.0
210	3209.8333333333335	0.0	0.0	7719.0
220	3329.1666666666665	0.0	0.0	11916.0
230	3648.0	0.0	0.0	10394.0
240	3676.1666666666665	0.0	0.0	9078.0
250	3475.0	0.0	0.0	12074.0
260	3196.1666666666665	0.0	0.0	9122.0
270	3797.1666666666665	0.0	0.0	8351.0
280	3278.0	0.0	0.0	10185.0
290	2896.8333333333335	0.0	0.0	11574.0
300	3717.0	0.0	0.0	10234.0
310	2926.6666666666665	0.0	0.0	11891.0
320	3905.6666666666665	0.0	0.0	12064.0
330	2983.5	0.0	0.0	8726.0
340	3538.0	0.0	0.0	9157.0
350	3697.6666666666665	0.0	0.0	8991.0
360	3394.8333333333335	0.0	0.0	11585.0
370	3688.8333333333335	0.0	0.0	12919.0
380	3530.5	0.0	0.0	10689.0
390	3754.0	0.0	0.0	10102.0
400	3048.1666666666665	0.0	0.0	13946.0
410	4094.1666666666665	0.0	0.0	10509.0
420	3298.0	0.0	0.0	9752.0
430	3726.3333333333335	0.0	0.0	10501.0
440	3985.0	0.0	0.0	12123.0
450	3268.1666666666665	0.0	0.0	7662.0
460	3588.3333333333335	0.0	0.0	12256.0
470	3681.6666666666665	0.0	0.0	12739.0
480	3750.5	0.0	0.0	8471.0
490	3627.8333333333335	0.0	0.0	9403.0
500	3934.0	0.0	0.0	10583.0
510	3217.3333333333335	0.0	0.0	9412.0
520	3878.5	0.0	0.0	10205.0
530	3780.0	0.0	0.0	10805.0
540	3773.3333333333335	0.0	0.0	7969.0
550	3875.5	0.0	0.0	9907.0
560	3904.8333333333335	0.0	0.0	11504.0
570	4018.6666666666665	0.0	0.0	8822.0
580	3701.6666666666665	0.0	0.0	9082.0
590	3680.5	0.0	0.0	12244.0
600	4134.166666666667	0.0	0.0	10830.0
