0	2559.5	0.0	0.0	0.0
10	2393.6666666666665	0.0	0.0	9920.0
20	2441.8333333333335	0.0	0.0	7397.0
30	2479.3333333333335	0.0	0.0	6286.0
40	2608.3333333333335	0.0	0.0	8619.0
50	2372.0	0.0	0.0	8017.0
60	3071.1666666666665	0.0	0.0	9657.0
70	2737.8333333333335	0.0	0.0	10334.0
80	2924.3333333333335	0.0	0.0	9032.0
90	2476.3333333333335	0.0	0.0	7707.0
100	3224.6666666666665	0.0	0.0	8226.0
110	2953.8333333333335	0.0	0.0	9910.0
120	2858.8333333333335	0.0	0.0	9643.0
130	3159.8333333333335	0.0	0.0	11887.0
140	3076.5	0.0	0.0	6493.0
150	2724.3333333333335	0.0	0.0	12151.0
160	3110.5	0.0	0.0	11394.0
170	2859.3333333333335	0.0	0.0	7949.0
180	3320.1666666666665	0.0	0.0	10578.0
190	2507.3333333333335	0.0	0.0	10989.0
200	3320.8333333333335	0.0	0.0	8399.0
210	3126.8333333333335	0.0	0.0	10912.0
220	3151.8333333333335	0.0	0.0	12502.0
230	3525.5	0.0	0.0	9329.0
240	3370.0	0.0	0.0	8357.0
250	3871.0	0.0	0.0	8301.0
260	3362.1666666666665	0.0	0.0	10307.0
270	3702.1666666666665	0.0	0.0	10075.0
280	3421.6666666666665	0.0	0.0	14083.0
290	3642.8333333333335	0.0	0.0	10575.0
300	3370.1666666666665	0.0	0.0	8520.0
310	3747.3333333333335	0.0	0.0	9887.0
320	3182.5	0.0	0.0	10549.0
330	3315.5	0.0	0.0	10949.0
340	2673.8333333333335	0.0	0.0	10184.0
350	3086.8333333333335	0.0	0.0	6767.0
360	3443.5	0.0	0.0	10637.0
370	3252.8333333333335	0.0	0.0	11590.0
380	3733.1666666666665	0.0	0.0	9769.0
390	3764.8333333333335	0.0	0.0	10453.0
400	3589.1666666666665	0.0	0.0	9555.0
410	3728.5	0.0	0.0	11516.0
420	3469.8333333333335	0.0	0.0	6367.0
430	3200.8333333333335	0.0	0.0	11033.0
440	3195.8333333333335	0.0	0.0	12129.0
450	3895.5	0.0	0.0	10227.0
460	3840.5	0.0	0.0	11406.0
470	3591.8333333333335	0.0	0.0	10772.0
480	3956.1666666666665	0.0	0.0	9867.0
490	3554.8333333333335	0.0	0.0	7988.0
500	3458.5	0.0	0.0	11310.0
510	3838.5	0.0	0.0	8375.0
520	3457.3333333333335	0.0	0.0	11755.0
530	3800.6666666666665	0.0	0.0	11073.0
540	3858.0	0.0	0.0	10595.0
550	3968.5	0.0	0.0	9708.0
560	3958.3333333333335	0.0	0.0	10490.0
570	3600.3333333333335	0.0	0.0	9828.0
580	3844.1666666666665	0.0	0.0	11337.0
590	3763.5	0.0	0.0	11546.0
600	3450.8333333333335	0.0	0.0	10665.0
610	3862.0	0.0	0.0	8898.0
620	3733.6666666666665	0.0	0.0	8952.0
630	3588.3333333333335	0.0	0.0	9849.0
640	3795.8333333333335	0.0	0.0	8626.0
650	3853.3333333333335	0.0	0.0	13130.0
660	3732.0	0.0	0.0	9045.0
670	3407.5	0.0	0.0	8776.0
680	3876.1666666666665	0.0	0.0	8803.0
690	4016.6666666666665	0.0	0.0	9849.0
700	3852.8333333333335	0.0	0.0	15338.0
710	3757.6666666666665	0.0	0.0	9869.0
720	3770.8333333333335	0.0	0.0	11221.0
730	3932.3333333333335	0.0	0.0	13421.0
740	4083.5	0.0	0.0	8153.0
750	3845.0	0.0	0.0	9385.0
760	3722.6666666666665	0.0	0.0	10614.0
770	3719.0	0.0	0.0	12727.0
780	3541.8333333333335	0.0	0.0	11831.0
790	3668.3333333333335	0.0	0.0	9716.0
800	3833.8333333333335	0.0	0.0	10974.0
