0	2575.6666666666665	0.0	0.0	0.0
10	2012.8333333333333	190.0	11650.0	11650.0
20	2383.0	55.0	10176.0	10176.0
30	2608.1666666666665	149.0	11339.0	11339.0
40	2119.3333333333335	109.0	12468.0	12468.0
50	2623.6666666666665	57.0	10460.0	10460.0
60	2668.5	69.0	11391.0	11391.0
70	2771.5	67.0	12758.0	12758.0
80	2845.5	47.0	11008.0	11008.0
90	2998.5	25.0	9132.0	9132.0
100	3390.3333333333335	7.0	5300.0	5300.0
110	2535.6666666666665	35.0	11117.0	11117.0
120	2906.1666666666665	17.0	9421.0	9421.0
130	2953.5	23.0	10014.0	10014.0
140	3284.1666666666665	19.0	9941.0	9941.0
150	3299.0	37.0	12525.0	12525.0
160	3299.0	17.0	9732.0	9732.0
170	3607.6666666666665	39.0	12119.0	12119.0
180	3349.8333333333335	20.0	10463.0	10463.0
190	3295.8333333333335	18.0	4491.0	13359.0
200	3093.6666666666665	0.0	0.0	12607.0
210	3621.3333333333335	0.0	0.0	13003.0
220	2896.0	0.0	0.0	10889.0
230	3404.3333333333335	0.0	0.0	9754.0
240	2704.8333333333335	0.0	0.0	10937.0
250	3103.5	0.0	0.0	13615.0
260	3680.3333333333335	0.0	0.0	13233.0
270	3687.8333333333335	0.0	0.0	9820.0
280	3669.5	0.0	0.0	8746.0
290	3929.8333333333335	0.0	0.0	10131.0
300	4051.8333333333335	0.0	0.0	7856.0
310	3242.6666666666665	0.0	0.0	7432.0
320	3460.3333333333335	0.0	0.0	12797.0
330	3568.1666666666665	0.0	0.0	10311.0
340	3759.6666666666665	0.0	0.0	11984.0
350	3561.6666666666665	0.0	0.0	8963.0
360	3854.6666666666665	0.0	0.0	13248.0
370	3561.5	0.0	0.0	9608.0
380	3528.0	0.0	0.0	8015.0
390	3455.1666666666665	0.0	0.0	8601.0
400	3809.3333333333335	0.0	0.0	11311.0
410	3958.0	0.0	0.0	13899.0
420	4137.833333333333	0.0	0.0	10039.0
430	3817.1666666666665	0.0	0.0	10213.0
440	3459.5	0.0	0.0	9190.0
450	3473.0	0.0	0.0	8115.0
460	3679.0	0.0	0.0	11976.0
470	3835.0	0.0	0.0	11646.0
480	3871.5	0.0	0.0	10216.0
490	3780.3333333333335	0.0	0.0	11326.0
500	3657.8333333333335	0.0	0.0	7688.0
510	3635.3333333333335	0.0	0.0	9773.0
520	3937.1666666666665	0.0	0.0	8343.0
530	3522.1666666666665	0.0	0.0	9923.0
540	3851.8333333333335	0.0	0.0	10547.0
550	3816.0	0.0	0.0	9172.0
560	3937.0	0.0	0.0	8239.0
570	4051.1666666666665	0.0	0.0	8744.0
580	3897.6666666666665	0.0	0.0	10447.0
590	3439.6666666666665	0.0	0.0	9862.0
600	3714.8333333333335	0.0	0.0	9647.0
610	3830.8333333333335	0.0	0.0	8447.0
620	3921.8333333333335	0.0	0.0	10215.0
630	3782.5	0.0	0.0	10531.0
640	3831.1666666666665	0.0	0.0	10921.0
650	3665.8333333333335	0.0	0.0	12314.0
660	4007.3333333333335	0.0	0.0	11267.0
670	3796.3333333333335	0.0	0.0	10402.0
680	3489.8333333333335	0.0	0.0	13577.0
690	3625.5	0.0	0.0	9252.0
700	3808.6666666666665	0.0	0.0	12532.0
710	3480.6666666666665	0.0	0.0	12622.0
720	3620.3333333333335	0.0	0.0	8000.0
730	3645.5	0.0	0.0	8970.0
740	3722.6666666666665	0.0	0.0	9536.0
750	3757.8333333333335	0.0	0.0	10219.0
760	3781.1666666666665	0.0	0.0	11481.0
770	3888.3333333333335	0.0	0.0	9274.0
780	3804.1666666666665	0.0	0.0	11672.0
790	3435.1666666666665	0.0	0.0	10398.0
800	4250.666666666667	0.0	0.0	12869.0
