0	2733.0	0.0	0.0	0.0
10	2677.3333333333335	142.0	12752.0	12752.0
20	2328.1666666666665	52.0	6984.0	6984.0
30	2473.5	142.0	9578.0	9578.0
40	2822.5	148.0	11670.0	11670.0
50	3046.8333333333335	88.0	10605.0	10605.0
60	2331.3333333333335	62.0	8965.0	8965.0
70	2688.6666666666665	57.0	12143.0	12143.0
80	2870.0	27.0	10936.0	10936.0
90	2775.6666666666665	49.0	9274.0	9274.0
100	2665.3333333333335	49.0	11798.0	11798.0
110	3133.5	44.0	11260.0	11260.0
120	3392.1666666666665	40.0	9250.0	9250.0
130	3194.5	32.0	8846.0	8846.0
140	3439.3333333333335	23.0	9855.0	9855.0
150	3065.5	33.0	14099.0	14099.0
160	3217.8333333333335	12.0	4666.0	9992.0
170	2979.1666666666665	0.0	0.0	11076.0
180	3154.3333333333335	0.0	0.0	8915.0
190	3004.1666666666665	0.0	0.0	12912.0
200	3420.8333333333335	0.0	0.0	9337.0
210	3347.6666666666665	0.0	0.0	9570.0
220	3603.0	0.0	0.0	7797.0
230	3795.3333333333335	0.0	0.0	11261.0
240	3137.5	0.0	0.0	12317.0
250	3601.1666666666665	0.0	0.0	9800.0
260	3888.3333333333335	0.0	0.0	9756.0
270	3694.3333333333335	0.0	0.0	8985.0
280	3741.0	0.0	0.0	11247.0
290	3269.0	0.0	0.0	10368.0
300	3971.8333333333335	0.0	0.0	11302.0
310	3361.1666666666665	0.0	0.0	11664.0
320	3199.5	0.0	0.0	8849.0
330	3622.5	0.0	0.0	8774.0
340	3764.8333333333335	0.0	0.0	13520.0
350	3266.5	0.0	0.0	11571.0
360	3569.6666666666665	0.0	0.0	11386.0
370	3767.8333333333335	0.0	0.0	12418.0
380	3973.5	0.0	0.0	9594.0
390	3991.5	0.0	0.0	10113.0
400	3847.5	0.0	0.0	8214.0
410	3575.6666666666665	0.0	0.0	10147.0
420	3788.0	0.0	0.0	11301.0
430	3859.5	0.0	0.0	11260.0
440	3746.3333333333335	0.0	0.0	9941.0
450	3664.6666666666665	0.0	0.0	9248.0
460	3272.3333333333335	0.0	0.0	9923.0
470	3087.1666666666665	0.0	0.0	7992.0
480	3900.0	0.0	0.0	13141.0
490	3558.0	0.0	0.0	11164.0
500	3410.8333333333335	0.0	0.0	11616.0
510	3896.5	0.0	0.0	6090.0
520	3974.3333333333335	0.0	0.0	9822.0
530	3113.1666666666665	0.0	0.0	9030.0
540	3864.0	0.0	0.0	8183.0
550	3888.6666666666665	0.0	0.0	9488.0
560	4121.333333333333	0.0	0.0	12272.0
570	3774.6666666666665	0.0	0.0	10909.0
580	3996.0	0.0	0.0	9648.0
590	3896.0	0.0	0.0	9422.0
600	3895.8333333333335	0.0	0.0	10850.0
610	3796.6666666666665	0.0	0.0	9841.0
620	3759.1666666666665	0.0	0.0	11696.0
630	3770.8333333333335	0.0	0.0	9533.0
640	3903.0	0.0	0.0	13549.0
650	3980.3333333333335	0.0	0.0	10559.0
660	3629.6666666666665	0.0	0.0	11909.0
670	3866.0	0.0	0.0	11832.0
680	3693.0	0.0	0.0	12137.0
690	3782.8333333333335	0.0	0.0	10523.0
700	3849.8333333333335	0.0	0.0	9677.0
710	3667.6666666666665	0.0	0.0	10108.0
720	3871.5	0.0	0.0	10725.0
730	3513.1666666666665	0.0	0.0	9398.0
740	3795.1666666666665	0.0	0.0	12000.0
750	3984.8333333333335	0.0	0.0	11556.0
760	3545.6666666666665	0.0	0.0	11414.0
770	3799.3333333333335	0.0	0.0	8307.0
780	3861.3333333333335	0.0	0.0	11144.0
790	3827.5	0.0	0.0	9941.0
800	3956.5	0.0	0.0	11812.0
