0	2491.1666666666665	0.0	0.0	0.0
10	2859.0	155.0	687.0	9390.0
20	2311.8333333333335	110.0	558.0	8378.0
30	3003.1666666666665	237.0	895.0	9442.0
40	2643.6666666666665	129.0	628.0	7280.0
50	2661.8333333333335	100.0	729.0	8284.0
60	2732.8333333333335	113.0	572.0	7512.0
70	2905.8333333333335	137.0	697.0	9289.0
80	2765.6666666666665	19.0	167.0	7192.0
90	2551.6666666666665	0.0	0.0	10476.0
100	3081.8333333333335	0.0	0.0	9892.0
110	3028.6666666666665	0.0	0.0	6701.0
120	2885.8333333333335	0.0	0.0	11918.0
130	3367.5	0.0	0.0	10521.0
140	3265.6666666666665	0.0	0.0	10583.0
150	3122.3333333333335	0.0	0.0	12813.0
160	3219.6666666666665	0.0	0.0	7985.0
170	3582.5	0.0	0.0	9611.0
180	3406.8333333333335	0.0	0.0	13615.0
190	3232.6666666666665	0.0	0.0	10075.0
200	3748.1666666666665	0.0	0.0	6336.0
210	3419.8333333333335	0.0	0.0	11020.0
220	3623.3333333333335	0.0	0.0	13374.0
230	3839.3333333333335	0.0	0.0	7490.0
240	3642.8333333333335	0.0	0.0	11420.0
250	3324.1666666666665	0.0	0.0	11942.0
260	3224.0	0.0	0.0	12939.0
270	3168.5	0.0	0.0	12653.0
280	3519.0	0.0	0.0	9963.0
290	2827.8333333333335	0.0	0.0	12359.0
300	3474.1666666666665	0.0	0.0	10693.0
310	3763.6666666666665	0.0	0.0	8740.0
320	3459.3333333333335	0.0	0.0	11906.0
330	3631.5	0.0	0.0	11361.0
340	3355.0	0.0	0.0	8149.0
350	3521.6666666666665	0.0	0.0	9531.0
360	3483.3333333333335	0.0	0.0	9108.0
370	3401.0	0.0	0.0	12380.0
380	3682.5	0.0	0.0	10435.0
390	3833.6666666666665	0.0	0.0	8926.0
400	3366.0	0.0	0.0	13772.0
410	3890.5	0.0	0.0	10074.0
420	3643.5	0.0	0.0	11875.0
430	3778.3333333333335	0.0	0.0	10662.0
440	3853.6666666666665	0.0	0.0	12144.0
450	3690.1666666666665	0.0	0.0	10139.0
460	3645.8333333333335	0.0	0.0	12856.0
470	3897.0	0.0	0.0	9511.0
480	3843.5	0.0	0.0	11427.0
490	3644.1666666666665	0.0	0.0	9009.0
500	3830.1666666666665	0.0	0.0	9342.0
510	3859.8333333333335	0.0	0.0	8311.0
520	3926.0	0.0	0.0	11958.0
530	3872.1666666666665	0.0	0.0	12578.0
540	3606.8333333333335	0.0	0.0	8797.0
550	4055.8333333333335	0.0	0.0	9349.0
560	3484.8333333333335	0.0	0.0	9446.0
570	3936.0	0.0	0.0	10939.0
580	4073.8333333333335	0.0	0.0	10414.0
590	4213.166666666667	0.0	0.0	10756.0
600	3766.1666666666665	0.0	0.0	9258.0
