0	1578.6666666666667	0.0	0.0	0.0
10	1637.0	1000.0	1000.0	8941.0
20	1468.3333333333333	0.0	0.0	10596.0
30	1798.1666666666667	0.0	0.0	6264.0
40	2061.3333333333335	0.0	0.0	8595.0
50	1938.5	0.0	0.0	11398.0
60	1809.0	0.0	0.0	8895.0
70	2007.3333333333333	0.0	0.0	8765.0
80	2015.8333333333333	0.0	0.0	8770.0
90	2195.8333333333335	0.0	0.0	9730.0
100	1903.3333333333333	0.0	0.0	4129.0
110	1933.8333333333333	0.0	0.0	5775.0
120	2247.6666666666665	0.0	0.0	10523.0
130	2105.5	0.0	0.0	11434.0
140	2026.5	0.0	0.0	8562.0
150	2163.6666666666665	0.0	0.0	9526.0
160	2266.5	0.0	0.0	10384.0
170	2084.0	0.0	0.0	10147.0
180	2301.5	0.0	0.0	8619.0
190	2135.5	0.0	0.0	6823.0
200	2197.6666666666665	0.0	0.0	7015.0
210	2131.1666666666665	0.0	0.0	10841.0
220	2097.3333333333335	0.0	0.0	7501.0
230	2049.8333333333335	0.0	0.0	8055.0
240	2324.1666666666665	0.0	0.0	6953.0
250	2042.0	0.0	0.0	7384.0
260	1902.3333333333333	0.0	0.0	6653.0
270	1945.5	0.0	0.0	7948.0
280	1918.3333333333333	0.0	0.0	6659.0
290	2203.6666666666665	0.0	0.0	7250.0
300	2151.8333333333335	0.0	0.0	7663.0
310	2099.0	0.0	0.0	10736.0
320	2288.8333333333335	0.0	0.0	9529.0
330	2009.0	0.0	0.0	6933.0
340	2073.6666666666665	0.0	0.0	9282.0
350	2379.6666666666665	0.0	0.0	7959.0
360	1929.3333333333333	0.0	0.0	11742.0
370	1931.5	0.0	0.0	9978.0
380	2406.5	0.0	0.0	7805.0
390	1939.0	0.0	0.0	7027.0
400	2334.0	0.0	0.0	7696.0
410	2219.0	0.0	0.0	6342.0
420	2246.1666666666665	0.0	0.0	6488.0
430	2137.1666666666665	0.0	0.0	5616.0
440	2052.0	0.0	0.0	4895.0
450	2100.6666666666665	0.0	0.0	5651.0
460	2190.8333333333335	0.0	0.0	6591.0
470	2075.0	0.0	0.0	7943.0
480	2117.8333333333335	0.0	0.0	5374.0
490	2264.8333333333335	0.0	0.0	6502.0
500	2175.6666666666665	0.0	0.0	10963.0
510	2168.8333333333335	0.0	0.0	8901.0
520	2284.6666666666665	0.0	0.0	9535.0
530	2623.1666666666665	0.0	0.0	6243.0
540	2579.3333333333335	0.0	0.0	10489.0
550	2197.3333333333335	0.0	0.0	7917.0
560	2551.6666666666665	0.0	0.0	8977.0
570	2205.1666666666665	0.0	0.0	9109.0
580	3013.6666666666665	0.0	0.0	9073.0
590	2476.8333333333335	0.0	0.0	5910.0
600	2542.8333333333335	0.0	0.0	6414.0
610	2521.0	0.0	0.0	7934.0
620	2544.6666666666665	0.0	0.0	10413.0
630	2944.8333333333335	0.0	0.0	7609.0
640	2406.3333333333335	0.0	0.0	8916.0
650	3364.1666666666665	0.0	0.0	5586.0
660	2947.0	0.0	0.0	9754.0
670	3198.3333333333335	0.0	0.0	8368.0
680	2792.3333333333335	0.0	0.0	9065.0
690	3016.5	0.0	0.0	8501.0
700	3173.3333333333335	0.0	0.0	7947.0
710	3671.0	0.0	0.0	11466.0
720	2976.5	0.0	0.0	10786.0
730	2689.5	0.0	0.0	11080.0
740	3791.5	0.0	0.0	6183.0
750	3684.5	0.0	0.0	7599.0
760	3252.3333333333335	0.0	0.0	9302.0
770	3252.0	0.0	0.0	8736.0
780	3129.5	0.0	0.0	11450.0
790	3133.3333333333335	0.0	0.0	8530.0
800	3054.5	0.0	0.0	11570.0
810	3352.3333333333335	0.0	0.0	8200.0
820	3958.1666666666665	0.0	0.0	12683.0
830	3514.3333333333335	0.0	0.0	6036.0
840	3305.0	0.0	0.0	9956.0
850	3589.5	0.0	0.0	9676.0
860	3188.8333333333335	0.0	0.0	8329.0
870	3657.6666666666665	0.0	0.0	11310.0
880	3578.6666666666665	0.0	0.0	8386.0
890	3910.8333333333335	0.0	0.0	12993.0
900	3535.5	0.0	0.0	9656.0
910	3399.5	0.0	0.0	13380.0
920	3197.5	0.0	0.0	9420.0
930	3948.0	0.0	0.0	9803.0
940	3427.3333333333335	0.0	0.0	11438.0
950	3878.5	0.0	0.0	10660.0
960	3568.3333333333335	0.0	0.0	10573.0
970	3749.5	0.0	0.0	11015.0
980	3825.8333333333335	0.0	0.0	8170.0
990	4012.8333333333335	0.0	0.0	14049.0
1000	3588.3333333333335	0.0	0.0	8620.0
