0	1691.6666666666667	0.0	0.0	0.0
10	1513.0	1000.0	1000.0	6019.0
20	1500.6666666666667	0.0	0.0	6395.0
30	1557.3333333333333	0.0	0.0	8871.0
40	1763.6666666666667	0.0	0.0	6937.0
50	1611.0	0.0	0.0	9510.0
60	1473.0	0.0	0.0	6550.0
70	1497.0	0.0	0.0	7573.0
80	1493.3333333333333	0.0	0.0	4632.0
90	1686.6666666666667	0.0	0.0	7030.0
100	1506.3333333333333	0.0	0.0	5062.0
110	1406.3333333333333	0.0	0.0	4642.0
120	1341.6666666666667	0.0	0.0	8949.0
130	1588.3333333333333	0.0	0.0	5521.0
140	1506.6666666666667	0.0	0.0	7134.0
150	1568.6666666666667	0.0	0.0	8016.0
160	1515.3333333333333	0.0	0.0	5829.0
170	1443.0	0.0	0.0	6944.0
180	1557.6666666666667	0.0	0.0	5590.0
190	1402.0	0.0	0.0	6183.0
200	1344.0	0.0	0.0	5677.0
210	1515.6666666666667	0.0	0.0	7062.0
220	1473.1666666666667	0.0	0.0	6448.0
230	1449.6666666666667	0.0	0.0	5075.0
240	1257.6666666666667	0.0	0.0	7909.0
250	1425.6666666666667	0.0	0.0	5677.0
260	1424.0	0.0	0.0	6599.0
270	1481.0	0.0	0.0	5952.0
280	1379.3333333333333	0.0	0.0	6437.0
290	1256.0	0.0	0.0	6982.0
300	1222.3333333333333	0.0	0.0	4788.0
310	1477.3333333333333	0.0	0.0	6233.0
320	1455.3333333333333	0.0	0.0	6571.0
330	1285.0	0.0	0.0	7571.0
340	1263.0	0.0	0.0	7647.0
350	1240.0	0.0	0.0	6320.0
360	1297.0	0.0	0.0	5559.0
370	1394.5	0.0	0.0	3876.0
380	1294.3333333333333	0.0	0.0	6248.0
390	1340.3333333333333	0.0	0.0	4560.0
400	1426.6666666666667	0.0	0.0	5487.0
410	1316.3333333333333	0.0	0.0	5898.0
420	1280.6666666666667	0.0	0.0	5937.0
430	1146.3333333333333	0.0	0.0	7037.0
440	1487.6666666666667	0.0	0.0	7546.0
450	1442.3333333333333	0.0	0.0	5646.0
460	1232.6666666666667	0.0	0.0	5767.0
470	1285.0	0.0	0.0	6650.0
480	1375.3333333333333	0.0	0.0	4877.0
490	1323.3333333333333	0.0	0.0	6325.0
500	1381.3333333333333	0.0	0.0	8134.0
510	1315.6666666666667	0.0	0.0	6474.0
520	1296.0	0.0	0.0	5723.0
530	1375.3333333333333	0.0	0.0	4989.0
540	1399.0	0.0	0.0	5697.0
550	1296.6666666666667	0.0	0.0	5746.0
560	1270.3333333333333	0.0	0.0	5852.0
570	1366.6666666666667	0.0	0.0	4098.0
580	1363.0	0.0	0.0	5275.0
590	1284.0	0.0	0.0	6109.0
600	1357.0	0.0	0.0	5344.0
610	1283.0	0.0	0.0	8520.0
620	1260.0	0.0	0.0	6643.0
630	1379.0	0.0	0.0	5166.0
640	1280.6666666666667	0.0	0.0	6220.0
650	1518.6666666666667	0.0	0.0	5163.0
660	1273.3333333333333	0.0	0.0	6355.0
670	1311.6666666666667	0.0	0.0	5462.0
680	1495.0	0.0	0.0	5833.0
690	1256.3333333333333	0.0	0.0	6471.0
700	1248.0	0.0	0.0	4592.0
710	1141.6666666666667	0.0	0.0	5067.0
720	1238.0	0.0	0.0	7613.0
730	1364.3333333333333	0.0	0.0	4748.0
740	1283.3333333333333	0.0	0.0	8825.0
750	1439.0	0.0	0.0	4917.0
760	1103.0	0.0	0.0	5701.0
770	1209.3333333333333	0.0	0.0	4959.0
780	1392.0	0.0	0.0	5713.0
790	1378.6666666666667	0.0	0.0	5392.0
800	1395.0	0.0	0.0	6227.0
810	1184.6666666666667	0.0	0.0	5629.0
820	1308.0	0.0	0.0	6432.0
830	1293.6666666666667	0.0	0.0	3615.0
840	1219.0	0.0	0.0	5237.0
850	1248.3333333333333	0.0	0.0	5101.0
860	1247.6666666666667	0.0	0.0	4667.0
870	1237.0	0.0	0.0	5707.0
880	1353.3333333333333	0.0	0.0	6251.0
890	1307.3333333333333	0.0	0.0	5206.0
900	1189.0	0.0	0.0	4808.0
910	1319.6666666666667	0.0	0.0	5462.0
920	1056.6666666666667	0.0	0.0	5046.0
930	1233.3333333333333	0.0	0.0	5135.0
940	1246.0	0.0	0.0	5515.0
950	1178.3333333333333	0.0	0.0	4617.0
960	1223.3333333333333	0.0	0.0	4186.0
970	1207.0	0.0	0.0	4696.0
980	1315.3333333333333	0.0	0.0	7759.0
990	1267.3333333333333	0.0	0.0	5875.0
1000	1237.3333333333333	0.0	0.0	4888.0
