0	1624.1666666666667	0.0	0.0	0.0
10	1784.3333333333333	1000.0	1000.0	6255.0
20	1750.3333333333333	0.0	0.0	6251.0
30	1418.0	0.0	0.0	5434.0
40	1595.3333333333333	0.0	0.0	8631.0
50	1510.8333333333333	0.0	0.0	6300.0
60	1472.6666666666667	0.0	0.0	5624.0
70	1546.3333333333333	0.0	0.0	8549.0
80	1563.3333333333333	0.0	0.0	6599.0
90	1521.6666666666667	0.0	0.0	7893.0
100	1388.0	0.0	0.0	7821.0
110	1508.5	0.0	0.0	6097.0
120	1451.6666666666667	0.0	0.0	6526.0
130	1595.0	0.0	0.0	6452.0
140	1533.6666666666667	0.0	0.0	6727.0
150	1306.6666666666667	0.0	0.0	6428.0
160	1612.1666666666667	0.0	0.0	6289.0
170	1493.6666666666667	0.0	0.0	5081.0
180	1656.5	0.0	0.0	6221.0
190	1507.6666666666667	0.0	0.0	6270.0
200	1677.0	0.0	0.0	5687.0
210	1472.0	0.0	0.0	6586.0
220	1698.3333333333333	0.0	0.0	7341.0
230	1374.0	0.0	0.0	7010.0
240	1493.3333333333333	0.0	0.0	5518.0
250	1424.5	0.0	0.0	7112.0
260	1356.6666666666667	0.0	0.0	6209.0
270	1431.0	0.0	0.0	6890.0
280	1244.6666666666667	0.0	0.0	6592.0
290	1388.6666666666667	0.0	0.0	7799.0
300	1532.3333333333333	0.0	0.0	6916.0
310	1338.3333333333333	0.0	0.0	6273.0
320	1371.1666666666667	0.0	0.0	5303.0
330	1326.6666666666667	0.0	0.0	4628.0
340	1515.0	0.0	0.0	5734.0
350	1447.3333333333333	0.0	0.0	5927.0
360	1336.3333333333333	0.0	0.0	5774.0
370	1293.3333333333333	0.0	0.0	6365.0
380	1298.0	0.0	0.0	5138.0
390	1196.3333333333333	0.0	0.0	7431.0
400	1222.3333333333333	0.0	0.0	7183.0
410	1228.3333333333333	0.0	0.0	5436.0
420	1315.6666666666667	0.0	0.0	6141.0
430	1388.0	0.0	0.0	4878.0
440	1367.1666666666667	0.0	0.0	6985.0
450	1434.3333333333333	0.0	0.0	8323.0
460	1354.0	0.0	0.0	4761.0
470	1272.3333333333333	0.0	0.0	5759.0
480	1352.6666666666667	0.0	0.0	6835.0
490	1348.8333333333333	0.0	0.0	7627.0
500	1336.0	0.0	0.0	6419.0
510	1566.6666666666667	0.0	0.0	5635.0
520	1272.6666666666667	0.0	0.0	5078.0
530	1321.6666666666667	0.0	0.0	5224.0
540	1346.3333333333333	0.0	0.0	6669.0
550	1319.3333333333333	0.0	0.0	5541.0
560	1333.3333333333333	0.0	0.0	6037.0
570	1138.3333333333333	0.0	0.0	5535.0
580	1392.6666666666667	0.0	0.0	5914.0
590	1415.0	0.0	0.0	6499.0
600	1367.3333333333333	0.0	0.0	4881.0
610	1358.6666666666667	0.0	0.0	4623.0
620	1283.0	0.0	0.0	5814.0
630	1317.6666666666667	0.0	0.0	5007.0
640	1397.6666666666667	0.0	0.0	5098.0
650	1316.3333333333333	0.0	0.0	6487.0
660	1350.0	0.0	0.0	5982.0
670	1351.6666666666667	0.0	0.0	6280.0
680	1260.3333333333333	0.0	0.0	6514.0
690	1339.6666666666667	0.0	0.0	7764.0
700	1392.0	0.0	0.0	5769.0
710	1291.6666666666667	0.0	0.0	5190.0
720	1325.6666666666667	0.0	0.0	7044.0
730	1454.0	0.0	0.0	5508.0
740	1482.0	0.0	0.0	6125.0
750	1267.6666666666667	0.0	0.0	5876.0
760	1165.3333333333333	0.0	0.0	5734.0
770	1124.3333333333333	0.0	0.0	5137.0
780	1367.0	0.0	0.0	6665.0
790	1418.5	0.0	0.0	5612.0
800	1204.0	0.0	0.0	5852.0
810	1459.3333333333333	0.0	0.0	6604.0
820	1403.3333333333333	0.0	0.0	5392.0
830	1287.6666666666667	0.0	0.0	6687.0
840	1236.3333333333333	0.0	0.0	4570.0
850	1351.0	0.0	0.0	5355.0
860	1188.3333333333333	0.0	0.0	6960.0
870	1220.6666666666667	0.0	0.0	6392.0
880	1255.6666666666667	0.0	0.0	4783.0
890	1286.6666666666667	0.0	0.0	7471.0
900	1285.0	0.0	0.0	5787.0
910	1232.8333333333333	0.0	0.0	6737.0
920	1386.0	0.0	0.0	5811.0
930	1205.6666666666667	0.0	0.0	6395.0
940	1304.6666666666667	0.0	0.0	5585.0
950	1213.6666666666667	0.0	0.0	7974.0
960	1269.3333333333333	0.0	0.0	7114.0
970	1406.3333333333333	0.0	0.0	4638.0
980	1208.6666666666667	0.0	0.0	6255.0
990	1198.0	0.0	0.0	7036.0
1000	1405.0	0.0	0.0	4414.0
