0	1587.5	0.0	0.0	0.0
10	2035.6666666666667	1000.0	1000.0	10075.0
20	2042.6666666666667	0.0	0.0	8799.0
30	1891.3333333333333	0.0	0.0	11112.0
40	1877.6666666666667	0.0	0.0	9469.0
50	1787.1666666666667	0.0	0.0	8813.0
60	1766.5	0.0	0.0	8234.0
70	2073.8333333333335	0.0	0.0	8187.0
80	2033.1666666666667	0.0	0.0	9513.0
90	2305.6666666666665	0.0	0.0	10228.0
100	2243.0	0.0	0.0	6737.0
110	2218.3333333333335	0.0	0.0	8556.0
120	2091.3333333333335	0.0	0.0	8005.0
130	2236.1666666666665	0.0	0.0	9535.0
140	2242.0	0.0	0.0	7985.0
150	2397.5	0.0	0.0	7821.0
160	2248.6666666666665	0.0	0.0	7729.0
170	2483.3333333333335	0.0	0.0	10455.0
180	2395.3333333333335	0.0	0.0	7675.0
190	2247.3333333333335	0.0	0.0	9481.0
200	1882.8333333333333	0.0	0.0	10845.0
210	2220.5	0.0	0.0	10584.0
220	2437.0	0.0	0.0	8063.0
230	1983.3333333333333	0.0	0.0	9650.0
240	2535.3333333333335	0.0	0.0	9380.0
250	2527.5	0.0	0.0	5784.0
260	2650.1666666666665	0.0	0.0	9811.0
270	2843.3333333333335	0.0	0.0	10093.0
280	2461.8333333333335	0.0	0.0	6561.0
290	2371.5	0.0	0.0	6530.0
300	2341.8333333333335	0.0	0.0	9125.0
310	2790.8333333333335	0.0	0.0	10758.0
320	2463.5	0.0	0.0	10094.0
330	2837.1666666666665	0.0	0.0	9404.0
340	2728.3333333333335	0.0	0.0	8724.0
350	2277.6666666666665	0.0	0.0	9056.0
360	2774.0	0.0	0.0	11629.0
370	2750.5	0.0	0.0	8577.0
380	2955.6666666666665	0.0	0.0	11251.0
390	2886.6666666666665	0.0	0.0	10092.0
400	2934.0	0.0	0.0	7167.0
410	2632.6666666666665	0.0	0.0	7741.0
420	3054.8333333333335	0.0	0.0	11469.0
430	2935.3333333333335	0.0	0.0	11707.0
440	3094.3333333333335	0.0	0.0	7536.0
450	3179.8333333333335	0.0	0.0	10677.0
460	3336.6666666666665	0.0	0.0	9109.0
470	3248.0	0.0	0.0	11061.0
480	3272.5	0.0	0.0	8473.0
490	2868.6666666666665	0.0	0.0	11991.0
500	3135.0	0.0	0.0	12425.0
510	3144.1666666666665	0.0	0.0	9489.0
520	3851.6666666666665	0.0	0.0	10376.0
530	3015.0	0.0	0.0	10807.0
540	3043.0	0.0	0.0	8568.0
550	3383.0	0.0	0.0	9546.0
560	3059.3333333333335	0.0	0.0	11090.0
570	3385.6666666666665	0.0	0.0	10053.0
580	3391.1666666666665	0.0	0.0	10196.0
590	2956.3333333333335	0.0	0.0	8757.0
600	2975.0	0.0	0.0	9162.0
610	3404.5	0.0	0.0	9480.0
620	3516.3333333333335	0.0	0.0	13132.0
630	3341.0	0.0	0.0	10102.0
640	3213.3333333333335	0.0	0.0	8876.0
650	3882.0	0.0	0.0	7464.0
660	3599.1666666666665	0.0	0.0	8843.0
670	3023.6666666666665	0.0	0.0	12755.0
680	2992.8333333333335	0.0	0.0	10606.0
690	3185.1666666666665	0.0	0.0	13015.0
700	3920.6666666666665	0.0	0.0	8032.0
710	3691.8333333333335	0.0	0.0	10259.0
720	3604.5	0.0	0.0	13069.0
730	3523.3333333333335	0.0	0.0	9276.0
740	3356.8333333333335	0.0	0.0	13547.0
750	3400.6666666666665	0.0	0.0	10994.0
760	3512.5	0.0	0.0	9790.0
770	3347.0	0.0	0.0	9843.0
780	3749.3333333333335	0.0	0.0	12850.0
790	3783.8333333333335	0.0	0.0	12930.0
800	3864.8333333333335	0.0	0.0	8732.0
810	3695.6666666666665	0.0	0.0	10051.0
820	3387.3333333333335	0.0	0.0	11306.0
830	3992.6666666666665	0.0	0.0	11266.0
840	3838.8333333333335	0.0	0.0	11096.0
850	3982.8333333333335	0.0	0.0	11307.0
860	3974.8333333333335	0.0	0.0	11680.0
870	3528.6666666666665	0.0	0.0	12870.0
880	3791.6666666666665	0.0	0.0	9711.0
890	3697.5	0.0	0.0	9469.0
900	3755.0	0.0	0.0	9141.0
910	3985.8333333333335	0.0	0.0	8534.0
920	3361.8333333333335	0.0	0.0	11421.0
930	4045.8333333333335	0.0	0.0	8739.0
940	3616.3333333333335	0.0	0.0	7364.0
950	4070.3333333333335	0.0	0.0	11201.0
960	3684.0	0.0	0.0	10908.0
970	3476.3333333333335	0.0	0.0	12110.0
980	3645.8333333333335	0.0	0.0	13021.0
990	3969.0	0.0	0.0	9903.0
1000	3681.6666666666665	0.0	0.0	10297.0
