0	1699.3333333333333	0.0	0.0	0.0
10	1598.8333333333333	1000.0	1000.0	8433.0
20	1533.0	0.0	0.0	6848.0
30	1682.3333333333333	0.0	0.0	6777.0
40	1628.6666666666667	0.0	0.0	6188.0
50	1516.0	0.0	0.0	5662.0
60	1656.0	0.0	0.0	7083.0
70	1538.0	0.0	0.0	6481.0
80	1544.1666666666667	0.0	0.0	7159.0
90	1629.3333333333333	0.0	0.0	7387.0
100	1651.6666666666667	0.0	0.0	6963.0
110	1585.0	0.0	0.0	4710.0
120	1268.3333333333333	0.0	0.0	8389.0
130	1361.0	0.0	0.0	7427.0
140	1562.6666666666667	0.0	0.0	6287.0
150	1455.0	0.0	0.0	6698.0
160	1460.6666666666667	0.0	0.0	6777.0
170	1423.0	0.0	0.0	7385.0
180	1524.3333333333333	0.0	0.0	5898.0
190	1322.0	0.0	0.0	7033.0
200	1338.0	0.0	0.0	5216.0
210	1376.6666666666667	0.0	0.0	5473.0
220	1590.5	0.0	0.0	8386.0
230	1475.3333333333333	0.0	0.0	7036.0
240	1402.3333333333333	0.0	0.0	5958.0
250	1450.3333333333333	0.0	0.0	6036.0
260	1574.3333333333333	0.0	0.0	5964.0
270	1475.3333333333333	0.0	0.0	7278.0
280	1241.0	0.0	0.0	5673.0
290	1502.3333333333333	0.0	0.0	7081.0
300	1362.0	0.0	0.0	5930.0
310	1520.0	0.0	0.0	7593.0
320	1376.0	0.0	0.0	6541.0
330	1229.0	0.0	0.0	6352.0
340	1375.3333333333333	0.0	0.0	5696.0
350	1471.3333333333333	0.0	0.0	4122.0
360	1238.3333333333333	0.0	0.0	6853.0
370	1356.0	0.0	0.0	6085.0
380	1244.0	0.0	0.0	5199.0
390	1270.3333333333333	0.0	0.0	7962.0
400	1401.3333333333333	0.0	0.0	6710.0
410	1274.6666666666667	0.0	0.0	5824.0
420	1462.0	0.0	0.0	5640.0
430	1383.0	0.0	0.0	7620.0
440	1272.6666666666667	0.0	0.0	4871.0
450	1174.3333333333333	0.0	0.0	5200.0
460	1258.0	0.0	0.0	6911.0
470	1415.0	0.0	0.0	4573.0
480	1343.0	0.0	0.0	5321.0
490	1244.0	0.0	0.0	6411.0
500	1282.6666666666667	0.0	0.0	5724.0
510	1107.6666666666667	0.0	0.0	4486.0
520	1170.3333333333333	0.0	0.0	5333.0
530	1322.6666666666667	0.0	0.0	6285.0
540	1219.6666666666667	0.0	0.0	4903.0
550	1386.6666666666667	0.0	0.0	6988.0
560	1380.6666666666667	0.0	0.0	6960.0
570	1274.0	0.0	0.0	5051.0
580	1402.3333333333333	0.0	0.0	6051.0
590	1246.0	0.0	0.0	6558.0
600	1337.0	0.0	0.0	5963.0
610	1455.3333333333333	0.0	0.0	5874.0
620	1313.0	0.0	0.0	5838.0
630	1264.3333333333333	0.0	0.0	4973.0
640	1196.6666666666667	0.0	0.0	5303.0
650	1304.0	0.0	0.0	5318.0
660	1135.0	0.0	0.0	6205.0
670	1145.6666666666667	0.0	0.0	5616.0
680	1321.3333333333333	0.0	0.0	6008.0
690	1391.0	0.0	0.0	6078.0
700	1269.3333333333333	0.0	0.0	5826.0
710	1206.6666666666667	0.0	0.0	5910.0
720	1263.6666666666667	0.0	0.0	4947.0
730	1330.6666666666667	0.0	0.0	5909.0
740	1350.6666666666667	0.0	0.0	6971.0
750	1356.3333333333333	0.0	0.0	4508.0
760	1378.0	0.0	0.0	7496.0
770	1354.6666666666667	0.0	0.0	5966.0
780	1344.3333333333333	0.0	0.0	4585.0
790	1326.3333333333333	0.0	0.0	4194.0
800	1253.6666666666667	0.0	0.0	4368.0
810	1182.3333333333333	0.0	0.0	5090.0
820	1122.0	0.0	0.0	6029.0
830	1211.0	0.0	0.0	3738.0
840	1222.6666666666667	0.0	0.0	5558.0
850	1274.3333333333333	0.0	0.0	3703.0
860	1191.0	0.0	0.0	5521.0
870	1050.3333333333333	0.0	0.0	5636.0
880	1129.3333333333333	0.0	0.0	5091.0
890	1243.0	0.0	0.0	6369.0
900	1250.0	0.0	0.0	5109.0
910	1376.6666666666667	0.0	0.0	5582.0
920	1165.3333333333333	0.0	0.0	3939.0
930	1352.0	0.0	0.0	4784.0
940	1322.0	0.0	0.0	5424.0
950	1069.6666666666667	0.0	0.0	6774.0
960	1206.3333333333333	0.0	0.0	5173.0
970	1258.3333333333333	0.0	0.0	6443.0
980	1163.3333333333333	0.0	0.0	5292.0
990	1164.3333333333333	0.0	0.0	4705.0
1000	1385.6666666666667	0.0	0.0	5798.0
