0	1531.3333333333333	0.0	0.0	0.0
10	1721.3333333333333	1000.0	1000.0	6606.0
20	1622.0	0.0	0.0	6571.0
30	1558.3333333333333	0.0	0.0	5254.0
40	1560.3333333333333	0.0	0.0	6072.0
50	1788.6666666666667	0.0	0.0	6925.0
60	1730.6666666666667	0.0	0.0	6822.0
70	1728.0	0.0	0.0	7939.0
80	1661.8333333333333	0.0	0.0	6116.0
90	1660.6666666666667	0.0	0.0	4755.0
100	1470.3333333333333	0.0	0.0	8474.0
110	1762.0	0.0	0.0	6657.0
120	1589.0	0.0	0.0	6779.0
130	1607.0	0.0	0.0	8644.0
140	1566.0	0.0	0.0	5093.0
150	1651.0	0.0	0.0	7089.0
160	1451.3333333333333	0.0	0.0	7561.0
170	1477.8333333333333	0.0	0.0	5588.0
180	1267.6666666666667	0.0	0.0	5414.0
190	1452.3333333333333	0.0	0.0	7627.0
200	1562.3333333333333	0.0	0.0	7495.0
210	1499.0	0.0	0.0	6335.0
220	1374.0	0.0	0.0	7178.0
230	1456.6666666666667	0.0	0.0	7228.0
240	1487.0	0.0	0.0	8094.0
250	1438.3333333333333	0.0	0.0	7151.0
260	1483.0	0.0	0.0	6319.0
270	1574.6666666666667	0.0	0.0	6388.0
280	1402.3333333333333	0.0	0.0	5299.0
290	1512.3333333333333	0.0	0.0	8606.0
300	1203.3333333333333	0.0	0.0	5395.0
310	1359.5	0.0	0.0	8129.0
320	1337.0	0.0	0.0	5427.0
330	1302.0	0.0	0.0	7955.0
340	1592.6666666666667	0.0	0.0	7352.0
350	1364.0	0.0	0.0	7250.0
360	1268.3333333333333	0.0	0.0	6082.0
370	1211.3333333333333	0.0	0.0	5046.0
380	1359.0	0.0	0.0	5516.0
390	1361.6666666666667	0.0	0.0	6035.0
400	1416.3333333333333	0.0	0.0	8495.0
410	1415.3333333333333	0.0	0.0	5489.0
420	1352.3333333333333	0.0	0.0	4745.0
430	1297.3333333333333	0.0	0.0	5685.0
440	1500.6666666666667	0.0	0.0	6397.0
450	1376.6666666666667	0.0	0.0	7338.0
460	1335.6666666666667	0.0	0.0	7235.0
470	1270.3333333333333	0.0	0.0	5314.0
480	1335.6666666666667	0.0	0.0	6871.0
490	1320.0	0.0	0.0	5230.0
500	1380.6666666666667	0.0	0.0	5198.0
510	1396.0	0.0	0.0	5708.0
520	1235.3333333333333	0.0	0.0	6701.0
530	1430.0	0.0	0.0	5166.0
540	1183.3333333333333	0.0	0.0	5822.0
550	1429.3333333333333	0.0	0.0	6683.0
560	1401.3333333333333	0.0	0.0	5431.0
570	1385.3333333333333	0.0	0.0	4590.0
580	1180.0	0.0	0.0	4684.0
590	1361.3333333333333	0.0	0.0	8219.0
600	1305.3333333333333	0.0	0.0	6115.0
610	1454.0	0.0	0.0	5012.0
620	1224.6666666666667	0.0	0.0	4390.0
630	1202.0	0.0	0.0	5285.0
640	1254.3333333333333	0.0	0.0	8200.0
650	1387.6666666666667	0.0	0.0	6855.0
660	1156.3333333333333	0.0	0.0	7286.0
670	1286.3333333333333	0.0	0.0	5113.0
680	1350.3333333333333	0.0	0.0	7384.0
690	1320.0	0.0	0.0	6290.0
700	1338.0	0.0	0.0	5458.0
710	1355.0	0.0	0.0	4779.0
720	1365.3333333333333	0.0	0.0	5891.0
730	1323.0	0.0	0.0	4507.0
740	1252.6666666666667	0.0	0.0	4900.0
750	1166.0	0.0	0.0	4991.0
760	1076.0	0.0	0.0	4567.0
770	1242.0	0.0	0.0	5926.0
780	1135.0	0.0	0.0	5672.0
790	1214.0	0.0	0.0	5573.0
800	1170.6666666666667	0.0	0.0	5317.0
810	1204.3333333333333	0.0	0.0	7115.0
820	1278.3333333333333	0.0	0.0	6684.0
830	1475.6666666666667	0.0	0.0	6450.0
840	1223.0	0.0	0.0	5742.0
850	1285.3333333333333	0.0	0.0	5695.0
860	1248.3333333333333	0.0	0.0	5541.0
870	1282.6666666666667	0.0	0.0	5967.0
880	1131.0	0.0	0.0	4500.0
890	1251.3333333333333	0.0	0.0	6859.0
900	1283.6666666666667	0.0	0.0	5690.0
910	1426.3333333333333	0.0	0.0	6428.0
920	1434.0	0.0	0.0	7022.0
930	1272.0	0.0	0.0	5394.0
940	1244.3333333333333	0.0	0.0	4604.0
950	1222.6666666666667	0.0	0.0	6053.0
960	1242.6666666666667	0.0	0.0	6076.0
970	1331.3333333333333	0.0	0.0	6701.0
980	1298.3333333333333	0.0	0.0	4162.0
990	1300.0	0.0	0.0	5135.0
1000	1362.0	0.0	0.0	6896.0
