0	2466.6666666666665	0.0	0.0	0.0
10	2553.6666666666665	0.0	350.0	5043.0
20	2522.6666666666665	0.0	457.0	5982.0
30	2540.5	4.0	758.0	12400.0
40	2479.3333333333335	0.0	624.0	10857.0
50	2749.1666666666665	0.0	629.0	12373.0
60	2512.8333333333335	0.0	772.0	11904.0
70	3211.5	0.0	576.0	8640.0
80	3405.1666666666665	0.0	788.0	10997.0
90	3506.3333333333335	0.0	667.0	9940.0
100	3145.8333333333335	0.0	649.0	10340.0
110	3299.5	0.0	618.0	8046.0
120	3006.6666666666665	0.0	775.0	9763.0
130	3702.6666666666665	0.0	574.0	8585.0
140	3500.1666666666665	0.0	975.0	11544.0
150	3186.5	0.0	753.0	10621.0
160	3802.5	0.0	726.0	8579.0
170	3350.0	0.0	887.0	13617.0
180	3417.6666666666665	0.0	755.0	10211.0
190	3211.1666666666665	0.0	828.0	11725.0
200	3658.8333333333335	0.0	667.0	10066.0
210	3121.0	0.0	658.0	9609.0
220	3833.0	0.0	749.0	10905.0
230	3119.6666666666665	0.0	601.0	6788.0
240	3419.0	0.0	671.0	9749.0
250	3849.1666666666665	0.0	622.0	7200.0
260	3552.1666666666665	0.0	984.0	12533.0
270	3755.5	0.0	852.0	13316.0
280	3546.1666666666665	0.0	582.0	10070.0
290	3382.6666666666665	0.0	728.0	9164.0
300	3017.0	0.0	968.0	13744.0
310	3637.3333333333335	0.0	1013.0	12945.0
320	3040.5	0.0	827.0	10537.0
330	3704.6666666666665	0.0	1007.0	12309.0
340	3507.0	0.0	761.0	11142.0
350	3542.0	0.0	764.0	10966.0
360	3960.1666666666665	0.0	832.0	10529.0
370	3523.5	0.0	704.0	10430.0
380	3844.6666666666665	0.0	1065.0	13091.0
390	3927.3333333333335	0.0	857.0	9090.0
400	3692.5	0.0	868.0	10360.0
410	3761.5	0.0	787.0	10344.0
420	3597.8333333333335	0.0	956.0	11440.0
430	3907.3333333333335	0.0	615.0	9170.0
440	4123.666666666667	0.0	1002.0	11837.0
450	3273.1666666666665	0.0	689.0	7505.0
460	3591.8333333333335	0.0	613.0	7188.0
470	3722.8333333333335	0.0	777.0	9326.0
480	3918.5	0.0	870.0	10703.0
490	3985.6666666666665	0.0	711.0	8039.0
500	3938.3333333333335	0.0	1063.0	13023.0
510	3752.1666666666665	0.0	928.0	11599.0
520	3467.1666666666665	0.0	713.0	9115.0
530	3617.8333333333335	0.0	792.0	8659.0
540	3815.3333333333335	0.0	1043.0	12921.0
550	4049.6666666666665	0.0	827.0	9513.0
560	3812.0	0.0	808.0	10436.0
570	3377.8333333333335	0.0	856.0	9170.0
580	3533.5	0.0	1068.0	12546.0
590	3929.6666666666665	0.0	698.0	8787.0
600	3642.0	0.0	886.0	8617.0
