0	2514.8333333333335	0.0	0.0	0.0
10	2556.366666666667	420.26666666666665	2437.866666666667	10200.166666666666
20	2602.55	393.1333333333333	2115.4666666666667	9799.833333333334
30	2736.7111111111108	152.23333333333332	748.6333333333333	9557.733333333334
40	2776.461111111111	32.0	154.8	8593.533333333333
50	2794.35	2.3666666666666667	9.433333333333334	9704.133333333333
60	2907.683333333333	0.0	0.0	9433.133333333333
70	2933.0444444444443	0.0	0.0	9580.566666666668
80	2963.916666666666	0.0	0.0	9703.433333333332
90	3037.011111111111	0.0	0.0	9537.333333333334
100	3042.922222222222	0.0	0.0	9230.533333333333
110	3011.3444444444453	0.0	0.0	9239.866666666667
120	3159.4666666666653	0.0	0.0	9747.6
130	3126.977777777778	0.0	0.0	9995.133333333333
140	3285.616666666667	0.0	0.0	9928.466666666667
150	3244.3000000000006	0.0	0.0	10805.1
160	3314.7333333333327	0.0	0.0	10250.3
170	3337.577777777777	0.0	0.0	10485.466666666667
180	3290.761111111111	0.0	0.0	10694.6
190	3349.3555555555563	0.0	0.0	9967.866666666667
200	3454.727777777777	0.0	0.0	10494.666666666666
210	3419.011111111111	0.0	0.0	9772.033333333333
220	3449.4555555555557	0.0	0.0	10486.6
230	3409.494444444444	0.0	0.0	10547.8
240	3428.6611111111115	0.0	0.0	10419.566666666668
250	3487.766666666667	0.0	0.0	10716.866666666667
260	3447.0666666666666	0.0	0.0	10175.333333333334
270	3403.8944444444437	0.0	0.0	10580.766666666666
280	3558.883333333334	0.0	0.0	10347.2
290	3574.15	0.0	0.0	10274.733333333334
300	3482.555555555557	0.0	0.0	10904.4
310	3496.25	0.0	0.0	9989.166666666666
320	3508.144444444444	0.0	0.0	10883.766666666666
330	3516.6055555555554	0.0	0.0	10582.8
340	3599.9277777777766	0.0	0.0	10079.166666666666
350	3521.127777777778	0.0	0.0	9917.366666666667
360	3566.2166666666667	0.0	0.0	10650.6
370	3595.144444444444	0.0	0.0	10383.333333333334
380	3622.627777777778	0.0	0.0	10515.866666666667
390	3643.5166666666673	0.0	0.0	10748.866666666667
400	3636.977777777778	0.0	0.0	10471.3
410	3713.222222222223	0.0	0.0	10847.6
420	3657.7277777777776	0.0	0.0	11011.766666666666
430	3702.8722222222223	0.0	0.0	10523.066666666668
440	3686.5333333333338	0.0	0.0	10814.366666666667
450	3677.6388888888882	0.0	0.0	10590.966666666667
460	3654.3555555555563	0.0	0.0	10450.833333333334
470	3683.3777777777777	0.0	0.0	10170.066666666668
480	3674.0055555555564	0.0	0.0	10395.4
490	3729.15	0.0	0.0	10999.4
500	3701.3388888888885	0.0	0.0	9714.733333333334
510	3662.5055555555564	0.0	0.0	10497.766666666666
520	3785.283333333333	0.0	0.0	10438.5
530	3664.311111111111	0.0	0.0	9923.366666666667
540	3755.9500000000003	0.0	0.0	10551.9
550	3759.994444444444	0.0	0.0	9994.3
560	3761.5833333333344	0.0	0.0	10117.7
570	3715.7944444444447	0.0	0.0	9656.666666666666
580	3722.1055555555554	0.0	0.0	10168.1
590	3738.25	0.0	0.0	10103.033333333333
600	3741.3833333333323	0.0	0.0	10562.633333333333
610	3772.994444444445	0.0	0.0	10703.3
620	3784.2222222222213	0.0	0.0	10553.9
630	3779.327777777777	0.0	0.0	10063.1
640	3769.9	0.0	0.0	10219.633333333333
650	3757.1000000000004	0.0	0.0	10336.933333333332
660	3820.5833333333335	0.0	0.0	10631.966666666667
670	3796.322222222222	0.0	0.0	10438.366666666667
680	3769.6722222222215	0.0	0.0	10482.5
690	3798.8111111111107	0.0	0.0	10713.2
700	3813.094444444444	0.0	0.0	10057.3
710	3798.638888888889	0.0	0.0	10032.0
720	3802.344444444446	0.0	0.0	10606.1
730	3761.0222222222224	0.0	0.0	9525.1
740	3699.2055555555557	0.0	0.0	10277.366666666667
750	3793.9333333333343	0.0	0.0	10596.766666666666
760	3733.444444444444	0.0	0.0	9897.266666666666
770	3774.9444444444453	0.0	0.0	10228.733333333334
780	3740.783333333333	0.0	0.0	10304.333333333334
790	3753.8055555555547	0.0	0.0	10406.266666666666
800	3741.1222222222227	0.0	0.0	10939.7
