0	2209.5	0.0	0.0	0.0
10	2960.5	123.0	1758.0	9929.0
20	2466.0	196.0	1612.0	9404.0
30	2752.3333333333335	329.0	1740.0	9621.0
40	2666.3333333333335	352.0	1834.0	8413.0
50	2470.3333333333335	0.0	0.0	9049.0
60	2638.5	0.0	0.0	10857.0
70	2510.6666666666665	0.0	0.0	8254.0
80	2625.0	0.0	0.0	9629.0
90	3224.8333333333335	0.0	0.0	7360.0
100	3111.1666666666665	0.0	0.0	7642.0
110	3425.5	0.0	0.0	8327.0
120	2811.3333333333335	0.0	0.0	11764.0
130	3208.0	0.0	0.0	9940.0
140	3432.8333333333335	0.0	0.0	8379.0
150	2761.0	0.0	0.0	10762.0
160	3237.1666666666665	0.0	0.0	13603.0
170	3364.8333333333335	0.0	0.0	11146.0
180	3583.3333333333335	0.0	0.0	7588.0
190	3474.0	0.0	0.0	9486.0
200	3075.8333333333335	0.0	0.0	10765.0
210	3258.0	0.0	0.0	11391.0
220	3354.8333333333335	0.0	0.0	9086.0
230	3333.6666666666665	0.0	0.0	11454.0
240	3205.0	0.0	0.0	8474.0
250	3295.5	0.0	0.0	11874.0
260	3696.1666666666665	0.0	0.0	10722.0
270	3192.5	0.0	0.0	10559.0
280	3817.5	0.0	0.0	8057.0
290	3656.8333333333335	0.0	0.0	11994.0
300	3918.0	0.0	0.0	10199.0
310	3772.0	0.0	0.0	12571.0
320	3902.3333333333335	0.0	0.0	13778.0
330	3528.3333333333335	0.0	0.0	10724.0
340	3976.3333333333335	0.0	0.0	11938.0
350	3666.6666666666665	0.0	0.0	9060.0
360	3490.1666666666665	0.0	0.0	12040.0
370	3682.6666666666665	0.0	0.0	9779.0
380	3416.5	0.0	0.0	10261.0
390	3434.8333333333335	0.0	0.0	10449.0
400	3292.1666666666665	0.0	0.0	12286.0
410	3662.6666666666665	0.0	0.0	7883.0
420	3719.3333333333335	0.0	0.0	12781.0
430	3744.8333333333335	0.0	0.0	10996.0
440	3972.6666666666665	0.0	0.0	11368.0
450	3590.5	0.0	0.0	13890.0
460	3578.1666666666665	0.0	0.0	9776.0
470	4071.3333333333335	0.0	0.0	11758.0
480	4029.5	0.0	0.0	10278.0
490	3805.3333333333335	0.0	0.0	10109.0
500	3780.8333333333335	0.0	0.0	10757.0
510	3827.8333333333335	0.0	0.0	10595.0
520	3456.6666666666665	0.0	0.0	10877.0
530	2869.5	0.0	0.0	9314.0
540	3203.0	0.0	0.0	9912.0
550	3640.5	0.0	0.0	11629.0
560	3734.6666666666665	0.0	0.0	9519.0
570	3719.6666666666665	0.0	0.0	9532.0
580	3638.8333333333335	0.0	0.0	11775.0
590	3760.0	0.0	0.0	12257.0
600	3442.8333333333335	0.0	0.0	10598.0
610	3666.3333333333335	0.0	0.0	8186.0
620	3351.5	0.0	0.0	9111.0
630	4031.0	0.0	0.0	10800.0
640	3677.6666666666665	0.0	0.0	10247.0
650	3545.1666666666665	0.0	0.0	11142.0
660	3855.5	0.0	0.0	8423.0
670	3876.6666666666665	0.0	0.0	12691.0
680	3761.5	0.0	0.0	11201.0
690	3903.8333333333335	0.0	0.0	9103.0
700	3669.3333333333335	0.0	0.0	9333.0
710	3683.3333333333335	0.0	0.0	10702.0
720	3798.5	0.0	0.0	10305.0
730	3953.8333333333335	0.0	0.0	7274.0
740	3458.6666666666665	0.0	0.0	14246.0
750	3884.6666666666665	0.0	0.0	11024.0
760	3611.8333333333335	0.0	0.0	11044.0
770	3674.8333333333335	0.0	0.0	11435.0
780	3675.5	0.0	0.0	9643.0
790	3637.0	0.0	0.0	10129.0
800	3581.3333333333335	0.0	0.0	11684.0
