0	2420.6666666666665	0.0	0.0	0.0
10	2462.8333333333335	376.0	2302.0	9090.0
20	2527.1666666666665	290.0	2236.0	7826.0
30	2592.1666666666665	334.0	1845.0	9123.0
40	2624.5	0.0	0.0	9027.0
50	3017.8333333333335	0.0	0.0	10934.0
60	2650.0	0.0	0.0	8562.0
70	2696.5	0.0	0.0	9486.0
80	2717.5	0.0	0.0	7811.0
90	3082.5	0.0	0.0	10009.0
100	3057.8333333333335	0.0	0.0	9489.0
110	3145.3333333333335	0.0	0.0	12295.0
120	3010.3333333333335	0.0	0.0	7597.0
130	3256.8333333333335	0.0	0.0	10864.0
140	3216.6666666666665	0.0	0.0	10509.0
150	3246.8333333333335	0.0	0.0	12157.0
160	3218.6666666666665	0.0	0.0	9024.0
170	3294.6666666666665	0.0	0.0	14369.0
180	2998.5	0.0	0.0	12873.0
190	3327.5	0.0	0.0	9715.0
200	3633.5	0.0	0.0	12456.0
210	3369.8333333333335	0.0	0.0	12511.0
220	3194.1666666666665	0.0	0.0	10058.0
230	3617.0	0.0	0.0	12948.0
240	3606.3333333333335	0.0	0.0	10112.0
250	2709.8333333333335	0.0	0.0	11661.0
260	3490.8333333333335	0.0	0.0	9557.0
270	3668.3333333333335	0.0	0.0	10868.0
280	4006.1666666666665	0.0	0.0	11513.0
290	3192.6666666666665	0.0	0.0	9224.0
300	3897.1666666666665	0.0	0.0	10313.0
310	3950.0	0.0	0.0	8974.0
320	3296.6666666666665	0.0	0.0	11598.0
330	3184.8333333333335	0.0	0.0	11686.0
340	4096.0	0.0	0.0	11796.0
350	3241.5	0.0	0.0	9059.0
360	2983.1666666666665	0.0	0.0	11142.0
370	3898.8333333333335	0.0	0.0	8915.0
380	3916.1666666666665	0.0	0.0	11366.0
390	3530.6666666666665	0.0	0.0	8400.0
400	3460.6666666666665	0.0	0.0	12315.0
410	3242.8333333333335	0.0	0.0	11413.0
420	2838.6666666666665	0.0	0.0	12029.0
430	3186.1666666666665	0.0	0.0	10624.0
440	3478.1666666666665	0.0	0.0	11984.0
450	3434.8333333333335	0.0	0.0	12626.0
460	3577.8333333333335	0.0	0.0	10348.0
470	3617.8333333333335	0.0	0.0	10539.0
480	3685.3333333333335	0.0	0.0	12576.0
490	3974.1666666666665	0.0	0.0	13772.0
500	2910.5	0.0	0.0	12809.0
510	3651.5	0.0	0.0	10364.0
520	3790.3333333333335	0.0	0.0	11018.0
530	3859.8333333333335	0.0	0.0	8031.0
540	3626.6666666666665	0.0	0.0	10859.0
550	4012.6666666666665	0.0	0.0	11229.0
560	3790.0	0.0	0.0	12308.0
570	3739.1666666666665	0.0	0.0	9880.0
580	3640.3333333333335	0.0	0.0	8826.0
590	4132.5	0.0	0.0	7904.0
600	4257.333333333333	0.0	0.0	12687.0
610	3758.6666666666665	0.0	0.0	11761.0
620	3904.1666666666665	0.0	0.0	11057.0
630	4041.5	0.0	0.0	8163.0
640	3513.8333333333335	0.0	0.0	11046.0
650	3992.3333333333335	0.0	0.0	13162.0
660	3796.3333333333335	0.0	0.0	12370.0
670	4004.5	0.0	0.0	12208.0
680	3977.5	0.0	0.0	10609.0
690	3959.0	0.0	0.0	12868.0
700	3635.6666666666665	0.0	0.0	7324.0
710	3847.1666666666665	0.0	0.0	9845.0
720	3833.1666666666665	0.0	0.0	13135.0
730	4060.6666666666665	0.0	0.0	9812.0
740	3805.0	0.0	0.0	9868.0
750	3963.5	0.0	0.0	13765.0
760	4182.0	0.0	0.0	7976.0
770	3879.1666666666665	0.0	0.0	8695.0
780	3569.5	0.0	0.0	12266.0
790	3853.8333333333335	0.0	0.0	13484.0
800	3754.5	0.0	0.0	10701.0
