0	2410.8333333333335	0.0	0.0	0.0
10	2642.8333333333335	549.0	3562.0	11932.0
20	2792.1666666666665	451.0	2018.0	10734.0
30	2919.1666666666665	0.0	0.0	10223.0
40	2693.6666666666665	0.0	0.0	9293.0
50	2317.8333333333335	0.0	0.0	10438.0
60	3382.8333333333335	0.0	0.0	8792.0
70	3195.6666666666665	0.0	0.0	10389.0
80	3152.0	0.0	0.0	9569.0
90	2665.1666666666665	0.0	0.0	8821.0
100	2946.1666666666665	0.0	0.0	9409.0
110	3267.8333333333335	0.0	0.0	9889.0
120	3193.6666666666665	0.0	0.0	10541.0
130	3119.3333333333335	0.0	0.0	10227.0
140	3543.5	0.0	0.0	10909.0
150	3506.0	0.0	0.0	10908.0
160	3374.3333333333335	0.0	0.0	11140.0
170	3458.1666666666665	0.0	0.0	9788.0
180	3099.3333333333335	0.0	0.0	8645.0
190	3279.0	0.0	0.0	10642.0
200	3008.8333333333335	0.0	0.0	11421.0
210	3279.0	0.0	0.0	9382.0
220	3279.8333333333335	0.0	0.0	12758.0
230	3887.5	0.0	0.0	11727.0
240	3137.8333333333335	0.0	0.0	11366.0
250	3634.1666666666665	0.0	0.0	11270.0
260	3157.8333333333335	0.0	0.0	12054.0
270	3467.8333333333335	0.0	0.0	11391.0
280	3531.3333333333335	0.0	0.0	12316.0
290	3239.8333333333335	0.0	0.0	11332.0
300	3480.8333333333335	0.0	0.0	11300.0
310	3347.8333333333335	0.0	0.0	11453.0
320	3395.3333333333335	0.0	0.0	11025.0
330	3681.5	0.0	0.0	8870.0
340	3246.1666666666665	0.0	0.0	10856.0
350	3172.8333333333335	0.0	0.0	11693.0
360	3386.5	0.0	0.0	9353.0
370	3568.3333333333335	0.0	0.0	10083.0
380	3765.6666666666665	0.0	0.0	11084.0
390	3873.6666666666665	0.0	0.0	12857.0
400	4088.8333333333335	0.0	0.0	10862.0
410	3850.6666666666665	0.0	0.0	11910.0
420	3578.3333333333335	0.0	0.0	10547.0
430	3830.5	0.0	0.0	10077.0
440	3337.5	0.0	0.0	10954.0
450	3322.6666666666665	0.0	0.0	10184.0
460	3453.1666666666665	0.0	0.0	11278.0
470	3802.3333333333335	0.0	0.0	13151.0
480	4087.6666666666665	0.0	0.0	10370.0
490	3326.3333333333335	0.0	0.0	7667.0
500	4180.833333333333	0.0	0.0	8475.0
510	3916.1666666666665	0.0	0.0	9996.0
520	4027.3333333333335	0.0	0.0	11787.0
530	3565.3333333333335	0.0	0.0	14271.0
540	3287.1666666666665	0.0	0.0	12712.0
550	3608.6666666666665	0.0	0.0	9494.0
560	3590.1666666666665	0.0	0.0	9543.0
570	3738.5	0.0	0.0	9183.0
580	3532.6666666666665	0.0	0.0	8693.0
590	3890.0	0.0	0.0	8806.0
600	3773.3333333333335	0.0	0.0	8807.0
610	3649.8333333333335	0.0	0.0	9626.0
620	3843.3333333333335	0.0	0.0	10607.0
630	3982.0	0.0	0.0	8674.0
640	3751.5	0.0	0.0	10949.0
650	3787.0	0.0	0.0	9641.0
660	3918.6666666666665	0.0	0.0	8614.0
670	3848.1666666666665	0.0	0.0	7462.0
680	3298.6666666666665	0.0	0.0	9899.0
690	3872.6666666666665	0.0	0.0	11477.0
700	3675.0	0.0	0.0	7369.0
710	4017.8333333333335	0.0	0.0	9712.0
720	3799.6666666666665	0.0	0.0	10400.0
730	3621.8333333333335	0.0	0.0	9410.0
740	3849.3333333333335	0.0	0.0	10637.0
750	3529.6666666666665	0.0	0.0	12963.0
760	3499.5	0.0	0.0	8381.0
770	3806.6666666666665	0.0	0.0	10176.0
780	3599.5	0.0	0.0	13567.0
790	3778.8333333333335	0.0	0.0	11963.0
800	3650.1666666666665	0.0	0.0	9092.0
