0	2494.8333333333335	0.0	0.0	0.0
10	2810.8333333333335	106.0	828.0	9909.0
20	2787.8333333333335	170.0	580.0	7652.0
30	2811.6666666666665	177.0	660.0	8566.0
40	2867.8333333333335	195.0	600.0	7334.0
50	2564.8333333333335	352.0	814.0	11304.0
60	2614.6666666666665	0.0	0.0	8465.0
70	2312.6666666666665	0.0	0.0	7611.0
80	2416.6666666666665	0.0	0.0	10264.0
90	2633.1666666666665	0.0	0.0	10315.0
100	2994.5	0.0	0.0	7269.0
110	2554.1666666666665	0.0	0.0	9356.0
120	2686.6666666666665	0.0	0.0	7971.0
130	2445.3333333333335	0.0	0.0	9942.0
140	2534.8333333333335	0.0	0.0	7768.0
150	2826.6666666666665	0.0	0.0	10566.0
160	2934.1666666666665	0.0	0.0	11638.0
170	2703.1666666666665	0.0	0.0	10843.0
180	3123.3333333333335	0.0	0.0	5401.0
190	3034.3333333333335	0.0	0.0	10366.0
200	3010.6666666666665	0.0	0.0	9842.0
210	2983.6666666666665	0.0	0.0	5960.0
220	2834.5	0.0	0.0	9431.0
230	2785.1666666666665	0.0	0.0	8211.0
240	3211.5	0.0	0.0	8608.0
250	2850.5	0.0	0.0	4945.0
260	3321.0	0.0	0.0	11479.0
270	2900.1666666666665	0.0	0.0	10879.0
280	3405.1666666666665	0.0	0.0	9763.0
290	3299.1666666666665	0.0	0.0	10536.0
300	2876.3333333333335	0.0	0.0	6730.0
310	3150.8333333333335	0.0	0.0	10877.0
320	3581.6666666666665	0.0	0.0	9141.0
330	3361.0	0.0	0.0	9164.0
340	3829.0	0.0	0.0	9094.0
350	3083.5	0.0	0.0	6876.0
360	2939.0	0.0	0.0	7656.0
370	3354.0	0.0	0.0	11669.0
380	2839.8333333333335	0.0	0.0	11471.0
390	3250.5	0.0	0.0	13432.0
400	3843.8333333333335	0.0	0.0	10466.0
410	3806.6666666666665	0.0	0.0	9220.0
420	3561.6666666666665	0.0	0.0	12775.0
430	3330.3333333333335	0.0	0.0	15107.0
440	3555.8333333333335	0.0	0.0	11406.0
450	3224.3333333333335	0.0	0.0	10403.0
460	3427.0	0.0	0.0	9438.0
470	3625.5	0.0	0.0	12456.0
480	3502.3333333333335	0.0	0.0	11103.0
490	3992.6666666666665	0.0	0.0	13655.0
500	3763.1666666666665	0.0	0.0	10493.0
510	3660.6666666666665	0.0	0.0	7817.0
520	3516.6666666666665	0.0	0.0	11223.0
530	3483.5	0.0	0.0	8078.0
540	3393.3333333333335	0.0	0.0	10539.0
550	3245.8333333333335	0.0	0.0	11283.0
560	3665.6666666666665	0.0	0.0	6764.0
570	3800.6666666666665	0.0	0.0	10241.0
580	2955.6666666666665	0.0	0.0	11613.0
590	3807.5	0.0	0.0	9423.0
600	3938.0	0.0	0.0	12038.0
610	4108.666666666667	0.0	0.0	9735.0
620	3459.6666666666665	0.0	0.0	14136.0
630	3791.0	0.0	0.0	10143.0
640	3863.5	0.0	0.0	11009.0
650	3888.1666666666665	0.0	0.0	8009.0
660	3727.8333333333335	0.0	0.0	11236.0
670	3480.6666666666665	0.0	0.0	10179.0
680	4101.833333333333	0.0	0.0	9840.0
690	3826.3333333333335	0.0	0.0	10020.0
700	3968.5	0.0	0.0	8467.0
710	3913.1666666666665	0.0	0.0	10909.0
720	3612.0	0.0	0.0	10823.0
730	3856.3333333333335	0.0	0.0	10452.0
740	3352.3333333333335	0.0	0.0	7656.0
750	3350.5	0.0	0.0	9103.0
760	3065.0	0.0	0.0	8592.0
770	3640.0	0.0	0.0	12345.0
780	3756.5	0.0	0.0	8358.0
790	3751.8333333333335	0.0	0.0	10079.0
800	3823.0	0.0	0.0	10115.0
