0	2490.1666666666665	0.0	0.0	0.0
10	2518.0	464.0	1433.0	10914.0
20	2687.8333333333335	228.0	654.0	6569.0
30	2779.5	308.0	1149.0	14100.0
40	2302.5	0.0	0.0	7933.0
50	2524.8333333333335	0.0	0.0	7236.0
60	2357.3333333333335	0.0	0.0	7911.0
70	2735.6666666666665	0.0	0.0	6598.0
80	2125.8333333333335	0.0	0.0	10472.0
90	2430.6666666666665	0.0	0.0	9790.0
100	2562.0	0.0	0.0	11198.0
110	2575.6666666666665	0.0	0.0	10267.0
120	3068.3333333333335	0.0	0.0	8471.0
130	3182.8333333333335	0.0	0.0	9853.0
140	3125.5	0.0	0.0	9152.0
150	3115.5	0.0	0.0	12645.0
160	2959.8333333333335	0.0	0.0	8788.0
170	2941.1666666666665	0.0	0.0	8050.0
180	3341.1666666666665	0.0	0.0	7369.0
190	3498.8333333333335	0.0	0.0	10723.0
200	3157.8333333333335	0.0	0.0	7225.0
210	3339.3333333333335	0.0	0.0	11897.0
220	2872.5	0.0	0.0	10206.0
230	3667.0	0.0	0.0	9877.0
240	3315.0	0.0	0.0	10448.0
250	3125.6666666666665	0.0	0.0	12350.0
260	3429.0	0.0	0.0	11661.0
270	3774.6666666666665	0.0	0.0	8524.0
280	3569.1666666666665	0.0	0.0	9847.0
290	3265.5	0.0	0.0	10269.0
300	4155.166666666667	0.0	0.0	14835.0
310	3298.8333333333335	0.0	0.0	12661.0
320	3348.1666666666665	0.0	0.0	10295.0
330	3328.6666666666665	0.0	0.0	15158.0
340	3767.8333333333335	0.0	0.0	9899.0
350	3343.0	0.0	0.0	11262.0
360	3543.3333333333335	0.0	0.0	9285.0
370	3748.3333333333335	0.0	0.0	12438.0
380	3660.6666666666665	0.0	0.0	10090.0
390	3521.6666666666665	0.0	0.0	14064.0
400	3508.3333333333335	0.0	0.0	7812.0
410	3379.5	0.0	0.0	11097.0
420	3117.0	0.0	0.0	7839.0
430	3672.8333333333335	0.0	0.0	11279.0
440	4032.3333333333335	0.0	0.0	8910.0
450	3043.5	0.0	0.0	11446.0
460	3419.1666666666665	0.0	0.0	10026.0
470	3685.8333333333335	0.0	0.0	12831.0
480	3601.6666666666665	0.0	0.0	12734.0
490	3879.1666666666665	0.0	0.0	7199.0
500	3694.1666666666665	0.0	0.0	8999.0
510	3059.1666666666665	0.0	0.0	8094.0
520	3815.0	0.0	0.0	9610.0
530	3857.1666666666665	0.0	0.0	11208.0
540	3795.6666666666665	0.0	0.0	13779.0
550	3386.0	0.0	0.0	10591.0
560	3222.0	0.0	0.0	9495.0
570	4081.1666666666665	0.0	0.0	12374.0
580	3639.6666666666665	0.0	0.0	7493.0
590	3894.6666666666665	0.0	0.0	7314.0
600	3888.8333333333335	0.0	0.0	10526.0
610	3153.8333333333335	0.0	0.0	8629.0
620	3512.1666666666665	0.0	0.0	6748.0
630	3705.3333333333335	0.0	0.0	10549.0
640	3597.0	0.0	0.0	11555.0
650	4047.5	0.0	0.0	11415.0
660	3723.1666666666665	0.0	0.0	9923.0
670	3843.0	0.0	0.0	7595.0
680	3669.8333333333335	0.0	0.0	9219.0
690	3960.0	0.0	0.0	9580.0
700	3761.0	0.0	0.0	9314.0
710	3893.1666666666665	0.0	0.0	10638.0
720	3877.6666666666665	0.0	0.0	10803.0
730	3764.5	0.0	0.0	10116.0
740	3673.3333333333335	0.0	0.0	10829.0
750	3992.0	0.0	0.0	10092.0
760	3870.0	0.0	0.0	9621.0
770	3514.5	0.0	0.0	7674.0
780	3797.8333333333335	0.0	0.0	10274.0
790	3761.3333333333335	0.0	0.0	10819.0
800	3751.8333333333335	0.0	0.0	11122.0
