0	227.0	0.0	0.0	0.0
10	1987.5	1000.0	5476.0	12015.0
20	1564.0	0.0	0.0	10207.0
30	1952.25	0.0	0.0	6938.0
40	2094.25	0.0	0.0	9614.0
50	2330.25	0.0	0.0	6486.0
60	2503.0	0.0	0.0	10797.0
70	2610.0	0.0	0.0	6812.0
80	2343.5	0.0	0.0	7026.0
90	2582.5	0.0	0.0	7587.0
100	2697.25	0.0	0.0	8440.0
110	2402.75	0.0	0.0	7763.0
120	2155.5	0.0	0.0	7486.0
130	2423.5	0.0	0.0	10787.0
140	2836.75	0.0	0.0	12601.0
150	3016.25	0.0	0.0	10026.0
160	2865.25	0.0	0.0	8204.0
170	2533.75	0.0	0.0	7848.0
180	2737.25	0.0	0.0	10037.0
190	2245.5	0.0	0.0	7552.0
200	2580.25	0.0	0.0	9467.0
210	2133.75	0.0	0.0	7276.0
220	2537.75	0.0	0.0	12645.0
230	2691.75	0.0	0.0	10319.0
240	2548.75	0.0	0.0	9480.0
250	2543.25	0.0	0.0	13936.0
260	2728.75	0.0	0.0	8463.0
270	3240.25	0.0	0.0	9436.0
280	2786.5	0.0	0.0	9687.0
290	2997.75	0.0	0.0	8327.0
300	2878.0	0.0	0.0	9680.0
310	2906.25	0.0	0.0	10589.0
320	2277.75	0.0	0.0	5998.0
330	3046.25	0.0	0.0	5477.0
340	3240.0	0.0	0.0	13530.0
350	2954.75	0.0	0.0	7469.0
360	3488.75	0.0	0.0	9644.0
370	2336.5	0.0	0.0	9993.0
380	3073.25	0.0	0.0	7902.0
390	2756.5	0.0	0.0	10491.0
400	2836.25	0.0	0.0	7644.0
410	3623.5	0.0	0.0	6403.0
420	3120.75	0.0	0.0	7703.0
430	3120.75	0.0	0.0	9869.0
440	3259.5	0.0	0.0	8433.0
450	3631.25	0.0	0.0	8127.0
460	3446.0	0.0	0.0	13293.0
470	3902.0	0.0	0.0	9053.0
480	3451.0	0.0	0.0	10866.0
490	3595.0	0.0	0.0	13165.0
500	2949.75	0.0	0.0	15435.0
510	3962.75	0.0	0.0	11223.0
520	3907.5	0.0	0.0	10074.0
530	3350.75	0.0	0.0	10704.0
540	3393.25	0.0	0.0	6852.0
550	3719.75	0.0	0.0	10033.0
560	3613.75	0.0	0.0	11338.0
570	3528.0	0.0	0.0	11036.0
580	3908.5	0.0	0.0	10829.0
590	3822.5	0.0	0.0	9549.0
600	3594.25	0.0	0.0	11526.0
610	3720.5	0.0	0.0	11200.0
620	4065.25	0.0	0.0	8350.0
630	3474.0	0.0	0.0	9549.0
640	3894.25	0.0	0.0	11929.0
650	4139.0	0.0	0.0	8822.0
660	3291.0	0.0	0.0	11311.0
670	4122.5	0.0	0.0	12748.0
680	4038.25	0.0	0.0	9529.0
690	3628.25	0.0	0.0	9296.0
700	3333.25	0.0	0.0	11250.0
710	3505.5	0.0	0.0	9344.0
720	3759.5	0.0	0.0	9123.0
730	4130.75	0.0	0.0	11872.0
740	3937.75	0.0	0.0	10980.0
750	3559.75	0.0	0.0	9121.0
760	3904.75	0.0	0.0	7858.0
770	3556.0	0.0	0.0	9406.0
780	3670.0	0.0	0.0	9741.0
790	3305.25	0.0	0.0	10554.0
800	3818.5	0.0	0.0	9150.0
810	3843.0	0.0	0.0	8159.0
820	3340.75	0.0	0.0	7397.0
830	3394.75	0.0	0.0	11071.0
840	4195.0	0.0	0.0	10628.0
850	3454.25	0.0	0.0	8658.0
860	3542.0	0.0	0.0	12024.0
870	3717.5	0.0	0.0	9288.0
880	3746.0	0.0	0.0	11649.0
890	4084.5	0.0	0.0	13195.0
900	3829.5	0.0	0.0	9938.0
910	3702.75	0.0	0.0	11417.0
920	3591.5	0.0	0.0	9324.0
930	3863.0	0.0	0.0	13268.0
940	4124.25	0.0	0.0	8683.0
950	4174.75	0.0	0.0	8624.0
960	3911.5	0.0	0.0	9439.0
970	3447.0	0.0	0.0	9718.0
980	3470.5	0.0	0.0	6840.0
990	4059.25	0.0	0.0	9734.0
1000	3585.25	0.0	0.0	10106.0
