0	2720.0	0.0	0.0	0.0
10	2727.5	0.0	31.0	9692.0
20	2697.1666666666665	0.0	20.0	7687.0
30	2651.3333333333335	0.0	59.0	11205.0
40	2675.1666666666665	0.0	67.0	9450.0
50	2973.3333333333335	0.0	97.0	8810.0
60	2875.3333333333335	0.0	22.0	5841.0
70	2726.1666666666665	0.0	23.0	7936.0
80	3161.6666666666665	0.0	57.0	8947.0
90	2884.8333333333335	0.0	51.0	8410.0
100	3126.6666666666665	0.0	60.0	12275.0
110	3016.8333333333335	0.0	85.0	11572.0
120	3051.8333333333335	0.0	32.0	10797.0
130	3209.0	0.0	26.0	9847.0
140	3048.5	0.0	69.0	14391.0
150	3209.8333333333335	0.0	47.0	13546.0
160	3204.3333333333335	0.0	52.0	11250.0
170	3673.3333333333335	0.0	5.0	7548.0
180	3557.1666666666665	0.0	1.0	8797.0
190	3547.0	0.0	36.0	10817.0
200	3349.3333333333335	0.0	18.0	10934.0
210	3573.1666666666665	0.0	33.0	9203.0
220	3020.3333333333335	0.0	8.0	8122.0
230	3460.5	0.0	20.0	10217.0
240	3568.6666666666665	0.0	69.0	10623.0
250	3606.1666666666665	0.0	9.0	7702.0
260	3530.8333333333335	0.0	7.0	7166.0
270	3348.0	0.0	89.0	6714.0
280	3926.6666666666665	0.0	52.0	11243.0
290	3512.5	0.0	82.0	9321.0
300	3525.3333333333335	2.0	50.0	8876.0
310	3599.5	0.0	66.0	12216.0
320	3536.0	0.0	47.0	11290.0
330	3566.8333333333335	0.0	126.0	11727.0
340	3938.1666666666665	0.0	57.0	9557.0
350	3638.1666666666665	0.0	83.0	8339.0
360	3869.1666666666665	0.0	21.0	7625.0
370	2729.1666666666665	0.0	39.0	9599.0
380	3161.8333333333335	0.0	35.0	13234.0
390	3464.3333333333335	0.0	59.0	11664.0
400	3607.3333333333335	0.0	19.0	9722.0
410	3633.3333333333335	0.0	31.0	7986.0
420	3898.1666666666665	0.0	29.0	11541.0
430	3518.6666666666665	0.0	14.0	7824.0
440	3803.3333333333335	0.0	33.0	10184.0
450	3778.1666666666665	0.0	50.0	11729.0
460	3770.6666666666665	0.0	128.0	12556.0
470	3827.6666666666665	0.0	42.0	10455.0
480	3650.6666666666665	0.0	19.0	11304.0
490	3889.0	0.0	84.0	12079.0
500	4079.6666666666665	0.0	13.0	8154.0
510	3731.6666666666665	0.0	8.0	10776.0
520	4019.1666666666665	0.0	33.0	9438.0
530	3750.3333333333335	0.0	17.0	10883.0
540	3688.6666666666665	0.0	46.0	9538.0
550	4015.8333333333335	0.0	23.0	8270.0
560	3651.8333333333335	0.0	14.0	9884.0
570	3744.5	0.0	60.0	10910.0
580	3779.6666666666665	0.0	13.0	9595.0
590	3864.5	0.0	57.0	11068.0
600	4037.5	0.0	39.0	9489.0
