0	2701.6666666666665	0.0	0.0	0.0
10	2889.6666666666665	0.0	18.0	11058.0
20	2758.1666666666665	0.0	2.0	7029.0
30	2673.0	0.0	34.0	6323.0
40	3342.5	0.0	25.0	9220.0
50	2707.1666666666665	0.0	16.0	7161.0
60	2214.6666666666665	0.0	0.0	5415.0
70	2699.3333333333335	0.0	28.0	5716.0
80	2598.6666666666665	0.0	9.0	4634.0
90	2434.3333333333335	0.0	65.0	8062.0
100	2462.1666666666665	0.0	22.0	10688.0
110	2765.8333333333335	0.0	4.0	6779.0
120	2594.3333333333335	0.0	2.0	8609.0
130	3063.0	0.0	78.0	8314.0
140	2557.0	0.0	8.0	9457.0
150	2808.3333333333335	0.0	24.0	7035.0
160	2658.1666666666665	0.0	26.0	9047.0
170	3044.8333333333335	0.0	20.0	11421.0
180	2727.3333333333335	0.0	46.0	8589.0
190	3255.5	0.0	31.0	8201.0
200	2862.5	0.0	77.0	10511.0
210	3147.0	0.0	17.0	8594.0
220	3189.0	0.0	58.0	11290.0
230	3607.3333333333335	0.0	1.0	8701.0
240	3331.1666666666665	0.0	59.0	9297.0
250	2811.6666666666665	0.0	37.0	8813.0
260	3711.0	0.0	70.0	13020.0
270	3026.5	0.0	36.0	10796.0
280	3583.3333333333335	0.0	45.0	8553.0
290	3320.6666666666665	0.0	59.0	10125.0
300	3437.0	0.0	16.0	8938.0
310	3159.6666666666665	0.0	50.0	9616.0
320	3168.6666666666665	0.0	85.0	12884.0
330	3358.0	0.0	20.0	7573.0
340	3556.0	0.0	13.0	8187.0
350	3416.6666666666665	0.0	97.0	11547.0
360	3739.0	0.0	12.0	10171.0
370	2884.5	0.0	41.0	10765.0
380	4209.333333333333	0.0	19.0	10472.0
390	3445.1666666666665	0.0	43.0	9286.0
400	3327.3333333333335	0.0	11.0	12172.0
410	3921.1666666666665	0.0	45.0	9492.0
420	3876.8333333333335	1.0	25.0	8915.0
430	3690.1666666666665	0.0	32.0	10481.0
440	3643.1666666666665	0.0	32.0	9561.0
450	3719.8333333333335	0.0	18.0	10165.0
460	3717.1666666666665	0.0	37.0	8065.0
470	3799.6666666666665	0.0	65.0	10796.0
480	3603.0	1.0	15.0	8982.0
490	3804.8333333333335	0.0	38.0	10216.0
500	3235.3333333333335	0.0	139.0	15289.0
510	3721.3333333333335	0.0	43.0	8880.0
520	3856.3333333333335	0.0	41.0	10001.0
530	3745.5	0.0	34.0	11295.0
540	3735.8333333333335	0.0	43.0	8779.0
550	3555.8333333333335	0.0	105.0	10739.0
560	3786.8333333333335	0.0	46.0	7979.0
570	3836.8333333333335	0.0	6.0	10519.0
580	3535.1666666666665	0.0	43.0	9947.0
590	3802.8333333333335	0.0	20.0	9712.0
600	3888.5	0.0	78.0	12870.0
