0	1580.6666666666667	0.0	0.0	0.0
10	1812.6666666666667	45.0	2861.0	6077.0
20	1567.6666666666667	16.0	3113.0	5437.0
30	1632.1666666666667	88.0	2950.0	6120.0
40	1674.0	106.0	4323.0	8140.0
50	1763.1666666666667	31.0	4118.0	6768.0
60	1684.6666666666667	15.0	2697.0	5637.0
70	1476.5	25.0	3563.0	7800.0
80	1665.3333333333333	45.0	2799.0	6393.0
90	1412.6666666666667	40.0	2887.0	6417.0
100	1702.3333333333333	92.0	5230.0	9620.0
110	1419.3333333333333	88.0	3374.0	6200.0
120	1566.1666666666667	4.0	2903.0	6024.0
130	1579.6666666666667	49.0	4338.0	8751.0
140	1610.6666666666667	75.0	4000.0	7451.0
150	1587.0	27.0	3133.0	7097.0
160	1689.3333333333333	26.0	2839.0	5751.0
170	1495.8333333333333	31.0	3050.0	6026.0
180	1609.5	59.0	3149.0	6046.0
190	1475.3333333333333	10.0	2821.0	4834.0
200	1559.0	18.0	3724.0	7137.0
210	1553.6666666666667	27.0	2651.0	4317.0
220	1574.0	6.0	3210.0	5787.0
230	1311.6666666666667	14.0	2092.0	3863.0
240	1328.3333333333333	45.0	3219.0	5919.0
250	1403.5	18.0	1675.0	5413.0
260	1438.6666666666667	0.0	0.0	9640.0
270	1350.5	0.0	0.0	5172.0
280	1215.0	0.0	0.0	6668.0
290	1560.6666666666667	0.0	0.0	8020.0
300	1573.0	0.0	0.0	7599.0
310	1387.6666666666667	0.0	0.0	6238.0
320	1586.5	0.0	0.0	5316.0
330	1349.5	0.0	0.0	5528.0
340	1386.0	0.0	0.0	6611.0
350	1484.3333333333333	0.0	0.0	8419.0
360	1314.3333333333333	0.0	0.0	5800.0
370	1210.3333333333333	0.0	0.0	4255.0
380	1283.0	0.0	0.0	7503.0
390	1308.0	0.0	0.0	6983.0
400	1293.0	0.0	0.0	4782.0
410	1389.8333333333333	0.0	0.0	5576.0
420	1284.6666666666667	0.0	0.0	5213.0
430	1450.6666666666667	0.0	0.0	6163.0
440	1391.6666666666667	0.0	0.0	4780.0
450	1248.0	0.0	0.0	5294.0
460	1366.3333333333333	0.0	0.0	5706.0
470	1346.6666666666667	0.0	0.0	4721.0
480	1303.3333333333333	0.0	0.0	5521.0
490	1470.3333333333333	0.0	0.0	6956.0
500	1222.6666666666667	0.0	0.0	5638.0
510	1391.3333333333333	0.0	0.0	6032.0
520	1293.6666666666667	0.0	0.0	5224.0
530	1238.3333333333333	0.0	0.0	5355.0
540	1277.3333333333333	0.0	0.0	4412.0
550	1355.0	0.0	0.0	5896.0
560	1377.3333333333333	0.0	0.0	6718.0
570	1437.6666666666667	0.0	0.0	5209.0
580	1323.0	0.0	0.0	4735.0
590	1266.0	0.0	0.0	4954.0
600	1294.6666666666667	0.0	0.0	6443.0
610	1252.0	0.0	0.0	6816.0
620	1243.8333333333333	0.0	0.0	6190.0
630	1316.6666666666667	0.0	0.0	5942.0
640	1330.3333333333333	0.0	0.0	7546.0
650	1285.0	0.0	0.0	7380.0
660	1206.0	0.0	0.0	6902.0
670	1310.0	0.0	0.0	6043.0
680	1253.0	0.0	0.0	6097.0
690	1312.3333333333333	0.0	0.0	4875.0
700	1353.0	0.0	0.0	5715.0
710	1392.1666666666667	0.0	0.0	4950.0
720	1201.6666666666667	0.0	0.0	5350.0
730	1310.3333333333333	0.0	0.0	5338.0
740	1216.3333333333333	0.0	0.0	5480.0
750	1050.6666666666667	0.0	0.0	5473.0
760	1238.3333333333333	0.0	0.0	6458.0
770	1278.3333333333333	0.0	0.0	5553.0
780	1257.6666666666667	0.0	0.0	6180.0
790	1393.0	0.0	0.0	4912.0
800	1246.3333333333333	0.0	0.0	5516.0
810	1253.3333333333333	0.0	0.0	5015.0
820	1361.3333333333333	0.0	0.0	6495.0
830	1309.6666666666667	0.0	0.0	4849.0
840	1282.6666666666667	0.0	0.0	4936.0
850	1206.3333333333333	0.0	0.0	6047.0
860	1254.6666666666667	0.0	0.0	4808.0
870	1257.0	0.0	0.0	5592.0
880	1264.0	0.0	0.0	7339.0
890	1325.0	0.0	0.0	6000.0
900	1244.3333333333333	0.0	0.0	4629.0
910	1367.6666666666667	0.0	0.0	6119.0
920	1252.6666666666667	0.0	0.0	7864.0
930	1285.3333333333333	0.0	0.0	5789.0
940	1258.6666666666667	0.0	0.0	6444.0
950	1299.3333333333333	0.0	0.0	6310.0
960	1181.3333333333333	0.0	0.0	6362.0
970	1125.0	0.0	0.0	5465.0
980	1218.0	0.0	0.0	4965.0
990	1226.0	0.0	0.0	4201.0
1000	1235.3333333333333	0.0	0.0	6211.0
