0	2198.5	0.0	0.0	0.0
10	2178.75	1000.0	1512.0	9248.0
20	2199.0	0.0	0.0	10167.0
30	2341.0	0.0	0.0	5237.0
40	2318.75	0.0	0.0	5586.0
50	2352.25	0.0	0.0	8362.0
60	2327.25	0.0	0.0	10419.0
70	2568.25	0.0	0.0	10693.0
80	2300.75	0.0	0.0	10696.0
90	2735.0	0.0	0.0	14099.0
100	2544.25	0.0	0.0	10050.0
110	2400.5	0.0	0.0	8511.0
120	2485.25	0.0	0.0	6321.0
130	1881.0	0.0	0.0	6418.0
140	2724.0	0.0	0.0	7794.0
150	2746.75	0.0	0.0	6040.0
160	2449.0	0.0	0.0	5669.0
170	2491.25	0.0	0.0	7711.0
180	2240.0	0.0	0.0	11849.0
190	2451.25	0.0	0.0	10050.0
200	2217.5	0.0	0.0	7527.0
210	1982.5	0.0	0.0	8269.0
220	2027.0	0.0	0.0	10087.0
230	2345.25	0.0	0.0	10604.0
240	2357.75	0.0	0.0	8874.0
250	2387.75	0.0	0.0	9852.0
260	2513.5	0.0	0.0	10668.0
270	2766.0	0.0	0.0	8249.0
280	2513.75	0.0	0.0	9837.0
290	2634.5	0.0	0.0	9411.0
300	3198.0	0.0	0.0	5139.0
310	2547.0	0.0	0.0	9597.0
320	3019.0	0.0	0.0	12639.0
330	3387.25	0.0	0.0	9973.0
340	2993.5	0.0	0.0	6615.0
350	3182.75	0.0	0.0	11003.0
360	3180.0	0.0	0.0	5611.0
370	2848.0	0.0	0.0	10438.0
380	2925.25	0.0	0.0	10373.0
390	2918.5	0.0	0.0	11766.0
400	3116.25	0.0	0.0	5879.0
410	2435.25	0.0	0.0	12325.0
420	3498.75	0.0	0.0	9956.0
430	3230.25	0.0	0.0	9956.0
440	2820.25	0.0	0.0	8796.0
450	2867.5	0.0	0.0	12276.0
460	3302.25	0.0	0.0	10824.0
470	3009.75	0.0	0.0	12190.0
480	3611.25	0.0	0.0	11089.0
490	3419.0	0.0	0.0	9387.0
500	3567.5	0.0	0.0	10846.0
510	3671.5	0.0	0.0	7363.0
520	3641.5	0.0	0.0	10843.0
530	3756.5	0.0	0.0	9816.0
540	4097.25	0.0	0.0	11422.0
550	3496.5	0.0	0.0	11770.0
560	3705.25	0.0	0.0	5585.0
570	3557.75	0.0	0.0	10441.0
580	3685.75	0.0	0.0	11593.0
590	4267.0	0.0	0.0	8320.0
600	3405.5	0.0	0.0	11687.0
610	3941.75	0.0	0.0	12524.0
620	3440.25	0.0	0.0	9384.0
630	4243.25	0.0	0.0	12198.0
640	3378.5	0.0	0.0	12586.0
650	3978.0	0.0	0.0	10578.0
660	3609.25	0.0	0.0	10459.0
670	4014.0	0.0	0.0	10759.0
680	2987.25	0.0	0.0	11965.0
690	3964.0	0.0	0.0	8465.0
700	4050.25	0.0	0.0	11031.0
710	3645.75	0.0	0.0	9172.0
720	4038.0	0.0	0.0	8008.0
730	4193.25	0.0	0.0	11026.0
740	3656.25	0.0	0.0	11607.0
750	3973.25	0.0	0.0	7986.0
760	3374.25	0.0	0.0	14163.0
770	3901.25	0.0	0.0	10266.0
780	3912.5	0.0	0.0	9082.0
790	3850.25	0.0	0.0	8148.0
800	3940.25	0.0	0.0	10193.0
