0	2220.1666666666665	0.0	0.0	0.0
10	2386.0	46.0	550.0	7090.0
20	2269.3333333333335	94.0	698.0	11380.0
30	2183.8333333333335	84.0	447.0	10422.0
40	2318.8333333333335	61.0	554.0	9509.0
50	2547.8333333333335	205.0	709.0	10189.0
60	2461.5	40.0	349.0	8297.0
70	2431.8333333333335	41.0	374.0	7208.0
80	2174.0	102.0	689.0	10070.0
90	2691.1666666666665	129.0	771.0	11443.0
100	2718.6666666666665	72.0	729.0	7790.0
110	2231.5	52.0	410.0	6564.0
120	2395.6666666666665	74.0	441.0	8166.0
130	2161.6666666666665	0.0	0.0	8642.0
140	2657.3333333333335	0.0	0.0	9633.0
150	2250.8333333333335	0.0	0.0	9403.0
160	2535.1666666666665	0.0	0.0	10917.0
170	2514.5	0.0	0.0	5991.0
180	2796.0	0.0	0.0	9824.0
190	2601.5	0.0	0.0	9005.0
200	2476.0	0.0	0.0	7561.0
210	2854.6666666666665	0.0	0.0	9278.0
220	3073.6666666666665	0.0	0.0	10190.0
230	2469.3333333333335	0.0	0.0	9759.0
240	2910.8333333333335	0.0	0.0	11656.0
250	2222.1666666666665	0.0	0.0	6912.0
260	3087.8333333333335	0.0	0.0	7656.0
270	2924.5	0.0	0.0	10081.0
280	2981.1666666666665	0.0	0.0	8271.0
290	3309.8333333333335	0.0	0.0	7995.0
300	2691.1666666666665	0.0	0.0	9988.0
310	2640.0	0.0	0.0	9198.0
320	3110.1666666666665	0.0	0.0	11459.0
330	2750.6666666666665	0.0	0.0	9146.0
340	2446.3333333333335	0.0	0.0	9196.0
350	3202.8333333333335	0.0	0.0	9832.0
360	3052.3333333333335	0.0	0.0	10179.0
370	3339.5	0.0	0.0	10115.0
380	3138.6666666666665	0.0	0.0	6790.0
390	2685.3333333333335	0.0	0.0	10824.0
400	3189.5	0.0	0.0	8053.0
410	3415.1666666666665	0.0	0.0	8192.0
420	3426.8333333333335	0.0	0.0	8322.0
430	3674.6666666666665	0.0	0.0	8425.0
440	3570.0	0.0	0.0	7532.0
450	3402.1666666666665	0.0	0.0	11323.0
460	3598.3333333333335	0.0	0.0	9489.0
470	3753.3333333333335	0.0	0.0	11345.0
480	3310.5	0.0	0.0	10896.0
490	3441.5	0.0	0.0	9783.0
500	3447.5	0.0	0.0	9109.0
510	3714.6666666666665	0.0	0.0	7091.0
520	3227.1666666666665	0.0	0.0	10093.0
530	3777.8333333333335	0.0	0.0	9674.0
540	3352.0	0.0	0.0	9146.0
550	3279.3333333333335	0.0	0.0	8059.0
560	3543.5	0.0	0.0	12439.0
570	4026.5	0.0	0.0	13822.0
580	3499.5	0.0	0.0	8000.0
590	3836.8333333333335	0.0	0.0	9390.0
600	3980.3333333333335	0.0	0.0	8420.0
610	3790.0	0.0	0.0	10398.0
620	3704.1666666666665	0.0	0.0	9621.0
630	3685.3333333333335	0.0	0.0	10745.0
640	3905.0	0.0	0.0	9614.0
650	3591.6666666666665	0.0	0.0	9777.0
660	3763.5	0.0	0.0	10335.0
670	3696.6666666666665	0.0	0.0	10298.0
680	3220.0	0.0	0.0	9895.0
690	4140.666666666667	0.0	0.0	8218.0
700	3962.8333333333335	0.0	0.0	7537.0
710	3652.8333333333335	0.0	0.0	13114.0
720	3438.3333333333335	0.0	0.0	11269.0
730	3785.3333333333335	0.0	0.0	9261.0
740	3690.8333333333335	0.0	0.0	9731.0
750	3613.5	0.0	0.0	12663.0
760	3997.1666666666665	0.0	0.0	10479.0
770	3815.3333333333335	0.0	0.0	12376.0
780	3458.5	0.0	0.0	9941.0
790	3747.8333333333335	0.0	0.0	7333.0
800	3362.5	0.0	0.0	6848.0
