0	2036.3333333333333	0.0	0.0	0.0
10	2254.1666666666665	210.0	977.0	12347.0
20	2243.1666666666665	100.0	682.0	10179.0
30	2319.1666666666665	26.0	579.0	7717.0
40	2344.0	100.0	520.0	11093.0
50	2654.6666666666665	38.0	361.0	8493.0
60	2524.6666666666665	80.0	474.0	8770.0
70	2678.1666666666665	102.0	580.0	10234.0
80	2432.5	58.0	589.0	9938.0
90	2544.6666666666665	60.0	427.0	7954.0
100	2846.0	117.0	520.0	10569.0
110	2778.6666666666665	104.0	605.0	11751.0
120	2768.0	5.0	22.0	8944.0
130	2775.8333333333335	0.0	0.0	11837.0
140	2752.8333333333335	0.0	0.0	11524.0
150	2824.6666666666665	0.0	0.0	12813.0
160	2825.8333333333335	0.0	0.0	8583.0
170	2718.6666666666665	0.0	0.0	4894.0
180	2529.6666666666665	0.0	0.0	8312.0
190	2601.3333333333335	0.0	0.0	8158.0
200	2972.6666666666665	0.0	0.0	8454.0
210	2605.0	0.0	0.0	9351.0
220	2508.3333333333335	0.0	0.0	7189.0
230	2683.5	0.0	0.0	8262.0
240	2876.6666666666665	0.0	0.0	7610.0
250	2231.1666666666665	0.0	0.0	6556.0
260	2423.6666666666665	0.0	0.0	10865.0
270	2703.8333333333335	0.0	0.0	5835.0
280	3156.5	0.0	0.0	9195.0
290	3170.1666666666665	0.0	0.0	9603.0
300	2862.6666666666665	0.0	0.0	8710.0
310	2580.6666666666665	0.0	0.0	10460.0
320	2539.1666666666665	0.0	0.0	9005.0
330	2852.1666666666665	0.0	0.0	9854.0
340	2884.0	0.0	0.0	7927.0
350	3053.8333333333335	0.0	0.0	9987.0
360	3394.8333333333335	0.0	0.0	7817.0
370	3301.0	0.0	0.0	6458.0
380	3438.6666666666665	0.0	0.0	9471.0
390	3105.0	0.0	0.0	8137.0
400	3307.6666666666665	0.0	0.0	10969.0
410	3275.5	0.0	0.0	7604.0
420	3175.3333333333335	0.0	0.0	9646.0
430	2523.3333333333335	0.0	0.0	10251.0
440	2958.6666666666665	0.0	0.0	10251.0
450	3589.1666666666665	0.0	0.0	7286.0
460	3462.1666666666665	0.0	0.0	11390.0
470	3326.6666666666665	0.0	0.0	11797.0
480	3574.1666666666665	0.0	0.0	9149.0
490	3216.8333333333335	0.0	0.0	8543.0
500	3882.6666666666665	0.0	0.0	7626.0
510	3807.6666666666665	0.0	0.0	8511.0
520	3487.6666666666665	0.0	0.0	9970.0
530	3340.6666666666665	0.0	0.0	12704.0
540	3757.3333333333335	0.0	0.0	7181.0
550	3502.1666666666665	0.0	0.0	8782.0
560	3156.0	0.0	0.0	11603.0
570	3153.5	0.0	0.0	11219.0
580	3667.6666666666665	0.0	0.0	11221.0
590	3552.8333333333335	0.0	0.0	7565.0
600	3898.0	0.0	0.0	12204.0
610	3347.5	0.0	0.0	10661.0
620	3318.1666666666665	0.0	0.0	7927.0
630	3683.5	0.0	0.0	9629.0
640	3685.0	0.0	0.0	11417.0
650	3728.3333333333335	0.0	0.0	8313.0
660	3798.5	0.0	0.0	11435.0
670	3558.8333333333335	0.0	0.0	11868.0
680	3763.3333333333335	0.0	0.0	10053.0
690	3828.3333333333335	0.0	0.0	11073.0
700	4041.6666666666665	0.0	0.0	13441.0
710	3566.6666666666665	0.0	0.0	11905.0
720	3718.0	0.0	0.0	12894.0
730	3848.3333333333335	0.0	0.0	10803.0
740	3521.3333333333335	0.0	0.0	11156.0
750	3709.5	0.0	0.0	10698.0
760	3746.8333333333335	0.0	0.0	9330.0
770	3437.5	0.0	0.0	7957.0
780	3549.3333333333335	0.0	0.0	10297.0
790	3632.0	0.0	0.0	10308.0
800	3849.3333333333335	0.0	0.0	12240.0
