0	1580.6666666666667	0.0	0.0	0.0
10	1471.3333333333333	0.0	0.0	6746.0
20	1607.0	0.0	0.0	6043.0
30	1402.6666666666667	0.0	0.0	6380.0
40	1613.3333333333333	0.0	0.0	6256.0
50	1484.6666666666667	0.0	0.0	4875.0
60	1467.6666666666667	0.0	0.0	5821.0
70	1644.3333333333333	0.0	0.0	7144.0
80	1587.0	0.0	0.0	7035.0
90	1552.0	0.0	0.0	5333.0
100	1395.6666666666667	0.0	0.0	5750.0
110	1435.3333333333333	0.0	0.0	6552.0
120	1506.0	0.0	0.0	8945.0
130	1508.0	0.0	0.0	6460.0
140	1443.3333333333333	0.0	0.0	6625.0
150	1451.0	0.0	0.0	8273.0
160	1545.3333333333333	0.0	0.0	6464.0
170	1445.6666666666667	0.0	0.0	5104.0
180	1470.6666666666667	0.0	0.0	6955.0
190	1419.0	0.0	0.0	7648.0
200	1369.3333333333333	0.0	0.0	5367.0
210	1407.6666666666667	0.0	0.0	5521.0
220	1303.6666666666667	0.0	0.0	3919.0
230	1386.6666666666667	0.0	0.0	7264.0
240	1399.6666666666667	0.0	0.0	7841.0
250	1262.3333333333333	0.0	0.0	8423.0
260	1422.0	0.0	0.0	4592.0
270	1520.6666666666667	0.0	0.0	7763.0
280	1561.0	0.0	0.0	7990.0
290	1472.0	0.0	0.0	6949.0
300	1318.0	0.0	0.0	5378.0
310	1565.6666666666667	0.0	0.0	6722.0
320	1511.0	0.0	0.0	8383.0
330	1404.6666666666667	0.0	0.0	5885.0
340	1370.3333333333333	0.0	0.0	5911.0
350	1461.0	0.0	0.0	8349.0
360	1502.6666666666667	0.0	0.0	5666.0
370	1462.0	0.0	0.0	5136.0
380	1508.3333333333333	0.0	0.0	8832.0
390	1349.3333333333333	0.0	0.0	6727.0
400	1374.3333333333333	0.0	0.0	6503.0
410	1344.6666666666667	0.0	0.0	6415.0
420	1356.6666666666667	0.0	0.0	4547.0
430	1307.3333333333333	0.0	0.0	4456.0
440	1233.6666666666667	0.0	0.0	6192.0
450	1377.0	0.0	0.0	6081.0
460	1299.6666666666667	0.0	0.0	4735.0
470	1399.3333333333333	0.0	0.0	5695.0
480	1318.3333333333333	0.0	0.0	5312.0
490	1340.3333333333333	0.0	0.0	5947.0
500	1166.6666666666667	0.0	0.0	3761.0
510	1288.0	0.0	0.0	4917.0
520	1431.3333333333333	0.0	0.0	5592.0
530	1555.0	0.0	0.0	6781.0
540	1184.6666666666667	0.0	0.0	5719.0
550	1181.6666666666667	0.0	0.0	5777.0
560	1303.0	0.0	0.0	5501.0
570	1374.1666666666667	0.0	0.0	6042.0
580	1272.0	0.0	0.0	5261.0
590	1270.3333333333333	0.0	0.0	5239.0
600	1189.3333333333333	0.0	0.0	7352.0
610	1265.0	0.0	0.0	6193.0
620	1304.6666666666667	0.0	0.0	5140.0
630	1320.6666666666667	0.0	0.0	6799.0
640	1172.3333333333333	0.0	0.0	4222.0
650	1127.0	0.0	0.0	4766.0
660	1267.3333333333333	0.0	0.0	6261.0
670	1236.0	0.0	0.0	6461.0
680	1180.6666666666667	0.0	0.0	5179.0
690	1246.6666666666667	0.0	0.0	4573.0
700	1252.3333333333333	0.0	0.0	6882.0
710	1429.0	0.0	0.0	5941.0
720	1240.6666666666667	0.0	0.0	5681.0
730	1325.6666666666667	0.0	0.0	4273.0
740	1080.3333333333333	0.0	0.0	8242.0
750	1124.3333333333333	0.0	0.0	5577.0
760	1271.3333333333333	0.0	0.0	4999.0
770	1120.6666666666667	0.0	0.0	6716.0
780	1135.3333333333333	0.0	0.0	4319.0
790	1097.0	0.0	0.0	4243.0
800	1210.3333333333333	0.0	0.0	6167.0
810	1206.6666666666667	0.0	0.0	5225.0
820	1358.6666666666667	0.0	0.0	6322.0
830	1251.3333333333333	0.0	0.0	4369.0
840	1315.3333333333333	0.0	0.0	5357.0
850	1430.0	0.0	0.0	4347.0
860	1212.0	0.0	0.0	6553.0
870	1194.3333333333333	0.0	0.0	4633.0
880	1263.0	0.0	0.0	4379.0
890	1163.6666666666667	0.0	0.0	5196.0
900	1161.0	0.0	0.0	3979.0
910	1245.3333333333333	0.0	0.0	5285.0
920	1310.0	0.0	0.0	4564.0
930	1352.6666666666667	0.0	0.0	7518.0
940	1387.0	0.0	0.0	5852.0
950	1254.6666666666667	0.0	0.0	5418.0
960	1320.3333333333333	0.0	0.0	5690.0
970	1331.3333333333333	0.0	0.0	5186.0
980	1178.6666666666667	0.0	0.0	6027.0
990	1182.3333333333333	0.0	0.0	5902.0
1000	1190.6666666666667	0.0	0.0	6225.0
