0	1483.3333333333333	0.0	0.0
10	2311.0	0.0	20000.0
20	2253.6666666666665	0.0	20000.0
30	2291.3333333333335	0.0	20000.0
40	2407.5	3.0	20000.0
50	2503.3333333333335	2.0	20000.0
60	2404.1666666666665	3.0	20000.0
70	2513.5	1.0	20000.0
80	2545.3333333333335	18.0	20000.0
90	2609.5	73.0	19907.0
100	2718.5	186.0	19701.0
110	2587.0	195.0	19226.0
120	2730.0	113.0	19792.0
130	2757.5	94.0	20000.0
140	2797.6666666666665	44.0	19645.0
150	3004.8333333333335	19.0	18997.0
160	3240.3333333333335	14.0	19100.0
170	3004.8333333333335	3.0	19612.0
180	3176.5	2.0	19725.0
190	3094.0	0.0	19502.0
200	3245.0	2.0	19266.0
210	3327.6666666666665	0.0	18937.0
220	2876.0	0.0	18707.0
230	2862.8333333333335	0.0	19107.0
240	2825.5	0.0	18820.0
250	2946.3333333333335	1.0	19004.0
260	2702.6666666666665	0.0	19665.0
270	3023.0	0.0	19818.0
280	2735.5	2.0	20000.0
290	2664.3333333333335	7.0	19368.0
300	2723.3333333333335	8.0	20000.0
310	2922.5	26.0	19874.0
320	2874.1666666666665	14.0	19009.0
330	3001.5	24.0	19237.0
340	2842.8333333333335	16.0	19186.0
350	2651.3333333333335	19.0	19854.0
360	3003.6666666666665	4.0	20000.0
370	2710.3333333333335	31.0	19306.0
380	3071.5	18.0	20000.0
390	2872.5	14.0	19358.0
400	3068.8333333333335	10.0	19385.0
410	3219.0	11.0	19605.0
420	2977.3333333333335	22.0	19748.0
430	2893.5	1.0	19151.0
440	2822.1666666666665	0.0	19904.0
450	3024.0	0.0	19310.0
460	2948.8333333333335	0.0	19245.0
470	3048.5	0.0	18881.0
480	2960.3333333333335	0.0	19423.0
490	2959.8333333333335	0.0	19746.0
500	3103.3333333333335	0.0	19367.0
510	2855.8333333333335	0.0	19848.0
520	3028.3333333333335	0.0	19620.0
530	3130.1666666666665	0.0	19242.0
540	3047.8333333333335	0.0	20000.0
550	3115.5	0.0	19171.0
560	3045.6666666666665	0.0	20000.0
570	3357.0	0.0	19962.0
580	3147.6666666666665	0.0	19604.0
590	3297.0	0.0	20000.0
600	3144.5	0.0	19084.0
610	3212.8333333333335	0.0	20000.0
620	3011.0	0.0	19746.0
630	3123.6666666666665	0.0	20000.0
640	3294.1666666666665	0.0	20000.0
650	3150.0	0.0	19592.0
660	3369.1666666666665	0.0	20000.0
670	3227.1666666666665	0.0	19971.0
680	3125.6666666666665	0.0	20000.0
690	3071.1666666666665	0.0	19691.0
700	3159.3333333333335	0.0	19469.0
710	2988.1666666666665	0.0	20000.0
720	3264.1666666666665	0.0	20000.0
730	3166.6666666666665	0.0	20000.0
740	3372.6666666666665	0.0	19398.0
750	3297.1666666666665	0.0	20000.0
760	3321.1666666666665	0.0	19411.0
770	3488.8333333333335	0.0	20000.0
780	3259.6666666666665	0.0	20000.0
790	3315.6666666666665	0.0	19910.0
800	3274.0	0.0	19968.0
810	3303.5	0.0	19718.0
820	3360.5	0.0	18406.0
830	3388.6666666666665	0.0	19784.0
840	3349.8333333333335	0.0	19644.0
850	3555.8333333333335	0.0	19917.0
860	3322.1666666666665	0.0	19581.0
870	3434.0	0.0	18515.0
880	3329.0	0.0	19651.0
890	3218.1666666666665	0.0	19557.0
900	3690.5	0.0	19530.0
910	3492.8333333333335	0.0	20000.0
920	3580.8333333333335	0.0	19679.0
930	3400.5	0.0	20000.0
940	3429.0	0.0	20000.0
950	3632.3333333333335	0.0	20000.0
960	3258.3333333333335	0.0	19631.0
970	3436.0	0.0	20000.0
980	3477.8333333333335	0.0	19709.0
990	3611.0	0.0	19690.0
1000	3433.0	0.0	19683.0
