0	1436.6666666666667	0.0	0.0
10	2330.0	0.0	20000.0
20	2301.8333333333335	0.0	20000.0
30	2342.6666666666665	0.0	20000.0
40	2334.6666666666665	1.0	20000.0
50	2414.0	1.0	20000.0
60	2461.0	3.0	20000.0
70	2705.5	7.0	20000.0
80	2750.0	12.0	20000.0
90	2673.8333333333335	4.0	19708.0
100	2730.1666666666665	2.0	20000.0
110	2827.8333333333335	12.0	19703.0
120	3021.6666666666665	3.0	19989.0
130	2904.3333333333335	4.0	19513.0
140	2993.6666666666665	1.0	20000.0
150	3083.6666666666665	2.0	19287.0
160	3074.1666666666665	5.0	19799.0
170	3214.5	0.0	19765.0
180	3173.0	0.0	19605.0
190	3265.8333333333335	0.0	19439.0
200	3285.3333333333335	0.0	19614.0
210	3248.5	0.0	19175.0
220	3196.6666666666665	0.0	19126.0
230	3192.3333333333335	0.0	17937.0
240	3150.0	0.0	19797.0
250	3257.5	0.0	19292.0
260	3055.5	0.0	18363.0
270	2899.1666666666665	0.0	19080.0
280	2860.0	0.0	19464.0
290	2791.1666666666665	0.0	20000.0
300	2842.1666666666665	0.0	20000.0
310	2809.5	4.0	18531.0
320	2990.3333333333335	10.0	19811.0
330	2958.6666666666665	26.0	19344.0
340	2749.8333333333335	13.0	19541.0
350	2943.5	40.0	19640.0
360	3010.6666666666665	29.0	18941.0
370	3022.8333333333335	32.0	19103.0
380	2843.6666666666665	8.0	20000.0
390	3126.8333333333335	36.0	19663.0
400	2914.5	45.0	19544.0
410	2699.1666666666665	35.0	20000.0
420	3077.8333333333335	43.0	19204.0
430	3099.1666666666665	54.0	19707.0
440	2966.0	66.0	19439.0
450	3201.5	89.0	18956.0
460	3154.5	59.0	19222.0
470	3251.6666666666665	29.0	18926.0
480	3079.3333333333335	22.0	19610.0
490	3102.1666666666665	26.0	20000.0
500	3118.3333333333335	33.0	19242.0
510	3070.8333333333335	15.0	19709.0
520	3063.8333333333335	28.0	20000.0
530	3018.1666666666665	34.0	19370.0
540	3180.6666666666665	61.0	19659.0
550	2892.5	50.0	19086.0
560	3143.5	44.0	19534.0
570	3137.5	12.0	20000.0
580	3221.0	0.0	19700.0
590	3026.3333333333335	0.0	19684.0
600	3096.8333333333335	0.0	19703.0
610	2986.5	0.0	19739.0
620	3142.5	0.0	19262.0
630	3251.8333333333335	0.0	20000.0
640	3369.5	0.0	19891.0
650	3209.6666666666665	0.0	19614.0
660	3318.5	0.0	19246.0
670	3198.6666666666665	0.0	20000.0
680	3244.0	0.0	19641.0
690	3253.8333333333335	0.0	19835.0
700	3482.0	0.0	19766.0
710	3156.8333333333335	0.0	20000.0
720	3214.3333333333335	0.0	19873.0
730	3537.0	0.0	20000.0
740	3503.3333333333335	0.0	19783.0
750	3430.3333333333335	0.0	19743.0
760	3524.3333333333335	0.0	20000.0
770	3445.6666666666665	0.0	19556.0
780	3530.1666666666665	0.0	19389.0
790	3566.1666666666665	0.0	19439.0
800	3465.3333333333335	0.0	19530.0
810	3422.3333333333335	0.0	20000.0
820	3606.3333333333335	0.0	19435.0
830	3477.3333333333335	0.0	20000.0
840	3256.5	0.0	19749.0
850	3466.0	0.0	19186.0
860	3675.8333333333335	0.0	19673.0
870	3705.3333333333335	0.0	20000.0
880	3531.5	0.0	19812.0
890	3673.6666666666665	0.0	19736.0
900	3655.5	0.0	20000.0
910	3410.5	0.0	20000.0
920	3409.8333333333335	0.0	19933.0
930	3537.8333333333335	0.0	20000.0
940	3323.6666666666665	0.0	19730.0
950	3436.1666666666665	0.0	19687.0
960	3520.0	0.0	20000.0
970	3595.5	0.0	20000.0
980	3575.0	0.0	19405.0
990	3627.0	0.0	19507.0
1000	3820.6666666666665	0.0	19571.0
