0	1319.6666666666667	0.0	0.0	0.0
10	1683.6666666666667	247.0	1361.0	8132.0
20	1613.6666666666667	316.0	1751.0	8493.0
30	1741.8333333333333	366.0	2001.0	10723.0
40	1788.8333333333333	71.0	517.0	4962.0
50	1566.0	0.0	0.0	5478.0
60	1696.3333333333333	0.0	0.0	8192.0
70	1597.1666666666667	0.0	0.0	7298.0
80	1943.3333333333333	0.0	0.0	6857.0
90	1828.0	0.0	0.0	6261.0
100	1613.5	0.0	0.0	10172.0
110	1717.8333333333333	0.0	0.0	8493.0
120	1658.6666666666667	0.0	0.0	6743.0
130	1733.6666666666667	0.0	0.0	6213.0
140	1814.3333333333333	0.0	0.0	4805.0
150	1446.0	0.0	0.0	8328.0
160	1533.3333333333333	0.0	0.0	7142.0
170	1689.5	0.0	0.0	6459.0
180	1719.1666666666667	0.0	0.0	7941.0
190	1643.3333333333333	0.0	0.0	6778.0
200	1509.6666666666667	0.0	0.0	7452.0
210	1723.1666666666667	0.0	0.0	5063.0
220	1523.6666666666667	0.0	0.0	7225.0
230	1695.8333333333333	0.0	0.0	10057.0
240	1642.6666666666667	0.0	0.0	7327.0
250	1587.6666666666667	0.0	0.0	6362.0
260	1718.1666666666667	0.0	0.0	6207.0
270	1521.3333333333333	0.0	0.0	7550.0
280	1770.1666666666667	0.0	0.0	5990.0
290	1666.3333333333333	0.0	0.0	4907.0
300	1622.8333333333333	0.0	0.0	5922.0
310	1586.5	0.0	0.0	6791.0
320	1703.0	0.0	0.0	10291.0
330	1723.3333333333333	0.0	0.0	5433.0
340	1865.1666666666667	0.0	0.0	7923.0
350	1617.0	0.0	0.0	6083.0
360	1855.8333333333333	0.0	0.0	6657.0
370	1620.0	0.0	0.0	7721.0
380	1758.3333333333333	0.0	0.0	5465.0
390	1594.6666666666667	0.0	0.0	5761.0
400	1541.6666666666667	0.0	0.0	7474.0
410	1688.3333333333333	0.0	0.0	7728.0
420	1534.3333333333333	0.0	0.0	5125.0
430	1402.5	0.0	0.0	5259.0
440	1582.3333333333333	0.0	0.0	5636.0
450	1469.6666666666667	0.0	0.0	9326.0
460	1456.0	0.0	0.0	9361.0
470	1262.6666666666667	0.0	0.0	5907.0
480	1325.3333333333333	0.0	0.0	5513.0
490	1413.0	0.0	0.0	5628.0
500	1280.6666666666667	0.0	0.0	7022.0
510	1348.0	0.0	0.0	7287.0
520	1454.0	0.0	0.0	5875.0
530	1416.3333333333333	0.0	0.0	6336.0
540	1340.3333333333333	0.0	0.0	6194.0
550	1343.6666666666667	0.0	0.0	4852.0
560	1334.0	0.0	0.0	6447.0
570	1543.6666666666667	0.0	0.0	6250.0
580	1373.6666666666667	0.0	0.0	6408.0
590	1445.0	0.0	0.0	7875.0
600	1423.0	0.0	0.0	7776.0
610	1431.6666666666667	0.0	0.0	6789.0
620	1319.0	0.0	0.0	6020.0
630	1439.0	0.0	0.0	4312.0
640	1494.3333333333333	0.0	0.0	4228.0
650	1437.0	0.0	0.0	6367.0
660	1299.3333333333333	0.0	0.0	6399.0
670	1574.6666666666667	0.0	0.0	6608.0
680	1272.3333333333333	0.0	0.0	6562.0
690	1396.6666666666667	0.0	0.0	7191.0
700	1389.6666666666667	0.0	0.0	5715.0
710	1444.6666666666667	0.0	0.0	4673.0
720	1446.3333333333333	0.0	0.0	5754.0
730	1390.3333333333333	0.0	0.0	6260.0
740	1291.5	0.0	0.0	6438.0
750	1315.0	0.0	0.0	7433.0
760	1305.0	0.0	0.0	8464.0
770	1348.6666666666667	0.0	0.0	4790.0
780	1415.3333333333333	0.0	0.0	7359.0
790	1213.3333333333333	0.0	0.0	6692.0
800	1332.3333333333333	0.0	0.0	6278.0
810	1429.0	0.0	0.0	7873.0
820	1318.0	0.0	0.0	6610.0
830	1422.6666666666667	0.0	0.0	5982.0
840	1357.6666666666667	0.0	0.0	7062.0
850	1345.3333333333333	0.0	0.0	4373.0
860	1428.3333333333333	0.0	0.0	6649.0
870	1435.6666666666667	0.0	0.0	6636.0
880	1193.0	0.0	0.0	5818.0
890	1234.6666666666667	0.0	0.0	6857.0
900	1302.6666666666667	0.0	0.0	6128.0
910	1570.0	0.0	0.0	5681.0
920	1322.6666666666667	0.0	0.0	5720.0
930	1543.3333333333333	0.0	0.0	5953.0
940	1282.3333333333333	0.0	0.0	3367.0
950	1314.6666666666667	0.0	0.0	6513.0
960	1193.6666666666667	0.0	0.0	4711.0
970	1278.3333333333333	0.0	0.0	5076.0
980	1440.6666666666667	0.0	0.0	6702.0
990	1376.6666666666667	0.0	0.0	6877.0
1000	1216.3333333333333	0.0	0.0	6955.0
