0	1872.3333333333333	0.0	0.0	0.0
10	1515.3333333333333	221.0	1379.0	7455.0
20	1802.0	295.0	1267.0	7657.0
30	1624.0	289.0	1570.0	7761.0
40	1758.5	97.0	891.0	6176.0
50	1592.6666666666667	98.0	564.0	7582.0
60	1545.6666666666667	0.0	0.0	7162.0
70	1668.8333333333333	0.0	0.0	7513.0
80	1701.6666666666667	0.0	0.0	6328.0
90	1538.5	0.0	0.0	8882.0
100	1757.0	0.0	0.0	8894.0
110	1453.1666666666667	0.0	0.0	4438.0
120	1397.0	0.0	0.0	8099.0
130	1490.5	0.0	0.0	7122.0
140	1590.3333333333333	0.0	0.0	8500.0
150	1511.3333333333333	0.0	0.0	8416.0
160	1534.0	0.0	0.0	6810.0
170	1518.0	0.0	0.0	5722.0
180	1470.3333333333333	0.0	0.0	6079.0
190	1490.3333333333333	0.0	0.0	5297.0
200	1536.0	0.0	0.0	6033.0
210	1630.5	0.0	0.0	6274.0
220	1600.1666666666667	0.0	0.0	6325.0
230	1575.6666666666667	0.0	0.0	7657.0
240	1406.3333333333333	0.0	0.0	7117.0
250	1463.3333333333333	0.0	0.0	6746.0
260	1444.3333333333333	0.0	0.0	5311.0
270	1339.0	0.0	0.0	5008.0
280	1280.3333333333333	0.0	0.0	4249.0
290	1286.0	0.0	0.0	5878.0
300	1276.6666666666667	0.0	0.0	5678.0
310	1362.6666666666667	0.0	0.0	6637.0
320	1547.3333333333333	0.0	0.0	5911.0
330	1546.6666666666667	0.0	0.0	7328.0
340	1335.0	0.0	0.0	6590.0
350	1528.6666666666667	0.0	0.0	6540.0
360	1305.6666666666667	0.0	0.0	6159.0
370	1259.6666666666667	0.0	0.0	6307.0
380	1396.6666666666667	0.0	0.0	4766.0
390	1199.6666666666667	0.0	0.0	4938.0
400	1236.6666666666667	0.0	0.0	6937.0
410	1409.6666666666667	0.0	0.0	7612.0
420	1370.3333333333333	0.0	0.0	5061.0
430	1505.3333333333333	0.0	0.0	4723.0
440	1281.3333333333333	0.0	0.0	6106.0
450	1304.0	0.0	0.0	6025.0
460	1269.6666666666667	0.0	0.0	6253.0
470	1272.3333333333333	0.0	0.0	6550.0
480	1290.3333333333333	0.0	0.0	6250.0
490	1214.3333333333333	0.0	0.0	6334.0
500	1347.6666666666667	0.0	0.0	6275.0
510	1445.3333333333333	0.0	0.0	5763.0
520	1289.0	0.0	0.0	7456.0
530	1417.3333333333333	0.0	0.0	5181.0
540	1121.0	0.0	0.0	5158.0
550	1454.3333333333333	0.0	0.0	5269.0
560	1348.6666666666667	0.0	0.0	6347.0
570	1518.0	0.0	0.0	6109.0
580	1357.6666666666667	0.0	0.0	5603.0
590	1305.6666666666667	0.0	0.0	5151.0
600	1247.0	0.0	0.0	3937.0
610	1294.0	0.0	0.0	6585.0
620	1283.6666666666667	0.0	0.0	6733.0
630	1164.6666666666667	0.0	0.0	5362.0
640	1230.1666666666667	0.0	0.0	6769.0
650	1335.0	0.0	0.0	6662.0
660	1355.6666666666667	0.0	0.0	3812.0
670	1303.0	0.0	0.0	6850.0
680	1197.6666666666667	0.0	0.0	4664.0
690	1290.6666666666667	0.0	0.0	4586.0
700	1210.6666666666667	0.0	0.0	4608.0
710	1082.6666666666667	0.0	0.0	5630.0
720	1221.0	0.0	0.0	6459.0
730	1255.3333333333333	0.0	0.0	4962.0
740	1192.0	0.0	0.0	3714.0
750	1204.0	0.0	0.0	6563.0
760	1258.0	0.0	0.0	6218.0
770	1296.3333333333333	0.0	0.0	6654.0
780	1208.0	0.0	0.0	5070.0
790	1387.3333333333333	0.0	0.0	5334.0
800	1158.6666666666667	0.0	0.0	5249.0
810	1200.6666666666667	0.0	0.0	6440.0
820	1341.3333333333333	0.0	0.0	7314.0
830	1243.3333333333333	0.0	0.0	5384.0
840	1167.6666666666667	0.0	0.0	5989.0
850	1165.0	0.0	0.0	4588.0
860	1161.0	0.0	0.0	5837.0
870	1173.6666666666667	0.0	0.0	4566.0
880	1027.3333333333333	0.0	0.0	5216.0
890	1227.3333333333333	0.0	0.0	5062.0
900	1161.0	0.0	0.0	6604.0
910	1146.3333333333333	0.0	0.0	6724.0
920	1140.0	0.0	0.0	6389.0
930	1284.6666666666667	0.0	0.0	6268.0
940	1278.6666666666667	0.0	0.0	5505.0
950	1256.6666666666667	0.0	0.0	5953.0
960	1374.0	0.0	0.0	7025.0
970	1242.0	0.0	0.0	5527.0
980	1178.3333333333333	0.0	0.0	6244.0
990	1180.0	0.0	0.0	5408.0
1000	1231.6666666666667	0.0	0.0	4454.0
