0	2148.3333333333335	0.0	0.0	0.0
10	2215.3333333333335	2.0	127.0	9819.0
20	2567.0	0.0	21.0	6442.0
30	2268.3333333333335	0.0	24.0	7782.0
40	2205.8333333333335	0.0	34.0	10939.0
50	2551.0	0.0	25.0	11186.0
60	2566.0	0.0	63.0	7127.0
70	2318.6666666666665	0.0	42.0	7383.0
80	2119.6666666666665	0.0	66.0	12777.0
90	2333.0	0.0	47.0	8972.0
100	2397.1666666666665	0.0	52.0	10390.0
110	2352.1666666666665	0.0	32.0	8416.0
120	2489.3333333333335	13.0	37.0	8473.0
130	2137.1666666666665	0.0	88.0	10002.0
140	2168.0	0.0	38.0	8744.0
150	2190.0	0.0	46.0	8149.0
160	2283.3333333333335	0.0	22.0	10579.0
170	2493.0	0.0	33.0	8951.0
180	2578.6666666666665	0.0	25.0	9849.0
190	2275.0	0.0	107.0	11929.0
200	2540.6666666666665	0.0	109.0	5820.0
210	2859.5	0.0	38.0	9396.0
220	2621.1666666666665	0.0	11.0	11710.0
230	2357.3333333333335	0.0	33.0	8144.0
240	2833.6666666666665	0.0	47.0	11945.0
250	2610.5	0.0	26.0	8995.0
260	2499.6666666666665	0.0	26.0	10002.0
270	2872.6666666666665	0.0	28.0	6864.0
280	2706.1666666666665	0.0	50.0	10102.0
290	2299.0	0.0	36.0	11293.0
300	2626.8333333333335	0.0	58.0	10186.0
310	3273.6666666666665	0.0	37.0	8212.0
320	2728.6666666666665	0.0	42.0	10357.0
330	3261.3333333333335	0.0	19.0	7950.0
340	3048.5	0.0	51.0	11586.0
350	3036.6666666666665	0.0	33.0	13356.0
360	3417.5	0.0	44.0	10552.0
370	2875.5	0.0	65.0	10301.0
380	3645.8333333333335	0.0	31.0	11888.0
390	3197.8333333333335	0.0	95.0	10902.0
400	3859.0	0.0	62.0	11625.0
410	3260.0	0.0	61.0	11594.0
420	3240.6666666666665	0.0	71.0	9809.0
430	3856.1666666666665	0.0	49.0	15887.0
440	3903.1666666666665	0.0	32.0	11239.0
450	3251.8333333333335	0.0	69.0	10855.0
460	3700.3333333333335	0.0	154.0	13987.0
470	3018.3333333333335	0.0	29.0	9072.0
480	3638.5	0.0	18.0	13461.0
490	3482.5	0.0	87.0	10784.0
500	3411.6666666666665	0.0	94.0	11944.0
510	3905.8333333333335	0.0	41.0	13464.0
520	3302.1666666666665	0.0	65.0	10726.0
530	3332.6666666666665	0.0	67.0	8610.0
540	3688.5	0.0	30.0	10059.0
550	3858.8333333333335	0.0	83.0	9385.0
560	3800.1666666666665	0.0	50.0	12229.0
570	3671.0	0.0	13.0	10493.0
580	3592.6666666666665	0.0	25.0	10021.0
590	4003.8333333333335	0.0	54.0	12360.0
600	3789.1666666666665	0.0	33.0	9501.0
610	3768.3333333333335	0.0	43.0	13949.0
620	3844.6666666666665	0.0	139.0	10939.0
630	3503.1666666666665	0.0	90.0	10349.0
640	4084.1666666666665	0.0	41.0	14193.0
650	3729.5	0.0	122.0	11032.0
660	3565.3333333333335	0.0	71.0	9922.0
670	3385.8333333333335	0.0	44.0	10638.0
680	3824.8333333333335	0.0	31.0	9970.0
690	3974.0	0.0	112.0	10163.0
700	4102.833333333333	0.0	45.0	10666.0
710	3864.3333333333335	0.0	114.0	11160.0
720	3215.8333333333335	0.0	92.0	10894.0
730	3635.6666666666665	0.0	48.0	8671.0
740	3548.5	0.0	98.0	8061.0
750	3711.5	0.0	58.0	10751.0
760	3863.3333333333335	0.0	53.0	9865.0
770	3852.5	0.0	53.0	8367.0
780	3805.0	0.0	60.0	10730.0
790	3870.8333333333335	0.0	45.0	9502.0
800	3734.0	0.0	69.0	9206.0
