0	2582.5	0.0	0.0	0.0
10	2578.3333333333335	53.0	4257.0	14430.0
20	2468.1666666666665	35.0	3885.0	9735.0
30	2523.1666666666665	16.0	2875.0	7511.0
40	2728.1666666666665	99.0	4765.0	12741.0
50	2397.8333333333335	34.0	3328.0	10293.0
60	2415.0	33.0	4056.0	10657.0
70	3028.5	33.0	4010.0	11811.0
80	2925.1666666666665	48.0	3459.0	8952.0
90	3171.0	63.0	3512.0	11100.0
100	2466.3333333333335	43.0	3541.0	10481.0
110	2882.8333333333335	24.0	3393.0	10485.0
120	2314.8333333333335	33.0	5171.0	15083.0
130	2812.0	16.0	2253.0	9346.0
140	3262.1666666666665	37.0	3556.0	11276.0
150	2871.6666666666665	12.0	2408.0	9950.0
160	3265.0	44.0	3763.0	13615.0
170	3322.0	28.0	3332.0	10786.0
180	3406.5	19.0	2905.0	9504.0
190	3218.6666666666665	42.0	4879.0	14582.0
200	2934.6666666666665	35.0	2866.0	8622.0
210	3763.6666666666665	26.0	2703.0	8315.0
220	3252.1666666666665	42.0	2788.0	11114.0
230	3221.3333333333335	31.0	2087.0	9582.0
240	3167.5	21.0	1469.0	7208.0
250	3459.1666666666665	28.0	3224.0	11641.0
260	2741.5	60.0	4959.0	13573.0
270	3729.3333333333335	28.0	4892.0	14335.0
280	3459.3333333333335	17.0	1900.0	10717.0
290	3577.1666666666665	0.0	0.0	9423.0
300	3882.6666666666665	0.0	0.0	9781.0
310	3652.0	0.0	0.0	10812.0
320	4087.1666666666665	0.0	0.0	11437.0
330	3822.0	0.0	0.0	12521.0
340	3845.6666666666665	0.0	0.0	9096.0
350	3628.3333333333335	0.0	0.0	10960.0
360	3085.5	0.0	0.0	10393.0
370	4061.6666666666665	0.0	0.0	10981.0
380	3519.3333333333335	0.0	0.0	6945.0
390	3609.0	0.0	0.0	14277.0
400	3046.6666666666665	0.0	0.0	9042.0
410	3707.0	0.0	0.0	12377.0
420	3796.3333333333335	0.0	0.0	12305.0
430	3706.0	0.0	0.0	10558.0
440	3866.3333333333335	0.0	0.0	11559.0
450	3760.6666666666665	0.0	0.0	9620.0
460	3592.5	0.0	0.0	9862.0
470	3578.3333333333335	0.0	0.0	6677.0
480	3919.8333333333335	0.0	0.0	10026.0
490	3691.1666666666665	0.0	0.0	11089.0
500	3338.6666666666665	0.0	0.0	9009.0
510	3617.8333333333335	0.0	0.0	11431.0
520	3753.1666666666665	0.0	0.0	11989.0
530	3663.3333333333335	0.0	0.0	13280.0
540	3758.8333333333335	0.0	0.0	11689.0
550	4046.3333333333335	0.0	0.0	11170.0
560	3685.3333333333335	0.0	0.0	8992.0
570	3060.3333333333335	0.0	0.0	9701.0
580	3825.0	0.0	0.0	13858.0
590	3678.5	0.0	0.0	8147.0
600	4059.3333333333335	0.0	0.0	9219.0
610	3806.1666666666665	0.0	0.0	11512.0
620	4025.1666666666665	0.0	0.0	12152.0
630	3909.3333333333335	0.0	0.0	12064.0
640	3729.1666666666665	0.0	0.0	9974.0
650	3904.0	0.0	0.0	9719.0
660	3796.6666666666665	0.0	0.0	9684.0
670	3606.0	0.0	0.0	10248.0
680	3721.1666666666665	0.0	0.0	11293.0
690	3737.6666666666665	0.0	0.0	9905.0
700	3951.0	0.0	0.0	10317.0
710	3651.3333333333335	0.0	0.0	12581.0
720	3903.6666666666665	0.0	0.0	7173.0
730	3972.3333333333335	0.0	0.0	8007.0
740	3845.1666666666665	0.0	0.0	12849.0
750	3761.0	0.0	0.0	10135.0
760	3650.3333333333335	0.0	0.0	11917.0
770	3698.3333333333335	0.0	0.0	9683.0
780	3974.8333333333335	0.0	0.0	10971.0
790	4086.1666666666665	0.0	0.0	8222.0
800	3495.1666666666665	0.0	0.0	12112.0
