0	2650.5	0.0	0.0	0.0
10	2627.5	55.0	4419.0	12766.0
20	2803.3333333333335	52.0	3413.0	10572.0
30	2588.8333333333335	26.0	3233.0	9731.0
40	2750.6666666666665	21.0	2567.0	6717.0
50	2875.0	60.0	3585.0	11806.0
60	2664.8333333333335	110.0	2861.0	8130.0
70	3020.6666666666665	39.0	2885.0	8359.0
80	2583.6666666666665	59.0	3368.0	10178.0
90	2150.0	49.0	4312.0	10674.0
100	2960.5	28.0	2058.0	6671.0
110	2896.8333333333335	61.0	3514.0	11234.0
120	2617.3333333333335	24.0	1849.0	7147.0
130	2825.0	20.0	2345.0	9025.0
140	3295.1666666666665	22.0	2280.0	9639.0
150	2780.0	18.0	2679.0	12043.0
160	3171.5	15.0	2850.0	9767.0
170	3191.0	40.0	3300.0	11521.0
180	3214.0	30.0	3453.0	12103.0
190	3222.3333333333335	32.0	3311.0	10930.0
200	3267.5	23.0	3246.0	10399.0
210	3447.6666666666665	41.0	4201.0	12388.0
220	3314.8333333333335	41.0	5130.0	15466.0
230	3518.3333333333335	53.0	5484.0	12507.0
240	3874.8333333333335	21.0	3845.0	10911.0
250	3535.8333333333335	35.0	3778.0	10647.0
260	3633.8333333333335	21.0	4081.0	10522.0
270	3028.0	4.0	389.0	8848.0
280	3694.6666666666665	0.0	0.0	9567.0
290	3496.8333333333335	0.0	0.0	13298.0
300	3948.0	0.0	0.0	12423.0
310	3258.8333333333335	0.0	0.0	9700.0
320	3811.6666666666665	0.0	0.0	8596.0
330	3538.6666666666665	0.0	0.0	14492.0
340	3524.8333333333335	0.0	0.0	9117.0
350	3194.8333333333335	0.0	0.0	9969.0
360	3723.8333333333335	0.0	0.0	11311.0
370	3894.0	0.0	0.0	10273.0
380	3732.6666666666665	0.0	0.0	9567.0
390	3346.6666666666665	0.0	0.0	10796.0
400	3622.8333333333335	0.0	0.0	10521.0
410	3624.3333333333335	0.0	0.0	11885.0
420	3858.1666666666665	0.0	0.0	7252.0
430	3485.3333333333335	0.0	0.0	13501.0
440	3519.1666666666665	0.0	0.0	8682.0
450	3534.5	0.0	0.0	13061.0
460	4059.5	0.0	0.0	11098.0
470	3399.8333333333335	0.0	0.0	9007.0
480	3664.6666666666665	0.0	0.0	12667.0
490	4037.1666666666665	0.0	0.0	10529.0
500	4014.3333333333335	0.0	0.0	11764.0
510	3488.1666666666665	0.0	0.0	9848.0
520	3881.5	0.0	0.0	12094.0
530	3815.5	0.0	0.0	10802.0
540	3965.8333333333335	0.0	0.0	9531.0
550	3948.1666666666665	0.0	0.0	10902.0
560	3803.5	0.0	0.0	11353.0
570	3424.3333333333335	0.0	0.0	8792.0
580	4143.666666666667	0.0	0.0	11132.0
590	3783.6666666666665	0.0	0.0	11102.0
600	3711.3333333333335	0.0	0.0	10222.0
610	3695.8333333333335	0.0	0.0	7922.0
620	3482.5	0.0	0.0	10938.0
630	3515.5	0.0	0.0	7560.0
640	3946.8333333333335	0.0	0.0	12944.0
650	3456.6666666666665	0.0	0.0	11209.0
660	3769.5	0.0	0.0	9694.0
670	3788.3333333333335	0.0	0.0	9877.0
680	3430.6666666666665	0.0	0.0	9835.0
690	3682.1666666666665	0.0	0.0	11481.0
700	3535.8333333333335	0.0	0.0	12267.0
710	3633.8333333333335	0.0	0.0	9204.0
720	4009.3333333333335	0.0	0.0	11747.0
730	3669.6666666666665	0.0	0.0	7929.0
740	3548.6666666666665	0.0	0.0	14236.0
750	3384.8333333333335	0.0	0.0	11504.0
760	3713.8333333333335	0.0	0.0	9596.0
770	3570.8333333333335	0.0	0.0	9434.0
780	3876.8333333333335	0.0	0.0	11528.0
790	3797.8333333333335	0.0	0.0	9120.0
800	3879.3333333333335	0.0	0.0	10717.0
