0	2454.5	0.0	0.0	0.0
10	2607.0	153.0	515.0	11565.0
20	2877.75	233.0	1585.0	11919.0
30	2770.5	306.0	2100.0	9136.0
40	2410.75	308.0	1342.0	9761.0
50	2824.5	0.0	0.0	10480.0
60	2955.5	0.0	0.0	10712.0
70	2693.25	0.0	0.0	7237.0
80	2159.75	0.0	0.0	7760.0
90	2406.75	0.0	0.0	8874.0
100	2331.0	0.0	0.0	10766.0
110	2407.0	0.0	0.0	9921.0
120	2791.5	0.0	0.0	7985.0
130	2319.0	0.0	0.0	6015.0
140	2646.5	0.0	0.0	13916.0
150	2555.0	0.0	0.0	8754.0
160	2958.25	0.0	0.0	10410.0
170	3513.0	0.0	0.0	7769.0
180	2865.0	0.0	0.0	11779.0
190	3392.5	0.0	0.0	7754.0
200	2926.5	0.0	0.0	9367.0
210	2617.75	0.0	0.0	12349.0
220	3339.75	0.0	0.0	10231.0
230	2633.25	0.0	0.0	13339.0
240	3169.75	0.0	0.0	8970.0
250	3750.75	0.0	0.0	8166.0
260	3912.0	0.0	0.0	10367.0
270	3303.0	0.0	0.0	10704.0
280	2338.75	0.0	0.0	9080.0
290	3100.75	0.0	0.0	10212.0
300	3189.25	0.0	0.0	12361.0
310	3557.25	0.0	0.0	9991.0
320	3480.75	0.0	0.0	7338.0
330	3340.75	0.0	0.0	13541.0
340	3703.0	0.0	0.0	8622.0
350	3523.0	0.0	0.0	11995.0
360	3329.25	0.0	0.0	6862.0
370	3355.0	0.0	0.0	7004.0
380	3533.25	0.0	0.0	11421.0
390	3805.25	0.0	0.0	8005.0
400	3303.25	0.0	0.0	8648.0
410	3057.0	0.0	0.0	7041.0
420	3644.75	0.0	0.0	12051.0
430	3391.75	0.0	0.0	7433.0
440	3108.25	0.0	0.0	10987.0
450	3895.0	0.0	0.0	7766.0
460	3068.75	0.0	0.0	11814.0
470	3421.0	0.0	0.0	7590.0
480	3370.5	0.0	0.0	11583.0
490	3889.75	0.0	0.0	11246.0
500	4098.5	0.0	0.0	9841.0
510	3462.25	0.0	0.0	9456.0
520	3955.0	0.0	0.0	7901.0
530	4081.25	0.0	0.0	7863.0
540	3868.75	0.0	0.0	8835.0
550	3789.5	0.0	0.0	8879.0
560	3746.5	0.0	0.0	10842.0
570	3538.0	0.0	0.0	8368.0
580	3100.5	0.0	0.0	11959.0
590	3772.75	0.0	0.0	8484.0
600	3583.5	0.0	0.0	11061.0
610	3988.25	0.0	0.0	11590.0
620	3501.75	0.0	0.0	12924.0
630	3756.75	0.0	0.0	10202.0
640	3822.75	0.0	0.0	10796.0
650	3636.25	0.0	0.0	10514.0
660	3764.75	0.0	0.0	8763.0
670	3861.25	0.0	0.0	11354.0
680	3599.0	0.0	0.0	9959.0
690	3592.0	0.0	0.0	11613.0
700	3735.5	0.0	0.0	10565.0
710	3607.0	0.0	0.0	10209.0
720	4192.75	0.0	0.0	10650.0
730	3414.0	0.0	0.0	8251.0
740	3791.0	0.0	0.0	8543.0
750	3742.0	0.0	0.0	9033.0
760	3851.5	0.0	0.0	10009.0
770	3213.0	0.0	0.0	9342.0
780	3794.25	0.0	0.0	10369.0
790	3295.0	0.0	0.0	8114.0
800	3333.25	0.0	0.0	11398.0
