0	262.0	0.0	0.0
10	2028.3333333333333	425.0	7669.0
20	1951.8333333333333	902.0	14416.0
30	2149.8333333333335	782.0	13613.0
40	1974.6666666666667	324.0	7328.0
50	2076.1666666666665	824.0	13495.0
60	2051.8333333333335	397.0	9628.0
70	2146.3333333333335	709.0	12527.0
80	2222.0	533.0	9029.0
90	2235.0	468.0	9986.0
100	2089.6666666666665	235.0	5961.0
110	2158.6666666666665	597.0	11912.0
120	2307.3333333333335	414.0	7447.0
130	1994.8333333333333	589.0	10291.0
140	1949.1666666666667	689.0	11666.0
150	2148.1666666666665	470.0	11061.0
160	2348.6666666666665	606.0	11499.0
170	2361.3333333333335	560.0	12303.0
180	2294.0	565.0	12124.0
190	2291.3333333333335	339.0	8697.0
200	2134.6666666666665	410.0	10072.0
210	2285.1666666666665	318.0	7127.0
220	2327.0	628.0	13382.0
230	2690.3333333333335	520.0	11029.0
240	2559.0	260.0	8248.0
250	2521.6666666666665	504.0	10674.0
260	2502.3333333333335	510.0	13896.0
270	2457.1666666666665	523.0	11128.0
280	2177.3333333333335	323.0	8756.0
290	2337.6666666666665	510.0	10584.0
300	2266.8333333333335	429.0	9266.0
310	3072.8333333333335	513.0	13415.0
320	2828.1666666666665	309.0	9511.0
330	2794.1666666666665	535.0	11217.0
340	2821.6666666666665	290.0	8327.0
350	3030.3333333333335	330.0	9526.0
360	3047.1666666666665	201.0	8972.0
370	2932.3333333333335	304.0	10622.0
380	3088.0	251.0	8586.0
390	2787.6666666666665	278.0	11557.0
400	3445.1666666666665	440.0	12447.0
410	2975.8333333333335	334.0	11675.0
420	2889.8333333333335	190.0	7341.0
430	3232.0	302.0	11566.0
440	2959.0	309.0	11529.0
450	3564.1666666666665	268.0	10738.0
460	2997.3333333333335	270.0	10873.0
470	3182.0	272.0	12357.0
480	3491.8333333333335	239.0	9327.0
490	3472.3333333333335	258.0	11885.0
500	3288.5	156.0	6674.0
510	3376.0	202.0	9368.0
520	3423.3333333333335	271.0	11297.0
530	3471.6666666666665	329.0	11553.0
540	3289.3333333333335	319.0	12761.0
550	3175.0	264.0	11528.0
560	3571.0	240.0	10092.0
570	3467.8333333333335	150.0	9743.0
580	3514.5	202.0	12819.0
590	3626.1666666666665	260.0	13238.0
600	3699.3333333333335	230.0	12428.0
610	3404.3333333333335	96.0	7086.0
620	3627.1666666666665	203.0	12223.0
630	3467.5	100.0	8684.0
640	3479.5	161.0	10525.0
650	3740.3333333333335	142.0	9871.0
660	3345.6666666666665	208.0	12108.0
670	3645.0	178.0	10953.0
680	3764.5	165.0	9700.0
690	3692.5	87.0	6942.0
700	3519.8333333333335	153.0	11098.0
710	3202.1666666666665	93.0	5708.0
720	3355.0	196.0	10083.0
730	3534.3333333333335	177.0	11488.0
740	3536.1666666666665	161.0	8791.0
750	3756.5	113.0	8540.0
760	3489.8333333333335	134.0	10691.0
770	3636.5	200.0	10406.0
780	3501.5	146.0	10511.0
790	3691.5	137.0	10548.0
800	3477.5	193.0	11465.0
810	3316.3333333333335	181.0	11883.0
820	3710.0	187.0	11769.0
830	3711.8333333333335	145.0	9813.0
840	3421.1666666666665	116.0	9305.0
850	3381.1666666666665	126.0	9906.0
860	3809.6666666666665	115.0	9250.0
870	3532.1666666666665	147.0	12016.0
880	3637.6666666666665	154.0	10766.0
890	3722.8333333333335	117.0	9553.0
900	3540.6666666666665	124.0	9490.0
910	3775.1666666666665	179.0	12983.0
920	3434.8333333333335	134.0	10616.0
930	3723.3333333333335	86.0	8370.0
940	3757.3333333333335	99.0	8636.0
950	3981.0	121.0	9832.0
960	3699.1666666666665	168.0	11461.0
970	3132.5	186.0	13006.0
980	3780.6666666666665	129.0	9592.0
990	3665.1666666666665	109.0	8602.0
1000	3652.8333333333335	92.0	9190.0
