0	228.0	0.0	0.0
10	1968.5	303.0	6536.0
20	1884.8333333333333	488.0	9503.0
30	1856.0	754.0	11984.0
40	2019.8333333333333	555.0	11092.0
50	1969.8333333333333	648.0	11269.0
60	2063.3333333333335	536.0	10802.0
70	1826.1666666666667	343.0	7846.0
80	1567.6666666666667	551.0	10771.0
90	1962.5	575.0	11412.0
100	2105.0	459.0	8956.0
110	2338.5	698.0	12787.0
120	2324.6666666666665	516.0	9244.0
130	2079.6666666666665	545.0	10166.0
140	2409.1666666666665	465.0	8697.0
150	1994.6666666666667	589.0	10988.0
160	2184.6666666666665	623.0	10690.0
170	2403.1666666666665	337.0	9771.0
180	2849.1666666666665	297.0	7232.0
190	2826.3333333333335	341.0	8335.0
200	2315.5	486.0	8782.0
210	2152.6666666666665	504.0	7573.0
220	2495.1666666666665	475.0	10936.0
230	2376.0	595.0	10107.0
240	2342.3333333333335	507.0	9749.0
250	2459.8333333333335	669.0	13707.0
260	2249.3333333333335	363.0	10022.0
270	2425.0	387.0	9748.0
280	2712.8333333333335	185.0	6966.0
290	2873.3333333333335	555.0	11053.0
300	2542.8333333333335	322.0	9674.0
310	2752.0	604.0	12311.0
320	2600.3333333333335	319.0	9480.0
330	2436.5	353.0	10304.0
340	2405.3333333333335	349.0	11305.0
350	3096.0	391.0	10477.0
360	2612.0	479.0	10628.0
370	2866.5	417.0	14830.0
380	2971.5	306.0	10705.0
390	2493.1666666666665	351.0	12797.0
400	2542.3333333333335	298.0	9887.0
410	3275.0	373.0	12735.0
420	3297.3333333333335	196.0	8518.0
430	2858.5	234.0	10458.0
440	3183.3333333333335	333.0	10085.0
450	3332.5	298.0	11218.0
460	3587.6666666666665	302.0	13557.0
470	3596.5	169.0	7956.0
480	3095.3333333333335	261.0	10223.0
490	3648.1666666666665	280.0	13266.0
500	3430.3333333333335	223.0	11241.0
510	3363.0	230.0	12208.0
520	3287.1666666666665	237.0	10638.0
530	3288.1666666666665	108.0	7579.0
540	3256.1666666666665	222.0	10240.0
550	3323.5	224.0	10187.0
560	3617.0	199.0	10304.0
570	3351.8333333333335	257.0	12027.0
580	3496.0	178.0	9433.0
590	3431.1666666666665	154.0	9257.0
600	3420.5	282.0	13217.0
610	3376.6666666666665	203.0	12804.0
620	3076.5	174.0	10606.0
630	3165.3333333333335	131.0	9941.0
640	3698.1666666666665	134.0	7307.0
650	3663.0	154.0	9342.0
660	3606.3333333333335	208.0	9955.0
670	3580.1666666666665	192.0	12841.0
680	3596.6666666666665	229.0	14348.0
690	3590.1666666666665	121.0	8329.0
700	3306.5	132.0	8675.0
710	3536.6666666666665	112.0	8943.0
720	3650.3333333333335	168.0	10714.0
730	3656.8333333333335	173.0	14913.0
740	3661.6666666666665	137.0	10539.0
750	3776.0	174.0	12985.0
760	3437.8333333333335	130.0	10640.0
770	3539.0	144.0	11134.0
780	3882.8333333333335	153.0	11066.0
790	3394.1666666666665	160.0	13548.0
800	3743.1666666666665	113.0	9197.0
810	3831.6666666666665	162.0	11101.0
820	3519.8333333333335	183.0	15171.0
830	3625.3333333333335	133.0	10902.0
840	3574.5	126.0	11544.0
850	3524.6666666666665	115.0	10555.0
860	3560.5	123.0	13038.0
870	3960.5	127.0	10926.0
880	3594.6666666666665	187.0	15433.0
890	3746.0	142.0	12915.0
900	4099.833333333333	107.0	11174.0
910	3803.0	175.0	13851.0
920	3572.1666666666665	139.0	13465.0
930	3753.0	112.0	10911.0
940	3959.6666666666665	130.0	11455.0
950	3385.6666666666665	98.0	8112.0
960	3827.5	123.0	10379.0
970	3702.1666666666665	137.0	13210.0
980	3608.1666666666665	123.0	10577.0
990	3865.6666666666665	124.0	11825.0
1000	3712.0	178.0	14660.0
