0	256.0	0.0	0.0
10	2003.1666666666667	441.0	9261.0
20	1881.0	369.0	7656.0
30	2010.5	677.0	11999.0
40	2157.0	810.0	12574.0
50	1780.0	736.0	10419.0
60	2034.0	498.0	9449.0
70	1955.1666666666667	507.0	8895.0
80	2104.0	472.0	8440.0
90	2158.8333333333335	492.0	9568.0
100	1847.8333333333333	631.0	12804.0
110	2275.6666666666665	389.0	10243.0
120	2342.1666666666665	734.0	12395.0
130	1972.6666666666667	547.0	10661.0
140	2383.0	663.0	11123.0
150	2352.3333333333335	511.0	10130.0
160	2079.0	380.0	8228.0
170	2111.1666666666665	702.0	12432.0
180	2445.5	680.0	13635.0
190	2443.5	761.0	13526.0
200	2420.0	623.0	11956.0
210	2625.8333333333335	669.0	12698.0
220	2489.3333333333335	392.0	9092.0
230	2352.6666666666665	706.0	12250.0
240	2561.8333333333335	521.0	12636.0
250	2613.0	338.0	9211.0
260	2576.1666666666665	229.0	7648.0
270	2505.8333333333335	340.0	9971.0
280	2694.6666666666665	246.0	8044.0
290	2580.0	403.0	10997.0
300	2407.3333333333335	278.0	10121.0
310	2538.5	359.0	11339.0
320	2745.8333333333335	291.0	8890.0
330	2844.6666666666665	350.0	11280.0
340	2442.0	331.0	10140.0
350	2563.1666666666665	325.0	10122.0
360	3006.1666666666665	378.0	10990.0
370	3271.0	381.0	12473.0
380	2811.0	366.0	12278.0
390	2915.8333333333335	222.0	9993.0
400	3166.6666666666665	303.0	11508.0
410	3155.5	283.0	10953.0
420	3412.5	403.0	14124.0
430	3116.3333333333335	204.0	9378.0
440	3003.0	231.0	10764.0
450	3256.8333333333335	180.0	9807.0
460	3329.3333333333335	222.0	9785.0
470	3537.6666666666665	296.0	10357.0
480	3315.3333333333335	195.0	10843.0
490	3271.1666666666665	185.0	11078.0
500	3271.0	255.0	11914.0
510	3291.3333333333335	195.0	10279.0
520	3528.1666666666665	286.0	13838.0
530	3059.6666666666665	234.0	12025.0
540	3592.1666666666665	314.0	14941.0
550	3544.0	117.0	9448.0
560	3466.5	150.0	9255.0
570	3328.3333333333335	169.0	12114.0
580	3696.0	140.0	10002.0
590	3328.6666666666665	175.0	11505.0
600	3546.1666666666665	205.0	13104.0
610	3195.1666666666665	161.0	10640.0
620	3428.6666666666665	196.0	10144.0
630	3257.0	144.0	9063.0
640	3388.3333333333335	192.0	13019.0
650	3579.8333333333335	141.0	10862.0
660	3430.6666666666665	112.0	8228.0
670	3186.6666666666665	119.0	6922.0
680	3605.5	191.0	10647.0
690	3623.8333333333335	115.0	9003.0
700	3436.8333333333335	152.0	10375.0
710	3561.6666666666665	127.0	8097.0
720	3654.1666666666665	251.0	14630.0
730	3526.0	111.0	10097.0
740	3695.1666666666665	90.0	8310.0
750	3492.5	151.0	12620.0
760	3536.5	149.0	12055.0
770	3873.8333333333335	177.0	13958.0
780	3717.8333333333335	189.0	11009.0
790	3622.5	214.0	13476.0
800	3602.3333333333335	138.0	11304.0
810	3729.5	161.0	10957.0
820	3877.5	132.0	9093.0
830	3998.1666666666665	193.0	15143.0
840	3576.3333333333335	175.0	11394.0
850	4036.1666666666665	123.0	10735.0
860	3788.1666666666665	180.0	13343.0
870	3947.8333333333335	133.0	11391.0
880	3387.5	120.0	9949.0
890	3722.3333333333335	121.0	12727.0
900	3451.8333333333335	123.0	11938.0
910	3529.0	139.0	12287.0
920	3707.1666666666665	134.0	10926.0
930	3660.5	148.0	12652.0
940	3776.5	122.0	10433.0
950	3905.0	131.0	13936.0
960	3683.1666666666665	123.0	9610.0
970	3859.5	128.0	10995.0
980	3871.5	159.0	11754.0
990	3657.8333333333335	141.0	14147.0
1000	3939.0	139.0	12207.0
