0	2420.0	0.0	0.0	0.0
10	2486.1666666666665	271.0	1576.0	11090.0
20	2740.0	287.0	1574.0	10037.0
30	2787.8333333333335	227.0	1329.0	9093.0
40	3088.8333333333335	215.0	1160.0	8401.0
50	3006.0	0.0	0.0	6054.0
60	3185.3333333333335	0.0	0.0	14316.0
70	2475.8333333333335	0.0	0.0	11826.0
80	2872.5	0.0	0.0	10990.0
90	3465.0	0.0	0.0	9807.0
100	3639.1666666666665	0.0	0.0	9205.0
110	3705.1666666666665	0.0	0.0	8905.0
120	3271.0	0.0	0.0	7795.0
130	3618.0	0.0	0.0	8625.0
140	3598.6666666666665	0.0	0.0	9225.0
150	3465.8333333333335	0.0	0.0	11792.0
160	3158.8333333333335	0.0	0.0	12163.0
170	3370.0	0.0	0.0	10272.0
180	3304.3333333333335	0.0	0.0	10170.0
190	3467.0	0.0	0.0	10105.0
200	3361.3333333333335	0.0	0.0	6387.0
210	3330.5	0.0	0.0	8736.0
220	3593.0	0.0	0.0	10884.0
230	3178.1666666666665	0.0	0.0	9018.0
240	3722.0	0.0	0.0	12367.0
250	2848.3333333333335	0.0	0.0	11883.0
260	3723.0	0.0	0.0	8733.0
270	3306.5	0.0	0.0	12616.0
280	3262.3333333333335	0.0	0.0	10492.0
290	3877.1666666666665	0.0	0.0	12653.0
300	2696.5	0.0	0.0	9215.0
310	3542.3333333333335	0.0	0.0	11124.0
320	3915.6666666666665	0.0	0.0	8817.0
330	2972.1666666666665	0.0	0.0	8869.0
340	3291.1666666666665	0.0	0.0	12624.0
350	3525.3333333333335	0.0	0.0	11948.0
360	4225.166666666667	0.0	0.0	11517.0
370	4062.5	0.0	0.0	9961.0
380	3493.6666666666665	0.0	0.0	9144.0
390	3426.3333333333335	0.0	0.0	11784.0
400	3595.8333333333335	0.0	0.0	10126.0
410	3837.0	0.0	0.0	11518.0
420	3892.0	0.0	0.0	10842.0
430	3608.5	0.0	0.0	12484.0
440	3649.8333333333335	0.0	0.0	11932.0
450	3707.0	0.0	0.0	10612.0
460	3534.1666666666665	0.0	0.0	9280.0
470	3885.1666666666665	0.0	0.0	13484.0
480	3684.1666666666665	0.0	0.0	12341.0
490	3782.0	0.0	0.0	10477.0
500	3798.5	0.0	0.0	12209.0
510	3847.1666666666665	0.0	0.0	10557.0
520	3876.8333333333335	0.0	0.0	9424.0
530	3394.1666666666665	0.0	0.0	10328.0
540	3844.5	0.0	0.0	13137.0
550	3628.6666666666665	0.0	0.0	7892.0
560	3553.3333333333335	0.0	0.0	9771.0
570	4020.8333333333335	0.0	0.0	11475.0
580	3255.3333333333335	0.0	0.0	9915.0
590	3617.6666666666665	0.0	0.0	8909.0
600	3799.1666666666665	0.0	0.0	10295.0
