0	236.66666666666666	0.0	0.0
10	1703.5	862.0	10274.0
20	2064.0	863.0	9813.0
30	1927.6666666666667	962.0	10294.0
40	2065.6666666666665	641.0	7798.0
50	2012.3333333333333	664.0	8175.0
60	2257.0	966.0	12653.0
70	2284.1666666666665	704.0	10608.0
80	2744.6666666666665	850.0	11763.0
90	2755.0	450.0	7996.0
100	2957.5	628.0	10009.0
110	2696.8333333333335	487.0	7770.0
120	3204.5	482.0	8889.0
130	3192.5	739.0	12815.0
140	3685.1666666666665	661.0	15734.0
150	3239.3333333333335	563.0	11753.0
160	3410.8333333333335	529.0	12182.0
170	3497.8333333333335	467.0	12024.0
180	3436.8333333333335	523.0	12455.0
190	3226.8333333333335	349.0	9859.0
200	3470.6666666666665	434.0	11055.0
210	3390.1666666666665	399.0	13752.0
220	2889.0	401.0	10806.0
230	3340.3333333333335	313.0	9952.0
240	3201.5	364.0	11511.0
250	3419.6666666666665	362.0	11914.0
260	3774.1666666666665	340.0	11906.0
270	3916.6666666666665	399.0	13847.0
280	3279.3333333333335	293.0	9703.0
290	3438.0	352.0	15351.0
300	3181.3333333333335	315.0	11465.0
310	3561.6666666666665	343.0	11973.0
320	3571.1666666666665	313.0	10272.0
330	3589.3333333333335	280.0	11258.0
340	3879.5	218.0	10056.0
350	3341.1666666666665	293.0	11706.0
360	3664.1666666666665	261.0	10500.0
370	3548.8333333333335	265.0	10119.0
380	3778.5	231.0	13663.0
390	3336.6666666666665	172.0	10164.0
400	3730.6666666666665	236.0	11586.0
410	3843.3333333333335	335.0	13312.0
420	3394.8333333333335	186.0	9004.0
430	3777.5	213.0	10303.0
440	3682.1666666666665	203.0	10195.0
450	3275.1666666666665	274.0	14171.0
460	3470.0	203.0	10848.0
470	3261.8333333333335	318.0	12893.0
480	3682.0	271.0	13954.0
490	3838.3333333333335	263.0	12077.0
500	3745.0	342.0	13030.0
510	3875.6666666666665	282.0	13255.0
520	3794.8333333333335	288.0	11102.0
530	3841.1666666666665	297.0	10767.0
540	3914.8333333333335	252.0	12726.0
550	3452.0	285.0	10166.0
560	3834.1666666666665	310.0	12951.0
570	3745.6666666666665	350.0	13527.0
580	4018.8333333333335	251.0	9753.0
590	3894.8333333333335	251.0	13184.0
600	3577.1666666666665	315.0	12674.0
610	3836.6666666666665	272.0	10399.0
620	3666.3333333333335	254.0	11737.0
630	3707.1666666666665	332.0	12756.0
640	3801.8333333333335	312.0	12562.0
650	3846.8333333333335	265.0	16863.0
660	3747.0	275.0	13621.0
670	3557.0	233.0	10041.0
680	3758.3333333333335	171.0	11577.0
690	3769.6666666666665	238.0	12288.0
700	3887.5	276.0	14814.0
710	3383.3333333333335	212.0	11932.0
720	3752.3333333333335	193.0	10798.0
730	3529.5	257.0	14182.0
740	3885.6666666666665	216.0	13800.0
750	3690.6666666666665	229.0	10397.0
760	3854.0	407.0	11041.0
770	3749.5	255.0	11047.0
780	3685.0	252.0	12255.0
790	3810.3333333333335	222.0	11567.0
800	3929.5	179.0	11409.0
810	3991.1666666666665	217.0	12725.0
820	3732.3333333333335	234.0	13018.0
830	3703.1666666666665	226.0	12125.0
840	3553.5	160.0	9444.0
850	3832.1666666666665	215.0	11550.0
860	3665.5	190.0	11513.0
870	3799.5	278.0	14011.0
880	3695.0	215.0	10748.0
890	3747.5	149.0	10501.0
900	3819.6666666666665	202.0	13549.0
910	4151.666666666667	233.0	11371.0
920	3776.3333333333335	224.0	8828.0
930	3538.5	234.0	10536.0
940	3909.6666666666665	279.0	16965.0
950	3792.0	206.0	13188.0
960	3678.8333333333335	199.0	14939.0
970	3499.5	259.0	13301.0
980	3905.1666666666665	180.0	10799.0
990	3850.1666666666665	204.0	13494.0
1000	3654.6666666666665	241.0	11016.0
