0	2147.3333333333335	0.0	0.0	0.0
10	2261.3333333333335	1000.0	1000.0	9827.0
20	2319.5	0.0	0.0	7634.0
30	2304.5	0.0	0.0	11591.0
40	2252.5	0.0	0.0	7509.0
50	2253.3333333333335	0.0	0.0	8853.0
60	2363.1666666666665	0.0	0.0	9092.0
70	2542.1666666666665	0.0	0.0	9297.0
80	2134.6666666666665	0.0	0.0	8595.0
90	2544.3333333333335	0.0	0.0	10379.0
100	2539.1666666666665	0.0	0.0	9269.0
110	2692.5	0.0	0.0	6090.0
120	2652.1666666666665	0.0	0.0	10790.0
130	2434.8333333333335	0.0	0.0	11006.0
140	2441.6666666666665	0.0	0.0	11411.0
150	2486.6666666666665	0.0	0.0	8662.0
160	2872.6666666666665	0.0	0.0	10722.0
170	2325.8333333333335	0.0	0.0	8756.0
180	2378.0	0.0	0.0	6455.0
190	2764.3333333333335	0.0	0.0	11998.0
200	2607.5	0.0	0.0	8905.0
210	2663.8333333333335	0.0	0.0	7371.0
220	2737.0	0.0	0.0	15228.0
230	2778.6666666666665	0.0	0.0	10934.0
240	2993.6666666666665	0.0	0.0	10483.0
250	3007.5	0.0	0.0	11453.0
260	2751.3333333333335	0.0	0.0	8282.0
270	2465.8333333333335	0.0	0.0	6263.0
280	2756.6666666666665	0.0	0.0	12162.0
290	2259.0	0.0	0.0	9037.0
300	2679.6666666666665	0.0	0.0	10063.0
310	2429.0	0.0	0.0	7846.0
320	2706.3333333333335	0.0	0.0	7618.0
330	2675.6666666666665	0.0	0.0	11429.0
340	2796.0	0.0	0.0	11118.0
350	2988.6666666666665	0.0	0.0	12937.0
360	3252.5	0.0	0.0	8629.0
370	3569.6666666666665	0.0	0.0	10888.0
380	2719.6666666666665	0.0	0.0	11158.0
390	2452.5	0.0	0.0	5880.0
400	3600.8333333333335	0.0	0.0	10597.0
410	3524.0	0.0	0.0	12606.0
420	3160.5	0.0	0.0	8769.0
430	3852.1666666666665	0.0	0.0	12869.0
440	3267.8333333333335	0.0	0.0	10889.0
450	3738.1666666666665	0.0	0.0	11652.0
460	3291.6666666666665	0.0	0.0	9876.0
470	3397.3333333333335	0.0	0.0	14288.0
480	3001.3333333333335	0.0	0.0	12764.0
490	3614.1666666666665	0.0	0.0	7965.0
500	3661.8333333333335	0.0	0.0	12645.0
510	3415.0	0.0	0.0	7283.0
520	3557.6666666666665	0.0	0.0	11188.0
530	3372.5	0.0	0.0	11014.0
540	3311.8333333333335	0.0	0.0	10389.0
550	3790.0	0.0	0.0	10831.0
560	3302.3333333333335	0.0	0.0	10767.0
570	3409.0	0.0	0.0	8620.0
580	3410.1666666666665	0.0	0.0	9139.0
590	3735.1666666666665	0.0	0.0	9657.0
600	4044.0	0.0	0.0	9538.0
610	3645.1666666666665	0.0	0.0	11129.0
620	3789.8333333333335	0.0	0.0	10622.0
630	3391.8333333333335	0.0	0.0	11489.0
640	3980.3333333333335	0.0	0.0	13050.0
650	3797.1666666666665	0.0	0.0	11564.0
660	3368.3333333333335	0.0	0.0	12129.0
670	3793.5	0.0	0.0	10445.0
680	3953.3333333333335	0.0	0.0	12362.0
690	3550.5	0.0	0.0	12312.0
700	3906.3333333333335	0.0	0.0	13631.0
710	4053.6666666666665	0.0	0.0	8795.0
720	3643.1666666666665	0.0	0.0	11251.0
730	3990.0	0.0	0.0	12246.0
740	3576.1666666666665	0.0	0.0	13297.0
750	3806.5	0.0	0.0	5918.0
760	3616.5	0.0	0.0	9158.0
770	3752.8333333333335	0.0	0.0	11170.0
780	3853.8333333333335	0.0	0.0	9649.0
790	3112.0	0.0	0.0	12089.0
800	3749.8333333333335	0.0	0.0	7599.0
