0	2212.0	0.0	0.0	0.0
10	2228.0	28.0	5104.0	8324.0
20	2248.8333333333335	45.0	6304.0	10079.0
30	2558.0	78.0	7567.0	12077.0
40	2241.8333333333335	74.0	6494.0	9426.0
50	2541.1666666666665	66.0	7479.0	10980.0
60	2198.6666666666665	21.0	6134.0	10809.0
70	2494.5	49.0	6240.0	10060.0
80	2069.1666666666665	25.0	5806.0	9336.0
90	2416.0	42.0	6086.0	10572.0
100	2343.5	7.0	5236.0	8620.0
110	2245.1666666666665	29.0	6651.0	12488.0
120	2479.0	31.0	7321.0	13111.0
130	2338.1666666666665	39.0	6687.0	11503.0
140	2335.8333333333335	19.0	7347.0	13270.0
150	2598.3333333333335	16.0	4315.0	8050.0
160	2364.0	23.0	7334.0	11545.0
170	2578.8333333333335	17.0	7555.0	13183.0
180	2634.8333333333335	13.0	6742.0	11073.0
190	3137.3333333333335	13.0	5932.0	9185.0
200	2982.3333333333335	22.0	7653.0	11250.0
210	2887.5	12.0	6328.0	9912.0
220	3443.3333333333335	11.0	6789.0	10811.0
230	3484.8333333333335	18.0	7641.0	11657.0
240	3116.0	10.0	5671.0	8472.0
250	3781.1666666666665	13.0	7203.0	11435.0
260	3392.0	17.0	7027.0	12756.0
270	3035.3333333333335	15.0	9442.0	14447.0
280	3682.0	9.0	7356.0	10758.0
290	3431.8333333333335	8.0	4584.0	6903.0
300	3822.3333333333335	15.0	5535.0	8349.0
310	3512.8333333333335	17.0	8667.0	12501.0
320	3561.0	14.0	7826.0	12209.0
330	3313.1666666666665	23.0	9927.0	13801.0
340	3875.0	26.0	6169.0	8811.0
350	3393.8333333333335	2.0	5433.0	8376.0
360	3321.3333333333335	17.0	6268.0	9907.0
370	3298.0	24.0	8278.0	11299.0
380	3849.3333333333335	27.0	7933.0	10727.0
390	4034.0	21.0	8086.0	11511.0
400	3485.5	25.0	7350.0	10311.0
410	3701.0	13.0	6893.0	9870.0
420	3953.8333333333335	4.0	8006.0	11337.0
430	3612.0	2.0	742.0	11002.0
440	3559.3333333333335	0.0	0.0	9921.0
450	3587.1666666666665	0.0	0.0	7498.0
460	3404.8333333333335	0.0	0.0	11366.0
470	4046.1666666666665	0.0	0.0	10563.0
480	2751.8333333333335	0.0	0.0	11048.0
490	3777.3333333333335	0.0	0.0	10654.0
500	4021.3333333333335	0.0	0.0	12446.0
510	3829.0	0.0	0.0	11725.0
520	3723.3333333333335	0.0	0.0	13647.0
530	3543.6666666666665	0.0	0.0	10837.0
540	3778.3333333333335	0.0	0.0	11268.0
550	3934.5	0.0	0.0	9049.0
560	3971.0	0.0	0.0	11610.0
570	3583.5	0.0	0.0	9284.0
580	3697.5	0.0	0.0	8896.0
590	3897.5	0.0	0.0	8590.0
600	3642.8333333333335	0.0	0.0	8906.0
610	3354.8333333333335	0.0	0.0	8612.0
620	3355.5	0.0	0.0	9645.0
630	4018.1666666666665	0.0	0.0	11223.0
640	4000.6666666666665	0.0	0.0	10849.0
650	3761.5	0.0	0.0	10779.0
660	3727.3333333333335	0.0	0.0	10986.0
670	3406.8333333333335	0.0	0.0	7861.0
680	3897.5	0.0	0.0	14042.0
690	3747.1666666666665	0.0	0.0	10948.0
700	3765.6666666666665	0.0	0.0	11036.0
710	3780.0	0.0	0.0	10282.0
720	3504.5	0.0	0.0	9378.0
730	3744.8333333333335	0.0	0.0	14058.0
740	3866.3333333333335	0.0	0.0	8714.0
750	3756.5	0.0	0.0	9155.0
760	3750.8333333333335	0.0	0.0	10298.0
770	3899.6666666666665	0.0	0.0	11615.0
780	3847.8333333333335	0.0	0.0	9631.0
790	3527.5	0.0	0.0	9559.0
800	3742.8333333333335	0.0	0.0	10264.0
