0	2428.1666666666665	0.0	0.0	0.0
10	2718.8333333333335	86.0	599.0	7745.0
20	2832.1666666666665	197.0	693.0	8127.0
30	2375.5	139.0	804.0	11384.0
40	2724.0	146.0	602.0	6340.0
50	2909.8333333333335	196.0	756.0	8761.0
60	2768.3333333333335	133.0	938.0	13199.0
70	2968.5	65.0	603.0	7319.0
80	2432.1666666666665	38.0	63.0	14554.0
90	2659.6666666666665	0.0	0.0	8383.0
100	2764.5	0.0	0.0	6979.0
110	2840.8333333333335	0.0	0.0	11466.0
120	2838.0	0.0	0.0	9917.0
130	3012.8333333333335	0.0	0.0	9624.0
140	2833.8333333333335	0.0	0.0	13589.0
150	3184.6666666666665	0.0	0.0	9857.0
160	2982.3333333333335	0.0	0.0	9757.0
170	3383.5	0.0	0.0	8839.0
180	3746.1666666666665	0.0	0.0	9997.0
190	3190.6666666666665	0.0	0.0	11655.0
200	3354.3333333333335	0.0	0.0	10441.0
210	2986.1666666666665	0.0	0.0	12474.0
220	3493.0	0.0	0.0	7970.0
230	3608.6666666666665	0.0	0.0	10792.0
240	3355.3333333333335	0.0	0.0	10605.0
250	3538.8333333333335	0.0	0.0	10728.0
260	3324.3333333333335	0.0	0.0	8399.0
270	3661.8333333333335	0.0	0.0	7182.0
280	3704.6666666666665	0.0	0.0	12785.0
290	3512.5	0.0	0.0	12407.0
300	3621.8333333333335	0.0	0.0	7555.0
310	3776.1666666666665	0.0	0.0	9761.0
320	3790.8333333333335	0.0	0.0	11945.0
330	3465.5	0.0	0.0	11531.0
340	3432.3333333333335	0.0	0.0	10004.0
350	3316.1666666666665	0.0	0.0	10060.0
360	3481.3333333333335	0.0	0.0	9119.0
370	3742.5	0.0	0.0	13053.0
380	3527.8333333333335	0.0	0.0	10913.0
390	3692.0	0.0	0.0	9655.0
400	3436.1666666666665	0.0	0.0	9704.0
410	3673.3333333333335	0.0	0.0	12550.0
420	3427.6666666666665	0.0	0.0	11787.0
430	4131.5	0.0	0.0	9139.0
440	3666.8333333333335	0.0	0.0	9655.0
450	2984.8333333333335	0.0	0.0	10124.0
460	3746.8333333333335	0.0	0.0	9526.0
470	3173.8333333333335	0.0	0.0	11344.0
480	3590.1666666666665	0.0	0.0	10170.0
490	3689.5	0.0	0.0	13535.0
500	3953.8333333333335	0.0	0.0	12643.0
510	3725.8333333333335	0.0	0.0	9991.0
520	3808.1666666666665	0.0	0.0	8985.0
530	3528.0	0.0	0.0	11406.0
540	3667.0	0.0	0.0	13124.0
550	3789.8333333333335	0.0	0.0	9796.0
560	3580.3333333333335	0.0	0.0	10966.0
570	4017.6666666666665	0.0	0.0	7346.0
580	3723.3333333333335	0.0	0.0	10979.0
590	3792.3333333333335	0.0	0.0	11058.0
600	3813.6666666666665	0.0	0.0	12087.0
