0	2438.8333333333335	0.0	0.0	0.0
10	2842.0	185.0	889.0	11405.0
20	2549.1666666666665	190.0	915.0	11501.0
30	2930.0	188.0	795.0	10458.0
40	3055.1666666666665	133.0	700.0	7814.0
50	2521.0	140.0	701.0	10569.0
60	2760.5	36.0	640.0	8522.0
70	3042.3333333333335	93.0	635.0	7130.0
80	2674.8333333333335	2.0	406.0	7680.0
90	2419.8333333333335	33.0	246.0	11042.0
100	2723.1666666666665	0.0	0.0	10924.0
110	2853.5	0.0	0.0	9528.0
120	2936.3333333333335	0.0	0.0	9947.0
130	3549.5	0.0	0.0	11541.0
140	2703.8333333333335	0.0	0.0	9203.0
150	3116.3333333333335	0.0	0.0	9859.0
160	3529.3333333333335	0.0	0.0	11782.0
170	3158.0	0.0	0.0	9148.0
180	2857.8333333333335	0.0	0.0	8822.0
190	3199.8333333333335	0.0	0.0	11499.0
200	3650.5	0.0	0.0	9691.0
210	3412.1666666666665	0.0	0.0	9775.0
220	3314.6666666666665	0.0	0.0	9132.0
230	2658.6666666666665	0.0	0.0	8712.0
240	3608.3333333333335	0.0	0.0	13831.0
250	3114.5	0.0	0.0	11561.0
260	3504.5	0.0	0.0	9421.0
270	3401.1666666666665	0.0	0.0	14356.0
280	3545.6666666666665	0.0	0.0	10338.0
290	3450.3333333333335	0.0	0.0	10393.0
300	3320.8333333333335	0.0	0.0	11800.0
310	3059.3333333333335	0.0	0.0	11080.0
320	3337.8333333333335	0.0	0.0	13462.0
330	3993.6666666666665	0.0	0.0	8877.0
340	3674.0	0.0	0.0	11869.0
350	3656.1666666666665	0.0	0.0	10030.0
360	3783.0	0.0	0.0	13045.0
370	3256.0	0.0	0.0	9099.0
380	3941.0	0.0	0.0	10155.0
390	3649.5	0.0	0.0	9016.0
400	3615.8333333333335	0.0	0.0	10293.0
410	3936.0	0.0	0.0	11511.0
420	3167.5	0.0	0.0	12063.0
430	4050.6666666666665	0.0	0.0	10530.0
440	3540.6666666666665	0.0	0.0	10798.0
450	3772.6666666666665	0.0	0.0	14139.0
460	4084.6666666666665	0.0	0.0	10223.0
470	3875.6666666666665	0.0	0.0	9777.0
480	3463.0	0.0	0.0	11450.0
490	4034.1666666666665	0.0	0.0	10127.0
500	3546.0	0.0	0.0	8920.0
510	3807.8333333333335	0.0	0.0	8772.0
520	3241.5	0.0	0.0	8007.0
530	3478.8333333333335	0.0	0.0	9942.0
540	4119.5	0.0	0.0	10552.0
550	3451.8333333333335	0.0	0.0	12172.0
560	3893.0	0.0	0.0	9797.0
570	3896.6666666666665	0.0	0.0	10182.0
580	3893.8333333333335	0.0	0.0	9447.0
590	3918.3333333333335	0.0	0.0	6358.0
600	3673.0	0.0	0.0	10783.0
