0	2687.0	0.0	0.0	0.0
10	2660.1666666666665	71.0	675.0	10064.0
20	2838.5	177.0	813.0	8864.0
30	3024.3333333333335	398.0	1007.0	9072.0
40	2755.1666666666665	16.0	305.0	6914.0
50	2459.1666666666665	138.0	726.0	9244.0
60	2888.6666666666665	121.0	667.0	8960.0
70	2798.8333333333335	79.0	88.0	8535.0
80	2486.8333333333335	0.0	0.0	7125.0
90	2766.6666666666665	0.0	0.0	8666.0
100	2783.0	0.0	0.0	11035.0
110	2630.6666666666665	0.0	0.0	7662.0
120	2955.3333333333335	0.0	0.0	10906.0
130	3036.0	0.0	0.0	11503.0
140	2868.5	0.0	0.0	7892.0
150	3296.8333333333335	0.0	0.0	10070.0
160	3383.0	0.0	0.0	8618.0
170	3411.1666666666665	0.0	0.0	9873.0
180	2857.6666666666665	0.0	0.0	10826.0
190	3032.8333333333335	0.0	0.0	12650.0
200	3305.0	0.0	0.0	13122.0
210	3289.0	0.0	0.0	9439.0
220	3395.0	0.0	0.0	9768.0
230	3744.5	0.0	0.0	11567.0
240	3298.5	0.0	0.0	11393.0
250	3787.1666666666665	0.0	0.0	14168.0
260	3568.3333333333335	0.0	0.0	9212.0
270	3453.8333333333335	0.0	0.0	13611.0
280	3560.0	0.0	0.0	10046.0
290	3412.6666666666665	0.0	0.0	10103.0
300	3750.3333333333335	0.0	0.0	11099.0
310	3441.8333333333335	0.0	0.0	11006.0
320	3957.0	0.0	0.0	11281.0
330	3311.6666666666665	0.0	0.0	10714.0
340	3468.0	0.0	0.0	8542.0
350	3595.3333333333335	0.0	0.0	10017.0
360	3729.5	0.0	0.0	10594.0
370	3526.1666666666665	0.0	0.0	10729.0
380	3275.1666666666665	0.0	0.0	9601.0
390	3743.6666666666665	0.0	0.0	7447.0
400	3413.6666666666665	0.0	0.0	9193.0
410	4082.5	0.0	0.0	11855.0
420	3733.1666666666665	0.0	0.0	10626.0
430	3713.6666666666665	0.0	0.0	11608.0
440	3213.0	0.0	0.0	9845.0
450	3986.3333333333335	0.0	0.0	9679.0
460	3640.6666666666665	0.0	0.0	9959.0
470	3661.1666666666665	0.0	0.0	11673.0
480	3561.8333333333335	0.0	0.0	11256.0
490	3401.0	0.0	0.0	12872.0
500	3832.5	0.0	0.0	7497.0
510	3634.6666666666665	0.0	0.0	10171.0
520	3922.1666666666665	0.0	0.0	9146.0
530	3607.8333333333335	0.0	0.0	9158.0
540	3773.0	0.0	0.0	10627.0
550	3370.0	0.0	0.0	9395.0
560	3482.0	0.0	0.0	11395.0
570	3848.0	0.0	0.0	9452.0
580	3961.1666666666665	0.0	0.0	8664.0
590	4001.3333333333335	0.0	0.0	13394.0
600	3765.1666666666665	0.0	0.0	13270.0
