0	2865.3333333333335	0.0	0.0	0.0
10	2619.5	233.0	853.0	9071.0
20	2400.1666666666665	158.0	747.0	10584.0
30	2679.0	3.0	643.0	10270.0
40	2479.8333333333335	136.0	823.0	11425.0
50	2728.3333333333335	50.0	548.0	8652.0
60	3155.0	3.0	476.0	5701.0
70	3086.5	88.0	774.0	11829.0
80	3149.3333333333335	24.0	574.0	6043.0
90	3081.8333333333335	208.0	1069.0	10533.0
100	2725.1666666666665	83.0	659.0	10979.0
110	3095.0	0.0	519.0	7334.0
120	3334.1666666666665	6.0	724.0	10531.0
130	2472.8333333333335	8.0	371.0	10358.0
140	3168.6666666666665	0.0	0.0	11775.0
150	3461.5	0.0	0.0	10063.0
160	3148.3333333333335	0.0	0.0	11298.0
170	3184.5	0.0	0.0	10637.0
180	3490.1666666666665	0.0	0.0	7978.0
190	3858.6666666666665	0.0	0.0	10321.0
200	2862.3333333333335	0.0	0.0	9143.0
210	3694.6666666666665	0.0	0.0	11126.0
220	3702.8333333333335	0.0	0.0	9524.0
230	2733.1666666666665	0.0	0.0	10971.0
240	2784.1666666666665	0.0	0.0	10192.0
250	3765.0	0.0	0.0	11627.0
260	3051.0	0.0	0.0	9472.0
270	3321.6666666666665	0.0	0.0	11110.0
280	3080.8333333333335	0.0	0.0	10763.0
290	3563.8333333333335	0.0	0.0	8081.0
300	3616.1666666666665	0.0	0.0	11331.0
310	3664.1666666666665	0.0	0.0	9883.0
320	3682.8333333333335	0.0	0.0	9355.0
330	3332.0	0.0	0.0	8503.0
340	3658.6666666666665	0.0	0.0	8060.0
350	3436.5	0.0	0.0	10817.0
360	3793.8333333333335	0.0	0.0	9579.0
370	4030.8333333333335	0.0	0.0	8098.0
380	3129.8333333333335	0.0	0.0	11219.0
390	3646.8333333333335	0.0	0.0	6332.0
400	3868.5	0.0	0.0	9922.0
410	3391.0	0.0	0.0	10595.0
420	3103.1666666666665	0.0	0.0	8001.0
430	4003.5	0.0	0.0	12042.0
440	2790.5	0.0	0.0	14156.0
450	3842.6666666666665	0.0	0.0	10626.0
460	3269.6666666666665	0.0	0.0	8778.0
470	4078.1666666666665	0.0	0.0	13441.0
480	3758.6666666666665	0.0	0.0	8820.0
490	3941.5	0.0	0.0	9182.0
500	3443.3333333333335	0.0	0.0	7364.0
510	3665.5	0.0	0.0	13411.0
520	3882.0	0.0	0.0	8439.0
530	3803.6666666666665	0.0	0.0	9958.0
540	3698.6666666666665	0.0	0.0	7282.0
550	3875.1666666666665	0.0	0.0	10283.0
560	3835.3333333333335	0.0	0.0	9234.0
570	3711.0	0.0	0.0	9336.0
580	3730.8333333333335	0.0	0.0	12679.0
590	3554.1666666666665	0.0	0.0	8033.0
600	3833.1666666666665	0.0	0.0	9727.0
