0	2691.1666666666665	0.0	0.0	0.0
10	2725.0	157.0	651.0	7100.0
20	2847.8333333333335	180.0	658.0	7120.0
30	2614.0	108.0	551.0	5733.0
40	2760.5	93.0	679.0	9131.0
50	2973.1666666666665	84.0	627.0	10166.0
60	2935.1666666666665	54.0	552.0	6710.0
70	2665.1666666666665	79.0	739.0	10070.0
80	3271.3333333333335	13.0	782.0	9883.0
90	3567.6666666666665	127.0	621.0	5823.0
100	3048.8333333333335	4.0	780.0	9870.0
110	3234.6666666666665	85.0	684.0	9692.0
120	3147.6666666666665	16.0	336.0	10700.0
130	2796.6666666666665	0.0	0.0	11397.0
140	3228.0	0.0	0.0	11076.0
150	3147.0	0.0	0.0	12643.0
160	3582.6666666666665	0.0	0.0	12131.0
170	3314.1666666666665	0.0	0.0	10123.0
180	2817.5	0.0	0.0	10152.0
190	3345.8333333333335	0.0	0.0	11087.0
200	3497.0	0.0	0.0	12600.0
210	3343.6666666666665	0.0	0.0	10626.0
220	3317.5	0.0	0.0	12713.0
230	3244.3333333333335	0.0	0.0	10729.0
240	3507.3333333333335	0.0	0.0	9553.0
250	3414.8333333333335	0.0	0.0	11161.0
260	3774.8333333333335	0.0	0.0	10526.0
270	3566.0	0.0	0.0	8375.0
280	3366.8333333333335	0.0	0.0	10027.0
290	3480.3333333333335	0.0	0.0	7227.0
300	3952.5	0.0	0.0	10278.0
310	3267.6666666666665	0.0	0.0	8743.0
320	4099.333333333333	0.0	0.0	8034.0
330	3772.0	0.0	0.0	10340.0
340	3374.3333333333335	0.0	0.0	12449.0
350	3829.8333333333335	0.0	0.0	12048.0
360	3842.5	0.0	0.0	11324.0
370	3851.6666666666665	0.0	0.0	11578.0
380	3984.5	0.0	0.0	8024.0
390	3583.3333333333335	0.0	0.0	10442.0
400	3275.5	0.0	0.0	9414.0
410	3577.6666666666665	0.0	0.0	8614.0
420	3451.6666666666665	0.0	0.0	8605.0
430	3414.6666666666665	0.0	0.0	10815.0
440	3921.1666666666665	0.0	0.0	11727.0
450	3711.8333333333335	0.0	0.0	9004.0
460	3229.3333333333335	0.0	0.0	8971.0
470	3718.6666666666665	0.0	0.0	12245.0
480	3834.8333333333335	0.0	0.0	13293.0
490	3823.6666666666665	0.0	0.0	10096.0
500	3568.5	0.0	0.0	9075.0
510	3695.8333333333335	0.0	0.0	8880.0
520	3920.5	0.0	0.0	10406.0
530	3786.3333333333335	0.0	0.0	10002.0
540	3933.6666666666665	0.0	0.0	9565.0
550	3724.0	0.0	0.0	11295.0
560	3859.5	0.0	0.0	11247.0
570	3831.8333333333335	0.0	0.0	10810.0
580	3831.5	0.0	0.0	11243.0
590	3917.8333333333335	0.0	0.0	12209.0
600	3509.6666666666665	0.0	0.0	9259.0
