0	239.66666666666666	0.0
20	2107.8333333333335	148.0
40	2124.5	344.0
60	2240.0	278.0
80	2477.3333333333335	230.0
100	2559.8333333333335	0.0
120	2468.0	0.0
140	2461.1666666666665	0.0
160	2463.1666666666665	0.0
180	2361.8333333333335	0.0
200	2573.0	0.0
220	2610.6666666666665	0.0
240	2374.3333333333335	0.0
260	2162.5	0.0
280	2242.8333333333335	0.0
300	2832.8333333333335	0.0
320	2130.8333333333335	0.0
340	2537.1666666666665	0.0
360	2646.8333333333335	0.0
380	2912.6666666666665	0.0
400	2878.0	0.0
420	3189.3333333333335	0.0
440	3035.5	0.0
460	3224.0	0.0
480	2891.3333333333335	0.0
500	3956.6666666666665	0.0
520	3151.5	0.0
540	3129.8333333333335	0.0
560	3448.3333333333335	0.0
580	3531.8333333333335	0.0
600	3314.8333333333335	0.0
620	3286.3333333333335	0.0
640	3572.1666666666665	0.0
660	3505.6666666666665	0.0
680	3692.0	0.0
700	4006.3333333333335	0.0
720	4061.1666666666665	0.0
740	3913.5	0.0
760	3313.8333333333335	0.0
780	3870.6666666666665	0.0
800	3933.1666666666665	0.0
