0	2064.75	0.0	0.0	0.0
10	2102.25	42.0	2088.0	8008.0
20	2289.25	38.0	2812.0	10607.0
30	2293.5	25.0	2346.0	8499.0
40	2179.75	40.0	2666.0	8598.0
50	2500.5	96.0	3267.0	11563.0
60	2462.5	26.0	2925.0	10746.0
70	2491.75	43.0	2579.0	8928.0
80	2716.75	53.0	2086.0	10602.0
90	2306.75	16.0	2173.0	9021.0
100	2494.5	29.0	1722.0	8448.0
110	2213.25	21.0	1862.0	10167.0
120	2126.75	21.0	1087.0	10542.0
130	2633.75	16.0	857.0	9890.0
140	2670.75	2.0	104.0	8351.0
150	2645.5	7.0	147.0	8893.0
160	2576.75	4.0	222.0	10786.0
170	2750.5	6.0	239.0	10748.0
180	2735.75	23.0	473.0	11679.0
190	2979.75	0.0	45.0	8019.0
200	2785.25	27.0	474.0	13144.0
210	3095.5	4.0	128.0	8384.0
220	2971.5	8.0	221.0	7659.0
230	2258.5	11.0	338.0	8367.0
240	2788.0	3.0	273.0	9061.0
250	3081.5	7.0	264.0	8402.0
260	2874.0	13.0	557.0	11843.0
270	3190.5	8.0	645.0	12338.0
280	3727.75	7.0	497.0	9397.0
290	2721.0	12.0	437.0	9256.0
300	2977.75	10.0	495.0	9172.0
310	3782.25	11.0	616.0	10884.0
320	3672.75	4.0	332.0	10409.0
330	3386.25	13.0	503.0	10804.0
340	3538.0	7.0	443.0	7270.0
350	3638.25	19.0	983.0	10038.0
360	3451.0	34.0	1685.0	14547.0
370	3244.25	25.0	1561.0	12259.0
380	3722.75	44.0	1511.0	13106.0
390	3321.5	12.0	1059.0	9658.0
400	3472.25	18.0	996.0	9733.0
410	3612.75	24.0	971.0	9722.0
420	3299.25	33.0	1558.0	11994.0
430	3421.5	23.0	1338.0	11272.0
440	3697.0	23.0	1456.0	12038.0
450	3620.75	32.0	1885.0	12845.0
460	3138.25	24.0	1545.0	11922.0
470	3512.75	30.0	1992.0	11411.0
480	3698.0	6.0	280.0	11659.0
490	3461.0	0.0	0.0	10919.0
500	3467.25	0.0	0.0	10699.0
510	3593.75	0.0	0.0	14941.0
520	3878.75	0.0	0.0	10887.0
530	3937.5	0.0	0.0	11726.0
540	3691.0	0.0	0.0	9188.0
550	2963.0	0.0	0.0	10143.0
560	3666.25	0.0	0.0	9736.0
570	3417.75	0.0	0.0	10121.0
580	3390.5	0.0	0.0	13160.0
590	3390.5	0.0	0.0	12028.0
600	3869.25	0.0	0.0	11704.0
610	4063.5	0.0	0.0	12115.0
620	4075.75	0.0	0.0	9518.0
630	3520.75	0.0	0.0	12037.0
640	3873.75	0.0	0.0	12104.0
650	3657.0	0.0	0.0	11212.0
660	3650.0	0.0	0.0	12014.0
670	3921.75	0.0	0.0	8890.0
680	3395.75	0.0	0.0	7758.0
690	3433.25	0.0	0.0	7893.0
700	3380.75	0.0	0.0	7807.0
710	3711.75	0.0	0.0	12378.0
720	3720.5	0.0	0.0	9495.0
730	3700.75	0.0	0.0	11247.0
740	3961.5	0.0	0.0	9762.0
750	3718.25	0.0	0.0	10526.0
760	3402.0	0.0	0.0	11608.0
770	3490.0	0.0	0.0	7624.0
780	3494.5	0.0	0.0	10878.0
790	4024.25	0.0	0.0	11087.0
800	4231.5	0.0	0.0	12692.0
