0	2199.25	0.0	0.0	0.0
10	2142.5	27.0	2483.0	9265.0
20	2203.75	21.0	2288.0	6648.0
30	2675.0	39.0	2763.0	11982.0
40	2350.75	52.0	1897.0	7357.0
50	2257.5	21.0	2224.0	8352.0
60	2359.75	25.0	2371.0	9005.0
70	2257.75	41.0	2403.0	10929.0
80	2798.5	31.0	2615.0	10188.0
90	2325.75	28.0	2226.0	9657.0
100	2418.5	4.0	759.0	10162.0
110	2671.75	3.0	183.0	9210.0
120	2193.0	18.0	506.0	6385.0
130	2252.25	30.0	561.0	9955.0
140	2250.5	12.0	1200.0	10827.0
150	2881.25	20.0	679.0	9893.0
160	2588.75	8.0	131.0	7093.0
170	2397.75	9.0	240.0	9775.0
180	2266.0	7.0	379.0	8855.0
190	3118.75	6.0	282.0	6783.0
200	2456.25	4.0	153.0	9946.0
210	2921.75	4.0	187.0	7786.0
220	2737.75	8.0	318.0	8957.0
230	3108.25	12.0	282.0	7526.0
240	2750.25	13.0	201.0	8750.0
250	2942.0	5.0	339.0	8719.0
260	3051.25	3.0	192.0	10530.0
270	2779.75	5.0	344.0	10832.0
280	2876.0	19.0	518.0	12946.0
290	3017.25	17.0	707.0	12004.0
300	3266.75	8.0	546.0	9527.0
310	3679.5	11.0	208.0	7636.0
320	3532.75	7.0	547.0	11506.0
330	3079.5	21.0	1049.0	12477.0
340	3126.25	11.0	651.0	9729.0
350	3282.25	15.0	743.0	11507.0
360	3042.75	14.0	674.0	10043.0
370	3718.75	35.0	1460.0	14796.0
380	3473.0	22.0	994.0	9207.0
390	2972.25	34.0	1065.0	10864.0
400	3148.0	40.0	1684.0	12770.0
410	3222.25	35.0	1076.0	10532.0
420	3635.75	45.0	1552.0	11848.0
430	3555.0	36.0	1563.0	10802.0
440	3574.75	32.0	1110.0	11857.0
450	2954.0	44.0	1791.0	12744.0
460	3216.75	21.0	1545.0	10729.0
470	3840.5	33.0	1845.0	11785.0
480	3741.75	27.0	1914.0	12054.0
490	3750.75	17.0	999.0	11642.0
500	3479.75	0.0	0.0	9484.0
510	4011.75	0.0	0.0	9947.0
520	3298.5	0.0	0.0	12996.0
530	3835.5	0.0	0.0	10668.0
540	3426.0	0.0	0.0	10233.0
550	3355.5	0.0	0.0	8714.0
560	4171.0	0.0	0.0	9351.0
570	3978.0	0.0	0.0	9551.0
580	3531.0	0.0	0.0	8690.0
590	3473.25	0.0	0.0	7298.0
600	3780.5	0.0	0.0	10280.0
610	3695.75	0.0	0.0	12532.0
620	3393.25	0.0	0.0	9005.0
630	3352.0	0.0	0.0	11073.0
640	3816.75	0.0	0.0	12493.0
650	3881.25	0.0	0.0	10028.0
660	3872.25	0.0	0.0	12491.0
670	3437.5	0.0	0.0	9611.0
680	3784.0	0.0	0.0	8132.0
690	3746.25	0.0	0.0	9713.0
700	3443.0	0.0	0.0	12668.0
710	3701.0	0.0	0.0	11671.0
720	4191.5	0.0	0.0	10050.0
730	3677.0	0.0	0.0	10243.0
740	3704.0	0.0	0.0	8635.0
750	4053.25	0.0	0.0	10052.0
760	3916.25	0.0	0.0	11375.0
770	3847.5	0.0	0.0	8494.0
780	3695.75	0.0	0.0	8791.0
790	4127.25	0.0	0.0	10056.0
800	4167.0	0.0	0.0	10003.0
