0	2561.25	0.0	0.0	0.0
10	2375.25	693.0	5551.0	11758.0
20	2332.25	307.0	2923.0	11513.0
30	2664.0	0.0	0.0	11992.0
40	2544.75	0.0	0.0	5775.0
50	2330.5	0.0	0.0	9614.0
60	2882.0	0.0	0.0	11018.0
70	2759.75	0.0	0.0	8551.0
80	2580.5	0.0	0.0	11193.0
90	2780.0	0.0	0.0	9513.0
100	3023.25	0.0	0.0	12461.0
110	3100.5	0.0	0.0	6313.0
120	2978.75	0.0	0.0	10059.0
130	3209.25	0.0	0.0	8374.0
140	3657.75	0.0	0.0	6376.0
150	3109.25	0.0	0.0	9026.0
160	2840.0	0.0	0.0	9502.0
170	3107.0	0.0	0.0	9319.0
180	3119.5	0.0	0.0	9077.0
190	2768.25	0.0	0.0	9005.0
200	3354.75	0.0	0.0	13188.0
210	3389.25	0.0	0.0	9592.0
220	3717.75	0.0	0.0	8964.0
230	3216.0	0.0	0.0	10277.0
240	2906.75	0.0	0.0	9874.0
250	3652.5	0.0	0.0	7748.0
260	3792.0	0.0	0.0	9370.0
270	3064.0	0.0	0.0	8341.0
280	3464.0	0.0	0.0	9642.0
290	2932.5	0.0	0.0	10294.0
300	3014.5	0.0	0.0	9940.0
310	3722.0	0.0	0.0	12027.0
320	3412.75	0.0	0.0	10439.0
330	3336.25	0.0	0.0	10251.0
340	3084.5	0.0	0.0	11022.0
350	3620.75	0.0	0.0	10006.0
360	3314.25	0.0	0.0	8108.0
370	3540.25	0.0	0.0	10693.0
380	3371.0	0.0	0.0	8588.0
390	3549.25	0.0	0.0	11491.0
400	3878.0	0.0	0.0	9770.0
410	3725.75	0.0	0.0	10933.0
420	3546.0	0.0	0.0	10302.0
430	3845.0	0.0	0.0	10846.0
440	4382.0	0.0	0.0	10058.0
450	3586.75	0.0	0.0	10923.0
460	3685.5	0.0	0.0	8916.0
470	3665.0	0.0	0.0	10691.0
480	4096.75	0.0	0.0	11096.0
490	3671.75	0.0	0.0	9791.0
500	3568.25	0.0	0.0	11072.0
510	3559.25	0.0	0.0	11669.0
520	3639.25	0.0	0.0	9876.0
530	3815.75	0.0	0.0	11429.0
540	4020.0	0.0	0.0	8456.0
550	4020.0	0.0	0.0	13748.0
560	3170.75	0.0	0.0	7305.0
570	3510.5	0.0	0.0	8410.0
580	3983.25	0.0	0.0	10510.0
590	3561.0	0.0	0.0	8201.0
600	4070.0	0.0	0.0	8786.0
610	3947.75	0.0	0.0	10198.0
620	3798.25	0.0	0.0	10173.0
630	3701.0	0.0	0.0	10584.0
640	3426.0	0.0	0.0	11020.0
650	3839.75	0.0	0.0	8468.0
660	3361.5	0.0	0.0	10212.0
670	3578.5	0.0	0.0	11299.0
680	4002.25	0.0	0.0	11428.0
690	3508.75	0.0	0.0	8430.0
700	3966.0	0.0	0.0	9540.0
710	3696.25	0.0	0.0	12839.0
720	3903.0	0.0	0.0	9598.0
730	4020.5	0.0	0.0	12430.0
740	3282.25	0.0	0.0	11880.0
750	3807.5	0.0	0.0	9322.0
760	3805.5	0.0	0.0	9979.0
770	4004.0	0.0	0.0	9085.0
780	3830.75	0.0	0.0	10788.0
790	3363.25	0.0	0.0	12935.0
800	2894.25	0.0	0.0	10593.0
