0	2450.5	0.0	0.0	0.0
10	2336.25	336.0	4928.0	9459.0
20	1937.5	501.0	4442.0	9550.0
30	2803.0	163.0	1132.0	11504.0
40	2259.25	0.0	0.0	5218.0
50	2677.75	0.0	0.0	11421.0
60	2334.5	0.0	0.0	9664.0
70	2527.0	0.0	0.0	8903.0
80	2535.0	0.0	0.0	13133.0
90	2990.25	0.0	0.0	12302.0
100	3021.75	0.0	0.0	9805.0
110	2987.75	0.0	0.0	9954.0
120	3284.5	0.0	0.0	6493.0
130	2423.75	0.0	0.0	10152.0
140	3115.5	0.0	0.0	13835.0
150	3154.0	0.0	0.0	9127.0
160	2348.75	0.0	0.0	9509.0
170	3115.0	0.0	0.0	12327.0
180	2575.5	0.0	0.0	12256.0
190	3143.5	0.0	0.0	10886.0
200	2959.5	0.0	0.0	10016.0
210	3319.75	0.0	0.0	7602.0
220	3055.5	0.0	0.0	9628.0
230	2867.5	0.0	0.0	7425.0
240	2939.25	0.0	0.0	10671.0
250	3205.25	0.0	0.0	8997.0
260	3071.75	0.0	0.0	12568.0
270	3340.75	0.0	0.0	6751.0
280	3386.25	0.0	0.0	11664.0
290	3932.75	0.0	0.0	8163.0
300	3366.25	0.0	0.0	11845.0
310	3361.75	0.0	0.0	9559.0
320	3401.5	0.0	0.0	10456.0
330	4151.25	0.0	0.0	12407.0
340	3674.25	0.0	0.0	11790.0
350	4046.0	0.0	0.0	11217.0
360	3215.5	0.0	0.0	11511.0
370	3728.5	0.0	0.0	10401.0
380	3972.5	0.0	0.0	12693.0
390	3668.5	0.0	0.0	9063.0
400	3942.0	0.0	0.0	8948.0
410	3250.75	0.0	0.0	12237.0
420	3372.75	0.0	0.0	10798.0
430	3060.75	0.0	0.0	11817.0
440	3850.5	0.0	0.0	9656.0
450	3649.25	0.0	0.0	8723.0
460	3520.75	0.0	0.0	10795.0
470	3774.25	0.0	0.0	13060.0
480	3579.0	0.0	0.0	11794.0
490	4032.5	0.0	0.0	13718.0
500	3695.0	0.0	0.0	10137.0
510	3840.5	0.0	0.0	9558.0
520	3885.25	0.0	0.0	9715.0
530	3652.75	0.0	0.0	11648.0
540	3908.75	0.0	0.0	11021.0
550	3660.75	0.0	0.0	10335.0
560	3746.25	0.0	0.0	10603.0
570	3774.0	0.0	0.0	9963.0
580	3698.5	0.0	0.0	13672.0
590	3205.75	0.0	0.0	9180.0
600	3597.0	0.0	0.0	8184.0
610	3917.25	0.0	0.0	10319.0
620	3891.25	0.0	0.0	7808.0
630	3519.75	0.0	0.0	11378.0
640	3461.0	0.0	0.0	10585.0
650	3863.75	0.0	0.0	9919.0
660	3775.0	0.0	0.0	12275.0
670	3453.0	0.0	0.0	12385.0
680	4087.75	0.0	0.0	12927.0
690	3965.0	0.0	0.0	10149.0
700	3806.0	0.0	0.0	9750.0
710	3450.75	0.0	0.0	10451.0
720	3711.5	0.0	0.0	10977.0
730	3792.75	0.0	0.0	10159.0
740	3966.75	0.0	0.0	9445.0
750	3961.25	0.0	0.0	9303.0
760	3578.25	0.0	0.0	7648.0
770	3996.25	0.0	0.0	9574.0
780	3865.5	0.0	0.0	9041.0
790	3790.5	0.0	0.0	10922.0
800	3287.75	0.0	0.0	11230.0
