0	2398.25	0.0	0.0	0.0
10	2353.0	393.0	4689.0	10533.0
20	2909.25	354.0	5122.0	11185.0
30	2587.0	253.0	2588.0	9056.0
40	2207.75	0.0	0.0	7597.0
50	2859.75	0.0	0.0	10718.0
60	2601.25	0.0	0.0	5201.0
70	2606.25	0.0	0.0	11611.0
80	2482.0	0.0	0.0	8468.0
90	2831.25	0.0	0.0	10243.0
100	2493.5	0.0	0.0	10323.0
110	2697.25	0.0	0.0	8342.0
120	2354.75	0.0	0.0	9528.0
130	2649.25	0.0	0.0	7662.0
140	3016.25	0.0	0.0	12699.0
150	2598.25	0.0	0.0	7769.0
160	2670.5	0.0	0.0	7775.0
170	3392.0	0.0	0.0	5862.0
180	3081.25	0.0	0.0	10537.0
190	3209.0	0.0	0.0	9318.0
200	3255.75	0.0	0.0	10614.0
210	3372.25	0.0	0.0	9985.0
220	2991.0	0.0	0.0	14956.0
230	3595.5	0.0	0.0	12825.0
240	2929.75	0.0	0.0	10292.0
250	3597.75	0.0	0.0	9059.0
260	3328.5	0.0	0.0	10315.0
270	3198.0	0.0	0.0	11430.0
280	3328.0	0.0	0.0	11109.0
290	4034.5	0.0	0.0	10915.0
300	3541.75	0.0	0.0	9166.0
310	3531.0	0.0	0.0	8849.0
320	3662.0	0.0	0.0	10321.0
330	3867.25	0.0	0.0	9107.0
340	4019.0	0.0	0.0	11966.0
350	4248.75	0.0	0.0	12186.0
360	3390.0	0.0	0.0	12096.0
370	3942.25	0.0	0.0	11787.0
380	3078.25	0.0	0.0	12080.0
390	3388.5	0.0	0.0	11343.0
400	3195.5	0.0	0.0	13309.0
410	3716.25	0.0	0.0	7688.0
420	3558.75	0.0	0.0	8362.0
430	3623.5	0.0	0.0	7972.0
440	3138.75	0.0	0.0	8323.0
450	3106.25	0.0	0.0	11568.0
460	3537.25	0.0	0.0	10643.0
470	3394.25	0.0	0.0	11483.0
480	3678.75	0.0	0.0	10751.0
490	3382.25	0.0	0.0	11835.0
500	4048.75	0.0	0.0	12170.0
510	4168.25	0.0	0.0	10281.0
520	3555.75	0.0	0.0	9775.0
530	3791.75	0.0	0.0	8299.0
540	3804.75	0.0	0.0	9282.0
550	3436.75	0.0	0.0	12208.0
560	3117.25	0.0	0.0	11525.0
570	4029.75	0.0	0.0	12116.0
580	3772.75	0.0	0.0	8216.0
590	3784.5	0.0	0.0	7733.0
600	3516.25	0.0	0.0	6927.0
610	3530.0	0.0	0.0	11666.0
620	4108.5	0.0	0.0	9859.0
630	4051.75	0.0	0.0	10897.0
640	3786.25	0.0	0.0	11351.0
650	3801.25	0.0	0.0	12198.0
660	3656.0	0.0	0.0	10202.0
670	3559.25	0.0	0.0	9842.0
680	4055.5	0.0	0.0	8393.0
690	3487.25	0.0	0.0	11593.0
700	3558.5	0.0	0.0	9347.0
710	3876.75	0.0	0.0	13113.0
720	3742.0	0.0	0.0	11459.0
730	3453.25	0.0	0.0	7304.0
740	3823.5	0.0	0.0	8973.0
750	3759.25	0.0	0.0	12294.0
760	4010.5	0.0	0.0	9675.0
770	4301.25	0.0	0.0	10647.0
780	3641.5	0.0	0.0	9457.0
790	3866.75	0.0	0.0	9974.0
800	4076.0	0.0	0.0	9941.0
