0	2497.0	0.0	0.0	0.0
10	2335.75	668.0	5619.0	10448.0
20	2184.75	332.0	3265.0	13914.0
30	2299.0	0.0	0.0	9327.0
40	2382.0	0.0	0.0	8879.0
50	3015.75	0.0	0.0	9048.0
60	2400.0	0.0	0.0	9387.0
70	2544.75	0.0	0.0	9827.0
80	2821.0	0.0	0.0	7714.0
90	2640.25	0.0	0.0	8520.0
100	2775.75	0.0	0.0	8954.0
110	2979.5	0.0	0.0	10528.0
120	2783.25	0.0	0.0	8788.0
130	2950.75	0.0	0.0	8238.0
140	2996.0	0.0	0.0	13559.0
150	2969.75	0.0	0.0	9586.0
160	2671.75	0.0	0.0	9150.0
170	3237.75	0.0	0.0	7953.0
180	2884.0	0.0	0.0	9214.0
190	2849.25	0.0	0.0	13401.0
200	3433.25	0.0	0.0	7063.0
210	3593.25	0.0	0.0	6866.0
220	3071.75	0.0	0.0	7983.0
230	3584.5	0.0	0.0	9730.0
240	2748.0	0.0	0.0	9201.0
250	3212.25	0.0	0.0	7932.0
260	3106.0	0.0	0.0	7757.0
270	3616.25	0.0	0.0	7362.0
280	2982.0	0.0	0.0	10806.0
290	3308.25	0.0	0.0	10733.0
300	3964.25	0.0	0.0	11461.0
310	3474.0	0.0	0.0	11104.0
320	3183.25	0.0	0.0	11116.0
330	3280.0	0.0	0.0	9901.0
340	3555.5	0.0	0.0	9860.0
350	3388.0	0.0	0.0	10039.0
360	3325.5	0.0	0.0	13068.0
370	3683.0	0.0	0.0	10417.0
380	3776.5	0.0	0.0	11894.0
390	3712.25	0.0	0.0	8867.0
400	3569.0	0.0	0.0	15408.0
410	3322.75	0.0	0.0	10046.0
420	3080.5	0.0	0.0	10417.0
430	3332.0	0.0	0.0	10735.0
440	3949.5	0.0	0.0	11594.0
450	3246.0	0.0	0.0	9339.0
460	4048.75	0.0	0.0	9726.0
470	3924.25	0.0	0.0	9561.0
480	3538.25	0.0	0.0	12694.0
490	3651.25	0.0	0.0	11816.0
500	3877.5	0.0	0.0	11029.0
510	3297.75	0.0	0.0	9410.0
520	3846.5	0.0	0.0	10881.0
530	3444.5	0.0	0.0	10983.0
540	4084.5	0.0	0.0	12797.0
550	3862.5	0.0	0.0	9607.0
560	3711.75	0.0	0.0	10727.0
570	3354.0	0.0	0.0	6599.0
580	4269.25	0.0	0.0	11369.0
590	3482.75	0.0	0.0	9350.0
600	3949.25	0.0	0.0	7361.0
610	3214.5	0.0	0.0	11764.0
620	4022.25	0.0	0.0	9219.0
630	3234.5	0.0	0.0	11842.0
640	3356.25	0.0	0.0	11521.0
650	3638.25	0.0	0.0	8855.0
660	4126.25	0.0	0.0	10587.0
670	3822.5	0.0	0.0	12775.0
680	3871.25	0.0	0.0	6771.0
690	3733.0	0.0	0.0	7008.0
700	4333.25	0.0	0.0	9938.0
710	3557.5	0.0	0.0	8482.0
720	3423.25	0.0	0.0	11031.0
730	3752.75	0.0	0.0	9369.0
740	3955.0	0.0	0.0	11738.0
750	3338.5	0.0	0.0	10546.0
760	3424.0	0.0	0.0	9545.0
770	3600.75	0.0	0.0	9413.0
780	3616.75	0.0	0.0	10596.0
790	3730.25	0.0	0.0	13020.0
800	3344.5	0.0	0.0	11053.0
