0	2518.3333333333335	0.0	0.0	0.0
10	2385.8333333333335	174.0	2901.0	9090.0
20	2237.6666666666665	328.0	4598.0	12450.0
30	2561.8333333333335	136.0	3629.0	9440.0
40	2250.8333333333335	281.0	5180.0	13777.0
50	2754.0	81.0	2170.0	8551.0
60	2882.3333333333335	0.0	0.0	11453.0
70	2624.1666666666665	0.0	0.0	11671.0
80	2811.6666666666665	0.0	0.0	7533.0
90	2337.8333333333335	0.0	0.0	9354.0
100	2698.3333333333335	0.0	0.0	9139.0
110	2607.1666666666665	0.0	0.0	11246.0
120	3239.8333333333335	0.0	0.0	10647.0
130	3162.0	0.0	0.0	9706.0
140	3469.6666666666665	0.0	0.0	10315.0
150	2809.3333333333335	0.0	0.0	11271.0
160	3162.5	0.0	0.0	7433.0
170	3049.6666666666665	0.0	0.0	10463.0
180	3417.3333333333335	0.0	0.0	11529.0
190	3373.1666666666665	0.0	0.0	11774.0
200	3149.5	0.0	0.0	9114.0
210	3276.8333333333335	0.0	0.0	14524.0
220	2998.3333333333335	0.0	0.0	7382.0
230	3266.6666666666665	0.0	0.0	11689.0
240	3333.8333333333335	0.0	0.0	10654.0
250	3709.5	0.0	0.0	9108.0
260	3500.3333333333335	0.0	0.0	12137.0
270	3721.6666666666665	0.0	0.0	9747.0
280	3538.6666666666665	0.0	0.0	12006.0
290	3694.8333333333335	0.0	0.0	9060.0
300	3407.1666666666665	0.0	0.0	10037.0
310	3460.1666666666665	0.0	0.0	6908.0
320	3543.0	0.0	0.0	8552.0
330	3294.3333333333335	0.0	0.0	12421.0
340	3384.5	0.0	0.0	12024.0
350	3402.5	0.0	0.0	12608.0
360	3477.6666666666665	0.0	0.0	9665.0
370	3619.5	0.0	0.0	10409.0
380	3675.5	0.0	0.0	11927.0
390	3894.1666666666665	0.0	0.0	13476.0
400	3727.3333333333335	0.0	0.0	12227.0
410	4001.6666666666665	0.0	0.0	10894.0
420	3901.8333333333335	0.0	0.0	8544.0
430	3630.6666666666665	0.0	0.0	10968.0
440	3733.0	0.0	0.0	10401.0
450	3705.0	0.0	0.0	11694.0
460	3802.8333333333335	0.0	0.0	12418.0
470	3779.6666666666665	0.0	0.0	12607.0
480	3694.1666666666665	0.0	0.0	11138.0
490	3629.5	0.0	0.0	13485.0
500	4013.5	0.0	0.0	10447.0
510	3681.1666666666665	0.0	0.0	10785.0
520	3734.6666666666665	0.0	0.0	12454.0
530	3568.5	0.0	0.0	8384.0
540	3919.1666666666665	0.0	0.0	9481.0
550	4077.5	0.0	0.0	9232.0
560	3733.1666666666665	0.0	0.0	7676.0
570	3862.6666666666665	0.0	0.0	12867.0
580	3844.1666666666665	0.0	0.0	9406.0
590	3235.1666666666665	0.0	0.0	11545.0
600	3871.8333333333335	0.0	0.0	8772.0
610	3689.1666666666665	0.0	0.0	9394.0
620	3800.0	0.0	0.0	10158.0
630	3928.8333333333335	0.0	0.0	10554.0
640	3672.5	0.0	0.0	7118.0
650	4014.6666666666665	0.0	0.0	13791.0
660	3730.1666666666665	0.0	0.0	10107.0
670	3712.5	0.0	0.0	10406.0
680	3788.0	0.0	0.0	9857.0
690	3494.1666666666665	0.0	0.0	11481.0
700	3798.3333333333335	0.0	0.0	9790.0
710	3894.5	0.0	0.0	7629.0
720	3679.3333333333335	0.0	0.0	11554.0
730	3685.1666666666665	0.0	0.0	8545.0
740	3795.3333333333335	0.0	0.0	10907.0
750	3384.0	0.0	0.0	8132.0
760	3883.3333333333335	0.0	0.0	11291.0
770	3442.1666666666665	0.0	0.0	10713.0
780	3881.3333333333335	0.0	0.0	12865.0
790	3809.5	0.0	0.0	8595.0
800	3560.3333333333335	0.0	0.0	10583.0
