0	2684.1666666666665	0.0	0.0	0.0
10	2388.1666666666665	150.0	3321.0	10715.0
20	2251.1666666666665	329.0	4925.0	13668.0
30	2239.8333333333335	279.0	4537.0	10550.0
40	2503.8333333333335	214.0	3954.0	13046.0
50	2822.8333333333335	28.0	435.0	7685.0
60	2962.8333333333335	0.0	0.0	10265.0
70	2783.6666666666665	0.0	0.0	10853.0
80	2667.1666666666665	0.0	0.0	9506.0
90	3277.0	0.0	0.0	8803.0
100	2948.3333333333335	0.0	0.0	11262.0
110	2713.6666666666665	0.0	0.0	11401.0
120	2766.5	0.0	0.0	9144.0
130	3149.6666666666665	0.0	0.0	9561.0
140	3339.0	0.0	0.0	12589.0
150	3150.0	0.0	0.0	12647.0
160	3100.6666666666665	0.0	0.0	9767.0
170	3597.0	0.0	0.0	12195.0
180	3340.5	0.0	0.0	14237.0
190	3698.5	0.0	0.0	8762.0
200	3508.3333333333335	0.0	0.0	11107.0
210	3343.8333333333335	0.0	0.0	13474.0
220	3404.5	0.0	0.0	11949.0
230	3497.8333333333335	0.0	0.0	8908.0
240	3770.3333333333335	0.0	0.0	11137.0
250	3515.0	0.0	0.0	10407.0
260	3590.5	0.0	0.0	10424.0
270	3679.0	0.0	0.0	8229.0
280	2998.0	0.0	0.0	9599.0
290	3622.8333333333335	0.0	0.0	11185.0
300	3857.5	0.0	0.0	9144.0
310	3744.1666666666665	0.0	0.0	8927.0
320	2880.0	0.0	0.0	10583.0
330	3668.1666666666665	0.0	0.0	14249.0
340	3244.3333333333335	0.0	0.0	11530.0
350	3406.3333333333335	0.0	0.0	7563.0
360	3367.1666666666665	0.0	0.0	10354.0
370	2988.6666666666665	0.0	0.0	11894.0
380	3820.6666666666665	0.0	0.0	9150.0
390	3445.0	0.0	0.0	9830.0
400	3545.1666666666665	0.0	0.0	12833.0
410	3573.1666666666665	0.0	0.0	10918.0
420	2981.8333333333335	0.0	0.0	12056.0
430	3585.5	0.0	0.0	9255.0
440	3848.8333333333335	0.0	0.0	11821.0
450	3612.8333333333335	0.0	0.0	11591.0
460	3795.6666666666665	0.0	0.0	10753.0
470	3763.8333333333335	0.0	0.0	11161.0
480	3972.3333333333335	0.0	0.0	9861.0
490	3816.3333333333335	0.0	0.0	12439.0
500	3697.0	0.0	0.0	9856.0
510	3899.1666666666665	0.0	0.0	8919.0
520	3931.1666666666665	0.0	0.0	10144.0
530	3996.6666666666665	0.0	0.0	9640.0
540	3925.6666666666665	0.0	0.0	11446.0
550	3469.6666666666665	0.0	0.0	10354.0
560	4036.1666666666665	0.0	0.0	13192.0
570	3901.5	0.0	0.0	9406.0
580	3788.5	0.0	0.0	10791.0
590	3562.8333333333335	0.0	0.0	12113.0
600	3578.3333333333335	0.0	0.0	9982.0
610	3869.6666666666665	0.0	0.0	10289.0
620	3369.6666666666665	0.0	0.0	8909.0
630	3865.3333333333335	0.0	0.0	8010.0
640	3634.3333333333335	0.0	0.0	9935.0
650	3619.6666666666665	0.0	0.0	11358.0
660	4121.166666666667	0.0	0.0	10439.0
670	3951.5	0.0	0.0	10917.0
680	3343.5	0.0	0.0	10501.0
690	3545.6666666666665	0.0	0.0	11533.0
700	3761.5	0.0	0.0	11579.0
710	3540.5	0.0	0.0	11964.0
720	3683.6666666666665	0.0	0.0	9424.0
730	3850.5	0.0	0.0	11560.0
740	3701.8333333333335	0.0	0.0	9971.0
750	3792.0	0.0	0.0	10947.0
760	3693.8333333333335	0.0	0.0	12670.0
770	3560.6666666666665	0.0	0.0	9016.0
780	3999.8333333333335	0.0	0.0	9517.0
790	3733.6666666666665	0.0	0.0	9979.0
800	3679.3333333333335	0.0	0.0	13405.0
