0	2765.0	0.0	0.0	0.0
10	2906.0	1.0	19.0	7050.0
20	2596.5	0.0	40.0	8293.0
30	2122.0	0.0	80.0	11596.0
40	2539.6666666666665	0.0	35.0	10063.0
50	2154.6666666666665	1.0	48.0	9558.0
60	2254.6666666666665	0.0	35.0	10155.0
70	2058.1666666666665	0.0	25.0	10321.0
80	2362.5	1.0	36.0	12962.0
90	2557.3333333333335	0.0	52.0	8009.0
100	2591.8333333333335	0.0	47.0	6083.0
110	2777.3333333333335	0.0	45.0	8197.0
120	3074.1666666666665	0.0	17.0	9754.0
130	3029.1666666666665	0.0	51.0	12474.0
140	3018.1666666666665	0.0	33.0	7796.0
150	3360.0	0.0	14.0	6315.0
160	3291.3333333333335	0.0	42.0	11129.0
170	3221.6666666666665	0.0	29.0	9905.0
180	3115.3333333333335	0.0	47.0	7944.0
190	3199.5	0.0	35.0	10062.0
200	3005.6666666666665	0.0	35.0	10768.0
210	3090.3333333333335	0.0	25.0	8353.0
220	3218.5	0.0	41.0	9275.0
230	3168.0	0.0	78.0	11394.0
240	3208.1666666666665	0.0	29.0	8773.0
250	3206.1666666666665	0.0	76.0	13153.0
260	3215.5	0.0	36.0	7964.0
270	3543.3333333333335	0.0	60.0	13817.0
280	3492.6666666666665	0.0	53.0	11959.0
290	3185.5	0.0	98.0	11172.0
300	4066.8333333333335	0.0	33.0	8009.0
310	3157.1666666666665	0.0	52.0	10152.0
320	3692.6666666666665	0.0	44.0	11846.0
330	3121.5	0.0	55.0	11029.0
340	3470.0	0.0	46.0	10562.0
350	3128.6666666666665	0.0	115.0	11492.0
360	3389.6666666666665	0.0	80.0	11088.0
370	3533.6666666666665	0.0	106.0	7606.0
380	3250.6666666666665	0.0	37.0	10609.0
390	3300.5	0.0	24.0	11277.0
400	3354.1666666666665	0.0	16.0	11004.0
410	3329.3333333333335	0.0	17.0	8398.0
420	3713.5	0.0	61.0	14197.0
430	3859.6666666666665	0.0	77.0	8817.0
440	3787.1666666666665	0.0	12.0	8687.0
450	3616.0	0.0	27.0	8154.0
460	3861.0	0.0	27.0	9326.0
470	3729.5	0.0	53.0	8304.0
480	3828.6666666666665	0.0	32.0	7649.0
490	3764.0	0.0	13.0	15821.0
500	3873.1666666666665	0.0	39.0	8311.0
510	3295.8333333333335	0.0	60.0	10407.0
520	3537.6666666666665	0.0	77.0	10029.0
530	3650.5	0.0	15.0	11198.0
540	3696.5	0.0	63.0	12056.0
550	3697.0	0.0	95.0	10167.0
560	3865.8333333333335	0.0	43.0	8305.0
570	3418.1666666666665	0.0	20.0	10150.0
580	3465.3333333333335	0.0	43.0	9277.0
590	3848.1666666666665	0.0	68.0	9587.0
600	3304.5	0.0	80.0	9957.0
610	3597.3333333333335	0.0	97.0	13759.0
620	3697.3333333333335	0.0	77.0	9719.0
630	3362.8333333333335	0.0	38.0	8888.0
640	3494.3333333333335	0.0	40.0	9800.0
650	3427.0	0.0	62.0	10070.0
660	4027.6666666666665	0.0	91.0	10045.0
670	3671.3333333333335	0.0	33.0	10230.0
680	3671.0	0.0	75.0	11107.0
690	3618.3333333333335	0.0	59.0	9900.0
700	3752.1666666666665	0.0	79.0	13342.0
710	3952.6666666666665	0.0	20.0	8824.0
720	4123.666666666667	0.0	64.0	7320.0
730	3746.6666666666665	0.0	45.0	8577.0
740	3647.0	0.0	87.0	10266.0
750	3790.6666666666665	0.0	92.0	12154.0
760	4062.1666666666665	0.0	11.0	9270.0
770	3907.6666666666665	0.0	91.0	9425.0
780	3541.6666666666665	0.0	63.0	11522.0
790	3960.3333333333335	0.0	39.0	9459.0
800	3890.1666666666665	0.0	42.0	9490.0
