0	286.0	0.0	0.0
10	2106.8333333333335	8.0	11569.0
20	2205.1666666666665	11.0	10949.0
30	2013.3333333333333	6.0	8569.0
40	2063.5	5.0	7363.0
50	2047.3333333333333	13.0	10166.0
60	1977.8333333333333	3.0	5346.0
70	2131.0	6.0	7206.0
80	2040.5	3.0	9989.0
90	2195.5	5.0	9051.0
100	2118.8333333333335	4.0	10654.0
110	1926.8333333333333	1.0	8995.0
120	2125.3333333333335	4.0	9869.0
130	2352.1666666666665	2.0	9791.0
140	2314.0	5.0	8054.0
150	2173.6666666666665	8.0	10231.0
160	2247.8333333333335	6.0	7795.0
170	2202.6666666666665	15.0	13005.0
180	2361.5	6.0	8723.0
190	2382.5	6.0	10517.0
200	2327.0	4.0	8449.0
210	2337.5	7.0	11320.0
220	2347.1666666666665	9.0	9718.0
230	2425.5	8.0	8156.0
240	2231.8333333333335	6.0	11268.0
250	2257.1666666666665	6.0	8881.0
260	2359.0	16.0	10883.0
270	2668.5	7.0	7917.0
280	2448.8333333333335	8.0	12266.0
290	2492.1666666666665	8.0	8333.0
300	2326.1666666666665	5.0	8296.0
310	2569.8333333333335	4.0	6359.0
320	2255.6666666666665	17.0	10827.0
330	2397.1666666666665	10.0	12958.0
340	2222.5	5.0	9631.0
350	2275.5	3.0	12390.0
360	2589.6666666666665	9.0	6578.0
370	2570.3333333333335	13.0	10283.0
380	2915.1666666666665	4.0	9401.0
390	2514.1666666666665	6.0	7893.0
400	2804.6666666666665	8.0	8597.0
410	2577.3333333333335	4.0	11381.0
420	2970.5	5.0	8994.0
430	2596.5	5.0	8932.0
440	2681.1666666666665	4.0	7197.0
450	2644.1666666666665	7.0	9544.0
460	2890.8333333333335	6.0	6279.0
470	2731.8333333333335	0.0	7400.0
480	2346.0	5.0	7727.0
490	2687.8333333333335	7.0	11958.0
500	2535.1666666666665	1.0	10167.0
510	2391.1666666666665	5.0	8353.0
520	2680.8333333333335	4.0	7577.0
530	2715.6666666666665	5.0	9365.0
540	2817.3333333333335	5.0	10060.0
550	2784.3333333333335	6.0	11358.0
560	2808.1666666666665	3.0	10490.0
570	2651.6666666666665	0.0	5339.0
580	2738.5	7.0	8887.0
590	2745.3333333333335	3.0	7420.0
600	2943.6666666666665	8.0	8551.0
610	2784.8333333333335	8.0	13004.0
620	2302.5	4.0	8746.0
630	2728.5	7.0	10869.0
640	2925.8333333333335	5.0	9615.0
650	2884.8333333333335	9.0	11980.0
660	3004.5	7.0	9140.0
670	2805.6666666666665	8.0	12346.0
680	3087.0	10.0	9072.0
690	2513.8333333333335	3.0	9555.0
700	2806.0	7.0	9411.0
710	2885.8333333333335	6.0	8523.0
720	2799.3333333333335	4.0	8981.0
730	3106.0	7.0	8880.0
740	2784.0	8.0	11757.0
750	2796.0	7.0	8148.0
760	3035.6666666666665	8.0	9911.0
770	2907.8333333333335	1.0	8229.0
780	2840.8333333333335	6.0	9565.0
790	3019.8333333333335	4.0	11305.0
800	2953.3333333333335	6.0	12216.0
810	2973.5	5.0	7639.0
820	3132.0	7.0	8769.0
830	2745.8333333333335	3.0	10639.0
840	3092.5	2.0	8524.0
850	3249.3333333333335	6.0	7804.0
860	2994.6666666666665	4.0	9630.0
870	2928.5	10.0	10418.0
880	2866.8333333333335	5.0	11904.0
890	2914.0	5.0	6565.0
900	3132.1666666666665	3.0	8382.0
910	3225.6666666666665	1.0	6228.0
920	2743.5	2.0	7861.0
930	2941.6666666666665	8.0	10008.0
940	3075.8333333333335	1.0	6435.0
950	2634.3333333333335	12.0	11177.0
960	2847.0	6.0	12310.0
970	3035.1666666666665	7.0	9528.0
980	2497.8333333333335	5.0	7716.0
990	3029.0	2.0	7702.0
1000	3020.6666666666665	5.0	11926.0
