0	259.0	0.0	0.0
10	1871.3333333333333	6.0	10940.0
20	2037.6666666666667	8.0	11733.0
30	2121.6666666666665	7.0	10140.0
40	2167.8333333333335	8.0	9014.0
50	2035.6666666666667	8.0	7733.0
60	2186.8333333333335	10.0	6797.0
70	2228.5	2.0	6302.0
80	2062.0	8.0	8494.0
90	2128.6666666666665	3.0	7341.0
100	2124.8333333333335	12.0	9427.0
110	2232.5	6.0	8446.0
120	2081.0	2.0	6143.0
130	2206.0	10.0	11773.0
140	2092.8333333333335	6.0	10307.0
150	2181.1666666666665	3.0	7745.0
160	2274.8333333333335	4.0	6240.0
170	2096.6666666666665	8.0	8228.0
180	2336.6666666666665	8.0	11336.0
190	2235.3333333333335	17.0	9372.0
200	2286.5	10.0	9478.0
210	2222.8333333333335	3.0	8235.0
220	2460.1666666666665	16.0	11725.0
230	2475.1666666666665	12.0	13103.0
240	2432.6666666666665	6.0	9363.0
250	2537.1666666666665	5.0	10845.0
260	2522.8333333333335	12.0	8920.0
270	2393.0	9.0	9767.0
280	2590.3333333333335	13.0	10052.0
290	2507.6666666666665	6.0	10491.0
300	2268.5	8.0	11419.0
310	2358.8333333333335	9.0	10938.0
320	2532.6666666666665	6.0	11103.0
330	2708.0	5.0	8087.0
340	2566.5	9.0	9683.0
350	2464.8333333333335	7.0	10956.0
360	2760.5	3.0	8970.0
370	2683.8333333333335	3.0	7458.0
380	2609.5	11.0	9220.0
390	2493.3333333333335	5.0	8015.0
400	2804.8333333333335	2.0	8835.0
410	2748.5	9.0	9959.0
420	2881.6666666666665	3.0	10592.0
430	2486.6666666666665	2.0	6927.0
440	2768.3333333333335	11.0	9887.0
450	2694.8333333333335	4.0	9292.0
460	2625.8333333333335	4.0	11699.0
470	2750.0	4.0	9120.0
480	2852.8333333333335	1.0	9339.0
490	2508.3333333333335	4.0	7757.0
500	2645.5	8.0	9125.0
510	2516.3333333333335	5.0	9604.0
520	2646.1666666666665	10.0	10773.0
530	2642.8333333333335	15.0	10480.0
540	2478.1666666666665	5.0	8264.0
550	2917.5	6.0	11330.0
560	2829.3333333333335	11.0	14110.0
570	2901.8333333333335	25.0	11643.0
580	2811.6666666666665	6.0	13532.0
590	3130.3333333333335	4.0	9451.0
600	2950.5	2.0	9314.0
610	2696.1666666666665	5.0	10705.0
620	2755.0	4.0	9678.0
630	2879.3333333333335	7.0	12242.0
640	2975.8333333333335	12.0	11815.0
650	2858.3333333333335	6.0	8705.0
660	2734.3333333333335	4.0	9273.0
670	3035.1666666666665	2.0	8742.0
680	3022.0	5.0	10571.0
690	2626.8333333333335	9.0	13535.0
700	2911.3333333333335	6.0	12207.0
710	3027.8333333333335	10.0	8668.0
720	2847.6666666666665	10.0	11907.0
730	2810.6666666666665	2.0	8125.0
740	2943.6666666666665	5.0	7399.0
750	2844.6666666666665	10.0	10626.0
760	3112.0	9.0	10760.0
770	2880.8333333333335	2.0	11243.0
780	3099.6666666666665	2.0	10466.0
790	2711.3333333333335	11.0	10748.0
800	3082.0	6.0	9826.0
810	3256.0	2.0	9579.0
820	2873.8333333333335	9.0	11903.0
830	3222.6666666666665	7.0	11348.0
840	3077.6666666666665	8.0	8023.0
850	2853.6666666666665	2.0	7817.0
860	2909.0	5.0	10588.0
870	3027.0	3.0	10267.0
880	3237.1666666666665	5.0	9394.0
890	3205.0	3.0	9676.0
900	2838.0	8.0	12614.0
910	3263.8333333333335	2.0	12063.0
920	2665.0	2.0	8393.0
930	3255.1666666666665	7.0	9081.0
940	2960.8333333333335	6.0	9438.0
950	3223.6666666666665	6.0	9324.0
960	3254.1666666666665	2.0	6832.0
970	3136.6666666666665	2.0	8249.0
980	2958.3333333333335	5.0	9973.0
990	3218.5	1.0	9306.0
1000	3043.0	7.0	11903.0
