0	280.6666666666667	0.0	0.0
10	2060.6666666666665	8.0	5876.0
20	2241.3333333333335	8.0	6765.0
30	2051.1666666666665	10.0	8363.0
40	2075.0	4.0	7363.0
50	2124.8333333333335	5.0	9498.0
60	2368.3333333333335	20.0	10368.0
70	1952.1666666666667	12.0	9150.0
80	2110.3333333333335	1.0	9149.0
90	2198.5	9.0	9022.0
100	2061.3333333333335	15.0	8304.0
110	2203.6666666666665	4.0	9142.0
120	2063.3333333333335	8.0	10542.0
130	2186.8333333333335	5.0	8980.0
140	2012.6666666666667	18.0	10384.0
150	2248.6666666666665	5.0	9399.0
160	2271.8333333333335	3.0	7108.0
170	2286.3333333333335	5.0	7418.0
180	2330.1666666666665	6.0	14550.0
190	2235.1666666666665	4.0	10295.0
200	2046.5	3.0	9207.0
210	2335.3333333333335	16.0	10811.0
220	2389.8333333333335	10.0	12832.0
230	2324.1666666666665	5.0	9241.0
240	2567.3333333333335	2.0	7884.0
250	2367.1666666666665	7.0	7029.0
260	2491.1666666666665	7.0	8613.0
270	2437.8333333333335	5.0	10274.0
280	2379.0	11.0	9630.0
290	2437.8333333333335	9.0	8237.0
300	2312.1666666666665	11.0	9618.0
310	2298.1666666666665	13.0	10380.0
320	2428.6666666666665	5.0	5182.0
330	2462.0	3.0	11609.0
340	2547.6666666666665	5.0	9184.0
350	2662.3333333333335	1.0	7660.0
360	2677.6666666666665	3.0	9819.0
370	2534.1666666666665	7.0	11733.0
380	2561.1666666666665	6.0	11379.0
390	2545.0	3.0	11927.0
400	2829.6666666666665	4.0	7754.0
410	2858.5	11.0	11821.0
420	2450.1666666666665	4.0	6491.0
430	2475.0	7.0	7203.0
440	2341.0	5.0	8032.0
450	2796.0	6.0	8288.0
460	2841.8333333333335	7.0	8170.0
470	2906.8333333333335	10.0	11832.0
480	2775.0	3.0	8334.0
490	2844.5	6.0	9641.0
500	2775.5	4.0	9387.0
510	2440.1666666666665	7.0	10420.0
520	2764.3333333333335	6.0	8221.0
530	2810.5	5.0	10462.0
540	2879.8333333333335	2.0	6499.0
550	2813.8333333333335	6.0	7876.0
560	2849.8333333333335	4.0	9050.0
570	2819.0	6.0	9262.0
580	2817.8333333333335	9.0	8369.0
590	2643.1666666666665	12.0	11096.0
600	2992.6666666666665	1.0	5878.0
610	2809.6666666666665	6.0	7996.0
620	2718.3333333333335	4.0	11018.0
630	2970.5	4.0	9979.0
640	2510.1666666666665	7.0	8671.0
650	2870.8333333333335	9.0	10431.0
660	2501.0	5.0	9615.0
670	2802.0	3.0	12951.0
680	2733.3333333333335	1.0	6940.0
690	2703.0	3.0	10415.0
700	2575.5	13.0	9453.0
710	2791.0	2.0	12514.0
720	2817.1666666666665	9.0	11450.0
730	2938.6666666666665	4.0	8510.0
740	2698.3333333333335	3.0	8236.0
750	2880.8333333333335	3.0	9579.0
760	2803.8333333333335	2.0	7813.0
770	2705.1666666666665	2.0	10778.0
780	2875.0	3.0	13570.0
790	3156.8333333333335	3.0	9772.0
800	2878.0	14.0	12588.0
810	2685.5	6.0	9932.0
820	2986.1666666666665	8.0	12414.0
830	3028.1666666666665	2.0	7699.0
840	2770.1666666666665	2.0	9494.0
850	2862.1666666666665	2.0	6124.0
860	2837.3333333333335	9.0	10567.0
870	3065.3333333333335	6.0	9146.0
880	3091.8333333333335	8.0	10523.0
890	2815.8333333333335	7.0	9300.0
900	3079.8333333333335	8.0	12257.0
910	2506.6666666666665	5.0	10638.0
920	2881.8333333333335	8.0	12288.0
930	2853.3333333333335	4.0	6785.0
940	2648.3333333333335	2.0	5953.0
950	3066.6666666666665	3.0	9836.0
960	3094.8333333333335	2.0	8827.0
970	2985.0	7.0	10821.0
980	3230.8333333333335	2.0	7974.0
990	3146.0	6.0	11193.0
1000	2777.3333333333335	3.0	10830.0
