0	2683.0	0.0	0.0	0.0
10	2408.1666666666665	1000.0	1000.0	16111.0
20	2568.6666666666665	0.0	0.0	8568.0
30	2571.3333333333335	0.0	0.0	8471.0
40	2927.6666666666665	0.0	0.0	11336.0
50	3001.5	0.0	0.0	11513.0
60	2545.1666666666665	0.0	0.0	6212.0
70	2909.0	0.0	0.0	7749.0
80	2944.5	0.0	0.0	10182.0
90	3325.0	0.0	0.0	12016.0
100	2815.1666666666665	0.0	0.0	13870.0
110	2714.6666666666665	0.0	0.0	11375.0
120	2975.0	0.0	0.0	12024.0
130	2994.5	0.0	0.0	9750.0
140	3367.0	0.0	0.0	10933.0
150	3515.1666666666665	0.0	0.0	9310.0
160	3530.6666666666665	0.0	0.0	11279.0
170	3780.3333333333335	0.0	0.0	10843.0
180	3428.6666666666665	0.0	0.0	10398.0
190	3628.3333333333335	0.0	0.0	7979.0
200	3117.0	0.0	0.0	9476.0
210	2886.3333333333335	0.0	0.0	9425.0
220	3178.3333333333335	0.0	0.0	9843.0
230	3421.1666666666665	0.0	0.0	11779.0
240	3355.1666666666665	0.0	0.0	8287.0
250	3686.5	0.0	0.0	12723.0
260	3777.6666666666665	0.0	0.0	9482.0
270	3546.1666666666665	0.0	0.0	11860.0
280	3880.5	0.0	0.0	11605.0
290	3612.3333333333335	0.0	0.0	10501.0
300	3651.3333333333335	0.0	0.0	10274.0
310	3664.5	0.0	0.0	10533.0
320	3963.0	0.0	0.0	8249.0
330	3817.1666666666665	0.0	0.0	9015.0
340	3106.0	0.0	0.0	11086.0
350	3671.3333333333335	0.0	0.0	11127.0
360	3734.1666666666665	0.0	0.0	9392.0
370	3555.5	0.0	0.0	7923.0
380	3877.6666666666665	0.0	0.0	12508.0
390	3396.0	0.0	0.0	7796.0
400	3785.3333333333335	0.0	0.0	11310.0
410	3872.6666666666665	0.0	0.0	8681.0
420	3697.5	0.0	0.0	9821.0
430	3794.8333333333335	0.0	0.0	9100.0
440	3726.6666666666665	0.0	0.0	8868.0
450	3398.3333333333335	0.0	0.0	12096.0
460	4051.3333333333335	0.0	0.0	7488.0
470	3619.6666666666665	0.0	0.0	10589.0
480	3615.0	0.0	0.0	11893.0
490	3246.6666666666665	0.0	0.0	14329.0
500	3528.0	0.0	0.0	11251.0
510	3727.1666666666665	0.0	0.0	10880.0
520	3667.0	0.0	0.0	12353.0
530	3802.5	0.0	0.0	8229.0
540	3963.3333333333335	0.0	0.0	10983.0
550	3578.5	0.0	0.0	10967.0
560	3569.1666666666665	0.0	0.0	10530.0
570	3467.0	0.0	0.0	11340.0
580	3469.3333333333335	0.0	0.0	7987.0
590	3553.6666666666665	0.0	0.0	10907.0
600	3857.6666666666665	0.0	0.0	11942.0
610	3893.0	0.0	0.0	11531.0
620	3460.3333333333335	0.0	0.0	12382.0
630	3549.3333333333335	0.0	0.0	9704.0
640	3426.0	0.0	0.0	10834.0
650	3760.6666666666665	0.0	0.0	10701.0
660	3656.1666666666665	0.0	0.0	14337.0
670	3779.5	0.0	0.0	8709.0
680	3818.1666666666665	0.0	0.0	9612.0
690	3762.6666666666665	0.0	0.0	8641.0
700	4062.1666666666665	0.0	0.0	12389.0
710	3813.8333333333335	0.0	0.0	9945.0
720	3714.6666666666665	0.0	0.0	10241.0
730	3630.5	0.0	0.0	9362.0
740	3822.1666666666665	0.0	0.0	8633.0
750	3654.0	0.0	0.0	9319.0
760	3709.0	0.0	0.0	9683.0
770	3886.0	0.0	0.0	10358.0
780	3697.6666666666665	0.0	0.0	9594.0
790	3804.3333333333335	0.0	0.0	10826.0
800	3718.3333333333335	0.0	0.0	7408.0
