0	1832.8333333333333	0.0	0.0	0.0
10	1679.1666666666667	1.0	3730.0	5178.0
20	1665.1666666666667	0.0	4277.0	7007.0
30	1717.8333333333333	4.0	3270.0	4879.0
40	1697.6666666666667	3.0	4789.0	6830.0
50	1976.1666666666667	0.0	3058.0	4809.0
60	1683.3333333333333	0.0	3571.0	5516.0
70	1739.5	0.0	4414.0	6697.0
80	1753.3333333333333	0.0	2621.0	4447.0
90	1801.6666666666667	1.0	3984.0	5881.0
100	1737.6666666666667	0.0	4316.0	6284.0
110	1760.1666666666667	2.0	4741.0	8008.0
120	1746.3333333333333	0.0	3251.0	5109.0
130	1782.0	3.0	3006.0	4626.0
140	1708.1666666666667	1.0	3783.0	5800.0
150	1742.5	0.0	5719.0	8703.0
160	1653.8333333333333	0.0	4480.0	7055.0
170	1747.5	0.0	4686.0	6558.0
180	1732.0	1.0	3636.0	5507.0
190	1711.1666666666667	1.0	4684.0	7054.0
200	1785.1666666666667	0.0	3205.0	4810.0
210	1533.6666666666667	0.0	4845.0	6966.0
220	1692.1666666666667	3.0	4256.0	6286.0
230	1748.5	0.0	4663.0	6996.0
240	1599.1666666666667	1.0	5794.0	7931.0
250	1744.3333333333333	1.0	3918.0	5922.0
260	1664.6666666666667	0.0	4673.0	6384.0
270	1606.5	2.0	4757.0	6860.0
280	1581.1666666666667	0.0	4444.0	6644.0
290	1752.1666666666667	0.0	4392.0	6416.0
300	1678.8333333333333	0.0	3579.0	5031.0
310	1798.1666666666667	0.0	3057.0	4750.0
320	1728.8333333333333	2.0	4423.0	6048.0
330	1767.3333333333333	0.0	3928.0	5398.0
340	1770.6666666666667	0.0	4553.0	6411.0
350	1668.5	0.0	3815.0	5416.0
360	1815.5	0.0	4445.0	5985.0
370	1792.0	2.0	4414.0	6392.0
380	1594.6666666666667	1.0	3625.0	5523.0
390	1792.3333333333333	3.0	3743.0	5515.0
400	1711.6666666666667	1.0	4099.0	5889.0
410	1725.1666666666667	2.0	4690.0	6384.0
420	1748.5	0.0	4653.0	6885.0
430	1701.8333333333333	1.0	3959.0	5659.0
440	1721.8333333333333	4.0	3568.0	4857.0
450	1753.1666666666667	1.0	3073.0	4557.0
460	1549.1666666666667	2.0	3925.0	5943.0
470	1611.1666666666667	2.0	3611.0	5382.0
480	1658.0	1.0	3452.0	4846.0
490	1719.1666666666667	1.0	5083.0	7198.0
500	1640.3333333333333	0.0	2841.0	4195.0
510	1648.6666666666667	1.0	4241.0	6013.0
520	1795.3333333333333	3.0	3384.0	4993.0
530	1618.1666666666667	1.0	3835.0	5659.0
540	1625.6666666666667	0.0	3704.0	5204.0
550	1794.8333333333333	0.0	3483.0	4898.0
560	1750.1666666666667	0.0	3234.0	4662.0
570	1773.0	0.0	5086.0	7089.0
580	1498.1666666666667	0.0	5242.0	7025.0
590	1809.1666666666667	0.0	3378.0	4757.0
600	1860.5	0.0	3863.0	5131.0
610	1697.3333333333333	0.0	5498.0	8929.0
620	1625.8333333333333	1.0	4176.0	5797.0
630	1752.8333333333333	1.0	3649.0	5266.0
640	1516.1666666666667	1.0	3992.0	5388.0
650	1727.1666666666667	0.0	3646.0	5004.0
660	1656.6666666666667	1.0	4411.0	5668.0
670	1586.0	0.0	4075.0	6159.0
680	1635.3333333333333	2.0	3082.0	4301.0
690	1671.3333333333333	1.0	4616.0	6139.0
700	1727.6666666666667	1.0	4258.0	5894.0
710	1543.3333333333333	0.0	4374.0	5897.0
720	1704.8333333333333	0.0	5165.0	7422.0
730	1875.3333333333333	1.0	3514.0	4918.0
740	1782.6666666666667	1.0	4359.0	5670.0
750	1722.1666666666667	4.0	4539.0	6753.0
760	1592.5	1.0	6341.0	9420.0
770	1650.8333333333333	0.0	4857.0	6129.0
780	1553.6666666666667	0.0	4872.0	6419.0
790	1519.3333333333333	2.0	3532.0	4690.0
800	1766.6666666666667	1.0	4174.0	5381.0
810	1790.8333333333333	1.0	4288.0	5628.0
820	1629.5	2.0	4894.0	6767.0
830	1650.8333333333333	2.0	4675.0	6198.0
840	1511.5	2.0	3719.0	5112.0
850	1576.0	0.0	4205.0	5627.0
860	1654.5	0.0	4598.0	6099.0
870	1716.3333333333333	0.0	3850.0	5281.0
880	1790.6666666666667	1.0	4575.0	6203.0
890	1692.5	3.0	4241.0	6027.0
900	1660.5	3.0	4918.0	6634.0
910	1762.5	4.0	3275.0	4431.0
920	1661.5	0.0	4872.0	6452.0
930	1755.1666666666667	0.0	4405.0	6060.0
940	1751.8333333333333	1.0	3415.0	4751.0
950	1764.8333333333333	0.0	4436.0	5990.0
960	1504.1666666666667	0.0	4089.0	5456.0
970	1538.0	0.0	4719.0	6155.0
980	1565.5	2.0	3908.0	5436.0
990	1636.5	0.0	3901.0	5433.0
1000	1520.5	0.0	3948.0	5817.0
