0	1727.0	0.0	0.0	0.0
10	1801.1666666666667	4.0	3691.0	5440.0
20	1797.5	1.0	4307.0	7001.0
30	1793.8333333333333	0.0	3114.0	4780.0
40	1675.3333333333333	0.0	4086.0	5923.0
50	1829.3333333333333	1.0	3289.0	4980.0
60	1713.0	1.0	3345.0	4986.0
70	1887.5	0.0	4977.0	7528.0
80	1626.1666666666667	0.0	5647.0	8253.0
90	1641.6666666666667	0.0	3288.0	4955.0
100	1732.1666666666667	0.0	3181.0	4692.0
110	1735.5	1.0	3559.0	5219.0
120	1802.6666666666667	4.0	4735.0	6799.0
130	1769.1666666666667	4.0	4582.0	6271.0
140	1729.8333333333333	0.0	4075.0	6282.0
150	1662.6666666666667	0.0	5549.0	8025.0
160	1778.6666666666667	3.0	4911.0	7556.0
170	1750.0	2.0	4500.0	6327.0
180	1790.6666666666667	0.0	4492.0	6362.0
190	1820.0	1.0	2836.0	4410.0
200	1785.0	0.0	4457.0	7410.0
210	1697.6666666666667	2.0	5449.0	7577.0
220	1787.8333333333333	2.0	4517.0	7199.0
230	1723.6666666666667	1.0	4777.0	6572.0
240	1652.1666666666667	0.0	4333.0	5875.0
250	1695.1666666666667	1.0	4763.0	7283.0
260	1842.5	0.0	5139.0	7358.0
270	1808.1666666666667	1.0	4847.0	6684.0
280	1706.3333333333333	5.0	4466.0	6402.0
290	1651.0	2.0	3788.0	5592.0
300	1730.5	0.0	4902.0	7065.0
310	1752.3333333333333	2.0	3438.0	5044.0
320	1556.6666666666667	0.0	3281.0	4729.0
330	1689.5	2.0	3055.0	4358.0
340	1744.5	1.0	3828.0	5281.0
350	1840.3333333333333	2.0	3257.0	4660.0
360	1773.1666666666667	0.0	4907.0	6782.0
370	1707.6666666666667	0.0	4230.0	6055.0
380	1814.8333333333333	1.0	3635.0	5175.0
390	1682.8333333333333	0.0	2992.0	4453.0
400	1626.1666666666667	2.0	5526.0	7689.0
410	1673.0	0.0	4376.0	6561.0
420	1536.5	0.0	4352.0	6003.0
430	1775.6666666666667	2.0	4840.0	6869.0
440	1506.3333333333333	2.0	4214.0	6007.0
450	1693.1666666666667	1.0	4644.0	6607.0
460	1648.6666666666667	1.0	5405.0	8166.0
470	1584.5	0.0	3874.0	5625.0
480	1845.1666666666667	1.0	4308.0	6164.0
490	1746.3333333333333	0.0	4396.0	6014.0
500	1527.8333333333333	8.0	4335.0	6212.0
510	1775.8333333333333	0.0	4870.0	7344.0
520	1702.3333333333333	0.0	5179.0	6930.0
530	1709.6666666666667	0.0	3327.0	4719.0
540	1554.1666666666667	1.0	3723.0	5151.0
550	1562.5	0.0	2397.0	3597.0
560	1528.8333333333333	0.0	3350.0	4791.0
570	1594.0	2.0	4403.0	6221.0
580	1687.0	1.0	4349.0	6110.0
590	1540.5	0.0	3316.0	4828.0
600	1746.3333333333333	2.0	3420.0	4721.0
610	1668.8333333333333	2.0	4616.0	6533.0
620	1597.3333333333333	4.0	4420.0	6327.0
630	1595.3333333333333	2.0	4391.0	6365.0
640	1649.0	0.0	3988.0	5421.0
650	1613.3333333333333	1.0	5210.0	6814.0
660	1677.1666666666667	1.0	3996.0	5414.0
670	1743.1666666666667	2.0	2895.0	4095.0
680	1610.6666666666667	1.0	3596.0	5134.0
690	1721.6666666666667	0.0	4202.0	5875.0
700	1713.6666666666667	0.0	3895.0	5390.0
710	1722.1666666666667	1.0	4177.0	5943.0
720	1558.6666666666667	0.0	3133.0	4669.0
730	1775.5	1.0	4147.0	6038.0
740	1763.0	0.0	5057.0	6749.0
750	1886.0	0.0	3024.0	4406.0
760	1722.8333333333333	0.0	5636.0	7955.0
770	1480.1666666666667	3.0	5269.0	7248.0
780	1674.6666666666667	1.0	4765.0	6708.0
790	1742.8333333333333	0.0	4185.0	6171.0
800	1496.5	0.0	4539.0	5897.0
810	1694.1666666666667	0.0	3678.0	5071.0
820	1602.6666666666667	2.0	4764.0	6550.0
830	1576.6666666666667	1.0	4809.0	6960.0
840	1664.6666666666667	2.0	4237.0	5664.0
850	1724.1666666666667	0.0	3773.0	5448.0
860	1557.1666666666667	0.0	2111.0	3322.0
870	1608.1666666666667	1.0	2829.0	4230.0
880	1743.5	0.0	5136.0	6872.0
890	1769.6666666666667	0.0	3272.0	4461.0
900	1708.3333333333333	0.0	2627.0	3984.0
910	1691.6666666666667	0.0	3560.0	5073.0
920	1465.3333333333333	1.0	3354.0	4998.0
930	1628.5	0.0	3609.0	5133.0
940	1367.6666666666667	1.0	4860.0	6880.0
950	1637.3333333333333	1.0	4050.0	5856.0
960	1576.8333333333333	0.0	3813.0	5242.0
970	1638.8333333333333	0.0	3078.0	4422.0
980	1783.8333333333333	1.0	4599.0	6272.0
990	1624.5	0.0	5100.0	7221.0
1000	1508.0	4.0	3760.0	5070.0
