0	2764.3333333333335	0.0	0.0	0.0
10	1910.5	701.0	7992.0	12823.0
20	2572.1666666666665	299.0	5878.0	11037.0
30	2652.8333333333335	0.0	0.0	10426.0
40	2546.5	0.0	0.0	10205.0
50	2663.1666666666665	0.0	0.0	7549.0
60	2839.0	0.0	0.0	9169.0
70	3061.1666666666665	0.0	0.0	12132.0
80	2930.3333333333335	0.0	0.0	7531.0
90	2624.3333333333335	0.0	0.0	7607.0
100	3031.5	0.0	0.0	12342.0
110	2931.3333333333335	0.0	0.0	7462.0
120	2930.3333333333335	0.0	0.0	9115.0
130	2644.1666666666665	0.0	0.0	10598.0
140	3760.3333333333335	0.0	0.0	6550.0
150	2925.8333333333335	0.0	0.0	11191.0
160	3569.5	0.0	0.0	9326.0
170	3244.5	0.0	0.0	9343.0
180	3220.3333333333335	0.0	0.0	9192.0
190	2682.8333333333335	0.0	0.0	11498.0
200	3660.8333333333335	0.0	0.0	8615.0
210	3370.3333333333335	0.0	0.0	12102.0
220	2967.3333333333335	0.0	0.0	9369.0
230	3460.0	0.0	0.0	11269.0
240	3577.6666666666665	0.0	0.0	12060.0
250	2909.6666666666665	0.0	0.0	10144.0
260	3344.3333333333335	0.0	0.0	11133.0
270	2996.5	0.0	0.0	12321.0
280	3335.0	0.0	0.0	9835.0
290	3277.8333333333335	0.0	0.0	9404.0
300	3859.0	0.0	0.0	9868.0
310	3443.1666666666665	0.0	0.0	11033.0
320	3109.8333333333335	0.0	0.0	7666.0
330	3276.6666666666665	0.0	0.0	10977.0
340	3658.1666666666665	0.0	0.0	11552.0
350	3382.5	0.0	0.0	10790.0
360	3550.5	0.0	0.0	11524.0
370	3411.0	0.0	0.0	11975.0
380	3568.8333333333335	0.0	0.0	11664.0
390	3633.1666666666665	0.0	0.0	11800.0
400	3909.3333333333335	0.0	0.0	12717.0
410	3607.6666666666665	0.0	0.0	10039.0
420	3263.0	0.0	0.0	12319.0
430	3970.0	0.0	0.0	12441.0
440	3822.0	0.0	0.0	9294.0
450	3949.1666666666665	0.0	0.0	10530.0
460	3910.0	0.0	0.0	9663.0
470	3779.3333333333335	0.0	0.0	10720.0
480	4007.3333333333335	0.0	0.0	9369.0
490	3439.3333333333335	0.0	0.0	11355.0
500	3839.6666666666665	0.0	0.0	11267.0
510	4172.5	0.0	0.0	10734.0
520	3907.8333333333335	0.0	0.0	10556.0
530	3895.6666666666665	0.0	0.0	9041.0
540	3584.8333333333335	0.0	0.0	10385.0
550	3893.6666666666665	0.0	0.0	11282.0
560	3745.3333333333335	0.0	0.0	7160.0
570	3962.6666666666665	0.0	0.0	9512.0
580	4010.3333333333335	0.0	0.0	11212.0
590	3576.6666666666665	0.0	0.0	11849.0
600	4127.5	0.0	0.0	11049.0
610	3844.8333333333335	0.0	0.0	8102.0
620	3606.6666666666665	0.0	0.0	9424.0
630	3277.8333333333335	0.0	0.0	9412.0
640	3879.5	0.0	0.0	12941.0
650	3565.0	0.0	0.0	12543.0
660	3895.8333333333335	0.0	0.0	9219.0
670	3705.1666666666665	0.0	0.0	10701.0
680	4037.5	0.0	0.0	9604.0
690	3870.0	0.0	0.0	11159.0
700	3583.5	0.0	0.0	11206.0
710	3701.1666666666665	0.0	0.0	9666.0
720	4042.8333333333335	0.0	0.0	9409.0
730	3785.8333333333335	0.0	0.0	10272.0
740	3639.1666666666665	0.0	0.0	7961.0
750	3842.8333333333335	0.0	0.0	10664.0
760	3905.6666666666665	0.0	0.0	9139.0
770	3809.6666666666665	0.0	0.0	10616.0
780	3757.5	0.0	0.0	11607.0
790	3874.8333333333335	0.0	0.0	10569.0
800	3548.3333333333335	0.0	0.0	11930.0
810	3670.5	0.0	0.0	8538.0
820	3761.5	0.0	0.0	12257.0
830	3799.8333333333335	0.0	0.0	9116.0
840	3995.5	0.0	0.0	12361.0
850	3515.8333333333335	0.0	0.0	11398.0
860	3671.6666666666665	0.0	0.0	10561.0
870	3933.5	0.0	0.0	10502.0
880	3805.8333333333335	0.0	0.0	14188.0
890	3657.5	0.0	0.0	11500.0
900	3639.1666666666665	0.0	0.0	9446.0
910	3828.1666666666665	0.0	0.0	10200.0
920	3712.6666666666665	0.0	0.0	9857.0
930	3602.3333333333335	0.0	0.0	6006.0
940	3952.1666666666665	0.0	0.0	7335.0
950	3578.0	0.0	0.0	10488.0
960	3723.6666666666665	0.0	0.0	11275.0
970	3847.3333333333335	0.0	0.0	11276.0
980	3708.1666666666665	0.0	0.0	10579.0
990	3922.1666666666665	0.0	0.0	10518.0
1000	4055.3333333333335	0.0	0.0	9614.0
