0	1486.1666666666667	0.0	0.0	0.0
10	1436.6666666666667	29.0	443.0	4818.0
20	1496.0	6.0	255.0	6219.0
30	1469.0	30.0	297.0	4391.0
40	1633.3333333333333	60.0	674.0	5934.0
50	1627.0	189.0	1222.0	6862.0
60	1540.1666666666667	124.0	1108.0	8534.0
70	1978.5	61.0	953.0	9109.0
80	1663.3333333333333	108.0	965.0	9475.0
90	1889.0	88.0	978.0	7568.0
100	2067.6666666666665	149.0	1319.0	7878.0
110	1895.1666666666667	81.0	1090.0	7765.0
120	1756.3333333333333	75.0	622.0	7062.0
130	2189.0	0.0	0.0	9615.0
140	1841.6666666666667	0.0	0.0	7699.0
150	1913.8333333333333	0.0	0.0	8454.0
160	2193.8333333333335	0.0	0.0	7820.0
170	1797.0	0.0	0.0	10924.0
180	2309.6666666666665	0.0	0.0	7629.0
190	2573.8333333333335	0.0	0.0	9060.0
200	2811.3333333333335	0.0	0.0	7340.0
210	2583.0	0.0	0.0	8633.0
220	2489.5	0.0	0.0	9000.0
230	2466.3333333333335	0.0	0.0	7041.0
240	2242.8333333333335	0.0	0.0	7682.0
250	2369.0	0.0	0.0	5001.0
260	2429.5	0.0	0.0	6842.0
270	2276.0	0.0	0.0	11180.0
280	2280.5	0.0	0.0	7798.0
290	2384.1666666666665	0.0	0.0	7905.0
300	2458.0	0.0	0.0	7846.0
310	2451.6666666666665	0.0	0.0	10788.0
320	2498.6666666666665	0.0	0.0	5739.0
330	2280.6666666666665	0.0	0.0	6487.0
340	2700.0	0.0	0.0	9046.0
350	2813.8333333333335	0.0	0.0	10793.0
360	2769.6666666666665	0.0	0.0	8989.0
370	2812.5	0.0	0.0	5965.0
380	2284.3333333333335	0.0	0.0	10137.0
390	2156.8333333333335	0.0	0.0	8464.0
400	2542.5	0.0	0.0	7627.0
410	2981.3333333333335	0.0	0.0	6196.0
420	2467.1666666666665	0.0	0.0	8152.0
430	2716.5	0.0	0.0	6710.0
440	3270.1666666666665	0.0	0.0	8984.0
450	3227.6666666666665	0.0	0.0	6606.0
460	3456.5	0.0	0.0	8281.0
470	3224.8333333333335	0.0	0.0	9947.0
480	2831.8333333333335	0.0	0.0	10215.0
490	3060.0	0.0	0.0	13250.0
500	3197.5	0.0	0.0	10685.0
510	2715.3333333333335	0.0	0.0	11782.0
520	3219.6666666666665	0.0	0.0	8595.0
530	3057.8333333333335	0.0	0.0	7665.0
540	2954.8333333333335	0.0	0.0	10805.0
550	3134.6666666666665	0.0	0.0	11214.0
560	3343.0	0.0	0.0	10427.0
570	3506.8333333333335	0.0	0.0	10021.0
580	3620.6666666666665	0.0	0.0	10997.0
590	3258.1666666666665	0.0	0.0	9230.0
600	3510.5	0.0	0.0	12393.0
610	3912.3333333333335	0.0	0.0	12366.0
620	3363.0	0.0	0.0	8680.0
630	3657.8333333333335	0.0	0.0	13828.0
640	3209.8333333333335	0.0	0.0	11665.0
650	3890.1666666666665	0.0	0.0	11105.0
660	3493.5	0.0	0.0	12525.0
670	3247.1666666666665	0.0	0.0	9585.0
680	4155.833333333333	0.0	0.0	13269.0
690	3595.8333333333335	0.0	0.0	7916.0
700	3444.0	0.0	0.0	11973.0
710	3706.3333333333335	0.0	0.0	12686.0
720	3714.5	0.0	0.0	12253.0
730	3573.1666666666665	0.0	0.0	11301.0
740	3989.6666666666665	0.0	0.0	9885.0
750	3675.3333333333335	0.0	0.0	9114.0
760	3524.0	0.0	0.0	11275.0
770	3545.6666666666665	0.0	0.0	12398.0
780	3514.5	0.0	0.0	10194.0
790	3789.5	0.0	0.0	13626.0
800	3444.6666666666665	0.0	0.0	10869.0
810	3670.6666666666665	0.0	0.0	9735.0
820	3647.8333333333335	0.0	0.0	10029.0
830	4113.833333333333	0.0	0.0	7593.0
840	3829.6666666666665	0.0	0.0	10211.0
850	3767.1666666666665	0.0	0.0	11788.0
860	3803.1666666666665	0.0	0.0	12345.0
870	3346.8333333333335	0.0	0.0	8418.0
880	3523.8333333333335	0.0	0.0	9371.0
890	3565.5	0.0	0.0	10579.0
900	3865.1666666666665	0.0	0.0	10460.0
910	3522.6666666666665	0.0	0.0	8081.0
920	3826.3333333333335	0.0	0.0	13131.0
930	3552.1666666666665	0.0	0.0	9242.0
940	3948.0	0.0	0.0	8191.0
950	3890.0	0.0	0.0	9795.0
960	3768.3333333333335	0.0	0.0	11532.0
970	4024.5	0.0	0.0	9219.0
980	3739.6666666666665	0.0	0.0	8100.0
990	4144.0	0.0	0.0	10916.0
1000	3872.1666666666665	0.0	0.0	10456.0
