0	1652.8333333333333	0.0	0.0	0.0
10	1800.1666666666667	167.0	797.0	7480.0
20	1720.3333333333333	246.0	1183.0	8664.0
30	1810.3333333333333	310.0	1816.0	9389.0
40	2006.1666666666667	102.0	1106.0	9350.0
50	1998.5	26.0	767.0	8768.0
60	2096.6666666666665	149.0	756.0	9626.0
70	2084.1666666666665	0.0	0.0	8076.0
80	1898.3333333333333	0.0	0.0	7533.0
90	1921.5	0.0	0.0	9794.0
100	2310.0	0.0	0.0	7330.0
110	1751.3333333333333	0.0	0.0	9025.0
120	1877.0	0.0	0.0	8799.0
130	2527.6666666666665	0.0	0.0	10446.0
140	2510.6666666666665	0.0	0.0	7224.0
150	2357.6666666666665	0.0	0.0	7831.0
160	2172.1666666666665	0.0	0.0	9998.0
170	2088.1666666666665	0.0	0.0	10278.0
180	2193.3333333333335	0.0	0.0	7574.0
190	2595.8333333333335	0.0	0.0	9109.0
200	2494.8333333333335	0.0	0.0	7020.0
210	2384.8333333333335	0.0	0.0	8796.0
220	2231.6666666666665	0.0	0.0	6987.0
230	2410.0	0.0	0.0	10831.0
240	2787.5	0.0	0.0	7349.0
250	2402.5	0.0	0.0	7568.0
260	2413.8333333333335	0.0	0.0	11800.0
270	2535.8333333333335	0.0	0.0	9281.0
280	2570.0	0.0	0.0	5882.0
290	2505.5	0.0	0.0	9318.0
300	2679.6666666666665	0.0	0.0	9990.0
310	2686.0	0.0	0.0	10472.0
320	2837.3333333333335	0.0	0.0	7831.0
330	2554.0	0.0	0.0	10195.0
340	2578.1666666666665	0.0	0.0	10466.0
350	3246.8333333333335	0.0	0.0	13232.0
360	2819.6666666666665	0.0	0.0	8946.0
370	2774.1666666666665	0.0	0.0	9214.0
380	3061.3333333333335	0.0	0.0	9696.0
390	3231.8333333333335	0.0	0.0	11075.0
400	3723.1666666666665	0.0	0.0	10286.0
410	3529.0	0.0	0.0	12221.0
420	3652.6666666666665	0.0	0.0	12004.0
430	3101.3333333333335	0.0	0.0	10753.0
440	3211.5	0.0	0.0	10740.0
450	3841.1666666666665	0.0	0.0	9014.0
460	3729.8333333333335	0.0	0.0	10820.0
470	3141.6666666666665	0.0	0.0	12254.0
480	3393.6666666666665	0.0	0.0	8864.0
490	3442.0	0.0	0.0	8609.0
500	3742.1666666666665	0.0	0.0	9584.0
510	3590.8333333333335	0.0	0.0	7922.0
520	3269.8333333333335	0.0	0.0	9942.0
530	3103.5	0.0	0.0	10436.0
540	3341.1666666666665	0.0	0.0	10339.0
550	3590.0	0.0	0.0	13608.0
560	3492.3333333333335	0.0	0.0	11912.0
570	3626.0	0.0	0.0	12010.0
580	3731.8333333333335	0.0	0.0	10125.0
590	3491.0	0.0	0.0	9830.0
600	3442.1666666666665	0.0	0.0	7763.0
610	3691.5	0.0	0.0	10444.0
620	3279.8333333333335	0.0	0.0	7256.0
630	3320.8333333333335	0.0	0.0	9427.0
640	3599.5	0.0	0.0	9150.0
650	3630.6666666666665	0.0	0.0	11023.0
660	3651.3333333333335	0.0	0.0	8259.0
670	3760.8333333333335	0.0	0.0	10422.0
680	2922.8333333333335	0.0	0.0	5810.0
690	3566.0	0.0	0.0	12035.0
700	3779.6666666666665	0.0	0.0	14368.0
710	3750.6666666666665	0.0	0.0	12812.0
720	3519.1666666666665	0.0	0.0	11303.0
730	3688.6666666666665	0.0	0.0	8856.0
740	3939.5	0.0	0.0	12470.0
750	3243.0	0.0	0.0	11380.0
760	3581.6666666666665	0.0	0.0	9031.0
770	3516.0	0.0	0.0	11785.0
780	3222.5	0.0	0.0	12307.0
790	3268.1666666666665	0.0	0.0	12720.0
800	3536.8333333333335	0.0	0.0	10895.0
810	3841.8333333333335	0.0	0.0	10580.0
820	3883.8333333333335	0.0	0.0	9319.0
830	3624.1666666666665	0.0	0.0	10683.0
840	3782.8333333333335	0.0	0.0	8611.0
850	3979.1666666666665	0.0	0.0	9465.0
860	3382.6666666666665	0.0	0.0	11395.0
870	3607.8333333333335	0.0	0.0	9086.0
880	3909.1666666666665	0.0	0.0	9669.0
890	3380.0	0.0	0.0	8816.0
900	4075.6666666666665	0.0	0.0	8065.0
910	3606.5	0.0	0.0	10609.0
920	3980.3333333333335	0.0	0.0	9945.0
930	3775.3333333333335	0.0	0.0	11018.0
940	3876.6666666666665	0.0	0.0	11757.0
950	3813.3333333333335	0.0	0.0	7975.0
960	3750.6666666666665	0.0	0.0	7072.0
970	3905.3333333333335	0.0	0.0	11434.0
980	3833.0	0.0	0.0	12757.0
990	3662.8333333333335	0.0	0.0	8342.0
1000	4166.666666666667	0.0	0.0	10817.0
