0	1700.8333333333333	0.0	0.0	0.0
10	1750.5	274.0	1200.0	7336.0
20	1754.6666666666667	146.0	785.0	6692.0
30	1691.6666666666667	19.0	366.0	7246.0
40	1670.0	159.0	973.0	8465.0
50	1605.1666666666667	66.0	463.0	6750.0
60	1640.0	101.0	745.0	7441.0
70	1495.1666666666667	84.0	522.0	7832.0
80	1651.6666666666667	56.0	437.0	7079.0
90	1677.6666666666667	69.0	652.0	6284.0
100	1569.5	26.0	487.0	7615.0
110	1750.5	0.0	0.0	6756.0
120	1441.6666666666667	0.0	0.0	7310.0
130	1609.5	0.0	0.0	5129.0
140	1381.0	0.0	0.0	7646.0
150	1557.0	0.0	0.0	6060.0
160	1496.3333333333333	0.0	0.0	5149.0
170	1718.3333333333333	0.0	0.0	6659.0
180	1558.0	0.0	0.0	8599.0
190	1235.0	0.0	0.0	6293.0
200	1594.1666666666667	0.0	0.0	8651.0
210	1459.3333333333333	0.0	0.0	6372.0
220	1582.6666666666667	0.0	0.0	7217.0
230	1631.3333333333333	0.0	0.0	7711.0
240	1566.8333333333333	0.0	0.0	6255.0
250	1263.0	0.0	0.0	6515.0
260	1528.6666666666667	0.0	0.0	6532.0
270	1378.0	0.0	0.0	5761.0
280	1551.0	0.0	0.0	5954.0
290	1519.8333333333333	0.0	0.0	5855.0
300	1278.0	0.0	0.0	5615.0
310	1423.6666666666667	0.0	0.0	5255.0
320	1400.0	0.0	0.0	5877.0
330	1467.6666666666667	0.0	0.0	6937.0
340	1375.6666666666667	0.0	0.0	7707.0
350	1489.1666666666667	0.0	0.0	4922.0
360	1235.3333333333333	0.0	0.0	6417.0
370	1382.5	0.0	0.0	6970.0
380	1206.3333333333333	0.0	0.0	5168.0
390	1301.3333333333333	0.0	0.0	5019.0
400	1192.6666666666667	0.0	0.0	5698.0
410	1430.0	0.0	0.0	4567.0
420	1303.3333333333333	0.0	0.0	6202.0
430	1276.6666666666667	0.0	0.0	6793.0
440	1632.0	0.0	0.0	5002.0
450	1285.3333333333333	0.0	0.0	6034.0
460	1411.0	0.0	0.0	7112.0
470	1229.6666666666667	0.0	0.0	5011.0
480	1481.3333333333333	0.0	0.0	4162.0
490	1339.1666666666667	0.0	0.0	5333.0
500	1286.0	0.0	0.0	5145.0
510	1300.0	0.0	0.0	4859.0
520	1346.3333333333333	0.0	0.0	7132.0
530	1260.6666666666667	0.0	0.0	5629.0
540	1433.3333333333333	0.0	0.0	5963.0
550	1466.0	0.0	0.0	5771.0
560	1279.3333333333333	0.0	0.0	6724.0
570	1493.6666666666667	0.0	0.0	4623.0
580	1239.3333333333333	0.0	0.0	7474.0
590	1265.0	0.0	0.0	4703.0
600	1273.6666666666667	0.0	0.0	6549.0
610	1337.6666666666667	0.0	0.0	6713.0
620	1356.5	0.0	0.0	6414.0
630	1407.6666666666667	0.0	0.0	7765.0
640	1428.1666666666667	0.0	0.0	7065.0
650	1291.6666666666667	0.0	0.0	4852.0
660	1329.0	0.0	0.0	5606.0
670	1363.0	0.0	0.0	5795.0
680	1466.0	0.0	0.0	6168.0
690	1403.0	0.0	0.0	5720.0
700	1367.6666666666667	0.0	0.0	6195.0
710	1379.6666666666667	0.0	0.0	6203.0
720	1181.0	0.0	0.0	5400.0
730	1235.6666666666667	0.0	0.0	7635.0
740	1551.3333333333333	0.0	0.0	5688.0
750	1388.5	0.0	0.0	5395.0
760	1220.3333333333333	0.0	0.0	4919.0
770	1263.6666666666667	0.0	0.0	4809.0
780	1164.6666666666667	0.0	0.0	4004.0
790	1296.3333333333333	0.0	0.0	4194.0
800	1273.0	0.0	0.0	6025.0
810	1195.3333333333333	0.0	0.0	6994.0
820	1231.0	0.0	0.0	6872.0
830	1344.3333333333333	0.0	0.0	5276.0
840	1228.6666666666667	0.0	0.0	6080.0
850	1093.6666666666667	0.0	0.0	6074.0
860	1261.0	0.0	0.0	5370.0
870	1375.3333333333333	0.0	0.0	4573.0
880	1097.0	0.0	0.0	6419.0
890	1395.6666666666667	0.0	0.0	4981.0
900	1286.0	0.0	0.0	3744.0
910	1291.3333333333333	0.0	0.0	5841.0
920	1129.3333333333333	0.0	0.0	4757.0
930	1166.6666666666667	0.0	0.0	3378.0
940	1197.0	0.0	0.0	5391.0
950	1167.0	0.0	0.0	4749.0
960	1091.6666666666667	0.0	0.0	5437.0
970	1365.3333333333333	0.0	0.0	5074.0
980	1201.0	0.0	0.0	3483.0
990	1255.3333333333333	0.0	0.0	4554.0
1000	1337.6666666666667	0.0	0.0	4828.0
