0	239.0	0.0	0.0	0.0
10	1950.5	0.0	261.0	9648.0
20	1950.6666666666667	0.0	50.0	7169.0
30	2055.3333333333335	0.0	60.0	7349.0
40	2062.0	0.0	29.0	7549.0
50	1820.3333333333333	0.0	23.0	7572.0
60	1866.8333333333333	0.0	13.0	8874.0
70	2078.1666666666665	0.0	22.0	5754.0
80	2127.1666666666665	0.0	49.0	8898.0
90	2167.0	0.0	14.0	8672.0
100	2076.6666666666665	0.0	14.0	9497.0
110	2094.8333333333335	0.0	77.0	10257.0
120	2125.0	0.0	45.0	6435.0
130	2211.6666666666665	0.0	38.0	7148.0
140	2234.3333333333335	0.0	56.0	7512.0
150	2340.5	0.0	34.0	9091.0
160	2164.3333333333335	0.0	10.0	8656.0
170	2488.3333333333335	0.0	53.0	10895.0
180	2316.1666666666665	0.0	47.0	8336.0
190	2602.5	3.0	57.0	11597.0
200	2550.1666666666665	0.0	21.0	7301.0
210	2421.1666666666665	0.0	18.0	10543.0
220	2490.1666666666665	0.0	32.0	9980.0
230	2465.1666666666665	0.0	26.0	5229.0
240	2581.3333333333335	0.0	16.0	8888.0
250	2655.8333333333335	0.0	90.0	9202.0
260	2579.8333333333335	0.0	30.0	6516.0
270	2779.0	0.0	18.0	4549.0
280	2170.1666666666665	0.0	36.0	9051.0
290	2498.0	0.0	26.0	9383.0
300	2062.5	0.0	39.0	6463.0
310	2674.8333333333335	0.0	37.0	11910.0
320	2570.0	0.0	59.0	8531.0
330	2097.8333333333335	0.0	21.0	8837.0
340	2446.5	0.0	34.0	8394.0
350	2790.0	0.0	14.0	9489.0
360	2035.1666666666667	0.0	36.0	10092.0
370	2579.8333333333335	0.0	53.0	11365.0
380	2484.3333333333335	0.0	35.0	6878.0
390	2377.0	0.0	92.0	9888.0
400	2398.5	0.0	30.0	7246.0
410	2539.1666666666665	0.0	74.0	9099.0
420	2251.8333333333335	0.0	42.0	7434.0
430	2802.1666666666665	0.0	96.0	8559.0
440	2866.6666666666665	0.0	21.0	13311.0
450	2480.6666666666665	0.0	26.0	11365.0
460	2610.5	0.0	39.0	11080.0
470	2964.0	0.0	21.0	8720.0
480	2965.6666666666665	0.0	40.0	11860.0
490	3162.8333333333335	0.0	92.0	10664.0
500	3182.6666666666665	0.0	63.0	8483.0
510	3147.6666666666665	0.0	37.0	9628.0
520	2799.0	0.0	23.0	13307.0
530	3371.6666666666665	0.0	57.0	8024.0
540	2829.8333333333335	0.0	61.0	7311.0
550	3000.5	0.0	68.0	12009.0
560	3726.1666666666665	0.0	48.0	11067.0
570	3310.8333333333335	0.0	91.0	11651.0
580	3098.6666666666665	0.0	28.0	11433.0
590	3107.8333333333335	0.0	76.0	9909.0
600	3408.0	0.0	66.0	11130.0
610	3397.6666666666665	0.0	33.0	11020.0
620	3411.6666666666665	0.0	52.0	8888.0
630	3232.0	0.0	65.0	9208.0
640	3732.0	0.0	62.0	12968.0
650	3506.8333333333335	0.0	36.0	13184.0
660	3625.1666666666665	0.0	44.0	10307.0
670	3868.1666666666665	0.0	33.0	9654.0
680	3563.1666666666665	0.0	45.0	11683.0
690	3828.3333333333335	0.0	61.0	11516.0
700	3444.8333333333335	0.0	80.0	12681.0
710	3493.1666666666665	0.0	47.0	13191.0
720	3448.6666666666665	0.0	79.0	7010.0
730	3363.3333333333335	0.0	72.0	10383.0
740	3645.8333333333335	0.0	19.0	10455.0
750	3916.3333333333335	0.0	76.0	9908.0
760	3349.1666666666665	0.0	68.0	12123.0
770	3338.0	0.0	53.0	10910.0
780	3905.0	0.0	57.0	10351.0
790	3443.1666666666665	0.0	67.0	11138.0
800	3769.6666666666665	0.0	30.0	10115.0
810	3864.0	0.0	15.0	10320.0
820	3695.3333333333335	0.0	67.0	11007.0
830	4129.5	0.0	68.0	8977.0
840	3475.8333333333335	0.0	17.0	11003.0
850	3699.8333333333335	0.0	41.0	9185.0
860	3758.1666666666665	0.0	44.0	9180.0
870	4135.0	0.0	70.0	11214.0
880	3557.3333333333335	0.0	27.0	10550.0
890	3639.3333333333335	0.0	94.0	9653.0
900	3934.5	0.0	35.0	12604.0
910	3383.0	0.0	48.0	9260.0
920	4039.5	0.0	80.0	9033.0
930	3762.8333333333335	0.0	106.0	8744.0
940	3832.1666666666665	0.0	58.0	14206.0
950	3756.6666666666665	0.0	59.0	10114.0
960	3836.0	0.0	20.0	12501.0
970	3737.8333333333335	0.0	38.0	8983.0
980	3694.8333333333335	0.0	33.0	9297.0
990	3305.6666666666665	0.0	72.0	12009.0
1000	3832.3333333333335	0.0	73.0	7494.0
