0	254.33333333333334	0.0	0.0	0.0
10	2153.3333333333335	53.0	323.0	11107.0
20	2046.6666666666667	0.0	43.0	8564.0
30	2183.8333333333335	0.0	52.0	10641.0
40	2122.3333333333335	43.0	81.0	7714.0
50	2047.1666666666667	0.0	63.0	7468.0
60	2182.5	0.0	70.0	8509.0
70	2163.6666666666665	9.0	79.0	9806.0
80	2412.3333333333335	0.0	35.0	7343.0
90	2397.5	0.0	65.0	10293.0
100	2337.8333333333335	0.0	61.0	7859.0
110	2657.8333333333335	0.0	43.0	8167.0
120	2465.6666666666665	0.0	16.0	9517.0
130	2363.6666666666665	0.0	59.0	9519.0
140	2538.3333333333335	0.0	44.0	8578.0
150	1864.1666666666667	0.0	32.0	8742.0
160	2418.8333333333335	0.0	51.0	7271.0
170	2565.0	0.0	50.0	8637.0
180	2521.1666666666665	0.0	31.0	9775.0
190	2601.8333333333335	0.0	59.0	11510.0
200	2991.1666666666665	0.0	48.0	8266.0
210	2578.6666666666665	0.0	94.0	8206.0
220	2685.0	0.0	50.0	6552.0
230	2528.3333333333335	0.0	42.0	8399.0
240	2461.3333333333335	0.0	21.0	9230.0
250	2816.5	0.0	36.0	5726.0
260	2520.8333333333335	0.0	62.0	7272.0
270	2413.8333333333335	0.0	56.0	6906.0
280	2689.5	0.0	23.0	7070.0
290	2580.1666666666665	0.0	60.0	7875.0
300	2614.1666666666665	0.0	53.0	7871.0
310	2525.0	0.0	45.0	6966.0
320	2922.6666666666665	0.0	39.0	9413.0
330	2334.3333333333335	0.0	60.0	9483.0
340	2614.5	0.0	13.0	9723.0
350	2690.0	0.0	90.0	7768.0
360	2665.1666666666665	0.0	22.0	9720.0
370	2926.0	0.0	68.0	11687.0
380	2775.0	0.0	85.0	8743.0
390	2839.8333333333335	0.0	60.0	9235.0
400	2646.8333333333335	0.0	65.0	5653.0
410	2930.5	0.0	44.0	12270.0
420	2942.6666666666665	0.0	24.0	10707.0
430	2732.6666666666665	0.0	40.0	11023.0
440	3357.8333333333335	0.0	52.0	7576.0
450	3294.5	0.0	89.0	10654.0
460	3256.5	0.0	80.0	12006.0
470	2974.6666666666665	0.0	45.0	7804.0
480	3126.3333333333335	0.0	47.0	10711.0
490	3323.5	0.0	55.0	9278.0
500	3313.5	0.0	40.0	8499.0
510	2987.5	0.0	69.0	8229.0
520	2782.3333333333335	0.0	36.0	9317.0
530	3311.0	0.0	67.0	8293.0
540	3585.3333333333335	0.0	45.0	8690.0
550	2908.3333333333335	0.0	40.0	8283.0
560	3271.5	0.0	44.0	7964.0
570	3189.3333333333335	0.0	86.0	13143.0
580	2995.8333333333335	0.0	41.0	12069.0
590	3591.5	0.0	79.0	9964.0
600	3599.6666666666665	0.0	35.0	8671.0
610	3665.1666666666665	0.0	26.0	11729.0
620	3203.1666666666665	0.0	44.0	11394.0
630	3527.0	0.0	48.0	8693.0
640	3540.6666666666665	0.0	70.0	12704.0
650	3797.3333333333335	0.0	81.0	9437.0
660	3722.8333333333335	0.0	94.0	12090.0
670	3528.5	0.0	44.0	10867.0
680	3547.0	0.0	45.0	8574.0
690	3329.0	0.0	30.0	12274.0
700	3454.1666666666665	0.0	53.0	10295.0
710	3834.5	0.0	80.0	10719.0
720	3471.6666666666665	0.0	44.0	11089.0
730	3737.3333333333335	0.0	75.0	9847.0
740	3932.5	0.0	71.0	8897.0
750	3830.8333333333335	0.0	31.0	7741.0
760	3718.0	0.0	75.0	11687.0
770	3785.6666666666665	0.0	20.0	8353.0
780	3709.6666666666665	0.0	37.0	10741.0
790	4183.333333333333	0.0	74.0	11600.0
800	3469.1666666666665	0.0	22.0	8654.0
810	3818.0	0.0	61.0	10334.0
820	3394.5	0.0	51.0	8599.0
830	3812.3333333333335	0.0	47.0	8573.0
840	3935.6666666666665	0.0	91.0	10361.0
850	3777.1666666666665	0.0	64.0	10576.0
860	3782.5	0.0	53.0	9878.0
870	3821.8333333333335	0.0	57.0	9884.0
880	3889.5	0.0	65.0	12309.0
890	3778.5	0.0	42.0	8510.0
900	3648.5	0.0	64.0	9545.0
910	3850.1666666666665	0.0	42.0	8489.0
920	3796.8333333333335	0.0	37.0	11625.0
930	3304.3333333333335	0.0	29.0	10264.0
940	3927.1666666666665	0.0	70.0	8474.0
950	3778.5	0.0	53.0	10552.0
960	3733.0	0.0	55.0	11145.0
970	3524.6666666666665	0.0	139.0	10413.0
980	3470.0	0.0	128.0	10507.0
990	3781.1666666666665	0.0	67.0	12095.0
1000	3689.6666666666665	0.0	65.0	11946.0
