0	261.0666666666668	0.0	0.0
10	2008.5833333333335	15.066666666666666	9150.566666666668
20	2025.7222222222222	15.666666666666666	8669.7
30	2045.055555555556	15.966666666666667	8386.733333333334
40	2070.8833333333328	16.866666666666667	9558.633333333333
50	2082.8666666666663	17.166666666666668	9435.733333333334
60	2091.822222222222	14.366666666666667	8872.5
70	2091.5833333333335	14.133333333333333	8310.866666666667
80	2106.3666666666663	16.966666666666665	9390.133333333333
90	2125.677777777778	18.233333333333334	9278.666666666666
100	2198.4111111111115	17.1	9116.666666666666
110	2132.2833333333338	20.166666666666668	9615.3
120	2195.7166666666662	16.833333333333332	9770.6
130	2256.027777777778	17.4	9542.866666666667
140	2284.9444444444443	15.533333333333333	9652.5
150	2277.311111111111	14.333333333333334	9560.233333333334
160	2327.7611111111114	14.8	9372.633333333333
170	2325.4166666666665	16.4	9795.233333333334
180	2354.6500000000005	17.233333333333334	9554.6
190	2379.7	17.466666666666665	10168.333333333334
200	2362.5388888888892	17.633333333333333	9787.233333333334
210	2378.2611111111114	15.333333333333334	9362.0
220	2400.1	17.166666666666668	10069.4
230	2459.6722222222224	15.766666666666667	9628.4
240	2437.8166666666666	15.633333333333333	9447.933333333332
250	2443.827777777778	16.366666666666667	9558.866666666667
260	2471.9000000000005	14.966666666666667	9244.766666666666
270	2465.3833333333337	16.166666666666668	9590.3
280	2535.677777777778	17.966666666666665	9934.4
290	2541.244444444444	14.5	9521.766666666666
300	2529.822222222223	15.166666666666666	9802.133333333333
310	2574.2999999999997	17.166666666666668	10313.133333333333
320	2558.027777777778	16.9	9637.466666666667
330	2634.8666666666672	16.866666666666667	9941.033333333333
340	2618.705555555556	15.5	9812.5
350	2569.022222222223	17.266666666666666	9944.066666666668
360	2619.1666666666665	18.566666666666666	9490.933333333332
370	2613.838888888889	14.2	10203.4
380	2683.338888888889	18.0	10202.933333333332
390	2677.6833333333334	16.966666666666665	10007.766666666666
400	2706.2166666666676	16.3	10421.2
410	2681.3722222222223	16.866666666666667	10027.933333333332
420	2688.594444444445	16.1	10374.333333333334
430	2676.3666666666672	13.966666666666667	9508.166666666666
440	2733.244444444445	15.866666666666667	10524.5
450	2719.488888888888	11.566666666666666	9209.6
460	2779.394444444444	15.1	10401.033333333333
470	2696.155555555556	12.3	9575.666666666666
480	2757.061111111111	16.133333333333333	10496.933333333332
490	2730.8499999999995	13.466666666666667	9987.8
500	2765.266666666667	15.133333333333333	10112.833333333334
510	2836.955555555556	13.3	10592.3
520	2821.727777777777	13.133333333333333	10548.3
530	2842.933333333334	13.1	10095.6
540	2825.1555555555556	12.066666666666666	9536.266666666666
550	2820.4	12.0	9782.433333333332
560	2838.9833333333327	12.666666666666666	10599.166666666666
570	2868.1	12.466666666666667	9511.6
580	2864.8388888888894	14.433333333333334	10980.633333333333
590	2839.3333333333335	13.033333333333333	10475.766666666666
600	2861.905555555555	11.166666666666666	10371.533333333333
610	2902.138888888889	11.666666666666666	9923.566666666668
620	2890.505555555556	13.7	10832.1
630	2936.9277777777775	13.366666666666667	10554.0
640	2912.083333333333	11.966666666666667	10266.633333333333
650	2915.9166666666665	12.766666666666667	10094.833333333334
660	2896.7	10.766666666666667	10435.866666666667
670	2977.5222222222224	12.9	10763.933333333332
680	2919.8333333333335	11.233333333333333	10487.1
690	2969.561111111111	12.5	11045.566666666668
700	3001.7777777777783	10.4	10081.866666666667
710	2976.138888888889	11.7	11302.266666666666
720	2993.9944444444436	11.033333333333333	10573.966666666667
730	3052.7777777777783	10.3	10258.166666666666
740	2993.922222222223	10.2	10340.966666666667
750	3012.305555555555	12.333333333333334	10050.733333333334
760	3009.983333333333	11.033333333333333	10587.9
770	3029.7944444444443	11.933333333333334	9998.6
780	3004.6555555555556	10.366666666666667	10083.366666666667
790	3065.633333333334	9.866666666666667	10133.833333333334
800	3084.0666666666666	11.2	10291.866666666667
810	3050.166666666666	11.7	10686.033333333333
820	3095.333333333333	10.3	10681.4
830	3082.9222222222215	10.333333333333334	10061.2
840	3114.6666666666665	11.166666666666666	10602.766666666666
850	3082.155555555556	10.733333333333333	10856.666666666666
860	3147.716666666667	11.8	10702.166666666666
870	3109.2722222222224	11.033333333333333	10850.566666666668
880	3157.4166666666665	10.533333333333333	10738.666666666666
890	3181.733333333333	9.166666666666666	10285.566666666668
900	3221.6277777777777	9.9	10321.133333333333
910	3168.394444444444	9.866666666666667	10718.266666666666
920	3155.588888888889	9.666666666666666	9972.633333333333
930	3143.777777777778	8.966666666666667	10185.6
940	3230.8888888888882	9.6	10283.5
950	3208.35	9.766666666666667	10491.066666666668
960	3224.6666666666665	10.4	10644.7
970	3234.211111111111	8.333333333333334	9751.666666666666
980	3226.255555555556	10.2	10543.566666666668
990	3319.305555555556	10.633333333333333	10557.766666666666
1000	3280.2	8.233333333333333	10321.666666666666
