0	283.6666666666667	0.0	0.0
10	2016.1666666666667	9.0	9315.0
20	1958.0	18.0	8935.0
30	1897.8333333333333	15.0	9643.0
40	2196.0	14.0	10949.0
50	2112.1666666666665	7.0	6949.0
60	2030.6666666666667	16.0	9234.0
70	2128.0	9.0	9395.0
80	2082.1666666666665	7.0	6518.0
90	2085.8333333333335	17.0	8678.0
100	2177.8333333333335	22.0	9774.0
110	2176.3333333333335	16.0	9978.0
120	2170.6666666666665	17.0	9341.0
130	2098.6666666666665	17.0	8908.0
140	2254.1666666666665	14.0	9567.0
150	2283.0	25.0	9975.0
160	2420.5	23.0	10021.0
170	2311.6666666666665	15.0	8981.0
180	2328.8333333333335	46.0	13348.0
190	2404.5	21.0	11460.0
200	2333.1666666666665	21.0	11718.0
210	2465.0	13.0	10765.0
220	2545.0	15.0	8724.0
230	2428.3333333333335	22.0	12963.0
240	2603.8333333333335	17.0	8059.0
250	2549.0	12.0	7676.0
260	2435.6666666666665	10.0	8988.0
270	2487.8333333333335	14.0	8086.0
280	2772.0	11.0	8728.0
290	2609.6666666666665	27.0	8422.0
300	2519.8333333333335	16.0	10277.0
310	2656.6666666666665	9.0	10114.0
320	2940.3333333333335	3.0	8563.0
330	2728.0	8.0	12625.0
340	2765.6666666666665	16.0	7652.0
350	2424.0	21.0	9041.0
360	2443.5	9.0	6889.0
370	2672.3333333333335	25.0	11595.0
380	2756.8333333333335	18.0	14116.0
390	2809.6666666666665	21.0	12266.0
400	2981.1666666666665	6.0	11383.0
410	2801.8333333333335	12.0	7263.0
420	2695.1666666666665	24.0	12812.0
430	2801.5	7.0	7011.0
440	2469.8333333333335	15.0	9479.0
450	2894.1666666666665	30.0	12869.0
460	2618.8333333333335	11.0	9489.0
470	2614.6666666666665	10.0	11179.0
480	3059.8333333333335	46.0	14288.0
490	2965.5	11.0	10357.0
500	2774.6666666666665	11.0	10829.0
510	2961.5	8.0	9827.0
520	2821.0	11.0	11093.0
530	2918.6666666666665	5.0	11358.0
540	2827.5	7.0	9857.0
550	2860.5	7.0	10095.0
560	2892.1666666666665	4.0	8546.0
570	3013.1666666666665	17.0	10683.0
580	2715.6666666666665	8.0	11863.0
590	3051.6666666666665	8.0	9318.0
600	2796.1666666666665	15.0	9651.0
610	2806.5	9.0	8809.0
620	2939.1666666666665	14.0	12296.0
630	2908.1666666666665	15.0	10117.0
640	2900.8333333333335	22.0	10036.0
650	2897.0	11.0	8661.0
660	3085.0	10.0	14433.0
670	2805.8333333333335	20.0	11965.0
680	3015.0	7.0	9829.0
690	3001.6666666666665	10.0	10787.0
700	3131.0	16.0	10166.0
710	2885.0	12.0	10224.0
720	3171.3333333333335	17.0	13339.0
730	3011.3333333333335	9.0	11652.0
740	3275.0	9.0	8329.0
750	2871.1666666666665	10.0	10138.0
760	2882.0	13.0	13530.0
770	3116.0	7.0	9062.0
780	2670.8333333333335	8.0	11350.0
790	3055.0	6.0	7813.0
800	3288.1666666666665	14.0	8380.0
810	3079.0	2.0	5748.0
820	3178.0	25.0	15720.0
830	3311.0	16.0	8442.0
840	3079.1666666666665	6.0	5992.0
850	2743.8333333333335	3.0	8595.0
860	3408.5	18.0	10400.0
870	3131.1666666666665	17.0	12664.0
880	3412.1666666666665	15.0	9334.0
890	3186.5	8.0	6942.0
900	3531.1666666666665	12.0	11448.0
910	3283.6666666666665	11.0	10265.0
920	3185.3333333333335	17.0	13774.0
930	3601.6666666666665	3.0	7883.0
940	3295.1666666666665	18.0	12354.0
950	3077.0	13.0	7158.0
960	3133.0	18.0	11369.0
970	2980.6666666666665	17.0	10430.0
980	3294.1666666666665	7.0	7727.0
990	3681.3333333333335	11.0	16189.0
1000	3420.3333333333335	11.0	11453.0
