0	268.3333333333333	0.0	0.0
10	2063.8333333333335	12.0	10857.0
20	2048.3333333333335	26.0	13027.0
30	2060.5	12.0	9178.0
40	2022.5	19.0	9586.0
50	2121.3333333333335	19.0	10652.0
60	2106.0	18.0	10121.0
70	2152.8333333333335	6.0	5895.0
80	2205.6666666666665	9.0	13150.0
90	2102.3333333333335	31.0	9438.0
100	1972.3333333333333	12.0	8919.0
110	2112.3333333333335	38.0	11208.0
120	2170.6666666666665	17.0	9887.0
130	2211.0	5.0	6469.0
140	2198.5	19.0	7863.0
150	2028.5	8.0	10436.0
160	2291.1666666666665	2.0	8227.0
170	2227.0	11.0	6823.0
180	2392.3333333333335	29.0	8809.0
190	2291.8333333333335	13.0	6703.0
200	2482.3333333333335	16.0	8389.0
210	2208.8333333333335	5.0	10841.0
220	2330.6666666666665	18.0	10468.0
230	2431.3333333333335	16.0	10093.0
240	2419.5	21.0	10998.0
250	2343.0	21.0	11369.0
260	2308.5	4.0	7156.0
270	2384.6666666666665	8.0	11071.0
280	2549.5	17.0	10706.0
290	2336.6666666666665	26.0	10232.0
300	2397.6666666666665	14.0	10000.0
310	2658.0	19.0	12098.0
320	2335.6666666666665	15.0	11305.0
330	2967.5	20.0	13910.0
340	2590.1666666666665	10.0	6577.0
350	2301.6666666666665	14.0	7497.0
360	2456.1666666666665	23.0	11944.0
370	2574.1666666666665	16.0	8886.0
380	2635.6666666666665	10.0	9732.0
390	2701.8333333333335	29.0	8886.0
400	2681.6666666666665	13.0	11031.0
410	2529.6666666666665	7.0	9455.0
420	2554.5	30.0	9608.0
430	2493.0	22.0	8923.0
440	2597.0	18.0	13746.0
450	2798.8333333333335	4.0	9873.0
460	2747.0	26.0	10793.0
470	2661.8333333333335	22.0	10079.0
480	2799.0	24.0	10580.0
490	2564.0	18.0	10645.0
500	2646.3333333333335	17.0	8749.0
510	2639.5	16.0	10784.0
520	2699.8333333333335	9.0	11207.0
530	2882.6666666666665	1.0	7781.0
540	2440.3333333333335	21.0	12265.0
550	2531.0	12.0	9929.0
560	2748.8333333333335	12.0	12034.0
570	2759.1666666666665	5.0	7517.0
580	2648.1666666666665	10.0	9899.0
590	2546.0	13.0	9398.0
600	2769.8333333333335	9.0	8463.0
610	2906.6666666666665	10.0	8159.0
620	2680.5	7.0	8802.0
630	2808.5	13.0	13513.0
640	2612.6666666666665	16.0	11709.0
650	2887.3333333333335	17.0	10838.0
660	2446.5	24.0	12210.0
670	2606.3333333333335	12.0	11201.0
680	3043.1666666666665	10.0	12280.0
690	2646.6666666666665	9.0	10593.0
700	2681.3333333333335	16.0	11730.0
710	2765.1666666666665	26.0	12032.0
720	2789.6666666666665	26.0	12168.0
730	2753.3333333333335	9.0	6829.0
740	3086.8333333333335	13.0	9369.0
750	3013.5	3.0	8698.0
760	2568.0	20.0	12490.0
770	2958.0	7.0	10989.0
780	2805.3333333333335	9.0	15166.0
790	3178.6666666666665	9.0	11164.0
800	3165.5	10.0	10695.0
810	2729.3333333333335	5.0	8681.0
820	2970.6666666666665	12.0	11144.0
830	2808.5	14.0	11020.0
840	2688.3333333333335	10.0	10921.0
850	2916.0	7.0	7752.0
860	3022.5	26.0	13239.0
870	3085.3333333333335	2.0	6000.0
880	3341.1666666666665	6.0	9045.0
890	3255.5	8.0	9905.0
900	2949.3333333333335	7.0	10678.0
910	3094.8333333333335	16.0	10808.0
920	3083.1666666666665	8.0	9326.0
930	2758.3333333333335	11.0	6879.0
940	3028.1666666666665	7.0	10101.0
950	2989.5	2.0	13149.0
960	2820.0	12.0	14759.0
970	3148.1666666666665	9.0	13744.0
980	3120.0	16.0	8769.0
990	3132.3333333333335	8.0	10419.0
1000	3481.0	13.0	11734.0
