0	2099.3333333333335	0.0	0.0	0.0
10	2498.1666666666665	290.0	7647.0	12527.0
20	2790.1666666666665	280.0	9419.0	14537.0
30	2466.5	311.0	9435.0	13885.0
40	2873.3333333333335	119.0	4539.0	11235.0
50	3181.8333333333335	0.0	0.0	8463.0
60	3141.3333333333335	0.0	0.0	12423.0
70	3311.6666666666665	0.0	0.0	11239.0
80	3507.0	0.0	0.0	15940.0
90	3962.5	0.0	0.0	11131.0
100	3357.5	0.0	0.0	11031.0
110	3366.3333333333335	0.0	0.0	8880.0
120	3457.5	0.0	0.0	12289.0
130	3437.5	0.0	0.0	11608.0
140	2880.8333333333335	0.0	0.0	10131.0
150	3419.3333333333335	0.0	0.0	10148.0
160	3381.6666666666665	0.0	0.0	11855.0
170	3492.5	0.0	0.0	9825.0
180	3511.0	0.0	0.0	8736.0
190	3446.6666666666665	0.0	0.0	9787.0
200	3159.8333333333335	0.0	0.0	12957.0
210	3224.1666666666665	0.0	0.0	8476.0
220	3811.6666666666665	0.0	0.0	10876.0
230	3135.8333333333335	0.0	0.0	9620.0
240	3763.3333333333335	0.0	0.0	10943.0
250	3881.3333333333335	0.0	0.0	10971.0
260	3746.0	0.0	0.0	11660.0
270	3621.0	0.0	0.0	10892.0
280	3631.6666666666665	0.0	0.0	10746.0
290	3909.5	0.0	0.0	12007.0
300	3822.1666666666665	0.0	0.0	11501.0
310	3377.1666666666665	0.0	0.0	12642.0
320	3977.1666666666665	0.0	0.0	8967.0
330	3846.0	0.0	0.0	10620.0
340	3774.0	0.0	0.0	12352.0
350	3442.0	0.0	0.0	11371.0
360	3923.8333333333335	0.0	0.0	12078.0
370	3543.6666666666665	0.0	0.0	11228.0
380	3630.8333333333335	0.0	0.0	11382.0
390	3579.6666666666665	0.0	0.0	9499.0
400	3787.6666666666665	0.0	0.0	9698.0
410	3801.0	0.0	0.0	10220.0
420	3610.8333333333335	0.0	0.0	11477.0
430	3692.0	0.0	0.0	9822.0
440	3822.6666666666665	0.0	0.0	10849.0
450	3846.1666666666665	0.0	0.0	12858.0
460	3893.8333333333335	0.0	0.0	10439.0
470	3724.5	0.0	0.0	9921.0
480	3805.8333333333335	0.0	0.0	9814.0
490	3727.8333333333335	0.0	0.0	8491.0
500	3775.6666666666665	0.0	0.0	8355.0
510	3547.5	0.0	0.0	8576.0
520	3533.6666666666665	0.0	0.0	11614.0
530	3623.8333333333335	0.0	0.0	8634.0
540	3904.5	0.0	0.0	9816.0
550	3519.6666666666665	0.0	0.0	10596.0
560	3933.5	0.0	0.0	11459.0
570	3312.6666666666665	0.0	0.0	11259.0
580	3504.0	0.0	0.0	10930.0
590	3627.1666666666665	0.0	0.0	10360.0
600	3964.6666666666665	0.0	0.0	12557.0
