0	2677.0	0.0	0.0	0.0
10	2435.0	64.0	909.0	6829.0
20	2742.0	45.0	1098.0	10648.0
30	2430.1666666666665	53.0	801.0	9448.0
40	2454.3333333333335	99.0	983.0	10223.0
50	2795.6666666666665	40.0	770.0	8852.0
60	2791.0	21.0	626.0	6947.0
70	2783.5	76.0	866.0	8356.0
80	2536.0	74.0	1075.0	15078.0
90	3124.8333333333335	34.0	609.0	6172.0
100	3056.3333333333335	92.0	1005.0	10965.0
110	3242.1666666666665	24.0	657.0	8817.0
120	3114.5	83.0	949.0	11462.0
130	3049.5	36.0	705.0	6704.0
140	3559.8333333333335	56.0	829.0	9541.0
150	3278.1666666666665	41.0	1181.0	9661.0
160	3121.0	53.0	801.0	9548.0
170	3176.3333333333335	35.0	1078.0	15307.0
180	3519.0	73.0	1140.0	13015.0
190	3750.5	1.0	1.0	12489.0
200	3619.1666666666665	0.0	0.0	12301.0
210	3440.1666666666665	0.0	0.0	6844.0
220	3131.8333333333335	0.0	0.0	11291.0
230	3652.8333333333335	0.0	0.0	9203.0
240	3703.6666666666665	0.0	0.0	8578.0
250	3469.6666666666665	0.0	0.0	12400.0
260	2745.6666666666665	0.0	0.0	11491.0
270	3087.5	0.0	0.0	12000.0
280	3317.0	0.0	0.0	14252.0
290	3200.1666666666665	0.0	0.0	11117.0
300	3497.6666666666665	0.0	0.0	10026.0
310	4059.5	0.0	0.0	8106.0
320	3573.6666666666665	0.0	0.0	11628.0
330	3684.8333333333335	0.0	0.0	11543.0
340	3660.8333333333335	0.0	0.0	13252.0
350	3303.6666666666665	0.0	0.0	11561.0
360	4023.3333333333335	0.0	0.0	8490.0
370	3783.6666666666665	0.0	0.0	12145.0
380	3831.3333333333335	0.0	0.0	13076.0
390	4188.666666666667	0.0	0.0	13490.0
400	4127.166666666667	0.0	0.0	8776.0
410	4076.6666666666665	0.0	0.0	10881.0
420	3859.8333333333335	0.0	0.0	12934.0
430	3988.8333333333335	0.0	0.0	11337.0
440	3922.1666666666665	0.0	0.0	9301.0
450	3594.0	0.0	0.0	10546.0
460	3240.6666666666665	0.0	0.0	9217.0
470	3733.1666666666665	0.0	0.0	11727.0
480	3752.6666666666665	0.0	0.0	14165.0
490	4019.5	0.0	0.0	9404.0
500	3658.3333333333335	0.0	0.0	9269.0
510	3729.0	0.0	0.0	11258.0
520	3876.5	0.0	0.0	9092.0
530	3618.8333333333335	0.0	0.0	10276.0
540	3696.8333333333335	0.0	0.0	8841.0
550	3641.8333333333335	0.0	0.0	9106.0
560	3322.1666666666665	0.0	0.0	12258.0
570	3999.1666666666665	0.0	0.0	11031.0
580	3879.5	0.0	0.0	12748.0
590	3738.0	0.0	0.0	8879.0
600	3641.0	0.0	0.0	11989.0
610	3732.1666666666665	0.0	0.0	12069.0
620	3631.5	0.0	0.0	12603.0
630	3908.8333333333335	0.0	0.0	9887.0
640	4037.1666666666665	0.0	0.0	9321.0
650	3972.5	0.0	0.0	9395.0
660	3817.1666666666665	0.0	0.0	9100.0
670	3812.6666666666665	0.0	0.0	9457.0
680	3706.6666666666665	0.0	0.0	10640.0
690	3682.1666666666665	0.0	0.0	10089.0
700	3869.3333333333335	0.0	0.0	9575.0
710	3847.3333333333335	0.0	0.0	13087.0
720	3645.1666666666665	0.0	0.0	8154.0
730	3731.6666666666665	0.0	0.0	8390.0
740	3771.8333333333335	0.0	0.0	9021.0
750	3711.5	0.0	0.0	11707.0
760	3768.5	0.0	0.0	10567.0
770	3497.8333333333335	0.0	0.0	11905.0
780	3642.0	0.0	0.0	10326.0
790	3758.3333333333335	0.0	0.0	9347.0
800	3650.3333333333335	0.0	0.0	10054.0
