0	2549.0	0.0	0.0	0.0
10	2332.25	1000.0	1000.0	7940.0
20	2699.25	0.0	0.0	9455.0
30	2700.75	0.0	0.0	10834.0
40	2718.75	0.0	0.0	8590.0
50	2537.0	0.0	0.0	9911.0
60	1884.25	0.0	0.0	9847.0
70	2707.5	0.0	0.0	7108.0
80	2741.0	0.0	0.0	9754.0
90	2827.75	0.0	0.0	11161.0
100	2663.0	0.0	0.0	9283.0
110	2316.0	0.0	0.0	14630.0
120	2825.0	0.0	0.0	6912.0
130	2710.25	0.0	0.0	7702.0
140	2752.75	0.0	0.0	7675.0
150	2786.0	0.0	0.0	10367.0
160	3544.5	0.0	0.0	8620.0
170	3752.5	0.0	0.0	8223.0
180	3026.75	0.0	0.0	10463.0
190	2857.25	0.0	0.0	8699.0
200	3184.75	0.0	0.0	8475.0
210	2339.0	0.0	0.0	10122.0
220	2902.0	0.0	0.0	10524.0
230	3448.0	0.0	0.0	11711.0
240	3565.5	0.0	0.0	8697.0
250	3169.25	0.0	0.0	10833.0
260	3064.75	0.0	0.0	9664.0
270	3489.0	0.0	0.0	10759.0
280	3541.25	0.0	0.0	8947.0
290	3217.5	0.0	0.0	11944.0
300	2815.0	0.0	0.0	10600.0
310	2815.0	0.0	0.0	12938.0
320	3287.0	0.0	0.0	10278.0
330	3819.25	0.0	0.0	12295.0
340	3354.25	0.0	0.0	12590.0
350	3386.25	0.0	0.0	12344.0
360	3483.0	0.0	0.0	7454.0
370	2879.0	0.0	0.0	6782.0
380	3518.25	0.0	0.0	12539.0
390	3107.5	0.0	0.0	10503.0
400	3792.75	0.0	0.0	11838.0
410	3365.75	0.0	0.0	8428.0
420	3528.75	0.0	0.0	12483.0
430	3198.25	0.0	0.0	10103.0
440	3942.75	0.0	0.0	12687.0
450	3536.0	0.0	0.0	8035.0
460	3637.5	0.0	0.0	11192.0
470	3999.5	0.0	0.0	9317.0
480	3658.25	0.0	0.0	11422.0
490	3971.5	0.0	0.0	9114.0
500	3975.0	0.0	0.0	10537.0
510	3633.5	0.0	0.0	9474.0
520	3881.0	0.0	0.0	11179.0
530	3645.25	0.0	0.0	11166.0
540	3591.25	0.0	0.0	11664.0
550	3519.0	0.0	0.0	11892.0
560	3046.75	0.0	0.0	11670.0
570	3629.5	0.0	0.0	9346.0
580	3958.75	0.0	0.0	11668.0
590	3407.5	0.0	0.0	8754.0
600	2770.5	0.0	0.0	11432.0
610	3874.0	0.0	0.0	12231.0
620	3385.5	0.0	0.0	9181.0
630	4048.5	0.0	0.0	10207.0
640	4061.0	0.0	0.0	9234.0
650	3377.25	0.0	0.0	9733.0
660	3177.5	0.0	0.0	10263.0
670	3756.5	0.0	0.0	9570.0
680	3613.0	0.0	0.0	11536.0
690	3784.0	0.0	0.0	11788.0
700	3586.5	0.0	0.0	8970.0
710	3353.0	0.0	0.0	11121.0
720	3356.5	0.0	0.0	12295.0
730	3874.75	0.0	0.0	9885.0
740	3649.5	0.0	0.0	13221.0
750	3873.75	0.0	0.0	12058.0
760	3915.75	0.0	0.0	8801.0
770	3721.0	0.0	0.0	11634.0
780	3332.0	0.0	0.0	11993.0
790	3500.0	0.0	0.0	12267.0
800	3412.25	0.0	0.0	7006.0
