0	265.3965517241379	0.0	0.0	0.0
10	2043.5603448275863	26.448275862068964	597.8275862068965	8152.551724137931
20	2037.0	27.96551724137931	679.1034482758621	8816.620689655172
30	2111.905172413793	31.586206896551722	676.3103448275862	8724.310344827587
40	2136.0172413793102	26.03448275862069	701.6896551724138	8771.310344827587
50	2160.103448275862	26.75862068965517	686.7586206896551	8836.931034482759
60	2205.810344827586	24.310344827586206	717.2068965517242	9164.068965517241
70	2284.5775862068967	19.517241379310345	702.448275862069	9148.551724137931
80	2376.2241379310344	21.620689655172413	690.7931034482758	9138.655172413793
90	2388.7844827586205	22.03448275862069	635.3103448275862	8673.137931034482
100	2409.301724137931	22.103448275862068	680.3793103448276	9180.620689655172
110	2463.4310344827586	20.379310344827587	732.8275862068965	9497.724137931034
120	2422.956896551724	22.344827586206897	688.6896551724138	9360.689655172413
130	2489.6293103448274	21.862068965517242	653.6896551724138	9074.689655172413
140	2483.25	23.448275862068964	636.0344827586207	9050.51724137931
150	2524.6637931034484	18.275862068965516	626.448275862069	8901.620689655172
160	2491.5344827586205	18.896551724137932	596.2068965517242	8486.620689655172
170	2509.9741379310344	25.103448275862068	623.9310344827586	9155.620689655172
180	2517.137931034483	22.24137931034483	649.2413793103449	9417.206896551725
190	2428.4310344827586	23.689655172413794	587.8620689655172	8722.655172413793
200	2458.2844827586205	20.689655172413794	568.6206896551724	8462.137931034482
210	2533.5344827586205	19.310344827586206	605.7586206896551	9169.0
220	2564.155172413793	21.310344827586206	620.9655172413793	9098.344827586207
230	2478.1293103448274	19.379310344827587	620.0344827586207	9109.620689655172
240	2587.7155172413795	19.75862068965517	573.1379310344828	8586.103448275862
250	2637.2327586206898	15.275862068965518	604.0344827586207	9190.551724137931
260	2703.1810344827586	17.482758620689655	633.8275862068965	9390.344827586207
270	2653.939655172414	15.10344827586207	617.1379310344828	8960.965517241379
280	2752.7758620689656	14.586206896551724	627.0689655172414	9336.413793103447
290	2830.5689655172414	9.517241379310345	647.9655172413793	9575.344827586207
300	2882.4137931034484	9.448275862068966	588.1724137931035	8768.896551724138
310	2873.939655172414	9.344827586206897	655.3448275862069	9516.241379310344
320	2965.6810344827586	11.689655172413794	636.551724137931	9357.137931034482
330	3026.5775862068967	9.517241379310345	631.5172413793103	9252.379310344828
340	2961.7586206896553	6.896551724137931	605.9655172413793	9050.758620689656
350	3010.4655172413795	7.068965517241379	641.5172413793103	9042.0
360	3071.456896551724	6.068965517241379	705.8620689655172	10174.0
370	3131.405172413793	4.517241379310345	674.1379310344828	9713.0
380	3201.646551724138	4.551724137931035	694.3103448275862	9915.862068965518
390	3115.137931034483	3.2413793103448274	721.7586206896551	9939.275862068966
400	3128.094827586207	2.103448275862069	722.3793103448276	10150.379310344828
410	3244.612068965517	1.8275862068965518	693.8965517241379	9909.793103448275
420	3352.7327586206898	2.2413793103448274	705.0689655172414	10030.620689655172
430	3284.0258620689656	1.1379310344827587	713.4137931034483	10000.172413793103
440	3441.6293103448274	1.3103448275862069	766.2068965517242	10479.51724137931
450	3337.9310344827586	1.6206896551724137	705.8275862068965	9820.896551724138
460	3441.637931034483	0.6551724137931034	726.1379310344828	9898.241379310344
470	3374.3362068965516	0.7586206896551724	725.7241379310345	9984.0
480	3495.9655172413795	0.8275862068965517	789.8275862068965	10293.0
490	3323.112068965517	0.6896551724137931	800.0	10926.51724137931
500	3432.344827586207	0.41379310344827586	803.9655172413793	10406.310344827587
510	3459.9137931034484	0.27586206896551724	751.5172413793103	9982.310344827587
520	3492.5172413793102	0.20689655172413793	801.1379310344828	10355.413793103447
530	3501.810344827586	0.13793103448275862	804.9655172413793	10062.413793103447
540	3569.637931034483	0.10344827586206896	810.551724137931	10673.48275862069
550	3582.6293103448274	0.034482758620689655	841.5172413793103	10746.51724137931
560	3548.060344827586	0.10344827586206896	799.0689655172414	10316.689655172413
570	3582.2844827586205	0.13793103448275862	819.2758620689655	10628.172413793103
580	3402.5	0.13793103448275862	838.2068965517242	10419.965517241379
590	3582.043103448276	0.034482758620689655	812.8275862068965	10161.931034482759
600	3614.6724137931033	0.06896551724137931	878.5172413793103	10666.793103448275
610	3627.4741379310344	0.0	831.1034482758621	10418.965517241379
620	3540.2672413793102	0.10344827586206896	768.0689655172414	9604.310344827587
630	3682.448275862069	0.0	830.5862068965517	10173.724137931034
640	3659.0086206896553	0.0	861.3103448275862	10466.931034482759
650	3696.310344827586	0.0	867.0	10388.034482758621
660	3621.1724137931033	0.0	848.6896551724138	10333.344827586207
670	3719.3793103448274	0.0	853.5862068965517	10212.0
680	3661.2844827586205	0.0	886.0344827586207	10878.586206896553
690	3798.7241379310344	0.0	842.9310344827586	10666.51724137931
700	3712.6637931034484	0.034482758620689655	868.0689655172414	10312.379310344828
710	3751.2413793103447	0.0	844.0689655172414	10300.965517241379
720	3738.5689655172414	0.0	905.2068965517242	10803.51724137931
730	3775.4655172413795	0.0	824.1379310344828	10051.448275862069
740	3715.0172413793102	0.0	858.448275862069	10098.034482758621
750	3730.9913793103447	0.0	869.448275862069	10149.862068965518
760	3768.310344827586	0.0	871.0344827586207	10144.689655172413
770	3712.5344827586205	0.0	930.3103448275862	10665.586206896553
780	3746.905172413793	0.0	857.4137931034483	10157.724137931034
790	3736.2155172413795	0.0	886.6551724137931	10488.793103448275
800	3636.853448275862	0.0	847.3793103448276	10514.965517241379
810	3752.6637931034484	0.0	913.7241379310345	10647.793103448275
820	3700.560344827586	0.0	871.6206896551724	10658.51724137931
830	3760.146551724138	0.0	832.8965517241379	9929.172413793103
840	3797.0775862068967	0.0	874.6206896551724	10845.586206896553
850	3772.5344827586205	0.0	852.3448275862069	10133.965517241379
860	3748.2844827586205	0.0	872.2068965517242	10275.896551724138
870	3851.448275862069	0.0	863.3793103448276	10340.344827586207
880	3800.5862068965516	0.0	855.3103448275862	10246.724137931034
890	3739.4137931034484	0.0	853.1724137931035	10387.827586206897
900	3762.810344827586	0.0	873.7586206896551	10488.51724137931
910	3724.8793103448274	0.0	879.6896551724138	10159.172413793103
920	3748.5172413793102	0.0	844.7241379310345	9778.379310344828
930	3803.103448275862	0.0	877.2068965517242	10308.0
940	3769.6810344827586	0.0	890.2068965517242	10760.034482758621
950	3783.206896551724	0.0	870.0689655172414	10224.241379310344
960	3743.7155172413795	0.0	893.9310344827586	10399.551724137931
970	3800.051724137931	0.0	897.5172413793103	10264.103448275862
980	3730.7241379310344	0.0	902.7931034482758	10771.931034482759
990	3737.8706896551726	0.0	891.7241379310345	10355.896551724138
1000	3688.2758620689656	0.0	827.0689655172414	10376.827586206897
