0	2299.1666666666665	0.0	0.0	0.0
10	2253.8333333333335	284.0	1423.0	10342.0
20	2383.5	202.0	963.0	8756.0
30	2165.3333333333335	163.0	1050.0	7959.0
40	2436.0	351.0	1503.0	12985.0
50	2324.1666666666665	0.0	0.0	9000.0
60	2459.8333333333335	0.0	0.0	11422.0
70	2513.5	0.0	0.0	8509.0
80	1897.0	0.0	0.0	7249.0
90	2195.6666666666665	0.0	0.0	8849.0
100	2423.3333333333335	0.0	0.0	10518.0
110	2187.6666666666665	0.0	0.0	5711.0
120	2377.1666666666665	0.0	0.0	7965.0
130	2667.3333333333335	0.0	0.0	14340.0
140	2889.3333333333335	0.0	0.0	7464.0
150	2789.8333333333335	0.0	0.0	9133.0
160	2442.1666666666665	0.0	0.0	6012.0
170	2426.8333333333335	0.0	0.0	9844.0
180	2762.0	0.0	0.0	8201.0
190	2357.3333333333335	0.0	0.0	8080.0
200	3059.0	0.0	0.0	8112.0
210	2678.5	0.0	0.0	8773.0
220	2539.5	0.0	0.0	10424.0
230	2886.5	0.0	0.0	11027.0
240	2676.6666666666665	0.0	0.0	5624.0
250	2905.8333333333335	0.0	0.0	8300.0
260	2930.1666666666665	0.0	0.0	5657.0
270	2902.1666666666665	0.0	0.0	10701.0
280	2635.5	0.0	0.0	7990.0
290	2957.5	0.0	0.0	8350.0
300	2322.8333333333335	0.0	0.0	8736.0
310	3052.5	0.0	0.0	11366.0
320	3188.8333333333335	0.0	0.0	9618.0
330	3145.1666666666665	0.0	0.0	10569.0
340	2930.5	0.0	0.0	10526.0
350	3259.8333333333335	0.0	0.0	6990.0
360	3203.6666666666665	0.0	0.0	9665.0
370	3612.0	0.0	0.0	10973.0
380	3237.5	0.0	0.0	9155.0
390	3207.1666666666665	0.0	0.0	15100.0
400	3469.1666666666665	0.0	0.0	11340.0
410	3103.0	0.0	0.0	11670.0
420	3025.5	0.0	0.0	10083.0
430	3496.6666666666665	0.0	0.0	9629.0
440	3055.8333333333335	0.0	0.0	12264.0
450	3355.8333333333335	0.0	0.0	8992.0
460	3755.8333333333335	0.0	0.0	8263.0
470	3581.0	0.0	0.0	12091.0
480	3672.6666666666665	0.0	0.0	9178.0
490	3668.3333333333335	0.0	0.0	7500.0
500	3726.0	0.0	0.0	13199.0
510	4009.1666666666665	0.0	0.0	9975.0
520	3089.8333333333335	0.0	0.0	10965.0
530	3360.1666666666665	0.0	0.0	8919.0
540	3387.8333333333335	0.0	0.0	8545.0
550	4152.5	0.0	0.0	11206.0
560	3214.8333333333335	0.0	0.0	8216.0
570	3606.8333333333335	0.0	0.0	11438.0
580	3529.8333333333335	0.0	0.0	12084.0
590	3794.3333333333335	0.0	0.0	8145.0
600	3803.5	0.0	0.0	12448.0
610	3083.3333333333335	0.0	0.0	10253.0
620	3480.8333333333335	0.0	0.0	9187.0
630	3157.3333333333335	0.0	0.0	9697.0
640	3955.8333333333335	0.0	0.0	10304.0
650	3620.3333333333335	0.0	0.0	12499.0
660	3572.6666666666665	0.0	0.0	11511.0
670	3897.3333333333335	0.0	0.0	12558.0
680	4003.0	0.0	0.0	14593.0
690	3662.3333333333335	0.0	0.0	12167.0
700	4053.5	0.0	0.0	11967.0
710	3785.0	0.0	0.0	9641.0
720	3781.8333333333335	0.0	0.0	9459.0
730	3314.3333333333335	0.0	0.0	10817.0
740	3827.3333333333335	0.0	0.0	8607.0
750	3569.3333333333335	0.0	0.0	8208.0
760	3735.6666666666665	0.0	0.0	12817.0
770	3831.3333333333335	0.0	0.0	11780.0
780	3637.8333333333335	0.0	0.0	10860.0
790	3545.5	0.0	0.0	8222.0
800	3532.8333333333335	0.0	0.0	11451.0
