0	2492.5	0.0	0.0	0.0
10	2817.6666666666665	14.0	573.0	9428.0
20	2757.3333333333335	8.0	622.0	9832.0
30	2939.5	0.0	331.0	4896.0
40	2783.0	0.0	581.0	6977.0
50	2852.5	6.0	619.0	10312.0
60	2921.5	0.0	538.0	6479.0
70	2955.3333333333335	0.0	619.0	10122.0
80	2708.8333333333335	2.0	504.0	7554.0
90	3190.8333333333335	0.0	669.0	9901.0
100	2656.8333333333335	8.0	997.0	14613.0
110	3338.3333333333335	0.0	733.0	9616.0
120	3118.8333333333335	2.0	697.0	11585.0
130	2795.1666666666665	0.0	639.0	8470.0
140	3326.8333333333335	0.0	884.0	12716.0
150	3259.3333333333335	0.0	885.0	13660.0
160	3343.5	1.0	686.0	9526.0
170	3330.6666666666665	2.0	730.0	10076.0
180	3792.1666666666665	1.0	670.0	10711.0
190	3641.5	4.0	736.0	11728.0
200	3358.1666666666665	0.0	773.0	9613.0
210	3602.6666666666665	0.0	680.0	9605.0
220	3260.0	0.0	791.0	9459.0
230	3279.1666666666665	0.0	657.0	8735.0
240	3969.1666666666665	1.0	909.0	11553.0
250	3302.3333333333335	0.0	730.0	11796.0
260	3468.6666666666665	0.0	748.0	8638.0
270	3487.6666666666665	0.0	883.0	11598.0
280	3327.1666666666665	0.0	916.0	10845.0
290	3808.1666666666665	0.0	808.0	8842.0
300	3909.0	0.0	974.0	9397.0
310	3881.8333333333335	0.0	888.0	12407.0
320	3801.8333333333335	0.0	744.0	10012.0
330	3787.3333333333335	0.0	738.0	9098.0
340	3676.8333333333335	0.0	767.0	9455.0
350	3621.8333333333335	0.0	754.0	10956.0
360	3303.1666666666665	0.0	765.0	10452.0
370	3137.6666666666665	0.0	904.0	9457.0
380	3332.0	0.0	1050.0	12332.0
390	3603.5	0.0	781.0	7832.0
400	4182.666666666667	0.0	815.0	12228.0
410	3993.3333333333335	0.0	732.0	9942.0
420	3327.0	0.0	880.0	10097.0
430	3441.0	0.0	787.0	10145.0
440	3651.8333333333335	0.0	770.0	9768.0
450	3877.6666666666665	0.0	806.0	9550.0
460	3893.3333333333335	0.0	757.0	10470.0
470	3866.6666666666665	0.0	678.0	9229.0
480	3608.1666666666665	0.0	842.0	10094.0
490	3610.3333333333335	0.0	1065.0	10738.0
500	3899.3333333333335	0.0	640.0	8173.0
510	3875.5	0.0	969.0	11717.0
520	3588.3333333333335	0.0	799.0	11043.0
530	3807.6666666666665	0.0	1082.0	10663.0
540	3697.3333333333335	0.0	607.0	9118.0
550	3836.8333333333335	0.0	763.0	10130.0
560	3822.5	0.0	523.0	6851.0
570	3973.1666666666665	0.0	692.0	10716.0
580	3599.1666666666665	0.0	622.0	8699.0
590	3668.3333333333335	0.0	792.0	9623.0
600	4009.6666666666665	0.0	745.0	8971.0
