0	2964.5	0.0	0.0	0.0
10	2600.0	363.0	13555.0	13555.0
20	2463.5	392.0	10140.0	10140.0
30	2772.1666666666665	245.0	7550.0	9055.0
40	2862.0	0.0	0.0	13063.0
50	3313.6666666666665	0.0	0.0	10194.0
60	2834.5	0.0	0.0	11840.0
70	3065.0	0.0	0.0	9532.0
80	2899.5	0.0	0.0	11589.0
90	3494.5	0.0	0.0	10264.0
100	3116.3333333333335	0.0	0.0	10680.0
110	3173.5	0.0	0.0	11046.0
120	3453.6666666666665	0.0	0.0	11193.0
130	3596.8333333333335	0.0	0.0	9002.0
140	3463.0	0.0	0.0	11577.0
150	3587.3333333333335	0.0	0.0	9905.0
160	3607.6666666666665	0.0	0.0	12086.0
170	3196.6666666666665	0.0	0.0	10168.0
180	3379.8333333333335	0.0	0.0	8237.0
190	3554.5	0.0	0.0	10114.0
200	3325.3333333333335	0.0	0.0	10112.0
210	3322.0	0.0	0.0	7860.0
220	3396.5	0.0	0.0	8071.0
230	3188.5	0.0	0.0	10323.0
240	3546.3333333333335	0.0	0.0	9725.0
250	3420.5	0.0	0.0	8811.0
260	3397.5	0.0	0.0	12391.0
270	3789.6666666666665	0.0	0.0	9192.0
280	3825.0	0.0	0.0	10456.0
290	3976.0	0.0	0.0	12260.0
300	3633.3333333333335	0.0	0.0	10142.0
310	3456.8333333333335	0.0	0.0	12568.0
320	3675.5	0.0	0.0	10796.0
330	3167.0	0.0	0.0	10071.0
340	3472.6666666666665	0.0	0.0	10403.0
350	3680.1666666666665	0.0	0.0	13164.0
360	2976.1666666666665	0.0	0.0	13437.0
370	3573.5	0.0	0.0	13774.0
380	3684.8333333333335	0.0	0.0	9192.0
390	3358.5	0.0	0.0	10891.0
400	3315.5	0.0	0.0	10657.0
410	3559.1666666666665	0.0	0.0	10670.0
420	3653.0	0.0	0.0	8420.0
430	2987.3333333333335	0.0	0.0	12213.0
440	3772.5	0.0	0.0	10565.0
450	3998.5	0.0	0.0	11559.0
460	3533.5	0.0	0.0	10080.0
470	4029.6666666666665	0.0	0.0	11772.0
480	3719.5	0.0	0.0	9848.0
490	3775.0	0.0	0.0	10817.0
500	3695.3333333333335	0.0	0.0	11480.0
