0	268.6666666666667	0.0	0.0
10	1673.5	1380.0	16160.0
20	1814.5	957.0	11645.0
30	1789.1666666666667	650.0	11634.0
40	1964.1666666666667	1090.0	15946.0
50	1940.1666666666667	1000.0	16737.0
60	1970.1666666666667	1030.0	16217.0
70	2381.8333333333335	1106.0	16399.0
80	1997.3333333333333	759.0	14948.0
90	2243.6666666666665	645.0	13516.0
100	2451.8333333333335	740.0	14377.0
110	2655.0	777.0	16714.0
120	2704.0	687.0	15377.0
130	2417.0	517.0	12190.0
140	2382.5	650.0	14476.0
150	2396.1666666666665	591.0	14217.0
160	2126.8333333333335	640.0	15061.0
170	2664.5	480.0	13812.0
180	3180.6666666666665	555.0	16013.0
190	3007.5	520.0	17452.0
200	3117.6666666666665	459.0	16127.0
210	3164.3333333333335	345.0	12805.0
220	3568.8333333333335	358.0	15552.0
230	3661.8333333333335	362.0	15148.0
240	3605.6666666666665	362.0	15701.0
250	3390.8333333333335	346.0	15005.0
260	3491.6666666666665	333.0	15873.0
270	3517.8333333333335	370.0	17099.0
280	3656.0	331.0	14292.0
290	3460.1666666666665	327.0	14335.0
300	3660.0	239.0	11755.0
310	3697.5	319.0	14529.0
320	3754.3333333333335	343.0	16717.0
330	3828.6666666666665	351.0	16139.0
340	3523.0	273.0	14945.0
350	3602.5	338.0	15319.0
360	3143.0	280.0	15185.0
370	3882.3333333333335	269.0	14671.0
380	3852.1666666666665	274.0	14676.0
390	3787.1666666666665	232.0	12247.0
400	3654.3333333333335	299.0	13665.0
410	3622.1666666666665	345.0	16111.0
420	3802.0	288.0	14358.0
430	3349.0	250.0	13080.0
440	3903.0	242.0	15247.0
450	3616.6666666666665	301.0	13568.0
460	3560.6666666666665	267.0	14278.0
470	3770.1666666666665	285.0	13993.0
480	3897.6666666666665	340.0	16755.0
490	3889.3333333333335	284.0	15475.0
500	3491.6666666666665	377.0	19182.0
510	3936.6666666666665	297.0	15833.0
520	3703.0	299.0	14443.0
530	3702.8333333333335	341.0	16005.0
540	3896.6666666666665	261.0	13312.0
550	3688.3333333333335	269.0	14317.0
560	3539.6666666666665	272.0	15217.0
570	3950.8333333333335	252.0	13781.0
580	4088.3333333333335	356.0	17509.0
590	3812.3333333333335	234.0	12486.0
600	3786.6666666666665	312.0	16336.0
610	3683.6666666666665	277.0	16797.0
620	3812.1666666666665	259.0	14035.0
630	3572.6666666666665	308.0	15606.0
640	3974.6666666666665	270.0	14132.0
650	3495.1666666666665	264.0	14440.0
660	3899.0	286.0	15952.0
670	3884.8333333333335	294.0	16829.0
680	4004.0	310.0	15242.0
690	3937.6666666666665	305.0	15658.0
700	3946.8333333333335	264.0	14754.0
710	3635.8333333333335	242.0	13713.0
720	4023.1666666666665	290.0	15603.0
730	3757.5	243.0	14019.0
740	3608.6666666666665	277.0	15853.0
750	3519.5	276.0	15637.0
760	3569.3333333333335	224.0	10853.0
770	3513.8333333333335	242.0	14104.0
780	3845.0	276.0	15480.0
790	3765.6666666666665	247.0	14167.0
800	3562.3333333333335	263.0	13148.0
810	3659.0	242.0	13146.0
820	3576.5	230.0	12621.0
830	3941.6666666666665	289.0	15564.0
840	3615.6666666666665	247.0	12662.0
850	3944.5	310.0	15403.0
860	3761.0	316.0	15167.0
870	3591.5	235.0	11223.0
880	3596.6666666666665	263.0	13502.0
890	4044.5	290.0	15917.0
900	3892.6666666666665	284.0	14545.0
910	3874.0	317.0	16956.0
920	3570.5	285.0	15109.0
930	3820.3333333333335	264.0	14338.0
940	3872.0	355.0	16302.0
950	3670.3333333333335	326.0	14495.0
960	3627.0	337.0	16561.0
970	3732.1666666666665	337.0	17458.0
980	3793.0	254.0	12223.0
990	3772.1666666666665	286.0	13742.0
1000	3770.3333333333335	255.0	13131.0
