0	264.3333333333333	0.0	0.0
10	1900.5	1027.0	12462.0
20	2078.6666666666665	1009.0	15267.0
30	1937.6666666666667	969.0	13744.0
40	1867.3333333333333	1092.0	15608.0
50	2309.8333333333335	982.0	17097.0
60	2262.5	954.0	14309.0
70	2178.0	922.0	14364.0
80	1943.8333333333333	889.0	14763.0
90	2576.0	652.0	12574.0
100	2435.8333333333335	697.0	13329.0
110	2359.6666666666665	695.0	15278.0
120	2465.8333333333335	724.0	15496.0
130	2611.0	557.0	12124.0
140	2840.3333333333335	499.0	12756.0
150	2626.6666666666665	434.0	12567.0
160	2840.5	656.0	16903.0
170	2820.3333333333335	488.0	14423.0
180	3087.5	497.0	13777.0
190	3134.8333333333335	541.0	15168.0
200	2757.0	427.0	13666.0
210	3321.1666666666665	518.0	17624.0
220	3274.0	420.0	15737.0
230	3346.3333333333335	416.0	15576.0
240	3480.0	478.0	17081.0
250	3395.1666666666665	366.0	15143.0
260	3227.3333333333335	355.0	14505.0
270	3399.3333333333335	429.0	17709.0
280	3673.3333333333335	396.0	16704.0
290	3409.3333333333335	330.0	15448.0
300	3503.6666666666665	330.0	15969.0
310	3419.0	278.0	15207.0
320	3639.3333333333335	327.0	15979.0
330	3516.1666666666665	297.0	13848.0
340	3355.6666666666665	325.0	16254.0
350	3626.1666666666665	359.0	15407.0
360	3277.6666666666665	277.0	14282.0
370	3662.6666666666665	246.0	12341.0
380	3457.8333333333335	244.0	13144.0
390	3487.3333333333335	308.0	15538.0
400	3510.6666666666665	290.0	16009.0
410	3653.8333333333335	286.0	14169.0
420	3668.6666666666665	326.0	15287.0
430	3336.3333333333335	261.0	11745.0
440	3516.6666666666665	348.0	15296.0
450	3738.8333333333335	351.0	15551.0
460	3524.3333333333335	248.0	13381.0
470	3540.6666666666665	294.0	13245.0
480	3751.6666666666665	372.0	16352.0
490	3350.6666666666665	323.0	14164.0
500	3712.5	300.0	16458.0
510	3704.3333333333335	351.0	17497.0
520	3569.6666666666665	242.0	11292.0
530	3813.5	292.0	14231.0
540	3780.6666666666665	328.0	16085.0
550	3459.1666666666665	335.0	17510.0
560	3323.5	349.0	16685.0
570	3554.1666666666665	199.0	11140.0
580	3853.1666666666665	318.0	16629.0
590	3789.6666666666665	304.0	15397.0
600	3661.1666666666665	286.0	14682.0
610	3450.0	261.0	15982.0
620	4081.1666666666665	245.0	13845.0
630	3505.8333333333335	297.0	15060.0
640	3756.3333333333335	257.0	14075.0
650	3465.5	264.0	13047.0
660	3459.0	239.0	14402.0
670	3966.3333333333335	243.0	12633.0
680	3747.3333333333335	277.0	17252.0
690	3803.1666666666665	291.0	17314.0
700	3649.3333333333335	374.0	18370.0
710	3637.6666666666665	222.0	13747.0
720	3957.1666666666665	274.0	14395.0
730	4088.0	293.0	15320.0
740	3439.3333333333335	295.0	15975.0
750	3705.5	320.0	17323.0
760	3597.5	357.0	16656.0
770	3661.6666666666665	271.0	14477.0
780	3793.3333333333335	242.0	11760.0
790	4007.0	234.0	12265.0
800	3779.5	291.0	15527.0
810	3427.0	291.0	16957.0
820	4033.6666666666665	305.0	16821.0
830	3899.3333333333335	260.0	13888.0
840	3568.0	290.0	14781.0
850	3666.6666666666665	261.0	12612.0
860	3658.8333333333335	295.0	16953.0
870	4034.3333333333335	296.0	16619.0
880	3880.0	304.0	16088.0
890	3899.6666666666665	315.0	15481.0
900	3891.1666666666665	328.0	17048.0
910	3943.0	274.0	13663.0
920	3514.1666666666665	320.0	16642.0
930	3690.1666666666665	229.0	12333.0
940	3976.3333333333335	271.0	14231.0
950	3980.5	239.0	13073.0
960	3358.6666666666665	233.0	12128.0
970	3424.5	255.0	15006.0
980	3517.3333333333335	282.0	13925.0
990	3780.3333333333335	300.0	15925.0
1000	3879.0	287.0	14121.0
