0	2186.661111111111	0.0	0.0	0.0
10	2164.3777777777773	747.0666666666667	8438.966666666667	12501.366666666667
20	2226.088888888889	246.9	3238.3	10201.566666666668
30	2353.533333333333	6.033333333333333	59.43333333333333	8835.3
40	2366.994444444445	0.0	0.0	8812.4
50	2467.7277777777776	0.0	0.0	9727.4
60	2469.133333333333	0.0	0.0	9695.666666666666
70	2518.922222222223	0.0	0.0	8595.333333333334
80	2449.494444444444	0.0	0.0	9227.633333333333
90	2499.6388888888887	0.0	0.0	8572.2
100	2444.2666666666673	0.0	0.0	8751.6
110	2492.5888888888885	0.0	0.0	8553.166666666666
120	2516.2999999999997	0.0	0.0	8781.9
130	2542.511111111111	0.0	0.0	8655.233333333334
140	2536.1	0.0	0.0	8736.8
150	2561.183333333333	0.0	0.0	9106.033333333333
160	2563.344444444445	0.0	0.0	8905.433333333332
170	2647.7888888888892	0.0	0.0	9429.9
180	2675.3055555555547	0.0	0.0	8686.633333333333
190	2676.2	0.0	0.0	10127.0
200	2790.994444444444	0.0	0.0	9151.966666666667
210	2883.972222222222	0.0	0.0	9640.6
220	2863.5611111111116	0.0	0.0	8939.133333333333
230	2879.9555555555553	0.0	0.0	9803.933333333332
240	2957.3111111111116	0.0	0.0	9728.066666666668
250	2960.9777777777786	0.0	0.0	10153.666666666666
260	2964.1722222222224	0.0	0.0	9686.866666666667
270	3058.4555555555553	0.0	0.0	9711.5
280	3077.0388888888892	0.0	0.0	10014.033333333333
290	3116.5999999999995	0.0	0.0	9483.166666666666
300	3199.0444444444447	0.0	0.0	9978.8
310	3232.844444444444	0.0	0.0	10618.566666666668
320	3250.7388888888886	0.0	0.0	10002.5
330	3319.083333333333	0.0	0.0	9790.833333333334
340	3276.6722222222215	0.0	0.0	9660.166666666666
350	3266.2500000000005	0.0	0.0	10733.833333333334
360	3328.2944444444447	0.0	0.0	10371.833333333334
370	3396.3333333333335	0.0	0.0	10272.533333333333
380	3388.638888888889	0.0	0.0	10866.066666666668
390	3453.1999999999994	0.0	0.0	9990.433333333332
400	3452.138888888889	0.0	0.0	10261.533333333333
410	3409.2888888888874	0.0	0.0	9981.833333333334
420	3432.5500000000006	0.0	0.0	10485.9
430	3540.2500000000005	0.0	0.0	9834.566666666668
440	3594.5500000000006	0.0	0.0	9977.7
450	3484.233333333333	0.0	0.0	10460.866666666667
460	3500.149999999999	0.0	0.0	10514.233333333334
470	3588.527777777779	0.0	0.0	10823.833333333334
480	3594.199999999999	0.0	0.0	10269.333333333334
490	3611.077777777778	0.0	0.0	11136.433333333332
500	3501.305555555556	0.0	0.0	10802.566666666668
510	3486.3222222222225	0.0	0.0	10682.7
520	3604.916666666666	0.0	0.0	10809.3
530	3659.255555555555	0.0	0.0	9519.333333333334
540	3478.6666666666656	0.0	0.0	10466.333333333334
550	3651.266666666666	0.0	0.0	10442.2
560	3599.6611111111115	0.0	0.0	9962.9
570	3661.9444444444443	0.0	0.0	10535.533333333333
580	3595.983333333332	0.0	0.0	10323.666666666666
590	3619.8888888888882	0.0	0.0	10498.4
600	3719.7611111111105	0.0	0.0	10865.333333333334
610	3695.0500000000006	0.0	0.0	10620.733333333334
620	3671.9888888888886	0.0	0.0	10782.0
630	3609.661111111112	0.0	0.0	10355.333333333334
640	3723.2333333333345	0.0	0.0	10189.733333333334
650	3718.527777777778	0.0	0.0	10853.933333333332
660	3770.938888888889	0.0	0.0	10565.6
670	3719.894444444444	0.0	0.0	10613.866666666667
680	3783.744444444445	0.0	0.0	10605.433333333332
690	3733.311111111112	0.0	0.0	10224.3
700	3732.7833333333338	0.0	0.0	10339.666666666666
710	3689.3555555555554	0.0	0.0	10863.066666666668
720	3750.422222222222	0.0	0.0	10212.4
730	3753.3833333333337	0.0	0.0	10634.266666666666
740	3757.1611111111115	0.0	0.0	10351.3
750	3728.577777777778	0.0	0.0	10076.166666666666
760	3776.3722222222223	0.0	0.0	10783.866666666667
770	3724.5722222222225	0.0	0.0	10114.733333333334
780	3715.1388888888887	0.0	0.0	10297.9
790	3766.816666666666	0.0	0.0	10378.466666666667
800	3728.755555555557	0.0	0.0	10378.033333333333
