0	1421.3333333333333	0.0	0.0	0.0
10	1739.6666666666667	0.0	0.0	5652.0
20	1885.5	0.0	0.0	6100.0
30	1707.0	0.0	0.0	8273.0
40	1638.6666666666667	0.0	0.0	8785.0
50	1636.0	0.0	0.0	6258.0
60	1507.0	0.0	0.0	8469.0
70	1378.0	0.0	0.0	5963.0
80	1607.8333333333333	0.0	0.0	6402.0
90	1339.0	0.0	0.0	5285.0
100	1455.3333333333333	0.0	0.0	5758.0
110	1454.0	0.0	0.0	7730.0
120	1409.3333333333333	0.0	0.0	6738.0
130	1595.3333333333333	0.0	0.0	6164.0
140	1525.0	0.0	0.0	7678.0
150	1417.3333333333333	0.0	0.0	9314.0
160	1552.0	0.0	0.0	9673.0
170	1755.5	0.0	0.0	7303.0
180	1463.6666666666667	0.0	0.0	8687.0
190	1406.0	0.0	0.0	5808.0
200	1643.0	0.0	0.0	5853.0
210	1418.0	0.0	0.0	7880.0
220	1652.3333333333333	0.0	0.0	8208.0
230	1633.0	0.0	0.0	6404.0
240	1596.3333333333333	0.0	0.0	7467.0
250	1412.0	0.0	0.0	7919.0
260	1508.1666666666667	0.0	0.0	5476.0
270	1222.6666666666667	0.0	0.0	7114.0
280	1328.6666666666667	0.0	0.0	7310.0
290	1313.0	0.0	0.0	6996.0
300	1406.0	0.0	0.0	4881.0
310	1510.3333333333333	0.0	0.0	7071.0
320	1396.3333333333333	0.0	0.0	3565.0
330	1382.0	0.0	0.0	5999.0
340	1358.3333333333333	0.0	0.0	6209.0
350	1406.3333333333333	0.0	0.0	6211.0
360	1292.0	0.0	0.0	7713.0
370	1417.6666666666667	0.0	0.0	7697.0
380	1371.6666666666667	0.0	0.0	6138.0
390	1403.6666666666667	0.0	0.0	5945.0
400	1436.6666666666667	0.0	0.0	4839.0
410	1378.6666666666667	0.0	0.0	6410.0
420	1353.3333333333333	0.0	0.0	5277.0
430	1365.6666666666667	0.0	0.0	5207.0
440	1323.6666666666667	0.0	0.0	6428.0
450	1390.3333333333333	0.0	0.0	6172.0
460	1137.6666666666667	0.0	0.0	7665.0
470	1272.0	0.0	0.0	4885.0
480	1439.3333333333333	0.0	0.0	4752.0
490	1336.3333333333333	0.0	0.0	6482.0
500	1526.0	0.0	0.0	4515.0
510	1337.6666666666667	0.0	0.0	5410.0
520	1258.6666666666667	0.0	0.0	7439.0
530	1318.3333333333333	0.0	0.0	6034.0
540	1339.1666666666667	0.0	0.0	5539.0
550	1412.0	0.0	0.0	6541.0
560	1418.0	0.0	0.0	7967.0
570	1252.6666666666667	0.0	0.0	5651.0
580	1264.6666666666667	0.0	0.0	5779.0
590	1181.0	0.0	0.0	5532.0
600	1449.6666666666667	0.0	0.0	5813.0
610	1235.6666666666667	0.0	0.0	6223.0
620	1178.3333333333333	0.0	0.0	4420.0
630	1411.0	0.0	0.0	5621.0
640	1246.3333333333333	0.0	0.0	6138.0
650	1306.0	0.0	0.0	5170.0
660	1450.6666666666667	0.0	0.0	5915.0
670	1295.6666666666667	0.0	0.0	5831.0
680	1185.3333333333333	0.0	0.0	5904.0
690	1356.0	0.0	0.0	4901.0
700	1142.0	0.0	0.0	5631.0
710	1406.6666666666667	0.0	0.0	4635.0
720	1237.3333333333333	0.0	0.0	4768.0
730	1283.0	0.0	0.0	4846.0
740	1167.3333333333333	0.0	0.0	4346.0
750	1310.0	0.0	0.0	5112.0
760	1315.0	0.0	0.0	4839.0
770	1277.6666666666667	0.0	0.0	4474.0
780	1267.3333333333333	0.0	0.0	5591.0
790	1302.3333333333333	0.0	0.0	4755.0
800	1145.6666666666667	0.0	0.0	4096.0
810	1235.3333333333333	0.0	0.0	3440.0
820	1348.6666666666667	0.0	0.0	4036.0
830	1081.0	0.0	0.0	7033.0
840	1237.6666666666667	0.0	0.0	4379.0
850	1141.0	0.0	0.0	3956.0
860	1200.0	0.0	0.0	5421.0
870	1260.6666666666667	0.0	0.0	4516.0
880	1226.0	0.0	0.0	6761.0
890	1379.0	0.0	0.0	4941.0
900	1129.6666666666667	0.0	0.0	5480.0
910	1256.6666666666667	0.0	0.0	5663.0
920	1128.3333333333333	0.0	0.0	4453.0
930	1216.3333333333333	0.0	0.0	5725.0
940	1113.6666666666667	0.0	0.0	6495.0
950	1145.6666666666667	0.0	0.0	4753.0
960	1082.0	0.0	0.0	4616.0
970	1282.6666666666667	0.0	0.0	6905.0
980	1232.0	0.0	0.0	5619.0
990	1185.0	0.0	0.0	6022.0
1000	1327.3333333333333	0.0	0.0	4933.0
