0	1473.0	0.0	0.0	0.0
10	1494.6666666666667	0.0	0.0	6552.0
20	1511.1666666666667	0.0	0.0	6714.0
30	1516.1666666666667	0.0	0.0	6974.0
40	1573.6666666666667	0.0	0.0	8332.0
50	1568.6666666666667	0.0	0.0	8816.0
60	1455.6666666666667	0.0	0.0	7751.0
70	1566.0	0.0	0.0	7553.0
80	1601.0	0.0	0.0	8472.0
90	1671.6666666666667	0.0	0.0	7079.0
100	1361.6666666666667	0.0	0.0	4692.0
110	1435.3333333333333	0.0	0.0	10404.0
120	1389.0	0.0	0.0	6354.0
130	1272.0	0.0	0.0	5940.0
140	1376.6666666666667	0.0	0.0	7317.0
150	1244.6666666666667	0.0	0.0	7287.0
160	1551.1666666666667	0.0	0.0	7141.0
170	1596.8333333333333	0.0	0.0	7410.0
180	1385.3333333333333	0.0	0.0	8063.0
190	1598.6666666666667	0.0	0.0	4865.0
200	1513.0	0.0	0.0	5955.0
210	1417.8333333333333	0.0	0.0	4973.0
220	1485.0	0.0	0.0	6908.0
230	1414.5	0.0	0.0	5881.0
240	1754.0	0.0	0.0	9299.0
250	1637.0	0.0	0.0	9000.0
260	1487.0	0.0	0.0	6802.0
270	1560.1666666666667	0.0	0.0	8780.0
280	1406.3333333333333	0.0	0.0	6074.0
290	1552.0	0.0	0.0	7761.0
300	1477.1666666666667	0.0	0.0	3635.0
310	1499.0	0.0	0.0	6358.0
320	1296.3333333333333	0.0	0.0	6652.0
330	1232.5	0.0	0.0	6654.0
340	1305.6666666666667	0.0	0.0	6505.0
350	1259.1666666666667	0.0	0.0	6583.0
360	1422.3333333333333	0.0	0.0	5853.0
370	1504.3333333333333	0.0	0.0	6568.0
380	1289.1666666666667	0.0	0.0	8926.0
390	1231.6666666666667	0.0	0.0	6191.0
400	1383.0	0.0	0.0	5509.0
410	1403.0	0.0	0.0	6731.0
420	1434.8333333333333	0.0	0.0	7451.0
430	1381.3333333333333	0.0	0.0	4898.0
440	1459.8333333333333	0.0	0.0	7385.0
450	1181.0	0.0	0.0	5819.0
460	1445.0	0.0	0.0	7419.0
470	1364.5	0.0	0.0	7560.0
480	1502.0	0.0	0.0	6036.0
490	1462.6666666666667	0.0	0.0	6006.0
500	1294.3333333333333	0.0	0.0	5831.0
510	1316.3333333333333	0.0	0.0	6853.0
520	1581.6666666666667	0.0	0.0	7202.0
530	1287.3333333333333	0.0	0.0	4928.0
540	1363.0	0.0	0.0	7033.0
550	1252.6666666666667	0.0	0.0	6085.0
560	1437.3333333333333	0.0	0.0	8332.0
570	1329.0	0.0	0.0	3950.0
580	1444.8333333333333	0.0	0.0	6217.0
590	1213.3333333333333	0.0	0.0	6232.0
600	1384.3333333333333	0.0	0.0	6075.0
610	1427.3333333333333	0.0	0.0	6061.0
620	1436.3333333333333	0.0	0.0	5362.0
630	1404.0	0.0	0.0	5180.0
640	1324.6666666666667	0.0	0.0	5429.0
650	1400.0	0.0	0.0	5381.0
660	1420.0	0.0	0.0	4617.0
670	1435.3333333333333	0.0	0.0	7393.0
680	1404.6666666666667	0.0	0.0	5355.0
690	1386.3333333333333	0.0	0.0	5865.0
700	1511.0	0.0	0.0	5866.0
710	1411.5	0.0	0.0	9500.0
720	1240.8333333333333	0.0	0.0	6678.0
730	1363.6666666666667	0.0	0.0	6103.0
740	1377.6666666666667	0.0	0.0	6044.0
750	1445.5	0.0	0.0	5870.0
760	1235.0	0.0	0.0	5596.0
770	1412.6666666666667	0.0	0.0	5389.0
780	1252.0	0.0	0.0	7402.0
790	1347.6666666666667	0.0	0.0	6636.0
800	1327.0	0.0	0.0	7305.0
810	1307.3333333333333	0.0	0.0	5035.0
820	1319.0	0.0	0.0	5624.0
830	1365.0	0.0	0.0	4593.0
840	1337.0	0.0	0.0	7577.0
850	1406.3333333333333	0.0	0.0	6159.0
860	1357.0	0.0	0.0	5708.0
870	1288.3333333333333	0.0	0.0	5749.0
880	1337.3333333333333	0.0	0.0	7855.0
890	1339.0	0.0	0.0	5429.0
900	1269.3333333333333	0.0	0.0	5733.0
910	1224.3333333333333	0.0	0.0	5585.0
920	1245.0	0.0	0.0	6385.0
930	1444.6666666666667	0.0	0.0	6169.0
940	1301.6666666666667	0.0	0.0	4568.0
950	1287.6666666666667	0.0	0.0	4471.0
960	1193.3333333333333	0.0	0.0	7017.0
970	1167.3333333333333	0.0	0.0	5343.0
980	1272.0	0.0	0.0	6454.0
990	1330.3333333333333	0.0	0.0	4480.0
1000	1292.0	0.0	0.0	5012.0
