0	1930.1666666666667	0.0	0.0	0.0
10	2144.1666666666665	77.0	1216.0	6932.0
20	2121.1666666666665	313.0	3195.0	13128.0
30	2378.1666666666665	82.0	1389.0	7249.0
40	2515.5	7.0	997.0	6562.0
50	2568.8333333333335	110.0	2617.0	10146.0
60	2374.6666666666665	42.0	2139.0	8208.0
70	2426.5	198.0	1609.0	7449.0
80	2468.6666666666665	6.0	1671.0	7649.0
90	2268.6666666666665	129.0	1850.0	8937.0
100	2621.5	36.0	303.0	11137.0
110	2657.8333333333335	0.0	0.0	11480.0
120	2550.0	0.0	0.0	9025.0
130	2393.0	0.0	0.0	7631.0
140	2731.0	0.0	0.0	9065.0
150	2915.3333333333335	0.0	0.0	12892.0
160	2636.0	0.0	0.0	9736.0
170	2750.0	0.0	0.0	10898.0
180	2236.8333333333335	0.0	0.0	10000.0
190	2728.6666666666665	0.0	0.0	9978.0
200	2404.6666666666665	0.0	0.0	6620.0
210	2501.8333333333335	0.0	0.0	8754.0
220	2532.0	0.0	0.0	8845.0
230	2735.8333333333335	0.0	0.0	7768.0
240	2989.6666666666665	0.0	0.0	11992.0
250	2890.1666666666665	0.0	0.0	9335.0
260	2388.5	0.0	0.0	6985.0
270	2962.1666666666665	0.0	0.0	11684.0
280	3166.0	0.0	0.0	9482.0
290	2949.1666666666665	0.0	0.0	8433.0
300	3122.3333333333335	0.0	0.0	7330.0
310	3308.8333333333335	0.0	0.0	10463.0
320	3526.0	0.0	0.0	10274.0
330	2887.0	0.0	0.0	9228.0
340	2903.3333333333335	0.0	0.0	15356.0
350	3311.6666666666665	0.0	0.0	8647.0
360	3191.6666666666665	0.0	0.0	12383.0
370	3497.5	0.0	0.0	11066.0
380	3268.8333333333335	0.0	0.0	9195.0
390	3254.3333333333335	0.0	0.0	12713.0
400	2853.0	0.0	0.0	12190.0
410	2912.5	0.0	0.0	11312.0
420	3452.6666666666665	0.0	0.0	9485.0
430	3111.8333333333335	0.0	0.0	14310.0
440	3912.0	0.0	0.0	12969.0
450	2921.1666666666665	0.0	0.0	14113.0
460	3645.0	0.0	0.0	8069.0
470	3219.8333333333335	0.0	0.0	12315.0
480	4000.6666666666665	0.0	0.0	12747.0
490	3507.8333333333335	0.0	0.0	13635.0
500	3448.5	0.0	0.0	11436.0
510	3374.6666666666665	0.0	0.0	9083.0
520	3970.6666666666665	0.0	0.0	9782.0
530	3495.6666666666665	0.0	0.0	10170.0
540	4014.6666666666665	0.0	0.0	10285.0
550	3671.6666666666665	0.0	0.0	9256.0
560	3708.5	0.0	0.0	11395.0
570	3630.3333333333335	0.0	0.0	9689.0
580	3722.8333333333335	0.0	0.0	11796.0
590	3617.0	0.0	0.0	9407.0
600	3605.0	0.0	0.0	9179.0
610	3896.0	0.0	0.0	11379.0
620	3800.1666666666665	0.0	0.0	10824.0
630	3879.8333333333335	0.0	0.0	10103.0
640	3789.1666666666665	0.0	0.0	10030.0
650	3917.1666666666665	0.0	0.0	11396.0
660	3410.3333333333335	0.0	0.0	8512.0
670	3568.3333333333335	0.0	0.0	7666.0
680	3445.3333333333335	0.0	0.0	13469.0
690	3717.5	0.0	0.0	10205.0
700	3832.1666666666665	0.0	0.0	11327.0
710	3385.8333333333335	0.0	0.0	10434.0
720	3537.3333333333335	0.0	0.0	9995.0
730	3777.3333333333335	0.0	0.0	7887.0
740	3781.0	0.0	0.0	10324.0
750	3860.0	0.0	0.0	8658.0
760	3756.3333333333335	0.0	0.0	12495.0
770	3875.1666666666665	0.0	0.0	11502.0
780	3879.3333333333335	0.0	0.0	10099.0
790	3899.3333333333335	0.0	0.0	9357.0
800	3742.5	0.0	0.0	11065.0
