0	262.6666666666667	0.0	0.0	0.0
10	1995.5	170.0	15523.0	15615.0
20	2135.3333333333335	127.0	8946.0	9045.0
30	2113.0	51.0	10565.0	10629.0
40	2113.6666666666665	170.0	13664.0	13748.0
50	2355.1666666666665	159.0	9694.0	9780.0
60	2319.5	162.0	11110.0	11269.0
70	2489.6666666666665	75.0	8620.0	8716.0
80	2500.1666666666665	86.0	9067.0	11504.0
90	2610.5	0.0	0.0	7903.0
100	2449.8333333333335	0.0	0.0	9436.0
110	2941.3333333333335	0.0	0.0	6112.0
120	2283.5	0.0	0.0	9419.0
130	2691.3333333333335	0.0	0.0	7604.0
140	2715.6666666666665	0.0	0.0	5038.0
150	3516.3333333333335	0.0	0.0	4947.0
160	3076.6666666666665	0.0	0.0	10388.0
170	3064.3333333333335	0.0	0.0	10560.0
180	2726.8333333333335	0.0	0.0	8861.0
190	3223.6666666666665	0.0	0.0	10579.0
200	3024.8333333333335	0.0	0.0	11115.0
210	2988.1666666666665	0.0	0.0	9685.0
220	3051.1666666666665	0.0	0.0	10003.0
230	3446.8333333333335	0.0	0.0	8571.0
240	2781.0	0.0	0.0	9534.0
250	3505.0	0.0	0.0	12325.0
260	3221.3333333333335	0.0	0.0	11160.0
270	3127.6666666666665	0.0	0.0	9244.0
280	3143.3333333333335	0.0	0.0	11066.0
290	3347.3333333333335	0.0	0.0	10115.0
300	3009.0	0.0	0.0	15350.0
310	3572.6666666666665	0.0	0.0	12431.0
320	3828.3333333333335	0.0	0.0	11031.0
330	3722.0	0.0	0.0	7926.0
340	3847.3333333333335	0.0	0.0	10374.0
350	3645.1666666666665	0.0	0.0	11702.0
360	3528.0	0.0	0.0	8160.0
370	3638.0	0.0	0.0	12760.0
380	3561.1666666666665	0.0	0.0	13469.0
390	3264.0	0.0	0.0	13167.0
400	3845.5	0.0	0.0	9937.0
410	3595.8333333333335	0.0	0.0	11308.0
420	3170.5	0.0	0.0	13360.0
430	3872.1666666666665	0.0	0.0	9831.0
440	3604.5	0.0	0.0	9940.0
450	3660.3333333333335	0.0	0.0	11301.0
460	3707.5	0.0	0.0	11464.0
470	3503.3333333333335	0.0	0.0	9238.0
480	3401.0	0.0	0.0	9291.0
490	3444.1666666666665	0.0	0.0	12482.0
500	3833.1666666666665	0.0	0.0	9127.0
510	3918.5	0.0	0.0	6985.0
520	3686.3333333333335	0.0	0.0	9332.0
530	3740.8333333333335	0.0	0.0	12751.0
540	3890.5	0.0	0.0	8042.0
550	3871.1666666666665	0.0	0.0	12099.0
560	3411.8333333333335	0.0	0.0	8356.0
570	3818.6666666666665	0.0	0.0	8198.0
580	3778.1666666666665	0.0	0.0	12965.0
590	3719.8333333333335	0.0	0.0	10576.0
600	3902.3333333333335	0.0	0.0	10142.0
610	3778.0	0.0	0.0	9555.0
620	3993.1666666666665	0.0	0.0	12524.0
630	3910.5	0.0	0.0	9829.0
640	3613.6666666666665	0.0	0.0	9820.0
650	3435.8333333333335	0.0	0.0	8352.0
660	3449.6666666666665	0.0	0.0	10778.0
670	3512.3333333333335	0.0	0.0	9434.0
680	3731.0	0.0	0.0	10305.0
690	3806.3333333333335	0.0	0.0	7830.0
700	3512.8333333333335	0.0	0.0	10080.0
710	3782.3333333333335	0.0	0.0	8884.0
720	3723.3333333333335	0.0	0.0	10862.0
730	3459.0	0.0	0.0	9879.0
740	3879.1666666666665	0.0	0.0	10713.0
750	3732.6666666666665	0.0	0.0	9509.0
760	3707.6666666666665	0.0	0.0	10094.0
770	3459.1666666666665	0.0	0.0	9754.0
780	3612.0	0.0	0.0	9924.0
790	3938.8333333333335	0.0	0.0	10109.0
800	3982.5	0.0	0.0	8774.0
810	3816.1666666666665	0.0	0.0	12556.0
820	3854.3333333333335	0.0	0.0	10359.0
830	3592.8333333333335	0.0	0.0	7162.0
840	3702.6666666666665	0.0	0.0	10352.0
850	3729.3333333333335	0.0	0.0	10143.0
860	3980.0	0.0	0.0	12961.0
870	3942.3333333333335	0.0	0.0	13757.0
880	3423.1666666666665	0.0	0.0	9166.0
890	3814.8333333333335	0.0	0.0	12061.0
900	3689.5	0.0	0.0	10408.0
910	4061.1666666666665	0.0	0.0	9069.0
920	3572.5	0.0	0.0	10433.0
930	3479.5	0.0	0.0	12492.0
940	3901.5	0.0	0.0	10397.0
950	3689.1666666666665	0.0	0.0	8518.0
960	3486.1666666666665	0.0	0.0	9720.0
970	3740.8333333333335	0.0	0.0	10078.0
980	3668.6666666666665	0.0	0.0	9286.0
990	3980.3333333333335	0.0	0.0	8961.0
1000	4093.6666666666665	0.0	0.0	11342.0
