0	245.66666666666666	0.0	0.0	0.0
10	1868.5	120.0	7446.0	7524.0
20	1892.0	202.0	11364.0	11512.0
30	2050.0	151.0	11077.0	11201.0
40	2250.1666666666665	197.0	12620.0	12777.0
50	2254.1666666666665	128.0	11062.0	11179.0
60	2681.5	157.0	10018.0	10138.0
70	2585.3333333333335	45.0	2432.0	6776.0
80	2672.1666666666665	0.0	0.0	6521.0
90	2459.1666666666665	0.0	0.0	8178.0
100	2663.1666666666665	0.0	0.0	8721.0
110	2345.1666666666665	0.0	0.0	7604.0
120	2527.3333333333335	0.0	0.0	9036.0
130	2327.8333333333335	0.0	0.0	13337.0
140	2859.8333333333335	0.0	0.0	8446.0
150	2780.8333333333335	0.0	0.0	9758.0
160	2986.6666666666665	0.0	0.0	10604.0
170	2958.6666666666665	0.0	0.0	8695.0
180	2979.0	0.0	0.0	7978.0
190	3065.6666666666665	0.0	0.0	10209.0
200	2307.6666666666665	0.0	0.0	10822.0
210	3313.8333333333335	0.0	0.0	9049.0
220	3439.1666666666665	0.0	0.0	8715.0
230	2944.8333333333335	0.0	0.0	13635.0
240	2736.3333333333335	0.0	0.0	7284.0
250	3084.6666666666665	0.0	0.0	9712.0
260	3134.6666666666665	0.0	0.0	5991.0
270	3292.3333333333335	0.0	0.0	12151.0
280	3048.8333333333335	0.0	0.0	11282.0
290	3115.1666666666665	0.0	0.0	10953.0
300	3572.0	0.0	0.0	11495.0
310	3741.0	0.0	0.0	10302.0
320	3259.5	0.0	0.0	10482.0
330	3496.8333333333335	0.0	0.0	9206.0
340	3526.1666666666665	0.0	0.0	9088.0
350	3661.1666666666665	0.0	0.0	9055.0
360	3902.5	0.0	0.0	11406.0
370	3595.1666666666665	0.0	0.0	11449.0
380	3438.1666666666665	0.0	0.0	13465.0
390	3354.5	0.0	0.0	9658.0
400	3202.1666666666665	0.0	0.0	11403.0
410	3040.6666666666665	0.0	0.0	10556.0
420	3917.8333333333335	0.0	0.0	9892.0
430	3065.8333333333335	0.0	0.0	9668.0
440	3236.6666666666665	0.0	0.0	12562.0
450	4204.166666666667	0.0	0.0	12736.0
460	3663.6666666666665	0.0	0.0	10552.0
470	3743.1666666666665	0.0	0.0	11744.0
480	3784.6666666666665	0.0	0.0	12966.0
490	3907.3333333333335	0.0	0.0	11452.0
500	3546.5	0.0	0.0	9366.0
510	3310.0	0.0	0.0	8225.0
520	3649.3333333333335	0.0	0.0	12109.0
530	3851.6666666666665	0.0	0.0	10625.0
540	3465.8333333333335	0.0	0.0	11262.0
550	3762.8333333333335	0.0	0.0	9428.0
560	3569.8333333333335	0.0	0.0	9951.0
570	3712.8333333333335	0.0	0.0	11442.0
580	3494.1666666666665	0.0	0.0	9546.0
590	3690.3333333333335	0.0	0.0	12063.0
600	3584.3333333333335	0.0	0.0	9676.0
610	3460.6666666666665	0.0	0.0	8712.0
620	4102.166666666667	0.0	0.0	8238.0
630	3436.3333333333335	0.0	0.0	10176.0
640	3736.5	0.0	0.0	13354.0
650	3933.3333333333335	0.0	0.0	10013.0
660	3684.3333333333335	0.0	0.0	8627.0
670	3803.6666666666665	0.0	0.0	11060.0
680	3513.0	0.0	0.0	12060.0
690	4110.833333333333	0.0	0.0	9739.0
700	3794.6666666666665	0.0	0.0	8475.0
710	3727.3333333333335	0.0	0.0	12473.0
720	4067.3333333333335	0.0	0.0	8521.0
730	4026.0	0.0	0.0	10482.0
740	3950.0	0.0	0.0	7517.0
750	3976.0	0.0	0.0	8867.0
760	3731.3333333333335	0.0	0.0	9669.0
770	3652.0	0.0	0.0	10308.0
780	3811.3333333333335	0.0	0.0	11829.0
790	3987.6666666666665	0.0	0.0	9330.0
800	3822.1666666666665	0.0	0.0	6957.0
810	3731.0	0.0	0.0	9956.0
820	3976.8333333333335	0.0	0.0	8691.0
830	3646.0	0.0	0.0	10786.0
840	3711.0	0.0	0.0	11594.0
850	3792.5	0.0	0.0	12667.0
860	3547.0	0.0	0.0	11461.0
870	3927.8333333333335	0.0	0.0	11452.0
880	3882.5	0.0	0.0	10597.0
890	3855.5	0.0	0.0	9679.0
900	3887.5	0.0	0.0	9061.0
910	3747.5	0.0	0.0	13024.0
920	3872.6666666666665	0.0	0.0	8861.0
930	3740.5	0.0	0.0	8930.0
940	3483.0	0.0	0.0	10977.0
950	3886.1666666666665	0.0	0.0	9620.0
960	4088.8333333333335	0.0	0.0	11006.0
970	3767.1666666666665	0.0	0.0	10388.0
980	3630.5	0.0	0.0	10508.0
990	4032.3333333333335	0.0	0.0	10771.0
1000	3721.6666666666665	0.0	0.0	9129.0
