0	230.0	0.0	0.0	0.0
10	2007.6666666666667	310.0	13336.0	13518.0
20	2088.3333333333335	206.0	12202.0	12291.0
30	2172.0	207.0	10350.0	10453.0
40	2478.6666666666665	114.0	12517.0	12604.0
50	2342.5	161.0	9566.0	9678.0
60	2542.1666666666665	2.0	264.0	10475.0
70	2587.5	0.0	0.0	6410.0
80	2462.1666666666665	0.0	0.0	8001.0
90	2348.6666666666665	0.0	0.0	10091.0
100	2460.8333333333335	0.0	0.0	6504.0
110	3018.1666666666665	0.0	0.0	9901.0
120	2802.1666666666665	0.0	0.0	12062.0
130	2701.5	0.0	0.0	7083.0
140	2603.0	0.0	0.0	10745.0
150	2428.0	0.0	0.0	8409.0
160	2952.1666666666665	0.0	0.0	10845.0
170	3062.5	0.0	0.0	14148.0
180	2681.3333333333335	0.0	0.0	9209.0
190	2709.8333333333335	0.0	0.0	11226.0
200	2970.6666666666665	0.0	0.0	8279.0
210	3032.1666666666665	0.0	0.0	6983.0
220	3016.5	0.0	0.0	9262.0
230	3036.0	0.0	0.0	8107.0
240	3012.0	0.0	0.0	11912.0
250	3333.3333333333335	0.0	0.0	13383.0
260	3071.5	0.0	0.0	8890.0
270	2776.8333333333335	0.0	0.0	13433.0
280	3457.6666666666665	0.0	0.0	8418.0
290	3312.8333333333335	0.0	0.0	10797.0
300	3160.5	0.0	0.0	11578.0
310	3491.5	0.0	0.0	6962.0
320	3497.0	0.0	0.0	12092.0
330	3489.1666666666665	0.0	0.0	10064.0
340	3875.6666666666665	0.0	0.0	6509.0
350	3751.1666666666665	0.0	0.0	12153.0
360	3799.0	0.0	0.0	10199.0
370	3930.3333333333335	0.0	0.0	8724.0
380	3870.1666666666665	0.0	0.0	13110.0
390	2910.8333333333335	0.0	0.0	7731.0
400	3250.5	0.0	0.0	9049.0
410	4071.8333333333335	0.0	0.0	10851.0
420	3793.1666666666665	0.0	0.0	11957.0
430	3398.3333333333335	0.0	0.0	11247.0
440	3576.3333333333335	0.0	0.0	11853.0
450	3836.3333333333335	0.0	0.0	9420.0
460	3114.1666666666665	0.0	0.0	12585.0
470	3298.1666666666665	0.0	0.0	9139.0
480	3514.6666666666665	0.0	0.0	10819.0
490	3422.3333333333335	0.0	0.0	9331.0
500	3484.0	0.0	0.0	9239.0
510	3993.8333333333335	0.0	0.0	10851.0
520	3884.0	0.0	0.0	8188.0
530	3798.0	0.0	0.0	11909.0
540	3783.5	0.0	0.0	11035.0
550	3808.0	0.0	0.0	9440.0
560	4009.0	0.0	0.0	10859.0
570	3726.1666666666665	0.0	0.0	9463.0
580	4031.1666666666665	0.0	0.0	10127.0
590	3836.1666666666665	0.0	0.0	10379.0
600	3861.1666666666665	0.0	0.0	8654.0
610	3961.1666666666665	0.0	0.0	10620.0
620	4064.8333333333335	0.0	0.0	9211.0
630	3535.1666666666665	0.0	0.0	9452.0
640	3749.5	0.0	0.0	8276.0
650	3721.5	0.0	0.0	11038.0
660	3325.8333333333335	0.0	0.0	9366.0
670	4099.166666666667	0.0	0.0	12457.0
680	4196.0	0.0	0.0	9847.0
690	3757.3333333333335	0.0	0.0	8268.0
700	3657.5	0.0	0.0	10882.0
710	4099.666666666667	0.0	0.0	13255.0
720	3910.1666666666665	0.0	0.0	8571.0
730	3799.0	0.0	0.0	11341.0
740	3524.1666666666665	0.0	0.0	11666.0
750	3925.8333333333335	0.0	0.0	8765.0
760	2834.3333333333335	0.0	0.0	8500.0
770	3440.6666666666665	0.0	0.0	10068.0
780	3765.5	0.0	0.0	10493.0
790	3685.8333333333335	0.0	0.0	8741.0
800	4014.1666666666665	0.0	0.0	11661.0
810	3854.1666666666665	0.0	0.0	8773.0
820	3709.5	0.0	0.0	11165.0
830	3556.3333333333335	0.0	0.0	8158.0
840	3941.3333333333335	0.0	0.0	9971.0
850	3708.3333333333335	0.0	0.0	11356.0
860	3730.8333333333335	0.0	0.0	11905.0
870	3944.8333333333335	0.0	0.0	12396.0
880	3952.1666666666665	0.0	0.0	11249.0
890	3675.8333333333335	0.0	0.0	10282.0
900	2951.6666666666665	0.0	0.0	10592.0
910	3871.6666666666665	0.0	0.0	11659.0
920	4036.5	0.0	0.0	11563.0
930	3644.1666666666665	0.0	0.0	12248.0
940	3773.0	0.0	0.0	12052.0
950	3554.8333333333335	0.0	0.0	11853.0
960	3910.0	0.0	0.0	9636.0
970	3693.6666666666665	0.0	0.0	10816.0
980	4156.0	0.0	0.0	9117.0
990	3868.3333333333335	0.0	0.0	8898.0
1000	3688.3333333333335	0.0	0.0	7450.0
