0	248.66666666666666	0.0	0.0	0.0
10	1788.5	152.0	8859.0	8960.0
20	2045.3333333333333	143.0	12029.0	12167.0
30	2100.1666666666665	134.0	11198.0	11337.0
40	1998.0	121.0	9883.0	9925.0
50	2327.3333333333335	165.0	8860.0	8973.0
60	2164.0	157.0	13256.0	13420.0
70	2358.6666666666665	99.0	12413.0	12529.0
80	2728.8333333333335	29.0	3858.0	8958.0
90	2943.5	0.0	0.0	9959.0
100	2216.1666666666665	0.0	0.0	10713.0
110	2667.0	0.0	0.0	8219.0
120	2793.1666666666665	0.0	0.0	8446.0
130	2736.5	0.0	0.0	10127.0
140	2934.0	0.0	0.0	9604.0
150	3049.6666666666665	0.0	0.0	12038.0
160	3432.3333333333335	0.0	0.0	11522.0
170	3067.3333333333335	0.0	0.0	13505.0
180	3154.3333333333335	0.0	0.0	10334.0
190	3004.6666666666665	0.0	0.0	15082.0
200	3102.8333333333335	0.0	0.0	9781.0
210	3277.1666666666665	0.0	0.0	11088.0
220	3271.5	0.0	0.0	13071.0
230	3878.3333333333335	0.0	0.0	8230.0
240	3655.3333333333335	0.0	0.0	10168.0
250	3558.1666666666665	0.0	0.0	10735.0
260	3306.0	0.0	0.0	9647.0
270	3619.8333333333335	0.0	0.0	6989.0
280	3176.6666666666665	0.0	0.0	12498.0
290	3265.6666666666665	0.0	0.0	12088.0
300	3554.0	0.0	0.0	11579.0
310	3346.5	0.0	0.0	11842.0
320	3269.0	0.0	0.0	13887.0
330	2991.1666666666665	0.0	0.0	8216.0
340	3348.8333333333335	0.0	0.0	11212.0
350	3730.0	0.0	0.0	12338.0
360	3908.0	0.0	0.0	11958.0
370	3934.6666666666665	0.0	0.0	10114.0
380	3669.5	0.0	0.0	7741.0
390	3182.6666666666665	0.0	0.0	12432.0
400	3346.6666666666665	0.0	0.0	9380.0
410	3115.8333333333335	0.0	0.0	9140.0
420	3705.5	0.0	0.0	10586.0
430	3655.8333333333335	0.0	0.0	10881.0
440	4008.1666666666665	0.0	0.0	8861.0
450	3732.3333333333335	0.0	0.0	11395.0
460	3682.5	0.0	0.0	13898.0
470	3377.0	0.0	0.0	9004.0
480	3171.6666666666665	0.0	0.0	12552.0
490	3547.8333333333335	0.0	0.0	11382.0
500	3198.8333333333335	0.0	0.0	12986.0
510	3698.5	0.0	0.0	10376.0
520	3907.3333333333335	0.0	0.0	11363.0
530	3856.5	0.0	0.0	14481.0
540	3957.0	0.0	0.0	8622.0
550	3643.0	0.0	0.0	11125.0
560	3626.1666666666665	0.0	0.0	9769.0
570	3717.6666666666665	0.0	0.0	11148.0
580	4023.1666666666665	0.0	0.0	11455.0
590	3940.6666666666665	0.0	0.0	9773.0
600	3599.1666666666665	0.0	0.0	12335.0
610	3740.1666666666665	0.0	0.0	8111.0
620	3618.8333333333335	0.0	0.0	11864.0
630	3707.5	0.0	0.0	10843.0
640	3870.8333333333335	0.0	0.0	11554.0
650	3695.1666666666665	0.0	0.0	10986.0
660	3983.8333333333335	0.0	0.0	8642.0
670	3889.1666666666665	0.0	0.0	10444.0
680	3624.5	0.0	0.0	10915.0
690	3606.0	0.0	0.0	12889.0
700	3488.1666666666665	0.0	0.0	9856.0
710	3808.8333333333335	0.0	0.0	8508.0
720	3769.5	0.0	0.0	8044.0
730	4037.5	0.0	0.0	10118.0
740	3904.6666666666665	0.0	0.0	8441.0
750	3752.5	0.0	0.0	10382.0
760	4012.8333333333335	0.0	0.0	10462.0
770	3727.5	0.0	0.0	8238.0
780	3801.5	0.0	0.0	10217.0
790	3935.0	0.0	0.0	10405.0
800	3492.8333333333335	0.0	0.0	9750.0
810	3729.3333333333335	0.0	0.0	7870.0
820	3531.5	0.0	0.0	10601.0
830	4053.3333333333335	0.0	0.0	11926.0
840	3948.3333333333335	0.0	0.0	12696.0
850	3438.5	0.0	0.0	8787.0
860	3989.8333333333335	0.0	0.0	10688.0
870	3887.0	0.0	0.0	11393.0
880	3596.8333333333335	0.0	0.0	11643.0
890	3863.3333333333335	0.0	0.0	10631.0
900	3823.6666666666665	0.0	0.0	8782.0
910	3918.8333333333335	0.0	0.0	10138.0
920	3819.0	0.0	0.0	10185.0
930	3871.0	0.0	0.0	9693.0
940	3851.5	0.0	0.0	10775.0
950	3903.3333333333335	0.0	0.0	9364.0
960	3889.8333333333335	0.0	0.0	10245.0
970	3718.0	0.0	0.0	11860.0
980	3766.8333333333335	0.0	0.0	9246.0
990	3726.5	0.0	0.0	9454.0
1000	3727.5	0.0	0.0	8553.0
