0	1761.0	0.0	0.0	0.0
10	1774.6666666666667	338.0	3460.0	6748.0
20	1855.8333333333333	350.0	4623.0	10423.0
30	2199.1666666666665	312.0	2722.0	9699.0
40	2031.0	0.0	0.0	6711.0
50	2124.5	0.0	0.0	10473.0
60	2313.1666666666665	0.0	0.0	7084.0
70	2471.3333333333335	0.0	0.0	11695.0
80	2264.1666666666665	0.0	0.0	10674.0
90	2239.1666666666665	0.0	0.0	7029.0
100	2409.8333333333335	0.0	0.0	8458.0
110	1888.3333333333333	0.0	0.0	8489.0
120	2449.3333333333335	0.0	0.0	8654.0
130	2433.3333333333335	0.0	0.0	11341.0
140	2190.8333333333335	0.0	0.0	6676.0
150	1847.1666666666667	0.0	0.0	7603.0
160	2227.5	0.0	0.0	9025.0
170	2371.3333333333335	0.0	0.0	9295.0
180	2154.5	0.0	0.0	5416.0
190	2162.0	0.0	0.0	5307.0
200	2212.0	0.0	0.0	7246.0
210	1993.6666666666667	0.0	0.0	12665.0
220	2420.8333333333335	0.0	0.0	6852.0
230	2322.3333333333335	0.0	0.0	10990.0
240	2319.1666666666665	0.0	0.0	5861.0
250	2119.8333333333335	0.0	0.0	7355.0
260	2287.8333333333335	0.0	0.0	7408.0
270	2562.8333333333335	0.0	0.0	7036.0
280	2623.6666666666665	0.0	0.0	9831.0
290	2886.1666666666665	0.0	0.0	8553.0
300	2709.5	0.0	0.0	8952.0
310	2430.1666666666665	0.0	0.0	6828.0
320	2695.1666666666665	0.0	0.0	9869.0
330	2530.5	0.0	0.0	9122.0
340	2941.1666666666665	0.0	0.0	8358.0
350	2068.8333333333335	0.0	0.0	8060.0
360	2958.6666666666665	0.0	0.0	6410.0
370	2347.6666666666665	0.0	0.0	10403.0
380	2715.6666666666665	0.0	0.0	9698.0
390	2556.8333333333335	0.0	0.0	10963.0
400	2680.3333333333335	0.0	0.0	8857.0
410	3015.5	0.0	0.0	8407.0
420	2730.8333333333335	0.0	0.0	7198.0
430	2939.0	0.0	0.0	7354.0
440	2863.1666666666665	0.0	0.0	6720.0
450	2882.3333333333335	0.0	0.0	10877.0
460	2849.8333333333335	0.0	0.0	8063.0
470	2975.1666666666665	0.0	0.0	7383.0
480	3398.3333333333335	0.0	0.0	9163.0
490	3495.3333333333335	0.0	0.0	9591.0
500	3489.3333333333335	0.0	0.0	7197.0
510	3094.6666666666665	0.0	0.0	11560.0
520	3267.8333333333335	0.0	0.0	9212.0
530	3165.0	0.0	0.0	10546.0
540	3536.3333333333335	0.0	0.0	11157.0
550	3425.8333333333335	0.0	0.0	11325.0
560	3795.6666666666665	0.0	0.0	11331.0
570	3246.0	0.0	0.0	9535.0
580	3071.3333333333335	0.0	0.0	10604.0
590	3772.8333333333335	0.0	0.0	8884.0
600	3554.0	0.0	0.0	8618.0
610	3515.1666666666665	0.0	0.0	8018.0
620	3477.5	0.0	0.0	12180.0
630	3149.6666666666665	0.0	0.0	8766.0
640	3774.0	0.0	0.0	11036.0
650	3768.1666666666665	0.0	0.0	9385.0
660	3264.5	0.0	0.0	10973.0
670	3667.5	0.0	0.0	12464.0
680	3453.8333333333335	0.0	0.0	10045.0
690	3424.3333333333335	0.0	0.0	12463.0
700	3818.0	0.0	0.0	14590.0
710	3264.0	0.0	0.0	11253.0
720	3627.0	0.0	0.0	12009.0
730	3379.5	0.0	0.0	8105.0
740	3393.0	0.0	0.0	12836.0
750	3714.8333333333335	0.0	0.0	10382.0
760	4075.6666666666665	0.0	0.0	9022.0
770	3576.1666666666665	0.0	0.0	11485.0
780	3307.1666666666665	0.0	0.0	10285.0
790	3878.3333333333335	0.0	0.0	10538.0
800	3452.1666666666665	0.0	0.0	11628.0
810	4121.5	0.0	0.0	12648.0
820	3711.5	0.0	0.0	10975.0
830	3661.0	0.0	0.0	10744.0
840	3870.8333333333335	0.0	0.0	10180.0
850	3865.1666666666665	0.0	0.0	9224.0
860	3902.6666666666665	0.0	0.0	10876.0
870	3654.5	0.0	0.0	11569.0
880	3496.5	0.0	0.0	8334.0
890	3511.0	0.0	0.0	11968.0
900	3684.5	0.0	0.0	9546.0
910	3598.0	0.0	0.0	9875.0
920	3879.8333333333335	0.0	0.0	10033.0
930	3732.1666666666665	0.0	0.0	11714.0
940	3762.0	0.0	0.0	10841.0
950	3558.1666666666665	0.0	0.0	11238.0
960	3440.1666666666665	0.0	0.0	10735.0
970	3573.5	0.0	0.0	12081.0
980	3376.3333333333335	0.0	0.0	10756.0
990	3790.1666666666665	0.0	0.0	10814.0
1000	3656.3333333333335	0.0	0.0	9867.0
