0	226.33333333333334	0.0	0.0	0.0
10	1759.8333333333333	124.0	7247.0	12474.0
20	1839.5	25.0	3535.0	12318.0
30	1886.6666666666667	1.0	1313.0	6859.0
40	2061.6666666666665	11.0	1193.0	8042.0
50	2407.8333333333335	12.0	1551.0	8247.0
60	2354.3333333333335	0.0	1124.0	7764.0
70	2581.8333333333335	23.0	1429.0	7693.0
80	2431.6666666666665	5.0	1565.0	7910.0
90	2499.5	8.0	2501.0	10396.0
100	2379.0	10.0	1185.0	8074.0
110	2175.8333333333335	9.0	1758.0	7583.0
120	2471.3333333333335	18.0	1904.0	7736.0
130	2020.6666666666667	5.0	3848.0	12910.0
140	2290.5	4.0	2396.0	11063.0
150	2130.5	14.0	2566.0	10375.0
160	2301.5	12.0	2196.0	8552.0
170	2442.3333333333335	2.0	3815.0	11740.0
180	2641.1666666666665	0.0	1775.0	7247.0
190	2532.6666666666665	25.0	2557.0	8469.0
200	2316.8333333333335	13.0	2055.0	7930.0
210	2616.1666666666665	12.0	2703.0	11154.0
220	2632.8333333333335	1.0	2455.0	9981.0
230	2428.6666666666665	4.0	1494.0	6537.0
240	2548.5	18.0	2554.0	10339.0
250	2539.1666666666665	0.0	1829.0	8386.0
260	1892.1666666666667	0.0	1659.0	9101.0
270	2854.0	1.0	1992.0	10011.0
280	2941.6666666666665	0.0	1766.0	8252.0
290	2776.0	2.0	1620.0	7492.0
300	3360.6666666666665	0.0	1737.0	7842.0
310	2724.0	0.0	2034.0	9330.0
320	2704.3333333333335	0.0	1817.0	7642.0
330	2621.8333333333335	0.0	1862.0	6312.0
340	3114.8333333333335	0.0	1573.0	7385.0
350	2778.0	0.0	2670.0	11502.0
360	2722.3333333333335	0.0	1853.0	8595.0
370	3601.1666666666665	0.0	1883.0	8511.0
380	3245.8333333333335	0.0	2240.0	8940.0
390	3162.8333333333335	0.0	1939.0	7755.0
400	3373.0	0.0	2749.0	11301.0
410	3567.3333333333335	0.0	2566.0	11662.0
420	3291.8333333333335	0.0	2414.0	10915.0
430	3209.8333333333335	0.0	1705.0	8232.0
440	3134.3333333333335	0.0	2147.0	11265.0
450	3765.3333333333335	0.0	1925.0	7855.0
460	3386.8333333333335	0.0	2376.0	10228.0
470	3096.8333333333335	0.0	1769.0	7596.0
480	3615.8333333333335	0.0	3023.0	12197.0
490	3792.1666666666665	0.0	2573.0	9934.0
500	3229.6666666666665	0.0	2653.0	9903.0
510	3274.6666666666665	0.0	3166.0	9958.0
520	3054.8333333333335	0.0	2704.0	10370.0
530	3287.0	0.0	1681.0	9685.0
540	3967.8333333333335	0.0	2451.0	10078.0
550	3430.8333333333335	0.0	2114.0	8674.0
560	3784.6666666666665	0.0	2292.0	9520.0
570	3252.8333333333335	0.0	2651.0	10182.0
580	3909.8333333333335	0.0	3232.0	12300.0
590	3794.8333333333335	0.0	2121.0	9867.0
600	3344.5	0.0	1953.0	10568.0
610	3191.5	0.0	1587.0	9264.0
620	3508.8333333333335	0.0	1705.0	9165.0
630	3975.1666666666665	0.0	2329.0	11424.0
640	3538.6666666666665	0.0	1662.0	9520.0
650	3939.3333333333335	0.0	1896.0	9063.0
660	4003.0	0.0	3785.0	9808.0
670	3262.5	0.0	3957.0	12921.0
680	3477.5	0.0	1608.0	6401.0
690	3669.1666666666665	0.0	2461.0	10564.0
700	3996.1666666666665	0.0	1857.0	9097.0
710	3968.5	0.0	1903.0	10268.0
720	3468.0	0.0	2356.0	11683.0
730	3816.5	0.0	2478.0	10594.0
740	3758.6666666666665	0.0	2646.0	11480.0
750	3969.0	0.0	1312.0	8633.0
760	3768.8333333333335	0.0	1891.0	10049.0
770	3689.1666666666665	0.0	1988.0	9444.0
780	3911.3333333333335	0.0	2402.0	11723.0
790	3484.5	0.0	1733.0	10584.0
800	3919.3333333333335	0.0	1746.0	10454.0
810	3854.1666666666665	0.0	1981.0	9030.0
820	4131.0	0.0	2241.0	11772.0
830	3499.1666666666665	0.0	2517.0	12801.0
840	3683.3333333333335	0.0	2445.0	9252.0
850	3987.5	0.0	1671.0	8756.0
860	3711.1666666666665	0.0	1555.0	8909.0
870	3626.8333333333335	0.0	2760.0	12468.0
880	3847.0	0.0	2499.0	13126.0
890	3548.0	0.0	2005.0	9379.0
900	3975.0	0.0	1692.0	9457.0
910	3804.0	0.0	2796.0	14375.0
920	3794.8333333333335	0.0	2769.0	12443.0
930	3777.0	0.0	2196.0	11389.0
940	3490.0	0.0	1539.0	10019.0
950	3935.6666666666665	0.0	1880.0	9608.0
960	3726.1666666666665	0.0	1495.0	10620.0
970	3669.0	0.0	1205.0	8248.0
980	3600.3333333333335	0.0	1735.0	7826.0
990	3867.5	0.0	2076.0	8343.0
1000	3790.8333333333335	0.0	1739.0	9637.0
