0	257.6666666666667	0.0	0.0	0.0
10	1810.8333333333333	131.0	6515.0	10900.0
20	1968.1666666666667	22.0	2442.0	8002.0
30	2217.1666666666665	14.0	3048.0	10514.0
40	2255.8333333333335	11.0	2204.0	8227.0
50	2276.1666666666665	4.0	2027.0	9663.0
60	2360.1666666666665	1.0	1353.0	8333.0
70	2355.3333333333335	3.0	2135.0	8008.0
80	2495.6666666666665	5.0	1510.0	7372.0
90	2462.0	32.0	1335.0	7944.0
100	2342.3333333333335	1.0	1425.0	7851.0
110	2618.3333333333335	37.0	3672.0	11466.0
120	2390.1666666666665	1.0	969.0	6609.0
130	2503.0	24.0	3475.0	10287.0
140	2906.3333333333335	13.0	2642.0	9268.0
150	2532.3333333333335	30.0	1391.0	7049.0
160	2157.3333333333335	1.0	3216.0	11833.0
170	2196.8333333333335	9.0	2443.0	10708.0
180	2703.1666666666665	14.0	1540.0	8338.0
190	2507.6666666666665	16.0	1629.0	8386.0
200	1888.6666666666667	16.0	2721.0	9851.0
210	2725.0	6.0	2140.0	8919.0
220	2487.0	2.0	1564.0	7558.0
230	2346.1666666666665	0.0	2315.0	8388.0
240	2722.1666666666665	11.0	1652.0	6143.0
250	2982.8333333333335	4.0	2642.0	10630.0
260	2732.3333333333335	2.0	1665.0	6883.0
270	2604.5	1.0	2561.0	10367.0
280	2757.3333333333335	2.0	2154.0	8731.0
290	2716.1666666666665	0.0	3117.0	10078.0
300	2777.3333333333335	8.0	3546.0	11530.0
310	2620.8333333333335	2.0	1406.0	7136.0
320	2303.1666666666665	1.0	1298.0	4828.0
330	2984.5	1.0	3398.0	11751.0
340	3097.8333333333335	0.0	2365.0	9807.0
350	3191.3333333333335	0.0	1728.0	7212.0
360	2918.0	0.0	2443.0	10609.0
370	3246.0	0.0	3206.0	10503.0
380	3162.0	0.0	1945.0	10495.0
390	2996.3333333333335	0.0	1216.0	7542.0
400	3071.3333333333335	0.0	1863.0	8521.0
410	2898.8333333333335	0.0	2404.0	9861.0
420	3088.1666666666665	0.0	2935.0	11666.0
430	3056.3333333333335	0.0	2219.0	10936.0
440	3558.8333333333335	0.0	2101.0	9207.0
450	3065.0	1.0	1858.0	8314.0
460	3431.8333333333335	0.0	2995.0	12537.0
470	3320.1666666666665	0.0	2778.0	10752.0
480	3370.1666666666665	0.0	1840.0	8741.0
490	2867.8333333333335	0.0	2107.0	8394.0
500	3883.6666666666665	0.0	2655.0	10603.0
510	3547.1666666666665	1.0	3013.0	11921.0
520	3569.1666666666665	0.0	3295.0	14510.0
530	3402.8333333333335	0.0	1774.0	7970.0
540	3649.1666666666665	0.0	2665.0	10033.0
550	3415.1666666666665	0.0	3506.0	11017.0
560	3596.3333333333335	0.0	1955.0	7101.0
570	3423.8333333333335	0.0	2204.0	7807.0
580	3698.6666666666665	0.0	2204.0	10099.0
590	3154.3333333333335	0.0	2392.0	10931.0
600	3413.0	0.0	2243.0	11665.0
610	3435.8333333333335	0.0	2933.0	12422.0
620	3764.0	0.0	1995.0	7829.0
630	3058.8333333333335	0.0	2454.0	9075.0
640	3355.1666666666665	0.0	2994.0	11252.0
650	3644.3333333333335	0.0	1777.0	8777.0
660	3490.8333333333335	0.0	2729.0	13777.0
670	3678.5	0.0	1636.0	9453.0
680	3256.1666666666665	0.0	1885.0	9961.0
690	3076.6666666666665	0.0	2048.0	11431.0
700	4014.6666666666665	0.0	2496.0	10381.0
710	3819.8333333333335	0.0	2347.0	11402.0
720	3987.5	0.0	2172.0	10981.0
730	3756.3333333333335	0.0	2474.0	12115.0
740	3867.5	0.0	2346.0	12629.0
750	3726.3333333333335	0.0	1198.0	6548.0
760	3778.0	0.0	2359.0	10666.0
770	3905.5	0.0	2096.0	10179.0
780	3512.8333333333335	0.0	2239.0	9668.0
790	3591.6666666666665	0.0	2538.0	11159.0
800	4120.333333333333	0.0	1537.0	8889.0
810	3777.6666666666665	0.0	2398.0	11492.0
820	3984.3333333333335	0.0	2564.0	11807.0
830	3689.1666666666665	0.0	1831.0	8938.0
840	4085.1666666666665	0.0	2601.0	11489.0
850	3609.5	0.0	2149.0	10650.0
860	3812.8333333333335	0.0	2229.0	9013.0
870	3783.0	0.0	2676.0	13937.0
880	3966.3333333333335	0.0	1593.0	8493.0
890	3745.1666666666665	0.0	1900.0	9721.0
900	3770.8333333333335	0.0	1703.0	10586.0
910	3671.6666666666665	0.0	1547.0	7422.0
920	3734.0	0.0	2238.0	11748.0
930	3728.5	0.0	1903.0	11036.0
940	3710.6666666666665	0.0	1611.0	11564.0
950	3625.8333333333335	0.0	1269.0	9829.0
960	3634.5	0.0	1525.0	10413.0
970	3611.0	0.0	1414.0	9554.0
980	3925.8333333333335	0.0	1917.0	10913.0
990	3623.1666666666665	0.0	1575.0	10406.0
1000	3959.5	0.0	1098.0	7832.0
