0	233.0	0.0	0.0	0.0
10	2000.6666666666667	55.0	5099.0	8623.0
20	1963.6666666666667	14.0	2200.0	8855.0
30	1977.8333333333333	30.0	2437.0	9972.0
40	1877.6666666666667	1.0	1963.0	7561.0
50	1970.1666666666667	48.0	1967.0	9656.0
60	2295.5	2.0	2004.0	8333.0
70	2350.3333333333335	22.0	3068.0	11829.0
80	2369.8333333333335	11.0	2749.0	10552.0
90	2381.3333333333335	5.0	1477.0	8511.0
100	2550.3333333333335	0.0	1040.0	6589.0
110	2461.0	20.0	2819.0	10307.0
120	2542.0	2.0	1335.0	8032.0
130	2498.3333333333335	4.0	1845.0	8001.0
140	2596.8333333333335	6.0	2212.0	7512.0
150	2451.6666666666665	16.0	2260.0	9954.0
160	2663.0	17.0	1995.0	9815.0
170	2560.0	24.0	3923.0	12357.0
180	2564.0	11.0	1236.0	6846.0
190	2551.6666666666665	0.0	2807.0	10465.0
200	2729.8333333333335	12.0	1493.0	6961.0
210	2047.5	13.0	1653.0	8341.0
220	2377.3333333333335	84.0	1880.0	8495.0
230	2971.6666666666665	0.0	2294.0	8619.0
240	2390.1666666666665	0.0	1843.0	7248.0
250	2591.0	17.0	2594.0	10836.0
260	2384.8333333333335	3.0	2408.0	9253.0
270	2700.5	5.0	2808.0	9664.0
280	2561.1666666666665	11.0	2245.0	8127.0
290	2385.8333333333335	1.0	3799.0	10757.0
300	2534.1666666666665	0.0	2272.0	7533.0
310	2275.8333333333335	0.0	121.0	13170.0
320	2561.1666666666665	0.0	0.0	7542.0
330	2650.0	0.0	0.0	8683.0
340	3143.3333333333335	0.0	0.0	10372.0
350	2906.1666666666665	0.0	0.0	9344.0
360	2416.3333333333335	0.0	0.0	8409.0
370	3181.1666666666665	0.0	0.0	11455.0
380	2945.5	0.0	0.0	8205.0
390	2911.1666666666665	0.0	0.0	5675.0
400	2665.8333333333335	0.0	0.0	9855.0
410	3293.1666666666665	0.0	0.0	8588.0
420	3380.0	0.0	0.0	9119.0
430	2855.5	0.0	0.0	12227.0
440	3099.0	0.0	0.0	8586.0
450	3473.1666666666665	0.0	0.0	10777.0
460	3240.6666666666665	0.0	0.0	11201.0
470	3261.6666666666665	0.0	0.0	11443.0
480	3547.8333333333335	0.0	0.0	8368.0
490	3457.5	0.0	0.0	9319.0
500	3110.8333333333335	0.0	0.0	10422.0
510	3383.6666666666665	0.0	0.0	8784.0
520	3133.8333333333335	0.0	0.0	10720.0
530	3692.1666666666665	0.0	0.0	10826.0
540	3301.1666666666665	0.0	0.0	7963.0
550	3725.6666666666665	0.0	0.0	13771.0
560	3753.0	0.0	0.0	7454.0
570	3769.8333333333335	0.0	0.0	8614.0
580	3435.8333333333335	0.0	0.0	11525.0
590	2974.5	0.0	0.0	10805.0
600	2974.0	0.0	0.0	13143.0
610	3418.0	0.0	0.0	9774.0
620	3610.1666666666665	0.0	0.0	11871.0
630	3622.6666666666665	0.0	0.0	9374.0
640	3847.5	0.0	0.0	11313.0
650	3627.8333333333335	0.0	0.0	10524.0
660	3603.6666666666665	0.0	0.0	11564.0
670	3718.8333333333335	0.0	0.0	8379.0
680	3726.3333333333335	0.0	0.0	9859.0
690	3314.3333333333335	0.0	0.0	11283.0
700	3285.6666666666665	0.0	0.0	13084.0
710	3455.5	0.0	0.0	9696.0
720	3257.6666666666665	0.0	0.0	10040.0
730	3535.5	0.0	0.0	8378.0
740	3666.6666666666665	0.0	0.0	10744.0
750	3324.8333333333335	0.0	0.0	9200.0
760	3901.1666666666665	0.0	0.0	10931.0
770	3924.1666666666665	0.0	0.0	13916.0
780	3777.6666666666665	0.0	0.0	9057.0
790	3696.3333333333335	0.0	0.0	13791.0
800	3952.5	0.0	0.0	10304.0
810	3569.1666666666665	0.0	0.0	8777.0
820	3319.1666666666665	0.0	0.0	11699.0
830	3219.3333333333335	0.0	0.0	8973.0
840	3594.3333333333335	0.0	0.0	11458.0
850	3870.6666666666665	0.0	0.0	10592.0
860	3248.1666666666665	0.0	0.0	10365.0
870	3927.6666666666665	0.0	0.0	10898.0
880	4057.3333333333335	0.0	0.0	11748.0
890	4002.8333333333335	0.0	0.0	11046.0
900	3803.8333333333335	0.0	0.0	10432.0
910	3660.1666666666665	0.0	0.0	11593.0
920	3400.8333333333335	0.0	0.0	9559.0
930	3827.6666666666665	0.0	0.0	9157.0
940	3686.3333333333335	0.0	0.0	8460.0
950	3939.1666666666665	0.0	0.0	8687.0
960	3695.0	0.0	0.0	9999.0
970	3547.0	0.0	0.0	9954.0
980	3932.0	0.0	0.0	11665.0
990	3718.1666666666665	0.0	0.0	12074.0
1000	3846.5	0.0	0.0	11967.0
