0	2738.6666666666665	0.0	0.0	0.0
10	2450.1666666666665	671.0	3944.0	7648.0
20	2425.5	329.0	2098.0	7226.0
30	2286.0	0.0	0.0	10119.0
40	2418.5	0.0	0.0	9728.0
50	2464.3333333333335	0.0	0.0	10371.0
60	2530.3333333333335	0.0	0.0	9077.0
70	2806.5	0.0	0.0	9312.0
80	2305.5	0.0	0.0	11547.0
90	2611.6666666666665	0.0	0.0	9905.0
100	2601.1666666666665	0.0	0.0	11179.0
110	2826.6666666666665	0.0	0.0	8754.0
120	2929.8333333333335	0.0	0.0	7646.0
130	3314.3333333333335	0.0	0.0	8022.0
140	3247.0	0.0	0.0	8697.0
150	3386.5	0.0	0.0	7450.0
160	2709.5	0.0	0.0	12999.0
170	2896.8333333333335	0.0	0.0	13309.0
180	3708.3333333333335	0.0	0.0	8482.0
190	2944.6666666666665	0.0	0.0	12558.0
200	3709.1666666666665	0.0	0.0	9671.0
210	3404.8333333333335	0.0	0.0	11053.0
220	3658.3333333333335	0.0	0.0	14021.0
230	3675.3333333333335	0.0	0.0	8515.0
240	2771.0	0.0	0.0	12994.0
250	3102.1666666666665	0.0	0.0	10937.0
260	3543.8333333333335	0.0	0.0	11188.0
270	3748.1666666666665	0.0	0.0	9270.0
280	3470.3333333333335	0.0	0.0	7363.0
290	3463.8333333333335	0.0	0.0	9062.0
300	3471.8333333333335	0.0	0.0	7960.0
310	3157.0	0.0	0.0	9656.0
320	3832.8333333333335	0.0	0.0	10891.0
330	3835.8333333333335	0.0	0.0	7443.0
340	3494.1666666666665	0.0	0.0	10378.0
350	3890.8333333333335	0.0	0.0	7993.0
360	3495.5	0.0	0.0	11523.0
370	3804.5	0.0	0.0	9700.0
380	3659.6666666666665	0.0	0.0	10584.0
390	3727.5	0.0	0.0	9913.0
400	3549.5	0.0	0.0	8691.0
410	3754.3333333333335	0.0	0.0	12081.0
420	3207.6666666666665	0.0	0.0	10233.0
430	3594.1666666666665	0.0	0.0	11176.0
440	3780.0	0.0	0.0	11978.0
450	3455.8333333333335	0.0	0.0	10696.0
460	3841.1666666666665	0.0	0.0	12326.0
470	3749.5	0.0	0.0	10800.0
480	3551.3333333333335	0.0	0.0	7726.0
490	3658.0	0.0	0.0	8865.0
500	3538.0	0.0	0.0	10608.0
510	3778.3333333333335	0.0	0.0	7487.0
520	3610.0	0.0	0.0	9549.0
530	3750.5	0.0	0.0	12886.0
540	3733.5	0.0	0.0	11643.0
550	4090.8333333333335	0.0	0.0	10136.0
560	3752.1666666666665	0.0	0.0	8060.0
570	3724.5	0.0	0.0	13117.0
580	3303.8333333333335	0.0	0.0	9707.0
590	3590.6666666666665	0.0	0.0	9019.0
600	4064.0	0.0	0.0	10432.0
610	3809.5	0.0	0.0	10230.0
620	4149.5	0.0	0.0	11625.0
630	3530.1666666666665	0.0	0.0	10709.0
640	4056.6666666666665	0.0	0.0	9623.0
650	3994.6666666666665	0.0	0.0	9742.0
660	3493.5	0.0	0.0	8964.0
670	3943.0	0.0	0.0	10507.0
680	3434.5	0.0	0.0	13295.0
690	3618.6666666666665	0.0	0.0	8472.0
700	3779.1666666666665	0.0	0.0	9823.0
710	3823.5	0.0	0.0	9324.0
720	3875.0	0.0	0.0	10051.0
730	3980.1666666666665	0.0	0.0	9962.0
740	3550.6666666666665	0.0	0.0	10155.0
750	3685.0	0.0	0.0	11400.0
760	4055.8333333333335	0.0	0.0	13026.0
770	3781.8333333333335	0.0	0.0	11644.0
780	3947.0	0.0	0.0	11377.0
790	3683.6666666666665	0.0	0.0	11877.0
800	3805.0	0.0	0.0	11938.0
