0	2303.6666666666665	0.0	0.0	0.0
10	2275.6666666666665	1000.0	1000.0	9956.0
20	2229.3333333333335	0.0	0.0	7680.0
30	2231.0	0.0	0.0	9003.0
40	2337.8333333333335	0.0	0.0	10648.0
50	2456.8333333333335	0.0	0.0	11938.0
60	2458.0	0.0	0.0	9117.0
70	2469.0	0.0	0.0	10757.0
80	2390.5	0.0	0.0	4150.0
90	2281.5	0.0	0.0	8585.0
100	2248.5	0.0	0.0	7319.0
110	2235.0	0.0	0.0	8510.0
120	2327.0	0.0	0.0	9940.0
130	2382.0	0.0	0.0	9105.0
140	2345.1666666666665	0.0	0.0	9923.0
150	2645.8333333333335	0.0	0.0	12286.0
160	2405.3333333333335	0.0	0.0	12476.0
170	2551.3333333333335	0.0	0.0	6103.0
180	2390.0	0.0	0.0	8906.0
190	2443.5	0.0	0.0	8536.0
200	2510.6666666666665	0.0	0.0	7732.0
210	2472.3333333333335	0.0	0.0	9552.0
220	2899.6666666666665	0.0	0.0	8938.0
230	2569.3333333333335	0.0	0.0	9581.0
240	2883.8333333333335	0.0	0.0	8017.0
250	2883.6666666666665	0.0	0.0	8831.0
260	3138.1666666666665	0.0	0.0	11002.0
270	2902.5	0.0	0.0	11881.0
280	2891.1666666666665	0.0	0.0	7918.0
290	3294.3333333333335	0.0	0.0	11982.0
300	2982.5	0.0	0.0	12695.0
310	3240.3333333333335	0.0	0.0	9544.0
320	3305.0	0.0	0.0	11484.0
330	2966.3333333333335	0.0	0.0	9555.0
340	3173.5	0.0	0.0	10518.0
350	2766.6666666666665	0.0	0.0	11552.0
360	3141.5	0.0	0.0	11389.0
370	2971.5	0.0	0.0	8272.0
380	3607.5	0.0	0.0	11927.0
390	3075.3333333333335	0.0	0.0	8067.0
400	3131.3333333333335	0.0	0.0	8800.0
410	3866.0	0.0	0.0	10281.0
420	3551.0	0.0	0.0	9614.0
430	3275.8333333333335	0.0	0.0	11188.0
440	3220.3333333333335	0.0	0.0	10855.0
450	3893.1666666666665	0.0	0.0	12915.0
460	3802.8333333333335	0.0	0.0	14046.0
470	3493.3333333333335	0.0	0.0	9169.0
480	3826.6666666666665	0.0	0.0	11723.0
490	3431.6666666666665	0.0	0.0	12253.0
500	3787.0	0.0	0.0	7386.0
510	3513.6666666666665	0.0	0.0	8850.0
520	4086.6666666666665	0.0	0.0	10295.0
530	3279.5	0.0	0.0	10971.0
540	3452.0	0.0	0.0	8627.0
550	3830.3333333333335	0.0	0.0	11129.0
560	3887.1666666666665	0.0	0.0	10424.0
570	3196.8333333333335	0.0	0.0	8486.0
580	3202.8333333333335	0.0	0.0	10968.0
590	3671.6666666666665	0.0	0.0	9420.0
600	3434.5	0.0	0.0	9500.0
610	3523.5	0.0	0.0	8762.0
620	3133.8333333333335	0.0	0.0	9811.0
630	3184.3333333333335	0.0	0.0	11089.0
640	3630.3333333333335	0.0	0.0	10706.0
650	3950.0	0.0	0.0	9118.0
660	3587.5	0.0	0.0	11549.0
670	3670.6666666666665	0.0	0.0	11733.0
680	3735.5	0.0	0.0	14843.0
690	3692.8333333333335	0.0	0.0	10536.0
700	3723.3333333333335	0.0	0.0	9641.0
710	3699.5	0.0	0.0	10350.0
720	3949.5	0.0	0.0	11204.0
730	3641.0	0.0	0.0	11946.0
740	3784.5	0.0	0.0	8943.0
750	3550.1666666666665	0.0	0.0	9684.0
760	3724.6666666666665	0.0	0.0	8449.0
770	3951.1666666666665	0.0	0.0	9402.0
780	3791.3333333333335	0.0	0.0	9833.0
790	3832.5	0.0	0.0	8962.0
800	3937.5	0.0	0.0	8069.0
810	3755.1666666666665	0.0	0.0	9272.0
820	3504.8333333333335	0.0	0.0	13115.0
830	3830.5	0.0	0.0	9557.0
840	3872.1666666666665	0.0	0.0	11308.0
850	4090.3333333333335	0.0	0.0	9564.0
860	3641.6666666666665	0.0	0.0	10162.0
870	3831.5	0.0	0.0	10768.0
880	3845.0	0.0	0.0	12032.0
890	3724.6666666666665	0.0	0.0	11286.0
900	3977.5	0.0	0.0	8652.0
910	3428.3333333333335	0.0	0.0	12787.0
920	3771.3333333333335	0.0	0.0	11087.0
930	3880.0	0.0	0.0	10889.0
940	3826.1666666666665	0.0	0.0	9870.0
950	4028.1666666666665	0.0	0.0	8574.0
960	3627.0	0.0	0.0	11779.0
970	3866.5	0.0	0.0	12825.0
980	3720.8333333333335	0.0	0.0	11579.0
990	3728.5	0.0	0.0	10574.0
1000	3861.6666666666665	0.0	0.0	8793.0
