0	2257.3333333333335	0.0	0.0	0.0
10	2211.1666666666665	1000.0	1000.0	8540.0
20	2226.3333333333335	0.0	0.0	10472.0
30	2119.8333333333335	0.0	0.0	4630.0
40	2356.8333333333335	0.0	0.0	11459.0
50	2329.1666666666665	0.0	0.0	9180.0
60	2220.0	0.0	0.0	5751.0
70	2328.1666666666665	0.0	0.0	8929.0
80	2372.1666666666665	0.0	0.0	7751.0
90	2370.1666666666665	0.0	0.0	8806.0
100	2247.5	0.0	0.0	7751.0
110	2153.8333333333335	0.0	0.0	7628.0
120	2137.3333333333335	0.0	0.0	6517.0
130	2159.8333333333335	0.0	0.0	8743.0
140	2312.5	0.0	0.0	7989.0
150	2178.8333333333335	0.0	0.0	8048.0
160	2781.8333333333335	0.0	0.0	10496.0
170	2422.1666666666665	0.0	0.0	8310.0
180	2453.1666666666665	0.0	0.0	9826.0
190	2053.5	0.0	0.0	10817.0
200	2362.1666666666665	0.0	0.0	8997.0
210	2718.5	0.0	0.0	8432.0
220	2836.3333333333335	0.0	0.0	11703.0
230	2618.5	0.0	0.0	9951.0
240	2753.0	0.0	0.0	11283.0
250	2940.0	0.0	0.0	10305.0
260	2918.0	0.0	0.0	12915.0
270	2754.8333333333335	0.0	0.0	7381.0
280	2922.0	0.0	0.0	6224.0
290	3222.5	0.0	0.0	7357.0
300	3047.1666666666665	0.0	0.0	5153.0
310	3075.1666666666665	0.0	0.0	10288.0
320	3314.5	0.0	0.0	11088.0
330	3124.8333333333335	0.0	0.0	9633.0
340	3232.0	0.0	0.0	11418.0
350	3172.1666666666665	0.0	0.0	10485.0
360	3101.0	0.0	0.0	9170.0
370	3289.8333333333335	0.0	0.0	8568.0
380	3190.6666666666665	0.0	0.0	12664.0
390	3454.1666666666665	0.0	0.0	9994.0
400	2822.3333333333335	0.0	0.0	13842.0
410	3381.0	0.0	0.0	10919.0
420	3870.3333333333335	0.0	0.0	15340.0
430	3502.0	0.0	0.0	9358.0
440	2951.1666666666665	0.0	0.0	11969.0
450	3534.5	0.0	0.0	11687.0
460	3360.5	0.0	0.0	11057.0
470	3781.5	0.0	0.0	8463.0
480	3957.1666666666665	0.0	0.0	10471.0
490	4073.1666666666665	0.0	0.0	6269.0
500	3811.5	0.0	0.0	9439.0
510	3507.0	0.0	0.0	12637.0
520	3249.0	0.0	0.0	9400.0
530	3031.8333333333335	0.0	0.0	9018.0
540	3510.5	0.0	0.0	8851.0
550	3594.1666666666665	0.0	0.0	10188.0
560	3600.5	0.0	0.0	12939.0
570	3265.5	0.0	0.0	12738.0
580	3833.1666666666665	0.0	0.0	10333.0
590	3431.8333333333335	0.0	0.0	11421.0
600	3828.1666666666665	0.0	0.0	8008.0
610	3570.8333333333335	0.0	0.0	11609.0
620	3899.3333333333335	0.0	0.0	9219.0
630	4099.5	0.0	0.0	8784.0
640	3660.6666666666665	0.0	0.0	8864.0
650	3891.3333333333335	0.0	0.0	10155.0
660	3686.1666666666665	0.0	0.0	10984.0
670	3904.0	0.0	0.0	12216.0
680	3979.3333333333335	0.0	0.0	10130.0
690	3633.5	0.0	0.0	9863.0
700	3973.3333333333335	0.0	0.0	11393.0
710	4200.0	0.0	0.0	8858.0
720	3766.8333333333335	0.0	0.0	11225.0
730	3665.6666666666665	0.0	0.0	11047.0
740	3729.3333333333335	0.0	0.0	11938.0
750	3733.5	0.0	0.0	10473.0
760	3732.3333333333335	0.0	0.0	13121.0
770	3848.3333333333335	0.0	0.0	10467.0
780	3601.5	0.0	0.0	9999.0
790	3693.3333333333335	0.0	0.0	10697.0
800	3660.6666666666665	0.0	0.0	10145.0
810	3739.5	0.0	0.0	10555.0
820	3340.8333333333335	0.0	0.0	11617.0
830	4030.6666666666665	0.0	0.0	10395.0
840	4099.0	0.0	0.0	11256.0
850	3516.0	0.0	0.0	9149.0
860	3586.6666666666665	0.0	0.0	11735.0
870	3944.6666666666665	0.0	0.0	10500.0
880	3695.6666666666665	0.0	0.0	7656.0
890	3890.0	0.0	0.0	6440.0
900	3602.3333333333335	0.0	0.0	9944.0
910	3867.3333333333335	0.0	0.0	9644.0
920	3658.0	0.0	0.0	10868.0
930	4058.1666666666665	0.0	0.0	9562.0
940	3979.1666666666665	0.0	0.0	8335.0
950	3913.8333333333335	0.0	0.0	12017.0
960	3931.1666666666665	0.0	0.0	9638.0
970	3936.5	0.0	0.0	12097.0
980	3740.3333333333335	0.0	0.0	11202.0
990	3764.6666666666665	0.0	0.0	12939.0
1000	3777.0	0.0	0.0	13095.0
