0	2754.5	0.0	0.0	0.0
10	2835.3333333333335	313.0	2941.0	8640.0
20	2727.5	370.0	3585.0	9822.0
30	2905.6666666666665	317.0	3004.0	13315.0
40	3116.8333333333335	0.0	0.0	7924.0
50	3063.6666666666665	0.0	0.0	9939.0
60	2997.5	0.0	0.0	12213.0
70	3178.5	0.0	0.0	14386.0
80	3675.0	0.0	0.0	7783.0
90	3091.1666666666665	0.0	0.0	9196.0
100	3132.0	0.0	0.0	11748.0
110	3370.3333333333335	0.0	0.0	5687.0
120	3457.5	0.0	0.0	11047.0
130	3403.3333333333335	0.0	0.0	11325.0
140	3692.5	0.0	0.0	8798.0
150	3140.6666666666665	0.0	0.0	9120.0
160	3310.6666666666665	0.0	0.0	11041.0
170	3207.3333333333335	0.0	0.0	10576.0
180	3209.0	0.0	0.0	9761.0
190	3502.3333333333335	0.0	0.0	11440.0
200	3529.0	0.0	0.0	10192.0
210	3582.3333333333335	0.0	0.0	11230.0
220	3097.8333333333335	0.0	0.0	10381.0
230	3251.6666666666665	0.0	0.0	9745.0
240	3503.0	0.0	0.0	10983.0
250	3869.8333333333335	0.0	0.0	10386.0
260	3715.8333333333335	0.0	0.0	12242.0
270	3397.5	0.0	0.0	8488.0
280	3225.1666666666665	0.0	0.0	9256.0
290	2996.5	0.0	0.0	11955.0
300	3723.3333333333335	0.0	0.0	9999.0
310	3229.3333333333335	0.0	0.0	10529.0
320	3666.1666666666665	0.0	0.0	12180.0
330	3170.8333333333335	0.0	0.0	12445.0
340	3983.5	0.0	0.0	9704.0
350	3690.5	0.0	0.0	9680.0
360	3210.8333333333335	0.0	0.0	10478.0
370	3666.8333333333335	0.0	0.0	10382.0
380	3372.3333333333335	0.0	0.0	8366.0
390	3557.6666666666665	0.0	0.0	11472.0
400	3765.3333333333335	0.0	0.0	11404.0
410	3808.1666666666665	0.0	0.0	9610.0
420	3737.8333333333335	0.0	0.0	10287.0
430	3731.0	0.0	0.0	8334.0
440	3795.0	0.0	0.0	10254.0
450	3655.0	0.0	0.0	6148.0
460	3701.8333333333335	0.0	0.0	11164.0
470	3273.0	0.0	0.0	9573.0
480	3324.5	0.0	0.0	10635.0
490	3448.5	0.0	0.0	7243.0
500	4063.1666666666665	0.0	0.0	10991.0
510	3986.6666666666665	0.0	0.0	9893.0
520	3429.6666666666665	0.0	0.0	8672.0
530	3912.5	0.0	0.0	10260.0
540	3752.0	0.0	0.0	12863.0
550	3621.3333333333335	0.0	0.0	12253.0
560	3714.3333333333335	0.0	0.0	10020.0
570	3701.3333333333335	0.0	0.0	9898.0
580	3268.5	0.0	0.0	9623.0
590	4147.0	0.0	0.0	10328.0
600	3961.0	0.0	0.0	13009.0
