0	242.0	0.0	0.0	0.0
10	2105.8333333333335	223.0	4775.0	7929.0
20	2049.3333333333335	336.0	3685.0	10996.0
30	1969.6666666666667	13.0	1348.0	6887.0
40	2096.6666666666665	45.0	1566.0	8743.0
50	2060.5	66.0	1712.0	9567.0
60	2212.8333333333335	28.0	1752.0	8646.0
70	2404.0	39.0	1656.0	9606.0
80	2523.8333333333335	198.0	2292.0	9658.0
90	2492.5	52.0	602.0	11686.0
100	2457.6666666666665	0.0	0.0	9489.0
110	2419.3333333333335	0.0	0.0	6913.0
120	2566.0	0.0	0.0	9597.0
130	2585.5	0.0	0.0	9565.0
140	2430.3333333333335	0.0	0.0	8867.0
150	2452.1666666666665	0.0	0.0	9711.0
160	2670.6666666666665	0.0	0.0	9085.0
170	2569.1666666666665	0.0	0.0	11911.0
180	2062.8333333333335	0.0	0.0	7242.0
190	2967.0	0.0	0.0	9050.0
200	2792.8333333333335	0.0	0.0	10526.0
210	2613.0	0.0	0.0	7685.0
220	2505.3333333333335	0.0	0.0	9535.0
230	2355.6666666666665	0.0	0.0	10066.0
240	2667.8333333333335	0.0	0.0	11762.0
250	2397.6666666666665	0.0	0.0	9459.0
260	2567.3333333333335	0.0	0.0	10332.0
270	2846.0	0.0	0.0	7822.0
280	2831.8333333333335	0.0	0.0	10125.0
290	3364.1666666666665	0.0	0.0	6313.0
300	2654.5	0.0	0.0	12189.0
310	2626.8333333333335	0.0	0.0	9274.0
320	2657.8333333333335	0.0	0.0	10736.0
330	2634.6666666666665	0.0	0.0	13623.0
340	3020.0	0.0	0.0	11309.0
350	3089.3333333333335	0.0	0.0	7811.0
360	3210.0	0.0	0.0	11811.0
370	2668.8333333333335	0.0	0.0	10368.0
380	3647.0	0.0	0.0	12069.0
390	3737.8333333333335	0.0	0.0	10472.0
400	3281.1666666666665	0.0	0.0	8984.0
410	3692.8333333333335	0.0	0.0	8854.0
420	2974.8333333333335	0.0	0.0	9361.0
430	3450.3333333333335	0.0	0.0	12219.0
440	3277.5	0.0	0.0	11052.0
450	3640.0	0.0	0.0	9848.0
460	3634.8333333333335	0.0	0.0	10820.0
470	3711.3333333333335	0.0	0.0	9128.0
480	3337.6666666666665	0.0	0.0	11530.0
490	3151.3333333333335	0.0	0.0	13355.0
500	3205.0	0.0	0.0	9308.0
510	4030.0	0.0	0.0	11847.0
520	3350.0	0.0	0.0	10703.0
530	3818.5	0.0	0.0	11928.0
540	3962.1666666666665	0.0	0.0	11219.0
550	3200.3333333333335	0.0	0.0	13991.0
560	3502.0	0.0	0.0	10415.0
570	4068.3333333333335	0.0	0.0	10476.0
580	4004.0	0.0	0.0	12270.0
590	3163.8333333333335	0.0	0.0	10646.0
600	3978.8333333333335	0.0	0.0	9584.0
610	3872.0	0.0	0.0	12652.0
620	3593.1666666666665	0.0	0.0	9481.0
630	4111.0	0.0	0.0	9836.0
640	3801.6666666666665	0.0	0.0	13061.0
650	3429.5	0.0	0.0	7404.0
660	3021.0	0.0	0.0	8238.0
670	3636.6666666666665	0.0	0.0	8920.0
680	3572.1666666666665	0.0	0.0	9496.0
690	3714.3333333333335	0.0	0.0	10348.0
700	3059.8333333333335	0.0	0.0	11493.0
710	3047.5	0.0	0.0	10579.0
720	3658.8333333333335	0.0	0.0	9388.0
730	3832.3333333333335	0.0	0.0	12614.0
740	3604.8333333333335	0.0	0.0	8003.0
750	3506.8333333333335	0.0	0.0	8758.0
760	3560.3333333333335	0.0	0.0	10276.0
770	3876.0	0.0	0.0	10081.0
780	4031.1666666666665	0.0	0.0	11901.0
790	3612.5	0.0	0.0	10130.0
800	3529.1666666666665	0.0	0.0	6402.0
810	3942.8333333333335	0.0	0.0	8685.0
820	3622.6666666666665	0.0	0.0	11966.0
830	3708.8333333333335	0.0	0.0	11691.0
840	3502.5	0.0	0.0	11751.0
850	3701.0	0.0	0.0	10704.0
860	3554.6666666666665	0.0	0.0	9923.0
870	3839.8333333333335	0.0	0.0	8446.0
880	3913.0	0.0	0.0	12508.0
890	3608.5	0.0	0.0	8631.0
900	3421.0	0.0	0.0	8980.0
910	3907.8333333333335	0.0	0.0	11171.0
920	3831.8333333333335	0.0	0.0	11280.0
930	3676.1666666666665	0.0	0.0	9564.0
940	4044.6666666666665	0.0	0.0	9880.0
950	3885.6666666666665	0.0	0.0	9824.0
960	3894.3333333333335	0.0	0.0	12754.0
970	3735.6666666666665	0.0	0.0	10095.0
980	3856.8333333333335	0.0	0.0	10079.0
990	3609.6666666666665	0.0	0.0	8164.0
1000	3856.8333333333335	0.0	0.0	10509.0
