0	274.6666666666667	0.0	0.0	0.0
10	2078.6666666666665	331.0	5914.0	10448.0
20	2082.6666666666665	224.0	3694.0	11063.0
30	2004.8333333333333	93.0	1951.0	8145.0
40	2054.3333333333335	70.0	1243.0	8438.0
50	2185.5	243.0	3769.0	12998.0
60	2367.0	39.0	826.0	9581.0
70	2341.8333333333335	0.0	0.0	9223.0
80	2472.8333333333335	0.0	0.0	11922.0
90	2425.8333333333335	0.0	0.0	5941.0
100	2621.0	0.0	0.0	8123.0
110	2672.5	0.0	0.0	10964.0
120	2387.5	0.0	0.0	6644.0
130	2648.1666666666665	0.0	0.0	9339.0
140	2562.8333333333335	0.0	0.0	10154.0
150	2551.5	0.0	0.0	6747.0
160	2295.3333333333335	0.0	0.0	8879.0
170	2240.8333333333335	0.0	0.0	9960.0
180	2270.0	0.0	0.0	8810.0
190	2745.8333333333335	0.0	0.0	9825.0
200	2152.6666666666665	0.0	0.0	10827.0
210	2233.1666666666665	0.0	0.0	10398.0
220	2677.6666666666665	0.0	0.0	9242.0
230	2956.1666666666665	0.0	0.0	8470.0
240	2724.3333333333335	0.0	0.0	7636.0
250	2738.6666666666665	0.0	0.0	7681.0
260	2759.0	0.0	0.0	10227.0
270	2924.1666666666665	0.0	0.0	5174.0
280	2979.8333333333335	0.0	0.0	12472.0
290	3184.6666666666665	0.0	0.0	8172.0
300	3359.5	0.0	0.0	11301.0
310	3133.0	0.0	0.0	9267.0
320	3358.6666666666665	0.0	0.0	12251.0
330	3232.5	0.0	0.0	10863.0
340	3360.0	0.0	0.0	12006.0
350	3705.8333333333335	0.0	0.0	10135.0
360	3591.5	0.0	0.0	11786.0
370	3295.3333333333335	0.0	0.0	8141.0
380	3179.5	0.0	0.0	11176.0
390	3141.6666666666665	0.0	0.0	13752.0
400	3364.1666666666665	0.0	0.0	8611.0
410	3419.3333333333335	0.0	0.0	9516.0
420	3355.0	0.0	0.0	12401.0
430	2941.6666666666665	0.0	0.0	10032.0
440	3526.3333333333335	0.0	0.0	10446.0
450	3636.0	0.0	0.0	6514.0
460	3264.1666666666665	0.0	0.0	9946.0
470	3940.0	0.0	0.0	11655.0
480	3246.6666666666665	0.0	0.0	7524.0
490	3565.1666666666665	0.0	0.0	10102.0
500	3933.1666666666665	0.0	0.0	11904.0
510	3752.0	0.0	0.0	13466.0
520	3641.1666666666665	0.0	0.0	11629.0
530	3858.8333333333335	0.0	0.0	8448.0
540	2624.8333333333335	0.0	0.0	9364.0
550	3627.5	0.0	0.0	10580.0
560	3478.8333333333335	0.0	0.0	10643.0
570	3301.0	0.0	0.0	10213.0
580	3521.6666666666665	0.0	0.0	11268.0
590	3794.6666666666665	0.0	0.0	10248.0
600	3871.0	0.0	0.0	12611.0
610	3834.5	0.0	0.0	11237.0
620	3652.5	0.0	0.0	9797.0
630	3999.1666666666665	0.0	0.0	15791.0
640	3937.5	0.0	0.0	10811.0
650	3596.3333333333335	0.0	0.0	9581.0
660	3966.0	0.0	0.0	7556.0
670	3968.6666666666665	0.0	0.0	11932.0
680	3476.3333333333335	0.0	0.0	11939.0
690	4073.6666666666665	0.0	0.0	10672.0
700	3895.8333333333335	0.0	0.0	9596.0
710	3208.0	0.0	0.0	10939.0
720	3595.0	0.0	0.0	11693.0
730	3777.8333333333335	0.0	0.0	9392.0
740	3598.0	0.0	0.0	9040.0
750	4051.6666666666665	0.0	0.0	11706.0
760	3681.0	0.0	0.0	13737.0
770	3747.5	0.0	0.0	11795.0
780	3954.8333333333335	0.0	0.0	8218.0
790	3460.1666666666665	0.0	0.0	8729.0
800	3927.3333333333335	0.0	0.0	13271.0
810	4005.8333333333335	0.0	0.0	9531.0
820	3987.5	0.0	0.0	10371.0
830	3992.6666666666665	0.0	0.0	13368.0
840	3212.5	0.0	0.0	10772.0
850	3892.8333333333335	0.0	0.0	11779.0
860	3814.5	0.0	0.0	10366.0
870	3862.8333333333335	0.0	0.0	11247.0
880	3911.1666666666665	0.0	0.0	6995.0
890	3721.8333333333335	0.0	0.0	10857.0
900	3726.6666666666665	0.0	0.0	9966.0
910	3876.0	0.0	0.0	10267.0
920	3636.8333333333335	0.0	0.0	10431.0
930	3874.8333333333335	0.0	0.0	9888.0
940	3728.0	0.0	0.0	8330.0
950	3922.6666666666665	0.0	0.0	8711.0
960	3932.3333333333335	0.0	0.0	7654.0
970	3960.5	0.0	0.0	11138.0
980	4026.6666666666665	0.0	0.0	12655.0
990	3937.1666666666665	0.0	0.0	9734.0
1000	3698.3333333333335	0.0	0.0	9041.0
