0	257.6666666666667	0.0	0.0	0.0
10	1951.8333333333333	226.0	5098.0	8400.0
20	2158.1666666666665	170.0	3377.0	8979.0
30	2046.0	242.0	3132.0	11347.0
40	2140.8333333333335	180.0	2530.0	10069.0
50	2377.1666666666665	26.0	1044.0	6596.0
60	2239.8333333333335	18.0	1131.0	6677.0
70	2348.3333333333335	39.0	1086.0	8589.0
80	2529.0	60.0	2089.0	8883.0
90	2487.0	39.0	735.0	11377.0
100	2549.6666666666665	0.0	0.0	8895.0
110	2358.1666666666665	0.0	0.0	8695.0
120	2506.6666666666665	0.0	0.0	10015.0
130	2347.0	0.0	0.0	10831.0
140	2523.3333333333335	0.0	0.0	7959.0
150	2330.3333333333335	0.0	0.0	8569.0
160	2694.0	0.0	0.0	9473.0
170	2858.3333333333335	0.0	0.0	7836.0
180	2687.1666666666665	0.0	0.0	9827.0
190	2670.6666666666665	0.0	0.0	12107.0
200	2746.3333333333335	0.0	0.0	10265.0
210	2575.0	0.0	0.0	7385.0
220	2636.0	0.0	0.0	10184.0
230	2430.3333333333335	0.0	0.0	8081.0
240	2757.8333333333335	0.0	0.0	5423.0
250	2876.0	0.0	0.0	10759.0
260	2706.3333333333335	0.0	0.0	11483.0
270	2786.0	0.0	0.0	10950.0
280	2199.1666666666665	0.0	0.0	7889.0
290	2351.1666666666665	0.0	0.0	10265.0
300	2718.0	0.0	0.0	7651.0
310	2901.6666666666665	0.0	0.0	10118.0
320	2428.5	0.0	0.0	6674.0
330	3240.3333333333335	0.0	0.0	8565.0
340	2948.1666666666665	0.0	0.0	11469.0
350	2736.5	0.0	0.0	10543.0
360	3194.8333333333335	0.0	0.0	9439.0
370	3221.8333333333335	0.0	0.0	8821.0
380	3533.8333333333335	0.0	0.0	7820.0
390	2614.5	0.0	0.0	10901.0
400	3191.0	0.0	0.0	7846.0
410	3707.1666666666665	0.0	0.0	10225.0
420	3141.8333333333335	0.0	0.0	10401.0
430	3439.1666666666665	0.0	0.0	11144.0
440	3260.6666666666665	0.0	0.0	12129.0
450	2869.1666666666665	0.0	0.0	10676.0
460	3294.0	0.0	0.0	13079.0
470	3557.1666666666665	0.0	0.0	9181.0
480	3833.6666666666665	0.0	0.0	12662.0
490	3959.8333333333335	0.0	0.0	10370.0
500	3347.8333333333335	0.0	0.0	10237.0
510	3333.5	0.0	0.0	10919.0
520	3321.1666666666665	0.0	0.0	8075.0
530	3741.5	0.0	0.0	10866.0
540	3698.5	0.0	0.0	8083.0
550	3577.1666666666665	0.0	0.0	9239.0
560	3133.3333333333335	0.0	0.0	9345.0
570	3155.3333333333335	0.0	0.0	9676.0
580	3345.6666666666665	0.0	0.0	11064.0
590	4007.6666666666665	0.0	0.0	8524.0
600	3164.8333333333335	0.0	0.0	11886.0
610	3366.1666666666665	0.0	0.0	10151.0
620	3977.0	0.0	0.0	8132.0
630	3329.1666666666665	0.0	0.0	9369.0
640	3323.8333333333335	0.0	0.0	9143.0
650	3842.1666666666665	0.0	0.0	10736.0
660	3860.3333333333335	0.0	0.0	10789.0
670	3450.0	0.0	0.0	9511.0
680	3898.5	0.0	0.0	9539.0
690	3828.8333333333335	0.0	0.0	9797.0
700	3617.0	0.0	0.0	9728.0
710	3628.1666666666665	0.0	0.0	12893.0
720	3496.3333333333335	0.0	0.0	10769.0
730	3826.1666666666665	0.0	0.0	7664.0
740	3917.8333333333335	0.0	0.0	10081.0
750	3648.1666666666665	0.0	0.0	9478.0
760	3888.6666666666665	0.0	0.0	10674.0
770	3771.6666666666665	0.0	0.0	7440.0
780	3784.8333333333335	0.0	0.0	8224.0
790	3560.5	0.0	0.0	12540.0
800	3744.5	0.0	0.0	8775.0
810	3869.3333333333335	0.0	0.0	9198.0
820	3926.0	0.0	0.0	10547.0
830	3935.5	0.0	0.0	11593.0
840	4048.0	0.0	0.0	9302.0
850	3631.3333333333335	0.0	0.0	10192.0
860	4055.3333333333335	0.0	0.0	8231.0
870	3767.6666666666665	0.0	0.0	10731.0
880	3511.5	0.0	0.0	8351.0
890	3899.5	0.0	0.0	9357.0
900	3766.1666666666665	0.0	0.0	9827.0
910	2756.6666666666665	0.0	0.0	10235.0
920	3868.0	0.0	0.0	12855.0
930	3760.5	0.0	0.0	9775.0
940	3488.1666666666665	0.0	0.0	9898.0
950	4178.5	0.0	0.0	10354.0
960	3869.3333333333335	0.0	0.0	11404.0
970	3699.8333333333335	0.0	0.0	9787.0
980	4103.666666666667	0.0	0.0	8629.0
990	3808.1666666666665	0.0	0.0	7705.0
1000	3483.6666666666665	0.0	0.0	11222.0
