0	2675.0	0.0	0.0	0.0
10	2064.5	11870.0	11870.0	11870.0
20	2553.8333333333335	18358.0	18358.0	18358.0
30	2453.1666666666665	15484.0	15484.0	15484.0
40	2814.3333333333335	17554.0	17554.0	17554.0
50	3336.1666666666665	15974.0	15974.0	15974.0
60	2829.3333333333335	16521.0	16521.0	16521.0
70	2601.3333333333335	13158.0	13158.0	13158.0
80	3352.3333333333335	14334.0	14334.0	14334.0
90	3433.6666666666665	16305.0	16305.0	16305.0
100	3386.8333333333335	18926.0	18926.0	18926.0
110	3517.3333333333335	5105.0	5105.0	10679.0
120	3781.5	0.0	0.0	11837.0
130	3712.5	0.0	0.0	7137.0
140	3421.1666666666665	0.0	0.0	12717.0
150	3755.6666666666665	0.0	0.0	11222.0
160	3184.8333333333335	0.0	0.0	11343.0
170	3183.6666666666665	0.0	0.0	11246.0
180	3911.3333333333335	0.0	0.0	9764.0
190	3835.1666666666665	0.0	0.0	11284.0
200	3545.8333333333335	0.0	0.0	11581.0
210	4189.666666666667	0.0	0.0	12927.0
220	3508.3333333333335	0.0	0.0	10989.0
230	3433.6666666666665	0.0	0.0	12960.0
240	3770.0	0.0	0.0	9860.0
250	3433.3333333333335	0.0	0.0	11351.0
260	3122.5	0.0	0.0	7875.0
270	3733.5	0.0	0.0	11866.0
280	3270.0	0.0	0.0	9895.0
290	3492.8333333333335	0.0	0.0	12499.0
300	3815.6666666666665	0.0	0.0	9159.0
310	3217.1666666666665	0.0	0.0	9056.0
320	3750.6666666666665	0.0	0.0	11932.0
330	3829.0	0.0	0.0	11003.0
340	3751.8333333333335	0.0	0.0	11841.0
350	3590.5	0.0	0.0	10258.0
360	3787.5	0.0	0.0	9211.0
370	3598.1666666666665	0.0	0.0	10742.0
380	3814.0	0.0	0.0	10914.0
390	3303.1666666666665	0.0	0.0	11599.0
400	3666.8333333333335	0.0	0.0	11073.0
410	3379.0	0.0	0.0	10996.0
420	3998.6666666666665	0.0	0.0	12069.0
430	3411.8333333333335	0.0	0.0	11008.0
440	3967.8333333333335	0.0	0.0	11283.0
450	3820.5	0.0	0.0	7826.0
460	3001.0	0.0	0.0	8894.0
470	4028.6666666666665	0.0	0.0	12011.0
480	3434.8333333333335	0.0	0.0	11551.0
490	3363.5	0.0	0.0	11678.0
500	3642.8333333333335	0.0	0.0	11668.0
510	3988.3333333333335	0.0	0.0	13480.0
520	3688.6666666666665	0.0	0.0	9763.0
530	3471.5	0.0	0.0	13130.0
540	3732.0	0.0	0.0	8833.0
550	3848.5	0.0	0.0	7420.0
560	3768.5	0.0	0.0	10149.0
570	3704.3333333333335	0.0	0.0	11238.0
580	3654.1666666666665	0.0	0.0	13308.0
590	3564.3333333333335	0.0	0.0	11198.0
600	3865.8333333333335	0.0	0.0	9537.0
610	3725.0	0.0	0.0	9192.0
620	3642.3333333333335	0.0	0.0	9351.0
630	3926.3333333333335	0.0	0.0	14161.0
640	3715.1666666666665	0.0	0.0	8186.0
650	3926.0	0.0	0.0	8441.0
660	3714.1666666666665	0.0	0.0	10729.0
670	3940.0	0.0	0.0	9661.0
680	3955.1666666666665	0.0	0.0	9851.0
690	3805.5	0.0	0.0	11930.0
700	3946.6666666666665	0.0	0.0	12601.0
710	4002.1666666666665	0.0	0.0	9616.0
720	3728.3333333333335	0.0	0.0	11454.0
730	3638.8333333333335	0.0	0.0	9585.0
740	3927.3333333333335	0.0	0.0	10913.0
750	3834.1666666666665	0.0	0.0	8387.0
760	3857.1666666666665	0.0	0.0	9887.0
770	3700.3333333333335	0.0	0.0	10722.0
780	3896.8333333333335	0.0	0.0	13014.0
790	3938.5	0.0	0.0	12130.0
800	3814.0	0.0	0.0	10651.0
