0	2607.5	0.0	0.0	0.0
10	2181.3333333333335	247.0	5189.0	10296.0
20	2362.6666666666665	152.0	4329.0	9086.0
30	2066.1666666666665	95.0	3442.0	7253.0
40	2594.3333333333335	176.0	5303.0	10614.0
50	2369.8333333333335	162.0	5606.0	11379.0
60	2769.6666666666665	91.0	4366.0	8911.0
70	2453.8333333333335	50.0	4663.0	9273.0
80	2091.6666666666665	27.0	1084.0	10492.0
90	2666.0	0.0	0.0	6314.0
100	2964.8333333333335	0.0	0.0	8968.0
110	2565.6666666666665	0.0	0.0	11565.0
120	3082.0	0.0	0.0	11805.0
130	2911.6666666666665	0.0	0.0	8176.0
140	3256.8333333333335	0.0	0.0	14955.0
150	3437.1666666666665	0.0	0.0	8818.0
160	3058.5	0.0	0.0	14859.0
170	3683.6666666666665	0.0	0.0	7523.0
180	3530.3333333333335	0.0	0.0	11165.0
190	3069.0	0.0	0.0	10657.0
200	3567.1666666666665	0.0	0.0	9896.0
210	3524.8333333333335	0.0	0.0	11382.0
220	3492.5	0.0	0.0	9518.0
230	3504.0	0.0	0.0	10618.0
240	3597.3333333333335	0.0	0.0	12785.0
250	3539.1666666666665	0.0	0.0	15543.0
260	3421.3333333333335	0.0	0.0	7801.0
270	3616.3333333333335	0.0	0.0	9682.0
280	3175.1666666666665	0.0	0.0	9546.0
290	3561.5	0.0	0.0	12959.0
300	3458.5	0.0	0.0	9819.0
310	3603.5	0.0	0.0	8706.0
320	3241.0	0.0	0.0	10563.0
330	3805.1666666666665	0.0	0.0	12817.0
340	3761.0	0.0	0.0	11194.0
350	4042.5	0.0	0.0	10218.0
360	3936.6666666666665	0.0	0.0	12339.0
370	3833.6666666666665	0.0	0.0	11116.0
380	3484.6666666666665	0.0	0.0	10840.0
390	3627.5	0.0	0.0	10659.0
400	3753.3333333333335	0.0	0.0	12377.0
410	3981.6666666666665	0.0	0.0	11600.0
420	3990.1666666666665	0.0	0.0	11760.0
430	3677.3333333333335	0.0	0.0	9562.0
440	3843.8333333333335	0.0	0.0	7301.0
450	3509.8333333333335	0.0	0.0	9167.0
460	3628.0	0.0	0.0	8568.0
470	3902.3333333333335	0.0	0.0	10809.0
480	3799.8333333333335	0.0	0.0	9949.0
490	3840.5	0.0	0.0	9237.0
500	3596.3333333333335	0.0	0.0	9090.0
510	3590.5	0.0	0.0	10146.0
520	3135.6666666666665	0.0	0.0	7716.0
530	3705.0	0.0	0.0	11686.0
540	3905.8333333333335	0.0	0.0	10831.0
550	3530.6666666666665	0.0	0.0	6965.0
560	3476.1666666666665	0.0	0.0	9241.0
570	3776.1666666666665	0.0	0.0	12039.0
580	4014.5	0.0	0.0	9432.0
590	3741.6666666666665	0.0	0.0	13398.0
600	3725.0	0.0	0.0	9441.0
610	3757.8333333333335	0.0	0.0	10206.0
620	3719.0	0.0	0.0	9889.0
630	4028.1666666666665	0.0	0.0	12759.0
640	3628.5	0.0	0.0	10415.0
650	3826.5	0.0	0.0	9362.0
660	3795.1666666666665	0.0	0.0	10311.0
670	3453.5	0.0	0.0	10904.0
680	3789.5	0.0	0.0	9370.0
690	3804.5	0.0	0.0	11474.0
700	3982.8333333333335	0.0	0.0	12454.0
710	3301.0	0.0	0.0	10743.0
720	3976.8333333333335	0.0	0.0	9990.0
730	3751.1666666666665	0.0	0.0	11412.0
740	3852.8333333333335	0.0	0.0	8150.0
750	3338.6666666666665	0.0	0.0	10868.0
760	3970.8333333333335	0.0	0.0	9381.0
770	3741.0	0.0	0.0	9631.0
780	3634.0	0.0	0.0	9661.0
790	3614.3333333333335	0.0	0.0	11133.0
800	3929.3333333333335	0.0	0.0	11329.0
