0	2271.6666666666665	0.0	0.0	0.0
10	2249.1666666666665	0.0	759.0	10191.0
20	2267.3333333333335	0.0	1055.0	11169.0
30	2266.1666666666665	0.0	486.0	7893.0
40	2223.1666666666665	0.0	584.0	9524.0
50	2279.6666666666665	4.0	940.0	10009.0
60	2399.0	0.0	236.0	5727.0
70	2336.3333333333335	3.0	900.0	9694.0
80	2373.8333333333335	0.0	502.0	6686.0
90	2214.0	2.0	597.0	9043.0
100	2604.6666666666665	5.0	792.0	9134.0
110	2474.3333333333335	2.0	892.0	12265.0
120	2507.6666666666665	0.0	177.0	5707.0
130	2766.5	4.0	692.0	8197.0
140	2596.1666666666665	5.0	644.0	10303.0
150	2819.0	0.0	491.0	7561.0
160	2801.8333333333335	9.0	833.0	11333.0
170	2549.1666666666665	1.0	672.0	9383.0
180	2796.8333333333335	6.0	926.0	9650.0
190	2690.5	5.0	1312.0	10972.0
200	2898.8333333333335	0.0	748.0	8643.0
210	2540.1666666666665	1.0	617.0	10258.0
220	2816.0	12.0	680.0	9258.0
230	2461.3333333333335	1.0	406.0	8860.0
240	2446.1666666666665	0.0	386.0	8135.0
250	2300.8333333333335	0.0	580.0	9006.0
260	2759.8333333333335	0.0	810.0	10576.0
270	3063.8333333333335	2.0	622.0	11476.0
280	2786.0	0.0	841.0	11069.0
290	2626.1666666666665	0.0	553.0	9824.0
300	2853.6666666666665	2.0	671.0	11378.0
310	2639.5	1.0	1054.0	13427.0
320	2808.0	0.0	433.0	7208.0
330	2999.0	0.0	616.0	7531.0
340	2903.6666666666665	0.0	811.0	8407.0
350	3570.1666666666665	0.0	708.0	7346.0
360	3723.5	0.0	849.0	12557.0
370	3043.6666666666665	0.0	532.0	8850.0
380	3290.5	0.0	327.0	5681.0
390	3624.3333333333335	0.0	798.0	9614.0
400	3396.8333333333335	0.0	783.0	9002.0
410	2748.3333333333335	0.0	595.0	10954.0
420	3507.0	0.0	661.0	11557.0
430	2969.6666666666665	0.0	707.0	11702.0
440	3275.0	0.0	851.0	13489.0
450	3366.1666666666665	0.0	433.0	7631.0
460	3358.3333333333335	0.0	560.0	11444.0
470	2913.3333333333335	0.0	455.0	10979.0
480	2767.5	0.0	629.0	9554.0
490	2825.6666666666665	0.0	832.0	13696.0
500	3355.5	0.0	437.0	8245.0
510	3680.3333333333335	0.0	606.0	10999.0
520	3861.8333333333335	0.0	299.0	8163.0
530	3445.3333333333335	0.0	440.0	9151.0
540	3987.8333333333335	0.0	817.0	11472.0
550	3338.0	0.0	467.0	6649.0
560	3900.6666666666665	0.0	702.0	12792.0
570	3895.6666666666665	0.0	606.0	8667.0
580	3389.1666666666665	0.0	516.0	9473.0
590	3950.6666666666665	0.0	420.0	11144.0
600	3726.6666666666665	0.0	543.0	9709.0
610	3613.1666666666665	0.0	516.0	9383.0
620	4028.3333333333335	0.0	551.0	11711.0
630	3868.5	0.0	412.0	7280.0
640	3812.1666666666665	0.0	1110.0	11658.0
650	3633.8333333333335	0.0	378.0	8358.0
660	3643.0	0.0	729.0	12197.0
670	3173.0	0.0	659.0	12068.0
680	3529.6666666666665	0.0	679.0	13290.0
690	3694.8333333333335	0.0	628.0	12392.0
700	3884.8333333333335	0.0	758.0	11568.0
710	3629.8333333333335	0.0	423.0	10616.0
720	3904.8333333333335	0.0	751.0	11951.0
730	3975.1666666666665	0.0	620.0	7676.0
740	3465.6666666666665	0.0	557.0	7657.0
750	4121.0	0.0	692.0	9929.0
760	3933.1666666666665	0.0	844.0	8773.0
770	3568.6666666666665	0.0	1033.0	10742.0
780	3587.0	0.0	947.0	10131.0
790	3056.8333333333335	0.0	856.0	9332.0
800	3472.3333333333335	0.0	794.0	10365.0
810	3342.3333333333335	0.0	807.0	9260.0
820	3408.3333333333335	0.0	1242.0	13869.0
830	3836.0	0.0	638.0	9655.0
840	3413.1666666666665	0.0	524.0	8151.0
850	4085.8333333333335	0.0	651.0	10376.0
860	3790.3333333333335	0.0	385.0	9321.0
870	3824.1666666666665	0.0	629.0	10822.0
880	3580.1666666666665	0.0	896.0	13125.0
890	3694.6666666666665	0.0	1110.0	13574.0
900	3915.6666666666665	0.0	309.0	7962.0
910	3481.1666666666665	0.0	550.0	11825.0
920	3733.3333333333335	0.0	654.0	9770.0
930	3993.5	0.0	742.0	9879.0
940	3668.8333333333335	0.0	441.0	7616.0
950	4052.8333333333335	0.0	303.0	9843.0
960	3963.8333333333335	0.0	877.0	11618.0
970	3497.0	0.0	376.0	7377.0
980	3805.8333333333335	0.0	782.0	11555.0
990	3886.5	0.0	532.0	10982.0
1000	3607.6666666666665	0.0	457.0	8733.0
