0	1676.5	0.0	0.0	0.0
10	1495.0	1000.0	2544.0	7251.0
20	1604.8333333333333	0.0	0.0	7865.0
30	1651.3333333333333	0.0	0.0	6653.0
40	1672.0	0.0	0.0	7125.0
50	1568.6666666666667	0.0	0.0	7080.0
60	1745.6666666666667	0.0	0.0	7148.0
70	1760.6666666666667	0.0	0.0	7832.0
80	1392.0	0.0	0.0	7271.0
90	1442.5	0.0	0.0	6518.0
100	1507.6666666666667	0.0	0.0	8156.0
110	1649.3333333333333	0.0	0.0	5114.0
120	1566.1666666666667	0.0	0.0	7830.0
130	1610.6666666666667	0.0	0.0	6637.0
140	1583.5	0.0	0.0	4644.0
150	1482.3333333333333	0.0	0.0	7014.0
160	1464.0	0.0	0.0	7262.0
170	1519.6666666666667	0.0	0.0	3650.0
180	1601.3333333333333	0.0	0.0	5726.0
190	1583.5	0.0	0.0	7534.0
200	1432.0	0.0	0.0	5488.0
210	1626.3333333333333	0.0	0.0	9504.0
220	1438.6666666666667	0.0	0.0	9747.0
230	1520.8333333333333	0.0	0.0	6258.0
240	1574.8333333333333	0.0	0.0	6266.0
250	1339.0	0.0	0.0	6698.0
260	1406.3333333333333	0.0	0.0	5908.0
270	1603.3333333333333	0.0	0.0	5553.0
280	1318.0	0.0	0.0	5364.0
290	1545.0	0.0	0.0	7445.0
300	1307.3333333333333	0.0	0.0	5696.0
310	1293.3333333333333	0.0	0.0	7832.0
320	1326.0	0.0	0.0	8069.0
330	1434.5	0.0	0.0	4647.0
340	1329.0	0.0	0.0	8227.0
350	1395.6666666666667	0.0	0.0	5941.0
360	1485.0	0.0	0.0	7312.0
370	1400.0	0.0	0.0	8504.0
380	1353.3333333333333	0.0	0.0	6699.0
390	1365.0	0.0	0.0	5420.0
400	1186.6666666666667	0.0	0.0	5324.0
410	1374.0	0.0	0.0	7525.0
420	1167.6666666666667	0.0	0.0	6425.0
430	1352.3333333333333	0.0	0.0	5977.0
440	1454.3333333333333	0.0	0.0	6046.0
450	1447.6666666666667	0.0	0.0	6073.0
460	1373.3333333333333	0.0	0.0	5261.0
470	1370.3333333333333	0.0	0.0	6328.0
480	1460.0	0.0	0.0	5718.0
490	1530.3333333333333	0.0	0.0	6727.0
500	1276.0	0.0	0.0	7228.0
510	1636.3333333333333	0.0	0.0	6691.0
520	1296.0	0.0	0.0	6667.0
530	1410.6666666666667	0.0	0.0	7576.0
540	1255.0	0.0	0.0	5614.0
550	1431.6666666666667	0.0	0.0	6246.0
560	1429.6666666666667	0.0	0.0	6564.0
570	1490.1666666666667	0.0	0.0	7095.0
580	1337.0	0.0	0.0	4358.0
590	1435.3333333333333	0.0	0.0	6923.0
600	1446.3333333333333	0.0	0.0	6895.0
610	1368.0	0.0	0.0	5523.0
620	1420.1666666666667	0.0	0.0	5884.0
630	1282.3333333333333	0.0	0.0	5582.0
640	1346.0	0.0	0.0	5787.0
650	1423.0	0.0	0.0	5291.0
660	1280.0	0.0	0.0	7240.0
670	1403.5	0.0	0.0	4183.0
680	1257.3333333333333	0.0	0.0	5494.0
690	1403.0	0.0	0.0	5339.0
700	1244.0	0.0	0.0	8062.0
710	1294.6666666666667	0.0	0.0	5385.0
720	1330.3333333333333	0.0	0.0	10180.0
730	1408.1666666666667	0.0	0.0	6911.0
740	1301.3333333333333	0.0	0.0	6384.0
750	1374.0	0.0	0.0	5336.0
760	1395.3333333333333	0.0	0.0	5068.0
770	1348.0	0.0	0.0	6699.0
780	1339.0	0.0	0.0	4234.0
790	1561.1666666666667	0.0	0.0	6049.0
800	1341.0	0.0	0.0	4629.0
810	1209.3333333333333	0.0	0.0	6704.0
820	1129.3333333333333	0.0	0.0	7349.0
830	1225.0	0.0	0.0	5118.0
840	1296.6666666666667	0.0	0.0	3976.0
850	1319.3333333333333	0.0	0.0	3924.0
860	1386.5	0.0	0.0	5845.0
870	1448.6666666666667	0.0	0.0	6004.0
880	1411.6666666666667	0.0	0.0	5769.0
890	1261.3333333333333	0.0	0.0	7398.0
900	1387.0	0.0	0.0	6139.0
910	1309.8333333333333	0.0	0.0	6325.0
920	1091.6666666666667	0.0	0.0	6206.0
930	1427.6666666666667	0.0	0.0	4909.0
940	1418.6666666666667	0.0	0.0	4488.0
950	1189.6666666666667	0.0	0.0	6032.0
960	1389.3333333333333	0.0	0.0	5386.0
970	1369.0	0.0	0.0	5597.0
980	1547.0	0.0	0.0	6530.0
990	1431.3333333333333	0.0	0.0	6455.0
1000	1399.0	0.0	0.0	6189.0
