0	2270.8333333333335	0.0	0.0	0.0
10	2322.0	20.0	620.0	10093.0
20	2744.5	0.0	523.0	8337.0
30	2557.3333333333335	6.0	802.0	12448.0
40	2992.5	42.0	418.0	6545.0
50	2389.5	6.0	505.0	8165.0
60	2116.6666666666665	52.0	728.0	12349.0
70	3045.0	0.0	380.0	5520.0
80	2447.1666666666665	0.0	843.0	10582.0
90	3490.5	0.0	545.0	8538.0
100	3215.5	14.0	804.0	11030.0
110	3001.5	0.0	643.0	8480.0
120	3006.5	0.0	633.0	9012.0
130	3082.5	0.0	558.0	9159.0
140	2818.0	4.0	570.0	7975.0
150	3117.6666666666665	0.0	492.0	6352.0
160	3111.6666666666665	0.0	500.0	7574.0
170	3483.5	0.0	585.0	7916.0
180	3367.6666666666665	0.0	469.0	7411.0
190	3087.5	0.0	593.0	7983.0
200	3182.3333333333335	17.0	741.0	10401.0
210	3219.1666666666665	0.0	804.0	10942.0
220	2956.8333333333335	0.0	664.0	10590.0
230	3141.0	15.0	790.0	12469.0
240	3906.1666666666665	0.0	642.0	8968.0
250	3018.6666666666665	0.0	663.0	9809.0
260	3113.8333333333335	0.0	707.0	10832.0
270	3679.3333333333335	0.0	794.0	10098.0
280	3377.8333333333335	0.0	541.0	5802.0
290	3520.8333333333335	0.0	705.0	11050.0
300	3318.0	0.0	646.0	7857.0
310	3850.3333333333335	0.0	907.0	11946.0
320	3821.3333333333335	0.0	606.0	8712.0
330	3020.8333333333335	0.0	794.0	11800.0
340	3729.8333333333335	0.0	676.0	8153.0
350	3410.8333333333335	0.0	935.0	13032.0
360	3495.1666666666665	0.0	815.0	10486.0
370	3550.0	0.0	947.0	14509.0
380	3499.1666666666665	0.0	808.0	11457.0
390	3285.8333333333335	0.0	968.0	10030.0
400	3658.1666666666665	0.0	859.0	11060.0
410	3740.6666666666665	0.0	882.0	11469.0
420	3625.5	0.0	900.0	10091.0
430	3260.6666666666665	0.0	775.0	9663.0
440	3610.5	0.0	860.0	11359.0
450	3918.5	0.0	946.0	10770.0
460	3477.8333333333335	0.0	1023.0	12872.0
470	3588.5	0.0	772.0	9939.0
480	3711.5	0.0	893.0	10248.0
490	3732.5	0.0	784.0	8417.0
500	3813.6666666666665	0.0	645.0	7810.0
510	3687.8333333333335	0.0	1066.0	10118.0
520	3940.3333333333335	0.0	969.0	11525.0
530	3642.5	0.0	1072.0	12714.0
540	3866.5	0.0	708.0	9113.0
550	3678.5	0.0	868.0	10553.0
560	4006.8333333333335	0.0	425.0	6671.0
570	3682.0	0.0	600.0	8076.0
580	3784.3333333333335	0.0	542.0	9982.0
590	3574.6666666666665	0.0	919.0	11036.0
600	3578.0	0.0	775.0	9645.0
