0	2279.5	0.0	0.0	0.0
10	2393.3333333333335	757.0	6835.0	12839.0
20	2488.3333333333335	529.0	6290.0	12042.0
30	2669.1666666666665	659.0	6594.0	12530.0
40	2634.1666666666665	360.0	4600.0	8818.0
50	2224.3333333333335	500.0	5708.0	11023.0
60	2605.3333333333335	493.0	5461.0	10444.0
70	2775.0	328.0	4889.0	9489.0
80	2247.5	545.0	5418.0	10402.0
90	2457.6666666666665	460.0	4416.0	8546.0
100	2472.3333333333335	604.0	5328.0	10126.0
110	2578.8333333333335	499.0	5628.0	10773.0
120	2697.6666666666665	1104.0	7014.0	13088.0
130	2830.6666666666665	521.0	4201.0	10451.0
140	2879.0	0.0	0.0	8833.0
150	2752.3333333333335	0.0	0.0	8637.0
160	2762.0	0.0	0.0	13660.0
170	3571.6666666666665	0.0	0.0	9492.0
180	3267.0	0.0	0.0	10602.0
190	3529.3333333333335	0.0	0.0	8683.0
200	2921.8333333333335	0.0	0.0	8631.0
210	2719.8333333333335	0.0	0.0	9294.0
220	3043.8333333333335	0.0	0.0	9110.0
230	3417.6666666666665	0.0	0.0	10391.0
240	3372.1666666666665	0.0	0.0	9505.0
250	3501.0	0.0	0.0	7540.0
260	3174.3333333333335	0.0	0.0	12777.0
270	3314.0	0.0	0.0	11232.0
280	3583.8333333333335	0.0	0.0	13251.0
290	3608.1666666666665	0.0	0.0	11715.0
300	3559.5	0.0	0.0	7654.0
310	3450.3333333333335	0.0	0.0	9484.0
320	3465.0	0.0	0.0	8406.0
330	3472.1666666666665	0.0	0.0	10743.0
340	3431.3333333333335	0.0	0.0	9717.0
350	3851.3333333333335	0.0	0.0	10881.0
360	3589.5	0.0	0.0	11925.0
370	3522.3333333333335	0.0	0.0	15558.0
380	3456.8333333333335	0.0	0.0	11043.0
390	3906.8333333333335	0.0	0.0	9776.0
400	3407.0	0.0	0.0	10260.0
410	3902.1666666666665	0.0	0.0	9951.0
420	3659.5	0.0	0.0	12150.0
430	3344.0	0.0	0.0	9506.0
440	3124.8333333333335	0.0	0.0	10446.0
450	3820.1666666666665	0.0	0.0	11993.0
460	3603.5	0.0	0.0	10830.0
470	3966.3333333333335	0.0	0.0	9193.0
480	3942.3333333333335	0.0	0.0	11496.0
490	3989.6666666666665	0.0	0.0	11435.0
500	3486.3333333333335	0.0	0.0	12925.0
510	3527.6666666666665	0.0	0.0	8456.0
520	3697.0	0.0	0.0	11919.0
530	3328.5	0.0	0.0	11496.0
540	4167.0	0.0	0.0	9667.0
550	3933.5	0.0	0.0	11132.0
560	3632.5	0.0	0.0	7650.0
570	3638.1666666666665	0.0	0.0	9752.0
580	3767.5	0.0	0.0	12442.0
590	3867.0	0.0	0.0	9535.0
600	3878.5	0.0	0.0	8314.0
610	3566.5	0.0	0.0	8690.0
620	3568.6666666666665	0.0	0.0	13508.0
630	3794.3333333333335	0.0	0.0	8315.0
640	3985.0	0.0	0.0	9666.0
650	3957.1666666666665	0.0	0.0	11207.0
660	3478.1666666666665	0.0	0.0	12150.0
670	3719.8333333333335	0.0	0.0	10236.0
680	3329.3333333333335	0.0	0.0	9609.0
690	3668.8333333333335	0.0	0.0	11806.0
700	3915.6666666666665	0.0	0.0	10986.0
710	3737.0	0.0	0.0	10423.0
720	3687.0	0.0	0.0	9927.0
730	4259.333333333333	0.0	0.0	10210.0
740	4019.1666666666665	0.0	0.0	10843.0
750	3935.1666666666665	0.0	0.0	6952.0
760	3731.3333333333335	0.0	0.0	11911.0
770	3764.8333333333335	0.0	0.0	9628.0
780	3841.6666666666665	0.0	0.0	11693.0
790	3587.3333333333335	0.0	0.0	9673.0
800	3911.6666666666665	0.0	0.0	7514.0
