0	2246.75	0.0	0.0	0.0
10	2228.25	66.0	4091.0	8344.0
20	2012.5	121.0	4095.0	9043.0
30	2039.5	101.0	5826.0	12165.0
40	2715.5	62.0	4687.0	9812.0
50	1956.5	52.0	4710.0	9847.0
60	1881.5	22.0	3437.0	7413.0
70	2405.5	83.0	4153.0	8809.0
80	2548.75	32.0	3191.0	6913.0
90	2372.5	51.0	4679.0	9777.0
100	2153.25	45.0	5418.0	10890.0
110	2138.25	15.0	4651.0	9607.0
120	2590.25	66.0	5713.0	11427.0
130	2662.5	41.0	5385.0	11048.0
140	2686.0	21.0	3532.0	7353.0
150	2903.75	11.0	6313.0	12851.0
160	3063.75	24.0	6970.0	13583.0
170	3175.75	15.0	6035.0	11579.0
180	3487.5	11.0	5365.0	10615.0
190	3261.0	8.0	5026.0	10020.0
200	3056.75	3.0	4809.0	9513.0
210	3630.75	21.0	5109.0	9895.0
220	3255.75	11.0	5992.0	11908.0
230	3261.0	2.0	4143.0	8397.0
240	2667.75	3.0	6203.0	12275.0
250	3643.75	4.0	4470.0	8812.0
260	3123.5	5.0	5397.0	11193.0
270	3556.75	4.0	4644.0	8932.0
280	3571.25	7.0	6078.0	12075.0
290	3371.25	3.0	5613.0	11094.0
300	3755.5	2.0	5096.0	9624.0
310	3923.25	0.0	5222.0	10221.0
320	3529.25	1.0	6217.0	11831.0
330	3177.25	5.0	5032.0	9836.0
340	3672.5	1.0	5224.0	10458.0
350	3270.0	2.0	4064.0	7775.0
360	3575.75	2.0	5354.0	10016.0
370	3820.75	2.0	5173.0	9811.0
380	3556.25	2.0	4470.0	8660.0
390	2798.25	0.0	5253.0	10194.0
400	3550.25	1.0	5920.0	11705.0
410	3165.5	0.0	5183.0	10036.0
420	3390.75	0.0	5050.0	9655.0
430	3653.25	0.0	5066.0	9538.0
440	3669.25	1.0	5306.0	10368.0
450	3618.75	6.0	4357.0	8516.0
460	3142.0	1.0	4101.0	7884.0
470	3279.25	0.0	4694.0	9070.0
480	3434.0	0.0	4211.0	8606.0
490	3785.75	2.0	4188.0	7966.0
500	3544.75	1.0	6115.0	12066.0
510	4132.5	1.0	6075.0	11706.0
520	3924.5	3.0	5509.0	10672.0
530	3238.5	1.0	4158.0	8101.0
540	3851.5	2.0	5647.0	11508.0
550	3865.75	0.0	4055.0	8034.0
560	4048.25	3.0	5355.0	10599.0
570	3633.75	1.0	4438.0	8691.0
580	3945.75	4.0	3817.0	7733.0
590	3956.25	2.0	4250.0	8895.0
600	3424.0	0.0	4804.0	9625.0
610	4109.0	1.0	4857.0	9912.0
620	3341.25	1.0	5624.0	11033.0
630	3548.75	5.0	5351.0	10356.0
640	3699.75	3.0	5696.0	11115.0
650	3917.5	3.0	5223.0	10129.0
660	3913.0	2.0	4737.0	9203.0
670	4016.5	0.0	4954.0	9576.0
680	4001.0	0.0	4317.0	8541.0
690	3918.25	1.0	6383.0	12515.0
700	3450.0	5.0	6355.0	12495.0
710	3577.75	1.0	5183.0	10770.0
720	3724.0	1.0	5390.0	10321.0
730	3663.75	0.0	4687.0	9645.0
740	3587.75	1.0	4186.0	7967.0
750	3668.5	1.0	5559.0	10578.0
760	4011.75	1.0	5044.0	9917.0
770	3963.0	3.0	5043.0	9746.0
780	3648.0	1.0	5740.0	10552.0
790	3627.0	2.0	4344.0	8303.0
800	3368.0	1.0	5174.0	10140.0
