0	1696.6666666666667	0.0	0.0	0.0
10	1710.0	1000.0	1000.0	6294.0
20	1466.5	0.0	0.0	7864.0
30	1669.0	0.0	0.0	8308.0
40	1670.6666666666667	0.0	0.0	5660.0
50	1539.0	0.0	0.0	4656.0
60	1560.1666666666667	0.0	0.0	9890.0
70	1738.6666666666667	0.0	0.0	9452.0
80	1635.6666666666667	0.0	0.0	7618.0
90	1817.0	0.0	0.0	6165.0
100	2017.5	0.0	0.0	9055.0
110	2060.0	0.0	0.0	7303.0
120	2045.3333333333333	0.0	0.0	9810.0
130	1921.8333333333333	0.0	0.0	7876.0
140	2173.3333333333335	0.0	0.0	7898.0
150	1953.6666666666667	0.0	0.0	8863.0
160	2114.6666666666665	0.0	0.0	9764.0
170	2247.0	0.0	0.0	9388.0
180	1986.5	0.0	0.0	7113.0
190	2021.5	0.0	0.0	8816.0
200	2448.8333333333335	0.0	0.0	9535.0
210	2176.6666666666665	0.0	0.0	7922.0
220	2319.0	0.0	0.0	9036.0
230	2124.0	0.0	0.0	11160.0
240	2449.8333333333335	0.0	0.0	8872.0
250	2365.1666666666665	0.0	0.0	6275.0
260	2144.5	0.0	0.0	6145.0
270	1800.5	0.0	0.0	6296.0
280	2063.1666666666665	0.0	0.0	7709.0
290	2015.1666666666667	0.0	0.0	5709.0
300	1871.5	0.0	0.0	8762.0
310	2331.0	0.0	0.0	8329.0
320	2338.0	0.0	0.0	6552.0
330	2309.0	0.0	0.0	8309.0
340	2302.6666666666665	0.0	0.0	8948.0
350	2144.1666666666665	0.0	0.0	8859.0
360	2216.3333333333335	0.0	0.0	7870.0
370	2609.1666666666665	0.0	0.0	9411.0
380	2344.8333333333335	0.0	0.0	8410.0
390	2499.0	0.0	0.0	7814.0
400	2466.0	0.0	0.0	8349.0
410	2305.3333333333335	0.0	0.0	5614.0
420	2771.3333333333335	0.0	0.0	6968.0
430	2325.5	0.0	0.0	10314.0
440	2243.8333333333335	0.0	0.0	11404.0
450	2265.8333333333335	0.0	0.0	8076.0
460	2035.3333333333333	0.0	0.0	8765.0
470	2581.1666666666665	0.0	0.0	5882.0
480	2613.1666666666665	0.0	0.0	11881.0
490	2627.1666666666665	0.0	0.0	7180.0
500	2451.5	0.0	0.0	7574.0
510	2964.8333333333335	0.0	0.0	9124.0
520	2548.3333333333335	0.0	0.0	4865.0
530	2840.1666666666665	0.0	0.0	12709.0
540	2974.1666666666665	0.0	0.0	5691.0
550	2617.8333333333335	0.0	0.0	10700.0
560	2876.0	0.0	0.0	10362.0
570	2871.5	0.0	0.0	9778.0
580	2822.8333333333335	0.0	0.0	10516.0
590	3099.5	0.0	0.0	9098.0
600	2858.8333333333335	0.0	0.0	7834.0
610	2853.0	0.0	0.0	6478.0
620	2820.0	0.0	0.0	7738.0
630	3346.5	0.0	0.0	7806.0
640	2799.8333333333335	0.0	0.0	11178.0
650	2611.5	0.0	0.0	11275.0
660	3224.3333333333335	0.0	0.0	7022.0
670	3193.3333333333335	0.0	0.0	9246.0
680	3786.3333333333335	0.0	0.0	8864.0
690	3415.3333333333335	0.0	0.0	10514.0
700	3104.5	0.0	0.0	9094.0
710	3439.6666666666665	0.0	0.0	9737.0
720	3416.0	0.0	0.0	10690.0
730	2886.5	0.0	0.0	11602.0
740	3101.0	0.0	0.0	11470.0
750	3446.6666666666665	0.0	0.0	6874.0
760	3795.0	0.0	0.0	9661.0
770	3449.5	0.0	0.0	13485.0
780	3062.0	0.0	0.0	8769.0
790	3363.0	0.0	0.0	8146.0
800	3801.3333333333335	0.0	0.0	10677.0
810	3501.5	0.0	0.0	11723.0
820	3911.5	0.0	0.0	11009.0
830	3774.5	0.0	0.0	8700.0
840	3533.0	0.0	0.0	12450.0
850	3695.8333333333335	0.0	0.0	9289.0
860	3445.3333333333335	0.0	0.0	9538.0
870	3716.5	0.0	0.0	10328.0
880	3614.0	0.0	0.0	10567.0
890	3532.8333333333335	0.0	0.0	10850.0
900	3559.5	0.0	0.0	9284.0
910	3189.0	0.0	0.0	10022.0
920	3231.6666666666665	0.0	0.0	8719.0
930	3710.5	0.0	0.0	11253.0
940	3677.6666666666665	0.0	0.0	12141.0
950	3605.1666666666665	0.0	0.0	8687.0
960	3848.3333333333335	0.0	0.0	8822.0
970	3718.8333333333335	0.0	0.0	10672.0
980	3730.3333333333335	0.0	0.0	9714.0
990	3716.1666666666665	0.0	0.0	12029.0
1000	3810.3333333333335	0.0	0.0	8316.0
