0	2173.5	0.0	0.0	0.0
10	2143.8333333333335	1000.0	2087.0	9646.0
20	2317.0	0.0	0.0	6531.0
30	2385.0	0.0	0.0	7982.0
40	2351.3333333333335	0.0	0.0	7411.0
50	2391.3333333333335	0.0	0.0	7754.0
60	2563.1666666666665	0.0	0.0	9114.0
70	2712.6666666666665	0.0	0.0	11588.0
80	2250.6666666666665	0.0	0.0	9465.0
90	2590.6666666666665	0.0	0.0	8413.0
100	2316.6666666666665	0.0	0.0	8539.0
110	2870.6666666666665	0.0	0.0	9099.0
120	2802.5	0.0	0.0	7977.0
130	2163.6666666666665	0.0	0.0	6252.0
140	2476.3333333333335	0.0	0.0	6234.0
150	2452.5	0.0	0.0	6173.0
160	2699.0	0.0	0.0	10007.0
170	2539.5	0.0	0.0	7985.0
180	2737.6666666666665	0.0	0.0	5915.0
190	2411.0	0.0	0.0	10853.0
200	2305.3333333333335	0.0	0.0	6971.0
210	2333.5	0.0	0.0	9413.0
220	2489.1666666666665	0.0	0.0	6951.0
230	2467.6666666666665	0.0	0.0	7275.0
240	2608.8333333333335	0.0	0.0	7422.0
250	2934.1666666666665	0.0	0.0	7733.0
260	2854.3333333333335	0.0	0.0	10521.0
270	2791.3333333333335	0.0	0.0	9162.0
280	2735.1666666666665	0.0	0.0	9148.0
290	2990.0	0.0	0.0	9934.0
300	2777.0	0.0	0.0	10479.0
310	3188.1666666666665	0.0	0.0	10785.0
320	3109.0	0.0	0.0	9117.0
330	2638.0	0.0	0.0	9418.0
340	2789.8333333333335	0.0	0.0	9681.0
350	2805.0	0.0	0.0	9539.0
360	2870.1666666666665	0.0	0.0	8159.0
370	2895.3333333333335	0.0	0.0	11823.0
380	2973.0	0.0	0.0	11037.0
390	2645.8333333333335	0.0	0.0	5982.0
400	2846.5	0.0	0.0	9247.0
410	3730.1666666666665	0.0	0.0	15030.0
420	2944.0	0.0	0.0	10803.0
430	3309.6666666666665	0.0	0.0	7865.0
440	3734.1666666666665	0.0	0.0	8479.0
450	3288.1666666666665	0.0	0.0	8558.0
460	3422.5	0.0	0.0	8276.0
470	3320.3333333333335	0.0	0.0	12564.0
480	3369.1666666666665	0.0	0.0	9403.0
490	3342.5	0.0	0.0	12612.0
500	3265.0	0.0	0.0	14294.0
510	3745.0	0.0	0.0	10118.0
520	3584.1666666666665	0.0	0.0	10810.0
530	3494.0	0.0	0.0	10675.0
540	3896.0	0.0	0.0	9509.0
550	3717.6666666666665	0.0	0.0	13968.0
560	3169.5	0.0	0.0	9339.0
570	3792.1666666666665	0.0	0.0	10928.0
580	3808.5	0.0	0.0	10275.0
590	3698.3333333333335	0.0	0.0	7364.0
600	3761.6666666666665	0.0	0.0	11894.0
610	3441.5	0.0	0.0	10792.0
620	3775.8333333333335	0.0	0.0	10501.0
630	3444.6666666666665	0.0	0.0	7949.0
640	3154.1666666666665	0.0	0.0	9863.0
650	3485.8333333333335	0.0	0.0	11740.0
660	3311.5	0.0	0.0	6530.0
670	3659.5	0.0	0.0	8034.0
680	4127.166666666667	0.0	0.0	10022.0
690	3551.1666666666665	0.0	0.0	10972.0
700	3917.1666666666665	0.0	0.0	10832.0
710	3794.3333333333335	0.0	0.0	9530.0
720	3164.1666666666665	0.0	0.0	9096.0
730	3577.0	0.0	0.0	10372.0
740	3682.6666666666665	0.0	0.0	9565.0
750	3644.8333333333335	0.0	0.0	12168.0
760	3545.8333333333335	0.0	0.0	8690.0
770	3823.3333333333335	0.0	0.0	7744.0
780	3887.1666666666665	0.0	0.0	12757.0
790	3660.3333333333335	0.0	0.0	12502.0
800	3851.8333333333335	0.0	0.0	10873.0
