0	2277.0	0.0	0.0	0.0
10	2267.8333333333335	1000.0	2711.0	10443.0
20	2189.1666666666665	0.0	0.0	7725.0
30	2373.8333333333335	0.0	0.0	7641.0
40	2584.0	0.0	0.0	9392.0
50	2321.3333333333335	0.0	0.0	7204.0
60	2549.5	0.0	0.0	6242.0
70	2481.6666666666665	0.0	0.0	10354.0
80	2568.1666666666665	0.0	0.0	6760.0
90	2520.6666666666665	0.0	0.0	6969.0
100	2486.3333333333335	0.0	0.0	7380.0
110	2560.3333333333335	0.0	0.0	5976.0
120	2677.5	0.0	0.0	9158.0
130	2631.5	0.0	0.0	9190.0
140	2617.3333333333335	0.0	0.0	6437.0
150	2743.0	0.0	0.0	5639.0
160	2728.5	0.0	0.0	10732.0
170	2374.3333333333335	0.0	0.0	8762.0
180	2592.5	0.0	0.0	7707.0
190	2610.6666666666665	0.0	0.0	13334.0
200	2654.0	0.0	0.0	8346.0
210	2639.8333333333335	0.0	0.0	10317.0
220	2646.8333333333335	0.0	0.0	11158.0
230	2318.3333333333335	0.0	0.0	12240.0
240	2459.6666666666665	0.0	0.0	9255.0
250	2264.8333333333335	0.0	0.0	6414.0
260	2572.6666666666665	0.0	0.0	8377.0
270	2776.1666666666665	0.0	0.0	7142.0
280	2540.5	0.0	0.0	9633.0
290	2616.3333333333335	0.0	0.0	6685.0
300	2824.8333333333335	0.0	0.0	9703.0
310	2392.0	0.0	0.0	3668.0
320	2550.5	0.0	0.0	8057.0
330	2097.5	0.0	0.0	6072.0
340	2424.6666666666665	0.0	0.0	8804.0
350	2183.8333333333335	0.0	0.0	7903.0
360	2711.5	0.0	0.0	12186.0
370	3050.5	0.0	0.0	5477.0
380	2642.1666666666665	0.0	0.0	10365.0
390	2077.3333333333335	0.0	0.0	8449.0
400	2471.0	0.0	0.0	11639.0
410	2805.8333333333335	0.0	0.0	8452.0
420	2561.6666666666665	0.0	0.0	8385.0
430	2657.0	0.0	0.0	10492.0
440	2855.0	0.0	0.0	9056.0
450	2667.6666666666665	0.0	0.0	9401.0
460	2895.3333333333335	0.0	0.0	10271.0
470	3004.6666666666665	0.0	0.0	6339.0
480	2658.8333333333335	0.0	0.0	7983.0
490	3014.8333333333335	0.0	0.0	9646.0
500	3075.1666666666665	0.0	0.0	11897.0
510	3555.0	0.0	0.0	9588.0
520	3750.8333333333335	0.0	0.0	7647.0
530	3778.0	0.0	0.0	6892.0
540	2928.3333333333335	0.0	0.0	9194.0
550	3077.6666666666665	0.0	0.0	8893.0
560	3173.1666666666665	0.0	0.0	11752.0
570	3635.0	0.0	0.0	9716.0
580	3422.0	0.0	0.0	10915.0
590	3702.5	0.0	0.0	11934.0
600	3607.8333333333335	0.0	0.0	10266.0
610	2755.8333333333335	0.0	0.0	10317.0
620	3568.1666666666665	0.0	0.0	12308.0
630	3409.6666666666665	0.0	0.0	8291.0
640	3903.3333333333335	0.0	0.0	14325.0
650	3684.0	0.0	0.0	8951.0
660	3756.6666666666665	0.0	0.0	9326.0
670	3569.6666666666665	0.0	0.0	13602.0
680	3666.1666666666665	0.0	0.0	8896.0
690	3652.8333333333335	0.0	0.0	10575.0
700	3376.0	0.0	0.0	12507.0
710	3737.6666666666665	0.0	0.0	8909.0
720	3568.1666666666665	0.0	0.0	11122.0
730	3653.6666666666665	0.0	0.0	8708.0
740	3425.5	0.0	0.0	8312.0
750	3620.5	0.0	0.0	8999.0
760	3862.3333333333335	0.0	0.0	10586.0
770	3573.1666666666665	0.0	0.0	7550.0
780	3455.0	0.0	0.0	10221.0
790	3491.8333333333335	0.0	0.0	11945.0
800	3237.5	0.0	0.0	9578.0
