0	238.33333333333334	0.0	0.0
10	1947.8333333333333	93.0	8420.0
20	1687.5	65.0	10685.0
30	1991.5	146.0	8314.0
40	1916.3333333333333	70.0	7035.0
50	2067.6666666666665	38.0	8553.0
60	2234.6666666666665	106.0	9543.0
70	2087.5	91.0	7709.0
80	2194.3333333333335	37.0	6888.0
90	2370.5	9.0	8136.0
100	2607.0	35.0	10951.0
110	2747.5	79.0	10481.0
120	2726.3333333333335	154.0	14775.0
130	2776.0	77.0	11088.0
140	2829.1666666666665	0.0	9590.0
150	2842.8333333333335	0.0	10673.0
160	2236.8333333333335	0.0	7922.0
170	2190.3333333333335	0.0	6632.0
180	2929.5	0.0	8103.0
190	2322.1666666666665	0.0	6844.0
200	2625.3333333333335	0.0	8345.0
210	2831.6666666666665	0.0	9649.0
220	2753.0	0.0	10366.0
230	2319.3333333333335	0.0	9202.0
240	2751.0	0.0	9683.0
250	2876.0	0.0	7312.0
260	2824.5	0.0	9743.0
270	3084.6666666666665	0.0	13242.0
280	2606.6666666666665	0.0	7123.0
290	2782.6666666666665	0.0	7849.0
300	3355.6666666666665	0.0	7057.0
310	3306.8333333333335	0.0	8088.0
320	3134.6666666666665	0.0	9059.0
330	2922.3333333333335	0.0	5773.0
340	3106.8333333333335	0.0	13427.0
350	3023.6666666666665	0.0	11154.0
360	3207.6666666666665	0.0	10061.0
370	3201.8333333333335	0.0	10706.0
380	3326.5	0.0	7191.0
390	3354.5	0.0	7110.0
400	3803.8333333333335	0.0	13685.0
410	3288.5	0.0	13692.0
420	3547.0	0.0	11227.0
430	3636.6666666666665	0.0	9733.0
440	3427.6666666666665	0.0	11675.0
450	3639.0	0.0	11163.0
460	3648.0	0.0	8728.0
470	3801.0	0.0	9843.0
480	3646.5	0.0	10141.0
490	3198.8333333333335	0.0	9497.0
500	3213.0	0.0	9702.0
510	3327.1666666666665	0.0	7657.0
520	3655.8333333333335	0.0	10279.0
530	3541.1666666666665	0.0	10527.0
540	3224.8333333333335	0.0	10109.0
550	3548.5	0.0	14035.0
560	3903.0	0.0	11797.0
570	3347.0	0.0	10546.0
580	3701.5	0.0	12922.0
590	3971.5	0.0	10613.0
600	3688.5	0.0	10503.0
610	3482.0	0.0	10849.0
620	3239.0	0.0	11333.0
630	3725.0	0.0	12375.0
640	4030.6666666666665	0.0	11311.0
650	3843.0	0.0	9773.0
660	3613.8333333333335	0.0	9792.0
670	3839.6666666666665	0.0	11624.0
680	3789.0	0.0	9735.0
690	3738.6666666666665	0.0	9807.0
700	3539.8333333333335	0.0	8706.0
710	3645.0	0.0	11367.0
720	3626.6666666666665	0.0	9250.0
730	4025.8333333333335	0.0	10294.0
740	3970.5	0.0	8244.0
750	3651.1666666666665	0.0	6283.0
760	3813.1666666666665	0.0	9119.0
770	4036.3333333333335	0.0	6310.0
780	3589.5	0.0	10399.0
790	3971.6666666666665	0.0	8689.0
800	4095.0	0.0	10943.0
810	3770.0	0.0	9118.0
820	4005.8333333333335	0.0	10527.0
830	3130.3333333333335	0.0	9978.0
840	3773.8333333333335	0.0	10056.0
850	3633.6666666666665	0.0	8985.0
860	3748.6666666666665	0.0	7947.0
870	3869.3333333333335	0.0	8025.0
880	3696.6666666666665	0.0	11232.0
890	3727.0	0.0	8468.0
900	3915.6666666666665	0.0	10235.0
910	3738.6666666666665	0.0	9767.0
920	3834.0	0.0	10246.0
930	3502.0	0.0	13433.0
940	3996.3333333333335	0.0	10241.0
950	3654.6666666666665	0.0	7896.0
960	3952.6666666666665	0.0	10077.0
970	4057.5	0.0	12106.0
980	3945.5	0.0	8012.0
990	3880.5	0.0	10262.0
1000	4010.1666666666665	0.0	10779.0
