0	292.0	0.0	0.0
10	1936.6666666666667	88.0	9529.0
20	1876.6666666666667	111.0	10395.0
30	1871.6666666666667	86.0	9121.0
40	1861.0	39.0	6771.0
50	2001.1666666666667	93.0	12222.0
60	2110.6666666666665	42.0	9497.0
70	1999.6666666666667	80.0	8341.0
80	2113.1666666666665	90.0	10474.0
90	2474.0	29.0	7591.0
100	2331.8333333333335	67.0	12291.0
110	2805.8333333333335	57.0	9163.0
120	2577.8333333333335	51.0	9487.0
130	2349.3333333333335	64.0	11441.0
140	2638.8333333333335	15.0	8402.0
150	2716.6666666666665	41.0	9315.0
160	2606.5	31.0	10944.0
170	2690.1666666666665	16.0	12600.0
180	2855.6666666666665	0.0	7987.0
190	2980.0	0.0	9896.0
200	2660.3333333333335	0.0	9562.0
210	2923.0	0.0	8659.0
220	3183.0	0.0	11173.0
230	2456.5	0.0	10520.0
240	3474.8333333333335	0.0	8975.0
250	3041.5	0.0	10031.0
260	3647.3333333333335	0.0	8721.0
270	3241.8333333333335	0.0	10580.0
280	3199.8333333333335	0.0	10756.0
290	3113.0	0.0	8745.0
300	3284.0	0.0	9774.0
310	3600.0	0.0	12171.0
320	3317.1666666666665	0.0	10244.0
330	3052.8333333333335	0.0	12656.0
340	3033.1666666666665	0.0	13859.0
350	3262.1666666666665	0.0	8374.0
360	3607.5	0.0	11558.0
370	3251.5	0.0	11506.0
380	3205.5	0.0	10083.0
390	3268.0	0.0	8128.0
400	3639.1666666666665	0.0	10791.0
410	3374.1666666666665	0.0	12369.0
420	3411.8333333333335	0.0	11711.0
430	3638.3333333333335	0.0	11183.0
440	3362.5	0.0	12106.0
450	2954.6666666666665	0.0	11532.0
460	3303.5	0.0	7522.0
470	3403.5	0.0	9794.0
480	3241.6666666666665	0.0	12556.0
490	3370.3333333333335	0.0	10120.0
500	3334.3333333333335	0.0	7335.0
510	3866.6666666666665	0.0	13433.0
520	3333.0	0.0	9388.0
530	3159.0	0.0	13980.0
540	3179.3333333333335	0.0	9242.0
550	4027.8333333333335	0.0	12902.0
560	3763.6666666666665	0.0	8373.0
570	3750.8333333333335	0.0	12606.0
580	3741.6666666666665	0.0	10248.0
590	3576.3333333333335	0.0	8414.0
600	3449.1666666666665	0.0	11178.0
610	3508.8333333333335	0.0	9553.0
620	3934.6666666666665	0.0	11261.0
630	3480.3333333333335	0.0	9548.0
640	3693.3333333333335	0.0	11794.0
650	3823.5	0.0	9661.0
660	3631.1666666666665	0.0	9913.0
670	4087.3333333333335	0.0	9869.0
680	3858.8333333333335	0.0	11592.0
690	3662.1666666666665	0.0	11948.0
700	3786.0	0.0	7557.0
710	3836.8333333333335	0.0	9828.0
720	3646.1666666666665	0.0	12110.0
730	3578.5	0.0	11574.0
740	3911.1666666666665	0.0	13705.0
750	3382.3333333333335	0.0	9774.0
760	3770.1666666666665	0.0	11815.0
770	3880.6666666666665	0.0	14225.0
780	3880.3333333333335	0.0	9872.0
790	3619.8333333333335	0.0	13107.0
800	3864.0	0.0	10563.0
810	3610.3333333333335	0.0	11249.0
820	3495.0	0.0	10862.0
830	3720.1666666666665	0.0	10790.0
840	3354.0	0.0	10410.0
850	3913.5	0.0	11577.0
860	3932.3333333333335	0.0	11064.0
870	3852.3333333333335	0.0	7896.0
880	3884.5	0.0	11845.0
890	3869.0	0.0	10065.0
900	3843.6666666666665	0.0	9505.0
910	3925.3333333333335	0.0	9875.0
920	3622.1666666666665	0.0	9638.0
930	4018.8333333333335	0.0	11557.0
940	3624.6666666666665	0.0	9215.0
950	3737.5	0.0	10476.0
960	4028.3333333333335	0.0	7253.0
970	3743.8333333333335	0.0	9512.0
980	3956.5	0.0	7461.0
990	4021.6666666666665	0.0	10018.0
1000	3925.3333333333335	0.0	9348.0
