0	305.3333333333333	0.0	0.0	0.0
10	2124.5	1000.0	9821.0	12066.0
20	2073.6666666666665	0.0	0.0	6364.0
30	1966.3333333333333	0.0	0.0	11145.0
40	1977.5	0.0	0.0	8000.0
50	2072.5	0.0	0.0	8493.0
60	1808.6666666666667	0.0	0.0	4911.0
70	1904.3333333333333	0.0	0.0	9337.0
80	2162.0	0.0	0.0	9628.0
90	2232.1666666666665	0.0	0.0	10687.0
100	2199.3333333333335	0.0	0.0	5993.0
110	2306.1666666666665	0.0	0.0	7493.0
120	2089.3333333333335	0.0	0.0	11340.0
130	2484.8333333333335	0.0	0.0	6250.0
140	2485.0	0.0	0.0	7650.0
150	2711.6666666666665	0.0	0.0	4411.0
160	2133.5	0.0	0.0	11245.0
170	2204.1666666666665	0.0	0.0	7151.0
180	2652.6666666666665	0.0	0.0	9188.0
190	2576.5	0.0	0.0	6142.0
200	2575.6666666666665	0.0	0.0	8738.0
210	3059.8333333333335	0.0	0.0	10472.0
220	2835.0	0.0	0.0	6628.0
230	2464.3333333333335	0.0	0.0	10844.0
240	2685.3333333333335	0.0	0.0	7525.0
250	2820.5	0.0	0.0	10228.0
260	3216.5	0.0	0.0	9323.0
270	3128.0	0.0	0.0	9680.0
280	3036.0	0.0	0.0	9967.0
290	3223.3333333333335	0.0	0.0	7166.0
300	3103.6666666666665	0.0	0.0	11962.0
310	2989.3333333333335	0.0	0.0	6156.0
320	2596.0	0.0	0.0	11473.0
330	3005.3333333333335	0.0	0.0	9774.0
340	2996.5	0.0	0.0	12746.0
350	3209.6666666666665	0.0	0.0	11076.0
360	3725.3333333333335	0.0	0.0	11099.0
370	3064.1666666666665	0.0	0.0	11987.0
380	3148.6666666666665	0.0	0.0	15439.0
390	3489.0	0.0	0.0	14474.0
400	3560.3333333333335	0.0	0.0	10552.0
410	3813.6666666666665	0.0	0.0	10555.0
420	3847.6666666666665	0.0	0.0	6891.0
430	3413.5	0.0	0.0	8633.0
440	3340.6666666666665	0.0	0.0	8609.0
450	3437.3333333333335	0.0	0.0	11191.0
460	3667.5	0.0	0.0	9810.0
470	3581.8333333333335	0.0	0.0	9551.0
480	3684.8333333333335	0.0	0.0	7052.0
490	3351.3333333333335	0.0	0.0	8610.0
500	3700.6666666666665	0.0	0.0	9417.0
510	3413.0	0.0	0.0	10217.0
520	3894.3333333333335	0.0	0.0	10259.0
530	3827.1666666666665	0.0	0.0	9308.0
540	3510.0	0.0	0.0	13306.0
550	3508.3333333333335	0.0	0.0	8900.0
560	3616.6666666666665	0.0	0.0	7749.0
570	3619.8333333333335	0.0	0.0	10259.0
580	3499.3333333333335	0.0	0.0	8050.0
590	3913.6666666666665	0.0	0.0	8599.0
600	3550.1666666666665	0.0	0.0	12362.0
610	3701.3333333333335	0.0	0.0	10375.0
620	3277.6666666666665	0.0	0.0	9661.0
630	3540.5	0.0	0.0	12147.0
640	3644.5	0.0	0.0	9547.0
650	3543.1666666666665	0.0	0.0	12939.0
660	3819.1666666666665	0.0	0.0	10381.0
670	3937.0	0.0	0.0	8746.0
680	3491.5	0.0	0.0	8310.0
690	3846.3333333333335	0.0	0.0	13568.0
700	3766.3333333333335	0.0	0.0	11712.0
710	3802.0	0.0	0.0	12016.0
720	3925.5	0.0	0.0	8967.0
730	3783.3333333333335	0.0	0.0	12664.0
740	3669.0	0.0	0.0	14201.0
750	3756.5	0.0	0.0	12082.0
760	3641.1666666666665	0.0	0.0	12132.0
770	3808.3333333333335	0.0	0.0	12066.0
780	3451.0	0.0	0.0	8087.0
790	3677.0	0.0	0.0	10239.0
800	3718.0	0.0	0.0	11263.0
810	3432.8333333333335	0.0	0.0	10539.0
820	3860.0	0.0	0.0	9065.0
830	4109.0	0.0	0.0	7482.0
840	3804.1666666666665	0.0	0.0	8829.0
850	3952.5	0.0	0.0	12286.0
860	3742.3333333333335	0.0	0.0	10994.0
870	3597.3333333333335	0.0	0.0	9460.0
880	2896.3333333333335	0.0	0.0	10343.0
890	4048.5	0.0	0.0	8890.0
900	3834.1666666666665	0.0	0.0	12054.0
910	3537.1666666666665	0.0	0.0	10091.0
920	3625.3333333333335	0.0	0.0	11024.0
930	3610.3333333333335	0.0	0.0	13867.0
940	3611.0	0.0	0.0	12816.0
950	3382.0	0.0	0.0	9874.0
960	3471.8333333333335	0.0	0.0	11010.0
970	3761.5	0.0	0.0	12945.0
980	3693.0	0.0	0.0	13505.0
990	3535.0	0.0	0.0	11533.0
1000	4178.333333333333	0.0	0.0	8873.0
