0	2536.8333333333335	0.0	0.0	0.0
10	2655.8333333333335	892.0	14965.0	14965.0
20	2940.0	108.0	927.0	9934.0
30	3061.1666666666665	0.0	0.0	10654.0
40	3041.6666666666665	0.0	0.0	7134.0
50	3619.8333333333335	0.0	0.0	6504.0
60	3534.5	0.0	0.0	11302.0
70	3341.3333333333335	0.0	0.0	13982.0
80	3359.5	0.0	0.0	13505.0
90	3333.6666666666665	0.0	0.0	13324.0
100	3134.6666666666665	0.0	0.0	10057.0
110	3059.8333333333335	0.0	0.0	11687.0
120	3425.0	0.0	0.0	13016.0
130	3374.6666666666665	0.0	0.0	9516.0
140	3682.0	0.0	0.0	14535.0
150	3494.3333333333335	0.0	0.0	9608.0
160	3468.5	0.0	0.0	7499.0
170	3091.5	0.0	0.0	10246.0
180	3333.6666666666665	0.0	0.0	10637.0
190	3387.6666666666665	0.0	0.0	11174.0
200	3610.8333333333335	0.0	0.0	8702.0
210	3415.3333333333335	0.0	0.0	10758.0
220	3595.1666666666665	0.0	0.0	9803.0
230	3810.3333333333335	0.0	0.0	6686.0
240	3622.5	0.0	0.0	11258.0
250	3693.6666666666665	0.0	0.0	8502.0
260	3596.8333333333335	0.0	0.0	10509.0
270	3532.8333333333335	0.0	0.0	9573.0
280	3497.8333333333335	0.0	0.0	11333.0
290	3486.8333333333335	0.0	0.0	8121.0
300	3455.8333333333335	0.0	0.0	7766.0
310	2900.3333333333335	0.0	0.0	7525.0
320	3745.8333333333335	0.0	0.0	11463.0
330	4012.3333333333335	0.0	0.0	8377.0
340	3809.3333333333335	0.0	0.0	11381.0
350	3533.0	0.0	0.0	10852.0
360	3504.8333333333335	0.0	0.0	9382.0
370	3528.0	0.0	0.0	9607.0
380	3553.3333333333335	0.0	0.0	11149.0
390	3589.3333333333335	0.0	0.0	10855.0
400	3859.3333333333335	0.0	0.0	10028.0
410	3775.3333333333335	0.0	0.0	9751.0
420	3939.0	0.0	0.0	11438.0
430	3939.0	0.0	0.0	8605.0
440	3803.0	0.0	0.0	13491.0
450	3358.0	0.0	0.0	9168.0
460	4068.5	0.0	0.0	10740.0
470	3811.0	0.0	0.0	9423.0
480	3673.5	0.0	0.0	10196.0
490	3925.3333333333335	0.0	0.0	11610.0
500	3917.5	0.0	0.0	11313.0
