0	2998.5	0.0	0.0	0.0
10	2544.8333333333335	581.0	9919.0	9919.0
20	2934.8333333333335	419.0	7742.0	13428.0
30	3036.6666666666665	0.0	0.0	7796.0
40	2634.0	0.0	0.0	12812.0
50	2675.5	0.0	0.0	8383.0
60	3304.5	0.0	0.0	9755.0
70	2822.6666666666665	0.0	0.0	9335.0
80	3397.6666666666665	0.0	0.0	8068.0
90	3505.8333333333335	0.0	0.0	6774.0
100	3419.1666666666665	0.0	0.0	10804.0
110	3239.1666666666665	0.0	0.0	8187.0
120	3278.1666666666665	0.0	0.0	8409.0
130	3282.3333333333335	0.0	0.0	13143.0
140	3189.1666666666665	0.0	0.0	8690.0
150	3174.5	0.0	0.0	8079.0
160	3818.5	0.0	0.0	15485.0
170	3774.0	0.0	0.0	10102.0
180	3094.3333333333335	0.0	0.0	13524.0
190	3557.5	0.0	0.0	7642.0
200	3281.6666666666665	0.0	0.0	8696.0
210	3759.8333333333335	0.0	0.0	9123.0
220	2636.0	0.0	0.0	9738.0
230	3085.1666666666665	0.0	0.0	9801.0
240	3687.5	0.0	0.0	12728.0
250	3494.6666666666665	0.0	0.0	10655.0
260	3683.6666666666665	0.0	0.0	10110.0
270	3743.1666666666665	0.0	0.0	8989.0
280	3470.3333333333335	0.0	0.0	11486.0
290	3317.3333333333335	0.0	0.0	12254.0
300	3399.6666666666665	0.0	0.0	7925.0
310	3078.0	0.0	0.0	11913.0
320	3681.6666666666665	0.0	0.0	10737.0
330	3716.6666666666665	0.0	0.0	12414.0
340	4070.8333333333335	0.0	0.0	7882.0
350	3255.5	0.0	0.0	9846.0
360	4018.3333333333335	0.0	0.0	11242.0
370	4190.166666666667	0.0	0.0	12301.0
380	3996.8333333333335	0.0	0.0	10972.0
390	3784.3333333333335	0.0	0.0	8741.0
400	3816.5	0.0	0.0	9635.0
410	3363.3333333333335	0.0	0.0	11037.0
420	3041.5	0.0	0.0	10040.0
430	3295.0	0.0	0.0	8468.0
440	3942.1666666666665	0.0	0.0	12157.0
450	3610.8333333333335	0.0	0.0	11455.0
460	3812.6666666666665	0.0	0.0	10982.0
470	3656.0	0.0	0.0	9794.0
480	3298.5	0.0	0.0	13701.0
490	3752.8333333333335	0.0	0.0	10992.0
500	3945.1666666666665	0.0	0.0	12283.0
