0	2560.75	0.0	0.0	0.0
10	2519.5	858.0	9302.0	12234.0
20	2352.0	142.0	2104.0	9467.0
30	2676.0	0.0	0.0	10018.0
40	2700.0	0.0	0.0	12471.0
50	2779.25	0.0	0.0	8155.0
60	2341.0	0.0	0.0	12150.0
70	2536.0	0.0	0.0	9632.0
80	2933.0	0.0	0.0	7430.0
90	2808.0	0.0	0.0	9095.0
100	2504.75	0.0	0.0	9208.0
110	2358.0	0.0	0.0	9483.0
120	2819.25	0.0	0.0	10572.0
130	3202.25	0.0	0.0	9696.0
140	3192.5	0.0	0.0	7388.0
150	3104.75	0.0	0.0	11398.0
160	3188.25	0.0	0.0	10683.0
170	3239.0	0.0	0.0	8354.0
180	3423.5	0.0	0.0	11908.0
190	3649.0	0.0	0.0	13608.0
200	3603.75	0.0	0.0	8627.0
210	3681.0	0.0	0.0	10814.0
220	2893.0	0.0	0.0	12336.0
230	3695.0	0.0	0.0	6889.0
240	3210.75	0.0	0.0	9363.0
250	4039.75	0.0	0.0	10052.0
260	3403.5	0.0	0.0	11974.0
270	3796.0	0.0	0.0	11154.0
280	3607.25	0.0	0.0	11370.0
290	3771.5	0.0	0.0	10737.0
300	3734.25	0.0	0.0	10610.0
310	3599.5	0.0	0.0	10610.0
320	4007.0	0.0	0.0	11634.0
330	3142.5	0.0	0.0	10376.0
340	3203.75	0.0	0.0	13424.0
350	3564.5	0.0	0.0	8824.0
360	3078.5	0.0	0.0	11760.0
370	3167.0	0.0	0.0	9578.0
380	4111.0	0.0	0.0	8151.0
390	4057.0	0.0	0.0	12843.0
400	3447.5	0.0	0.0	10156.0
410	3715.0	0.0	0.0	9414.0
420	3395.25	0.0	0.0	10355.0
430	3424.0	0.0	0.0	11423.0
440	3690.25	0.0	0.0	10400.0
450	3412.5	0.0	0.0	9726.0
460	3642.0	0.0	0.0	11371.0
470	3560.5	0.0	0.0	9434.0
480	2874.0	0.0	0.0	10110.0
490	3529.75	0.0	0.0	10216.0
500	3144.25	0.0	0.0	15420.0
510	3708.25	0.0	0.0	14009.0
520	3396.0	0.0	0.0	10836.0
530	3886.25	0.0	0.0	8879.0
540	3541.25	0.0	0.0	13241.0
550	4044.0	0.0	0.0	7403.0
560	3679.0	0.0	0.0	8946.0
570	3897.0	0.0	0.0	9494.0
580	3629.0	0.0	0.0	11061.0
590	3265.0	0.0	0.0	7144.0
600	4173.25	0.0	0.0	12305.0
610	3732.0	0.0	0.0	10802.0
620	3623.75	0.0	0.0	8968.0
630	3959.0	0.0	0.0	9479.0
640	3509.75	0.0	0.0	9654.0
650	3616.25	0.0	0.0	12372.0
660	3470.75	0.0	0.0	8594.0
670	3097.75	0.0	0.0	10773.0
680	3545.75	0.0	0.0	10339.0
690	3393.0	0.0	0.0	9211.0
700	4268.0	0.0	0.0	11020.0
710	3687.0	0.0	0.0	9175.0
720	3551.5	0.0	0.0	9820.0
730	4022.5	0.0	0.0	9790.0
740	3618.0	0.0	0.0	9537.0
750	3988.5	0.0	0.0	8760.0
760	3883.5	0.0	0.0	10832.0
770	3437.75	0.0	0.0	10737.0
780	3467.0	0.0	0.0	8187.0
790	4098.5	0.0	0.0	10932.0
800	3832.0	0.0	0.0	10923.0
