0	2666.5	0.0	0.0	0.0
10	2673.75	735.0	9201.0	11614.0
20	2597.0	265.0	2481.0	10187.0
30	2791.75	0.0	0.0	8791.0
40	2312.0	0.0	0.0	8630.0
50	2483.0	0.0	0.0	6031.0
60	2300.5	0.0	0.0	9347.0
70	2116.5	0.0	0.0	13196.0
80	2389.75	0.0	0.0	6053.0
90	2108.0	0.0	0.0	7774.0
100	2739.5	0.0	0.0	10750.0
110	2731.5	0.0	0.0	6231.0
120	2664.0	0.0	0.0	11344.0
130	2971.75	0.0	0.0	9650.0
140	2777.0	0.0	0.0	6448.0
150	3024.5	0.0	0.0	6132.0
160	3260.0	0.0	0.0	11407.0
170	2376.5	0.0	0.0	9617.0
180	3194.25	0.0	0.0	9781.0
190	2912.5	0.0	0.0	10095.0
200	3681.25	0.0	0.0	11372.0
210	2957.25	0.0	0.0	10305.0
220	3391.25	0.0	0.0	12359.0
230	3469.25	0.0	0.0	10732.0
240	3425.75	0.0	0.0	11957.0
250	3587.0	0.0	0.0	7529.0
260	3405.25	0.0	0.0	11387.0
270	2798.25	0.0	0.0	9628.0
280	3472.0	0.0	0.0	8472.0
290	3571.5	0.0	0.0	11102.0
300	3447.5	0.0	0.0	7737.0
310	3847.25	0.0	0.0	6901.0
320	3483.75	0.0	0.0	9086.0
330	3523.0	0.0	0.0	9027.0
340	3229.25	0.0	0.0	12338.0
350	3969.5	0.0	0.0	10695.0
360	3720.5	0.0	0.0	11575.0
370	3944.0	0.0	0.0	8604.0
380	2970.75	0.0	0.0	8911.0
390	3313.5	0.0	0.0	9217.0
400	3893.25	0.0	0.0	8407.0
410	3980.25	0.0	0.0	11558.0
420	3507.75	0.0	0.0	8148.0
430	3262.5	0.0	0.0	6698.0
440	3602.5	0.0	0.0	12653.0
450	3450.25	0.0	0.0	10168.0
460	3619.5	0.0	0.0	9904.0
470	3259.0	0.0	0.0	11223.0
480	3695.0	0.0	0.0	10134.0
490	2895.75	0.0	0.0	11288.0
500	3982.5	0.0	0.0	8248.0
510	3742.0	0.0	0.0	10564.0
520	3199.5	0.0	0.0	6582.0
530	3306.0	0.0	0.0	10634.0
540	3318.75	0.0	0.0	12742.0
550	3382.75	0.0	0.0	11071.0
560	3982.5	0.0	0.0	11103.0
570	3619.5	0.0	0.0	11416.0
580	4051.25	0.0	0.0	10072.0
590	3488.25	0.0	0.0	10488.0
600	3780.5	0.0	0.0	10769.0
610	4061.5	0.0	0.0	8376.0
620	3581.25	0.0	0.0	8789.0
630	3568.25	0.0	0.0	8954.0
640	4067.75	0.0	0.0	9007.0
650	4007.25	0.0	0.0	8483.0
660	4055.25	0.0	0.0	5937.0
670	3650.25	0.0	0.0	13276.0
680	3907.5	0.0	0.0	10886.0
690	3848.75	0.0	0.0	11123.0
700	4063.5	0.0	0.0	9342.0
710	3826.5	0.0	0.0	8290.0
720	3808.0	0.0	0.0	10156.0
730	3924.25	0.0	0.0	9326.0
740	3798.0	0.0	0.0	10036.0
750	3955.5	0.0	0.0	11475.0
760	3732.25	0.0	0.0	11585.0
770	4151.0	0.0	0.0	9446.0
780	3928.25	0.0	0.0	11826.0
790	3677.75	0.0	0.0	10897.0
800	3560.0	0.0	0.0	12856.0
