0	292.0	0.0	0.0
10	1913.6666666666667	1101.0	11163.0
20	2102.5	899.0	9756.0
30	2033.0	0.0	7990.0
40	1842.0	0.0	6371.0
50	2075.0	0.0	10173.0
60	2426.3333333333335	0.0	12643.0
70	2399.5	0.0	7767.0
80	2543.5	0.0	9895.0
90	2379.0	0.0	8654.0
100	2362.5	0.0	8350.0
110	2481.6666666666665	0.0	9233.0
120	2084.8333333333335	0.0	7642.0
130	2409.6666666666665	0.0	5641.0
140	2028.1666666666667	0.0	7713.0
150	2451.3333333333335	0.0	11909.0
160	2652.8333333333335	0.0	7404.0
170	2068.8333333333335	0.0	10438.0
180	2457.5	0.0	10862.0
190	2549.6666666666665	0.0	7431.0
200	2836.5	0.0	12039.0
210	2896.8333333333335	0.0	8228.0
220	2872.3333333333335	0.0	9708.0
230	2709.1666666666665	0.0	8359.0
240	2477.1666666666665	0.0	9510.0
250	2485.8333333333335	0.0	10322.0
260	3220.0	0.0	10163.0
270	2868.8333333333335	0.0	7685.0
280	3203.8333333333335	0.0	8514.0
290	3412.3333333333335	0.0	10798.0
300	3261.3333333333335	0.0	13093.0
310	3422.3333333333335	0.0	12401.0
320	3502.1666666666665	0.0	11171.0
330	3394.0	0.0	9777.0
340	3652.0	0.0	12339.0
350	3306.3333333333335	0.0	9196.0
360	3331.1666666666665	0.0	9201.0
370	2889.1666666666665	0.0	10164.0
380	3607.3333333333335	0.0	9369.0
390	3174.6666666666665	0.0	11780.0
400	3656.8333333333335	0.0	11320.0
410	2750.1666666666665	0.0	11576.0
420	3137.6666666666665	0.0	11819.0
430	3130.3333333333335	0.0	12045.0
440	3362.3333333333335	0.0	9493.0
450	3645.1666666666665	0.0	11395.0
460	3590.6666666666665	0.0	10947.0
470	3514.1666666666665	0.0	9812.0
480	3735.3333333333335	0.0	11442.0
490	3327.3333333333335	0.0	12619.0
500	3701.5	0.0	10491.0
510	3135.5	0.0	12428.0
520	3376.6666666666665	0.0	10935.0
530	3139.5	0.0	9109.0
540	3639.8333333333335	0.0	9119.0
550	3938.6666666666665	0.0	10043.0
560	4160.166666666667	0.0	10013.0
570	3451.0	0.0	10237.0
580	3692.1666666666665	0.0	11571.0
590	4132.5	0.0	10850.0
600	3488.3333333333335	0.0	12493.0
610	3553.3333333333335	0.0	9023.0
620	3486.6666666666665	0.0	10778.0
630	3544.3333333333335	0.0	11856.0
640	3746.5	0.0	9564.0
650	3844.8333333333335	0.0	8904.0
660	3691.1666666666665	0.0	10971.0
670	3462.5	0.0	10202.0
680	3556.8333333333335	0.0	10918.0
690	3542.5	0.0	9228.0
700	3653.0	0.0	9736.0
710	3661.3333333333335	0.0	12794.0
720	3583.8333333333335	0.0	8905.0
730	4140.166666666667	0.0	8897.0
740	3947.3333333333335	0.0	9950.0
750	3831.1666666666665	0.0	10586.0
760	4016.1666666666665	0.0	10063.0
770	3965.8333333333335	0.0	11441.0
780	3839.3333333333335	0.0	10698.0
790	3980.6666666666665	0.0	11023.0
800	3259.1666666666665	0.0	8608.0
810	3603.6666666666665	0.0	8971.0
820	3926.0	0.0	8826.0
830	3581.0	0.0	11525.0
840	3512.3333333333335	0.0	10098.0
850	3891.8333333333335	0.0	10484.0
860	3873.1666666666665	0.0	9260.0
870	3828.0	0.0	7401.0
880	3940.5	0.0	11322.0
890	3799.8333333333335	0.0	9372.0
900	3679.3333333333335	0.0	9688.0
910	3802.3333333333335	0.0	12316.0
920	3597.3333333333335	0.0	7391.0
930	3665.6666666666665	0.0	10593.0
940	3775.5	0.0	11852.0
950	3745.3333333333335	0.0	9108.0
960	3498.6666666666665	0.0	10462.0
970	3909.6666666666665	0.0	11410.0
980	3444.3333333333335	0.0	7229.0
990	3595.6666666666665	0.0	7154.0
1000	3997.0	0.0	9386.0
