0	2757.5	0.0	0.0	0.0
10	2330.8333333333335	676.0	4385.0	15791.0
20	2362.6666666666665	324.0	2668.0	11823.0
30	2479.6666666666665	0.0	0.0	9808.0
40	2390.0	0.0	0.0	7802.0
50	2327.8333333333335	0.0	0.0	7944.0
60	2676.5	0.0	0.0	5399.0
70	2913.5	0.0	0.0	12110.0
80	2855.5	0.0	0.0	6708.0
90	2807.0	0.0	0.0	7289.0
100	3103.3333333333335	0.0	0.0	8992.0
110	2882.1666666666665	0.0	0.0	9995.0
120	3073.5	0.0	0.0	5311.0
130	2819.6666666666665	0.0	0.0	9201.0
140	2929.8333333333335	0.0	0.0	11196.0
150	3092.5	0.0	0.0	7334.0
160	2859.5	0.0	0.0	13192.0
170	3180.8333333333335	0.0	0.0	11769.0
180	3175.3333333333335	0.0	0.0	8990.0
190	3141.5	0.0	0.0	8350.0
200	3477.0	0.0	0.0	13715.0
210	2913.1666666666665	0.0	0.0	8494.0
220	3203.8333333333335	0.0	0.0	10823.0
230	3130.6666666666665	0.0	0.0	11326.0
240	2932.5	0.0	0.0	10797.0
250	3323.3333333333335	0.0	0.0	13005.0
260	3549.6666666666665	0.0	0.0	10041.0
270	3145.0	0.0	0.0	9998.0
280	2967.3333333333335	0.0	0.0	8793.0
290	3525.5	0.0	0.0	7449.0
300	3624.1666666666665	0.0	0.0	8569.0
310	3708.0	0.0	0.0	9066.0
320	2967.0	0.0	0.0	11642.0
330	3296.1666666666665	0.0	0.0	11415.0
340	3680.5	0.0	0.0	16640.0
350	3123.1666666666665	0.0	0.0	6981.0
360	4008.6666666666665	0.0	0.0	8157.0
370	3512.5	0.0	0.0	10697.0
380	3410.3333333333335	0.0	0.0	10464.0
390	3546.5	0.0	0.0	10408.0
400	3622.1666666666665	0.0	0.0	10503.0
410	3273.3333333333335	0.0	0.0	7923.0
420	2794.5	0.0	0.0	12986.0
430	3332.1666666666665	0.0	0.0	9654.0
440	3971.1666666666665	0.0	0.0	12178.0
450	3161.3333333333335	0.0	0.0	9659.0
460	3623.1666666666665	0.0	0.0	12405.0
470	3467.8333333333335	0.0	0.0	14938.0
480	3619.3333333333335	0.0	0.0	9706.0
490	3587.8333333333335	0.0	0.0	9323.0
500	3976.8333333333335	0.0	0.0	9693.0
510	3461.3333333333335	0.0	0.0	10696.0
520	3774.3333333333335	0.0	0.0	11218.0
530	3759.1666666666665	0.0	0.0	9572.0
540	3680.3333333333335	0.0	0.0	9988.0
550	3659.0	0.0	0.0	10447.0
560	3306.5	0.0	0.0	9281.0
570	3973.1666666666665	0.0	0.0	8620.0
580	3713.1666666666665	0.0	0.0	10110.0
590	3852.6666666666665	0.0	0.0	11390.0
600	3688.6666666666665	0.0	0.0	8403.0
610	3737.5	0.0	0.0	11196.0
620	3718.1666666666665	0.0	0.0	9182.0
630	3954.3333333333335	0.0	0.0	8980.0
640	3818.8333333333335	0.0	0.0	9632.0
650	3208.5	0.0	0.0	9472.0
660	3880.5	0.0	0.0	13366.0
670	3467.6666666666665	0.0	0.0	8867.0
680	3712.3333333333335	0.0	0.0	9294.0
690	3627.8333333333335	0.0	0.0	8715.0
700	3905.6666666666665	0.0	0.0	10731.0
710	3902.8333333333335	0.0	0.0	10980.0
720	3767.5	0.0	0.0	11099.0
730	3693.6666666666665	0.0	0.0	8165.0
740	3453.5	0.0	0.0	10026.0
750	3735.0	0.0	0.0	8171.0
760	3823.3333333333335	0.0	0.0	11433.0
770	3616.6666666666665	0.0	0.0	9709.0
780	3586.0	0.0	0.0	10466.0
790	3855.0	0.0	0.0	11148.0
800	3801.6666666666665	0.0	0.0	8942.0
