0	2471.5	0.0	0.0	0.0
10	2745.3333333333335	523.0	3757.0	13507.0
20	2758.0	477.0	4062.0	15437.0
30	2844.1666666666665	0.0	0.0	7356.0
40	2796.8333333333335	0.0	0.0	10438.0
50	3121.0	0.0	0.0	7674.0
60	2960.5	0.0	0.0	10691.0
70	3057.5	0.0	0.0	8833.0
80	2964.5	0.0	0.0	8895.0
90	2686.6666666666665	0.0	0.0	9630.0
100	2766.1666666666665	0.0	0.0	8618.0
110	2467.6666666666665	0.0	0.0	9795.0
120	2373.5	0.0	0.0	7601.0
130	2875.0	0.0	0.0	7065.0
140	2937.6666666666665	0.0	0.0	8833.0
150	3118.3333333333335	0.0	0.0	7927.0
160	3107.3333333333335	0.0	0.0	13194.0
170	3137.8333333333335	0.0	0.0	11093.0
180	3466.1666666666665	0.0	0.0	7760.0
190	3139.5	0.0	0.0	10048.0
200	3355.6666666666665	0.0	0.0	8302.0
210	3161.1666666666665	0.0	0.0	10593.0
220	3430.6666666666665	0.0	0.0	8846.0
230	3569.3333333333335	0.0	0.0	7422.0
240	3258.8333333333335	0.0	0.0	11347.0
250	3451.5	0.0	0.0	8060.0
260	2845.6666666666665	0.0	0.0	12745.0
270	3309.3333333333335	0.0	0.0	8978.0
280	3115.6666666666665	0.0	0.0	11172.0
290	3365.6666666666665	0.0	0.0	12294.0
300	3861.6666666666665	0.0	0.0	11061.0
310	3662.1666666666665	0.0	0.0	11879.0
320	3379.5	0.0	0.0	9510.0
330	3280.0	0.0	0.0	10686.0
340	3107.0	0.0	0.0	10675.0
350	3313.1666666666665	0.0	0.0	6951.0
360	3215.3333333333335	0.0	0.0	10293.0
370	3461.6666666666665	0.0	0.0	9995.0
380	2956.0	0.0	0.0	11662.0
390	3386.1666666666665	0.0	0.0	8619.0
400	3141.5	0.0	0.0	9569.0
410	3505.6666666666665	0.0	0.0	8668.0
420	3267.5	0.0	0.0	9541.0
430	3455.3333333333335	0.0	0.0	9126.0
440	3806.1666666666665	0.0	0.0	11484.0
450	3516.8333333333335	0.0	0.0	9860.0
460	3570.6666666666665	0.0	0.0	7296.0
470	3495.3333333333335	0.0	0.0	7749.0
480	3631.1666666666665	0.0	0.0	12028.0
490	3283.6666666666665	0.0	0.0	8291.0
500	3438.8333333333335	0.0	0.0	12446.0
510	2968.0	0.0	0.0	8436.0
520	3947.3333333333335	0.0	0.0	11987.0
530	3792.8333333333335	0.0	0.0	9683.0
540	3853.0	0.0	0.0	9619.0
550	3686.5	0.0	0.0	9116.0
560	3822.8333333333335	0.0	0.0	8514.0
570	3823.5	0.0	0.0	11337.0
580	3722.6666666666665	0.0	0.0	7518.0
590	3403.6666666666665	0.0	0.0	10131.0
600	3214.5	0.0	0.0	12564.0
610	3804.1666666666665	0.0	0.0	10899.0
620	4001.3333333333335	0.0	0.0	9628.0
630	3670.3333333333335	0.0	0.0	11905.0
640	3663.5	0.0	0.0	12038.0
650	3853.6666666666665	0.0	0.0	7975.0
660	4111.166666666667	0.0	0.0	10776.0
670	3507.6666666666665	0.0	0.0	9464.0
680	3840.3333333333335	0.0	0.0	10299.0
690	3897.8333333333335	0.0	0.0	10912.0
700	3620.1666666666665	0.0	0.0	9898.0
710	3986.0	0.0	0.0	8305.0
720	3859.3333333333335	0.0	0.0	9600.0
730	3994.6666666666665	0.0	0.0	11821.0
740	4132.833333333333	0.0	0.0	10445.0
750	3898.3333333333335	0.0	0.0	10360.0
760	3761.5	0.0	0.0	7681.0
770	3427.8333333333335	0.0	0.0	11534.0
780	4021.6666666666665	0.0	0.0	12766.0
790	4008.5	0.0	0.0	10336.0
800	3783.3333333333335	0.0	0.0	8158.0
