0	2477.6666666666665	0.0	0.0	0.0
10	2842.5	587.0	3881.0	12785.0
20	2664.6666666666665	413.0	2702.0	14301.0
30	2244.5	0.0	0.0	10131.0
40	2572.3333333333335	0.0	0.0	9950.0
50	2783.8333333333335	0.0	0.0	11524.0
60	2819.8333333333335	0.0	0.0	10848.0
70	2552.6666666666665	0.0	0.0	9848.0
80	2685.3333333333335	0.0	0.0	5030.0
90	2938.8333333333335	0.0	0.0	12559.0
100	2339.3333333333335	0.0	0.0	10593.0
110	2796.0	0.0	0.0	9571.0
120	2688.5	0.0	0.0	9230.0
130	2738.6666666666665	0.0	0.0	9517.0
140	3169.3333333333335	0.0	0.0	10088.0
150	3234.5	0.0	0.0	9747.0
160	2793.8333333333335	0.0	0.0	12631.0
170	3135.0	0.0	0.0	7965.0
180	3325.0	0.0	0.0	7559.0
190	3818.6666666666665	0.0	0.0	7652.0
200	3422.5	0.0	0.0	11809.0
210	3220.0	0.0	0.0	10260.0
220	3156.1666666666665	0.0	0.0	10046.0
230	3707.6666666666665	0.0	0.0	13014.0
240	3113.5	0.0	0.0	9531.0
250	2991.1666666666665	0.0	0.0	9525.0
260	3613.3333333333335	0.0	0.0	11625.0
270	3518.1666666666665	0.0	0.0	10757.0
280	3008.1666666666665	0.0	0.0	9411.0
290	3312.1666666666665	0.0	0.0	12638.0
300	3264.1666666666665	0.0	0.0	9206.0
310	3213.3333333333335	0.0	0.0	13889.0
320	3679.5	0.0	0.0	11503.0
330	3854.1666666666665	0.0	0.0	12143.0
340	3594.3333333333335	0.0	0.0	7133.0
350	3419.6666666666665	0.0	0.0	8427.0
360	3339.0	0.0	0.0	8665.0
370	3645.6666666666665	0.0	0.0	6344.0
380	3483.3333333333335	0.0	0.0	12346.0
390	3296.6666666666665	0.0	0.0	12031.0
400	3554.6666666666665	0.0	0.0	9296.0
410	3642.0	0.0	0.0	10006.0
420	3581.6666666666665	0.0	0.0	11210.0
430	3491.8333333333335	0.0	0.0	9596.0
440	3260.6666666666665	0.0	0.0	9947.0
450	3530.0	0.0	0.0	10853.0
460	3292.5	0.0	0.0	10458.0
470	3878.3333333333335	0.0	0.0	14080.0
480	3197.0	0.0	0.0	9476.0
490	3392.1666666666665	0.0	0.0	8619.0
500	3313.0	0.0	0.0	11265.0
510	3403.8333333333335	0.0	0.0	9565.0
520	3687.5	0.0	0.0	10850.0
530	3710.6666666666665	0.0	0.0	10418.0
540	3520.3333333333335	0.0	0.0	10917.0
550	3793.1666666666665	0.0	0.0	9971.0
560	3545.3333333333335	0.0	0.0	12204.0
570	3478.8333333333335	0.0	0.0	11608.0
580	3628.8333333333335	0.0	0.0	10017.0
590	4073.8333333333335	0.0	0.0	11236.0
600	3607.8333333333335	0.0	0.0	12239.0
610	3712.0	0.0	0.0	7275.0
620	4063.0	0.0	0.0	9504.0
630	3838.5	0.0	0.0	10304.0
640	3591.3333333333335	0.0	0.0	13944.0
650	3803.6666666666665	0.0	0.0	11301.0
660	3936.0	0.0	0.0	7193.0
670	3733.5	0.0	0.0	11416.0
680	3957.6666666666665	0.0	0.0	8735.0
690	3806.5	0.0	0.0	7063.0
700	3767.5	0.0	0.0	9160.0
710	4049.0	0.0	0.0	9838.0
720	4029.6666666666665	0.0	0.0	11959.0
730	3572.8333333333335	0.0	0.0	11516.0
740	3738.5	0.0	0.0	10484.0
750	3727.6666666666665	0.0	0.0	7926.0
760	3776.3333333333335	0.0	0.0	11840.0
770	3702.8333333333335	0.0	0.0	9958.0
780	3946.3333333333335	0.0	0.0	12346.0
790	3668.0	0.0	0.0	9327.0
800	3973.3333333333335	0.0	0.0	8327.0
