0	2133.5	0.0	0.0	0.0
10	2108.1666666666665	1000.0	2341.0	11473.0
20	2401.1666666666665	0.0	0.0	8604.0
30	2302.8333333333335	0.0	0.0	8972.0
40	2454.3333333333335	0.0	0.0	5629.0
50	2405.0	0.0	0.0	7024.0
60	2411.0	0.0	0.0	9777.0
70	2661.0	0.0	0.0	10563.0
80	2143.6666666666665	0.0	0.0	7949.0
90	2496.5	0.0	0.0	8835.0
100	2610.5	0.0	0.0	11296.0
110	2862.5	0.0	0.0	12886.0
120	2322.8333333333335	0.0	0.0	9823.0
130	2467.5	0.0	0.0	7949.0
140	2488.3333333333335	0.0	0.0	7646.0
150	2296.5	0.0	0.0	7325.0
160	2752.8333333333335	0.0	0.0	7978.0
170	2374.3333333333335	0.0	0.0	8810.0
180	2604.5	0.0	0.0	8911.0
190	2602.3333333333335	0.0	0.0	12345.0
200	2710.6666666666665	0.0	0.0	9901.0
210	2643.0	0.0	0.0	6089.0
220	2916.6666666666665	0.0	0.0	7213.0
230	2744.3333333333335	0.0	0.0	7530.0
240	3088.1666666666665	0.0	0.0	5911.0
250	3222.5	0.0	0.0	10192.0
260	3016.8333333333335	0.0	0.0	9026.0
270	3230.0	0.0	0.0	7330.0
280	2793.6666666666665	0.0	0.0	11382.0
290	2877.8333333333335	0.0	0.0	9954.0
300	2977.3333333333335	0.0	0.0	10933.0
310	2607.1666666666665	0.0	0.0	11616.0
320	2885.8333333333335	0.0	0.0	7883.0
330	3468.3333333333335	0.0	0.0	8189.0
340	3095.3333333333335	0.0	0.0	8937.0
350	2751.3333333333335	0.0	0.0	9997.0
360	3515.1666666666665	0.0	0.0	9842.0
370	2921.3333333333335	0.0	0.0	7598.0
380	3211.6666666666665	0.0	0.0	9586.0
390	3057.6666666666665	0.0	0.0	11395.0
400	3013.5	0.0	0.0	9687.0
410	2904.3333333333335	0.0	0.0	11830.0
420	3596.5	0.0	0.0	8401.0
430	2845.6666666666665	0.0	0.0	8812.0
440	3015.0	0.0	0.0	9667.0
450	3664.0	0.0	0.0	8281.0
460	3523.6666666666665	0.0	0.0	8347.0
470	3630.5	0.0	0.0	9733.0
480	3299.8333333333335	0.0	0.0	12259.0
490	3375.6666666666665	0.0	0.0	7638.0
500	3895.8333333333335	0.0	0.0	8711.0
510	3563.6666666666665	0.0	0.0	10342.0
520	3141.1666666666665	0.0	0.0	8473.0
530	3043.5	0.0	0.0	10438.0
540	3760.5	0.0	0.0	11387.0
550	3957.3333333333335	0.0	0.0	10054.0
560	3744.5	0.0	0.0	9395.0
570	3275.0	0.0	0.0	9955.0
580	2973.8333333333335	0.0	0.0	11365.0
590	3659.5	0.0	0.0	12166.0
600	3615.1666666666665	0.0	0.0	7883.0
610	3680.1666666666665	0.0	0.0	8696.0
620	3786.0	0.0	0.0	11226.0
630	3770.6666666666665	0.0	0.0	11870.0
640	3547.3333333333335	0.0	0.0	11579.0
650	3436.0	0.0	0.0	11501.0
660	4119.0	0.0	0.0	10164.0
670	3745.6666666666665	0.0	0.0	10507.0
680	3611.8333333333335	0.0	0.0	11811.0
690	3836.8333333333335	0.0	0.0	9190.0
700	3459.1666666666665	0.0	0.0	10481.0
710	3672.3333333333335	0.0	0.0	11293.0
720	3546.0	0.0	0.0	8004.0
730	3734.5	0.0	0.0	10977.0
740	4026.0	0.0	0.0	11496.0
750	3632.1666666666665	0.0	0.0	10473.0
760	3289.5	0.0	0.0	12375.0
770	3884.0	0.0	0.0	8463.0
780	3769.3333333333335	0.0	0.0	10045.0
790	3795.5	0.0	0.0	10140.0
800	3569.1666666666665	0.0	0.0	10557.0
