0	2118.3333333333335	0.0	0.0	0.0
10	2166.6666666666665	1000.0	2758.0	10744.0
20	2356.5	0.0	0.0	8315.0
30	2219.5	0.0	0.0	9417.0
40	2530.8333333333335	0.0	0.0	9381.0
50	2420.3333333333335	0.0	0.0	8858.0
60	2336.3333333333335	0.0	0.0	5779.0
70	2449.5	0.0	0.0	7438.0
80	2610.8333333333335	0.0	0.0	12182.0
90	2596.0	0.0	0.0	12369.0
100	2595.1666666666665	0.0	0.0	10102.0
110	2725.5	0.0	0.0	8908.0
120	2857.0	0.0	0.0	11664.0
130	2648.3333333333335	0.0	0.0	8510.0
140	2490.6666666666665	0.0	0.0	12529.0
150	2690.6666666666665	0.0	0.0	13116.0
160	2636.1666666666665	0.0	0.0	7946.0
170	2345.3333333333335	0.0	0.0	12321.0
180	2692.6666666666665	0.0	0.0	9167.0
190	2667.3333333333335	0.0	0.0	7200.0
200	2485.8333333333335	0.0	0.0	11234.0
210	2621.1666666666665	0.0	0.0	8883.0
220	2878.5	0.0	0.0	7079.0
230	2676.0	0.0	0.0	9182.0
240	2967.1666666666665	0.0	0.0	10822.0
250	2588.5	0.0	0.0	9296.0
260	2840.5	0.0	0.0	11219.0
270	2323.0	0.0	0.0	8366.0
280	3008.8333333333335	0.0	0.0	5287.0
290	2678.6666666666665	0.0	0.0	9206.0
300	2542.5	0.0	0.0	9069.0
310	2616.3333333333335	0.0	0.0	8100.0
320	2614.6666666666665	0.0	0.0	7773.0
330	3102.6666666666665	0.0	0.0	9616.0
340	2727.6666666666665	0.0	0.0	10575.0
350	2999.8333333333335	0.0	0.0	10871.0
360	2977.5	0.0	0.0	9448.0
370	3370.8333333333335	0.0	0.0	9813.0
380	2686.8333333333335	0.0	0.0	10262.0
390	3083.5	0.0	0.0	11023.0
400	3282.5	0.0	0.0	12798.0
410	3542.3333333333335	0.0	0.0	9001.0
420	3144.3333333333335	0.0	0.0	9944.0
430	2888.6666666666665	0.0	0.0	11848.0
440	3147.5	0.0	0.0	9848.0
450	3279.8333333333335	0.0	0.0	7494.0
460	3308.5	0.0	0.0	10672.0
470	3529.8333333333335	0.0	0.0	9236.0
480	3223.8333333333335	0.0	0.0	12340.0
490	3548.8333333333335	0.0	0.0	11423.0
500	3557.3333333333335	0.0	0.0	10746.0
510	3257.6666666666665	0.0	0.0	12344.0
520	3293.6666666666665	0.0	0.0	10194.0
530	3596.5	0.0	0.0	9274.0
540	3702.6666666666665	0.0	0.0	11798.0
550	2848.5	0.0	0.0	11329.0
560	3755.5	0.0	0.0	11957.0
570	3832.5	0.0	0.0	10604.0
580	3457.0	0.0	0.0	9937.0
590	4127.333333333333	0.0	0.0	10073.0
600	3627.6666666666665	0.0	0.0	8786.0
610	3620.5	0.0	0.0	9247.0
620	3623.0	0.0	0.0	9924.0
630	3470.6666666666665	0.0	0.0	8694.0
640	3654.8333333333335	0.0	0.0	11799.0
650	2806.6666666666665	0.0	0.0	11914.0
660	3928.5	0.0	0.0	12631.0
670	4127.5	0.0	0.0	11059.0
680	3881.1666666666665	0.0	0.0	12042.0
690	3651.8333333333335	0.0	0.0	11776.0
700	3695.6666666666665	0.0	0.0	11264.0
710	3576.8333333333335	0.0	0.0	9668.0
720	3322.3333333333335	0.0	0.0	8818.0
730	3772.3333333333335	0.0	0.0	7288.0
740	3308.5	0.0	0.0	9608.0
750	3926.6666666666665	0.0	0.0	9330.0
760	3297.1666666666665	0.0	0.0	12997.0
770	3842.0	0.0	0.0	10270.0
780	3654.0	0.0	0.0	10748.0
790	3509.3333333333335	0.0	0.0	10969.0
800	4074.8333333333335	0.0	0.0	10632.0
