0	2267.0	0.0	0.0	0.0
10	2284.8333333333335	1000.0	2262.0	9931.0
20	2226.8333333333335	0.0	0.0	10148.0
30	2518.5	0.0	0.0	7680.0
40	2204.6666666666665	0.0	0.0	8469.0
50	2490.0	0.0	0.0	10624.0
60	2333.6666666666665	0.0	0.0	11186.0
70	2415.6666666666665	0.0	0.0	11414.0
80	2631.0	0.0	0.0	12204.0
90	2752.8333333333335	0.0	0.0	7626.0
100	2701.0	0.0	0.0	7615.0
110	2701.6666666666665	0.0	0.0	10525.0
120	2664.8333333333335	0.0	0.0	11273.0
130	2912.5	0.0	0.0	7220.0
140	2697.5	0.0	0.0	11595.0
150	2774.0	0.0	0.0	9199.0
160	2743.1666666666665	0.0	0.0	9715.0
170	2273.0	0.0	0.0	8578.0
180	2676.0	0.0	0.0	7091.0
190	2655.0	0.0	0.0	9045.0
200	2837.1666666666665	0.0	0.0	11446.0
210	2361.6666666666665	0.0	0.0	8491.0
220	2908.1666666666665	0.0	0.0	11299.0
230	2746.6666666666665	0.0	0.0	12938.0
240	3039.6666666666665	0.0	0.0	7105.0
250	2962.1666666666665	0.0	0.0	9999.0
260	3250.6666666666665	0.0	0.0	8128.0
270	3143.6666666666665	0.0	0.0	8990.0
280	3124.8333333333335	0.0	0.0	9401.0
290	3066.3333333333335	0.0	0.0	9022.0
300	3645.3333333333335	0.0	0.0	10071.0
310	2835.1666666666665	0.0	0.0	10603.0
320	3064.5	0.0	0.0	11429.0
330	3006.6666666666665	0.0	0.0	8639.0
340	3063.1666666666665	0.0	0.0	7211.0
350	3449.3333333333335	0.0	0.0	9695.0
360	2858.0	0.0	0.0	11193.0
370	3335.3333333333335	0.0	0.0	9913.0
380	3699.1666666666665	0.0	0.0	11294.0
390	3481.3333333333335	0.0	0.0	14433.0
400	3257.5	0.0	0.0	10870.0
410	3458.0	0.0	0.0	11447.0
420	3386.0	0.0	0.0	10683.0
430	3137.3333333333335	0.0	0.0	10544.0
440	3536.0	0.0	0.0	7989.0
450	3057.3333333333335	0.0	0.0	10351.0
460	3347.0	0.0	0.0	10762.0
470	3451.3333333333335	0.0	0.0	14480.0
480	3254.0	0.0	0.0	10869.0
490	3485.8333333333335	0.0	0.0	12410.0
500	3607.1666666666665	0.0	0.0	8654.0
510	3775.6666666666665	0.0	0.0	10788.0
520	3531.8333333333335	0.0	0.0	11292.0
530	3344.3333333333335	0.0	0.0	10235.0
540	3975.5	0.0	0.0	9782.0
550	3801.0	0.0	0.0	14201.0
560	3975.0	0.0	0.0	10306.0
570	3693.0	0.0	0.0	7872.0
580	2970.0	0.0	0.0	10029.0
590	3790.3333333333335	0.0	0.0	12142.0
600	3620.1666666666665	0.0	0.0	10369.0
610	3542.3333333333335	0.0	0.0	11385.0
620	3724.1666666666665	0.0	0.0	12565.0
630	4126.833333333333	0.0	0.0	11122.0
640	3653.5	0.0	0.0	11084.0
650	3800.3333333333335	0.0	0.0	9787.0
660	3807.5	0.0	0.0	9321.0
670	3591.8333333333335	0.0	0.0	9885.0
680	3455.5	0.0	0.0	11431.0
690	3788.3333333333335	0.0	0.0	12789.0
700	3723.0	0.0	0.0	10334.0
710	3265.5	0.0	0.0	12474.0
720	3709.8333333333335	0.0	0.0	13217.0
730	3915.3333333333335	0.0	0.0	14135.0
740	3681.5	0.0	0.0	7032.0
750	3525.1666666666665	0.0	0.0	10998.0
760	3889.1666666666665	0.0	0.0	10107.0
770	3882.8333333333335	0.0	0.0	10752.0
780	4000.5	0.0	0.0	9872.0
790	3587.0	0.0	0.0	9991.0
800	3608.0	0.0	0.0	11318.0
