0	1688.5	0.0	0.0	0.0
10	1935.5	1000.0	2645.0	6982.0
20	2089.6666666666665	0.0	0.0	7963.0
30	2003.5	0.0	0.0	8380.0
40	1915.8333333333333	0.0	0.0	9195.0
50	2031.3333333333333	0.0	0.0	10350.0
60	2132.1666666666665	0.0	0.0	11230.0
70	2002.1666666666667	0.0	0.0	7564.0
80	2063.8333333333335	0.0	0.0	6417.0
90	2038.1666666666667	0.0	0.0	6348.0
100	2075.5	0.0	0.0	8654.0
110	2187.0	0.0	0.0	9086.0
120	2331.0	0.0	0.0	11844.0
130	2174.5	0.0	0.0	12170.0
140	2295.5	0.0	0.0	6152.0
150	2365.8333333333335	0.0	0.0	7916.0
160	2250.0	0.0	0.0	8376.0
170	2313.1666666666665	0.0	0.0	11035.0
180	2782.5	0.0	0.0	11265.0
190	2655.5	0.0	0.0	12119.0
200	2315.6666666666665	0.0	0.0	8332.0
210	2424.6666666666665	0.0	0.0	5067.0
220	2349.0	0.0	0.0	8719.0
230	2262.5	0.0	0.0	8902.0
240	2395.6666666666665	0.0	0.0	9981.0
250	2497.3333333333335	0.0	0.0	7738.0
260	2287.3333333333335	0.0	0.0	11650.0
270	2767.6666666666665	0.0	0.0	11876.0
280	2451.3333333333335	0.0	0.0	8594.0
290	2956.6666666666665	0.0	0.0	10614.0
300	2684.8333333333335	0.0	0.0	11790.0
310	2818.3333333333335	0.0	0.0	9010.0
320	2835.1666666666665	0.0	0.0	9343.0
330	2686.8333333333335	0.0	0.0	8823.0
340	3037.1666666666665	0.0	0.0	7214.0
350	3155.1666666666665	0.0	0.0	9698.0
360	2726.3333333333335	0.0	0.0	10147.0
370	2651.6666666666665	0.0	0.0	12734.0
380	2920.1666666666665	0.0	0.0	12829.0
390	3262.1666666666665	0.0	0.0	12433.0
400	2858.6666666666665	0.0	0.0	6668.0
410	3173.0	0.0	0.0	11007.0
420	3053.3333333333335	0.0	0.0	11719.0
430	2853.0	0.0	0.0	9375.0
440	2949.3333333333335	0.0	0.0	10445.0
450	3439.1666666666665	0.0	0.0	9432.0
460	3489.1666666666665	0.0	0.0	10450.0
470	3699.8333333333335	0.0	0.0	10419.0
480	3535.8333333333335	0.0	0.0	8653.0
490	3554.5	0.0	0.0	10341.0
500	3295.5	0.0	0.0	12701.0
510	2846.3333333333335	0.0	0.0	10584.0
520	3581.1666666666665	0.0	0.0	9474.0
530	3758.5	0.0	0.0	9791.0
540	3527.0	0.0	0.0	11256.0
550	3548.0	0.0	0.0	11149.0
560	2755.6666666666665	0.0	0.0	11255.0
570	3557.5	0.0	0.0	10518.0
580	3579.5	0.0	0.0	11429.0
590	3517.3333333333335	0.0	0.0	9980.0
600	3853.8333333333335	0.0	0.0	10039.0
610	3570.0	0.0	0.0	7305.0
620	3761.3333333333335	0.0	0.0	10320.0
630	3481.8333333333335	0.0	0.0	9219.0
640	3713.6666666666665	0.0	0.0	8738.0
650	3283.6666666666665	0.0	0.0	10443.0
660	3285.1666666666665	0.0	0.0	12005.0
670	3394.6666666666665	0.0	0.0	11026.0
680	3780.1666666666665	0.0	0.0	10488.0
690	3837.8333333333335	0.0	0.0	12553.0
700	3399.8333333333335	0.0	0.0	9586.0
710	3630.1666666666665	0.0	0.0	10232.0
720	3915.1666666666665	0.0	0.0	8385.0
730	3892.6666666666665	0.0	0.0	10113.0
740	3726.5	0.0	0.0	12031.0
750	4068.1666666666665	0.0	0.0	9915.0
760	3742.6666666666665	0.0	0.0	8145.0
770	3574.0	0.0	0.0	9682.0
780	3481.6666666666665	0.0	0.0	11242.0
790	3954.6666666666665	0.0	0.0	10219.0
800	4126.833333333333	0.0	0.0	7921.0
810	3701.6666666666665	0.0	0.0	9357.0
820	3641.8333333333335	0.0	0.0	11030.0
830	3749.6666666666665	0.0	0.0	11075.0
840	3787.8333333333335	0.0	0.0	10266.0
850	3816.8333333333335	0.0	0.0	11299.0
860	3777.3333333333335	0.0	0.0	9138.0
870	3914.0	0.0	0.0	11069.0
880	4042.0	0.0	0.0	9446.0
890	3621.5	0.0	0.0	11363.0
900	3870.3333333333335	0.0	0.0	10638.0
910	3922.0	0.0	0.0	9760.0
920	3719.8333333333335	0.0	0.0	10336.0
930	3678.8333333333335	0.0	0.0	10533.0
940	3725.6666666666665	0.0	0.0	8581.0
950	3876.1666666666665	0.0	0.0	10185.0
960	2843.1666666666665	0.0	0.0	9228.0
970	3835.8333333333335	0.0	0.0	12781.0
980	3884.6666666666665	0.0	0.0	10532.0
990	3663.0	0.0	0.0	9452.0
1000	4167.0	0.0	0.0	8466.0
