0	1456.6666666666667	0.0	0.0
10	2360.5	121.0	20000.0
20	2339.0	96.0	19973.0
30	2421.5	79.0	20000.0
40	2424.5	113.0	20000.0
50	2653.1666666666665	54.0	20000.0
60	2588.1666666666665	80.0	19505.0
70	2769.1666666666665	43.0	20000.0
80	2877.3333333333335	73.0	19704.0
90	3009.6666666666665	119.0	19990.0
100	2957.3333333333335	57.0	18650.0
110	3025.6666666666665	77.0	19990.0
120	3072.5	50.0	19535.0
130	3184.1666666666665	38.0	19799.0
140	3232.1666666666665	0.0	18840.0
150	3209.3333333333335	0.0	19583.0
160	3291.8333333333335	0.0	19941.0
170	3240.1666666666665	0.0	19693.0
180	2851.8333333333335	0.0	18689.0
190	2822.1666666666665	0.0	19611.0
200	2813.3333333333335	0.0	19177.0
210	2699.5	0.0	19290.0
220	2950.8333333333335	0.0	19249.0
230	2864.8333333333335	0.0	19815.0
240	3018.6666666666665	0.0	19519.0
250	3059.5	0.0	19701.0
260	3020.5	0.0	19622.0
270	2896.5	0.0	19658.0
280	2765.3333333333335	0.0	19727.0
290	3012.8333333333335	0.0	20000.0
300	3013.8333333333335	0.0	20000.0
310	3155.6666666666665	0.0	19049.0
320	3108.6666666666665	0.0	19787.0
330	3088.8333333333335	0.0	19299.0
340	3032.8333333333335	0.0	20000.0
350	3160.5	0.0	20000.0
360	3056.8333333333335	0.0	20000.0
370	2833.3333333333335	0.0	19898.0
380	3041.3333333333335	0.0	19407.0
390	2970.0	0.0	19678.0
400	3139.3333333333335	0.0	19746.0
410	2975.0	0.0	19308.0
420	3017.8333333333335	0.0	19419.0
430	2982.5	0.0	19889.0
440	3194.3333333333335	0.0	19577.0
450	2871.3333333333335	0.0	19521.0
460	2897.5	0.0	19716.0
470	3038.1666666666665	0.0	19413.0
480	3188.5	0.0	19592.0
490	3148.1666666666665	0.0	18926.0
500	3137.3333333333335	0.0	19730.0
510	3207.3333333333335	0.0	19745.0
520	3285.8333333333335	0.0	19498.0
530	3313.5	0.0	19985.0
540	3204.6666666666665	0.0	20000.0
550	3257.1666666666665	0.0	19698.0
560	3047.1666666666665	0.0	19872.0
570	3107.0	0.0	19642.0
580	3188.5	0.0	19360.0
590	3225.8333333333335	0.0	20000.0
600	3136.3333333333335	0.0	19797.0
610	3160.5	0.0	19724.0
620	3164.8333333333335	0.0	19531.0
630	3176.6666666666665	0.0	19486.0
640	3347.6666666666665	0.0	19692.0
650	3507.0	0.0	19380.0
660	3418.8333333333335	0.0	19546.0
670	3443.6666666666665	0.0	18834.0
680	3342.0	0.0	20000.0
690	3415.3333333333335	0.0	19432.0
700	3364.6666666666665	0.0	19490.0
710	3688.1666666666665	0.0	19597.0
720	3364.8333333333335	0.0	20000.0
730	3501.5	0.0	19902.0
740	3476.6666666666665	0.0	19385.0
750	3406.5	0.0	20000.0
760	3399.3333333333335	0.0	19860.0
770	3327.8333333333335	0.0	19874.0
780	3599.0	0.0	19573.0
790	3610.5	0.0	20000.0
800	3549.0	0.0	19757.0
810	3438.6666666666665	0.0	19756.0
820	3399.6666666666665	0.0	19806.0
830	3465.5	0.0	20000.0
840	3285.1666666666665	0.0	19704.0
850	3578.0	0.0	20000.0
860	3528.8333333333335	0.0	20000.0
870	3522.1666666666665	0.0	19762.0
880	3647.3333333333335	0.0	20000.0
890	3416.3333333333335	0.0	20000.0
900	3544.3333333333335	0.0	20000.0
910	3488.3333333333335	0.0	19667.0
920	3655.6666666666665	0.0	19907.0
930	3501.1666666666665	0.0	19589.0
940	3760.6666666666665	0.0	20000.0
950	3560.6666666666665	0.0	19688.0
960	3548.5	0.0	20000.0
970	3576.0	0.0	19479.0
980	3743.1666666666665	0.0	20000.0
990	3547.1666666666665	0.0	20000.0
1000	3609.3333333333335	0.0	19631.0
