0	1470.0	0.0	0.0
10	2278.3333333333335	178.0	20000.0
20	2418.3333333333335	95.0	20000.0
30	2482.5	111.0	20000.0
40	2482.5	152.0	20000.0
50	2577.0	98.0	20000.0
60	2721.3333333333335	66.0	20000.0
70	2818.8333333333335	81.0	19372.0
80	2865.8333333333335	61.0	19684.0
90	3057.8333333333335	54.0	19260.0
100	3048.0	104.0	19491.0
110	2947.3333333333335	0.0	19891.0
120	2968.1666666666665	0.0	19825.0
130	3167.0	0.0	19376.0
140	3167.6666666666665	0.0	20000.0
150	3366.5	0.0	18883.0
160	3247.0	0.0	19320.0
170	3310.8333333333335	0.0	19457.0
180	3172.6666666666665	0.0	17708.0
190	3280.3333333333335	0.0	18743.0
200	3359.8333333333335	0.0	19661.0
210	3267.6666666666665	0.0	19001.0
220	3300.3333333333335	0.0	19093.0
230	3238.5	0.0	19308.0
240	3284.3333333333335	0.0	18461.0
250	3293.5	0.0	19984.0
260	3415.1666666666665	0.0	19365.0
270	3362.0	0.0	19440.0
280	3354.0	0.0	19203.0
290	3556.5	0.0	19552.0
300	3622.5	0.0	18972.0
310	3585.5	0.0	19033.0
320	3593.1666666666665	0.0	18970.0
330	3676.6666666666665	0.0	19693.0
340	3569.0	0.0	19322.0
350	3716.5	0.0	19563.0
360	3722.6666666666665	0.0	19157.0
370	3706.1666666666665	0.0	19704.0
380	3682.3333333333335	0.0	19898.0
390	3645.0	0.0	18706.0
400	4009.6666666666665	0.0	19338.0
410	3926.6666666666665	0.0	20000.0
420	3972.0	0.0	20000.0
430	4012.3333333333335	0.0	19753.0
440	4060.5	0.0	19795.0
450	4002.5	0.0	19757.0
460	4025.5	0.0	19806.0
470	3867.6666666666665	0.0	20000.0
480	4063.1666666666665	0.0	19758.0
490	4073.6666666666665	0.0	19362.0
500	3976.3333333333335	0.0	19765.0
510	4066.6666666666665	0.0	19913.0
520	4045.8333333333335	0.0	19079.0
530	4012.6666666666665	0.0	19838.0
540	4200.0	0.0	19815.0
550	4168.833333333333	0.0	19706.0
560	4279.333333333333	0.0	20000.0
570	4114.5	0.0	19775.0
580	4268.5	0.0	19636.0
590	4251.833333333333	0.0	20000.0
600	4217.333333333333	0.0	19681.0
610	4360.166666666667	0.0	20000.0
620	4309.5	0.0	19775.0
630	4205.5	0.0	20000.0
640	4240.166666666667	0.0	19495.0
650	4283.833333333333	0.0	19538.0
660	4362.0	0.0	20000.0
670	4247.0	0.0	19795.0
680	4151.5	0.0	20000.0
690	4246.333333333333	0.0	19918.0
700	4266.166666666667	0.0	20000.0
710	4349.166666666667	0.0	19675.0
720	4383.333333333333	0.0	19869.0
730	4445.666666666667	0.0	20000.0
740	4287.0	0.0	19919.0
750	4149.666666666667	0.0	20000.0
760	4375.166666666667	0.0	20000.0
770	4359.0	0.0	19838.0
780	4431.166666666667	0.0	19833.0
790	4239.666666666667	0.0	20000.0
800	4246.666666666667	0.0	20000.0
810	4368.0	0.0	20000.0
820	4511.5	0.0	20000.0
830	4466.833333333333	0.0	20000.0
840	4249.833333333333	0.0	19556.0
850	4480.5	0.0	20000.0
860	4571.333333333333	0.0	20000.0
870	4439.166666666667	0.0	20000.0
880	4425.0	0.0	19798.0
890	4388.166666666667	0.0	20000.0
900	4426.166666666667	0.0	19859.0
910	4411.333333333333	0.0	20000.0
920	4454.333333333333	0.0	19615.0
930	4294.333333333333	0.0	19939.0
940	4438.5	0.0	20000.0
950	4412.333333333333	0.0	20000.0
960	4095.5	0.0	20000.0
970	4047.8333333333335	0.0	20000.0
980	4111.0	0.0	19844.0
990	4014.1666666666665	0.0	19749.0
1000	3978.6666666666665	0.0	20000.0
