0	2643.3333333333335	0.0	0.0	0.0
10	2517.1666666666665	1000.0	1489.0	10240.0
20	2901.5	0.0	0.0	7088.0
30	3164.6666666666665	0.0	0.0	7018.0
40	3090.3333333333335	0.0	0.0	8701.0
50	2615.6666666666665	0.0	0.0	9643.0
60	3183.5	0.0	0.0	8579.0
70	2882.0	0.0	0.0	10787.0
80	2430.0	0.0	0.0	10463.0
90	2699.5	0.0	0.0	9412.0
100	3129.6666666666665	0.0	0.0	10542.0
110	3281.3333333333335	0.0	0.0	9101.0
120	3600.6666666666665	0.0	0.0	10205.0
130	2455.5	0.0	0.0	9015.0
140	3165.3333333333335	0.0	0.0	9930.0
150	2974.0	0.0	0.0	9829.0
160	3361.6666666666665	0.0	0.0	6229.0
170	3289.6666666666665	0.0	0.0	13379.0
180	3594.1666666666665	0.0	0.0	11111.0
190	3661.6666666666665	0.0	0.0	12527.0
200	3748.3333333333335	0.0	0.0	12567.0
210	2894.8333333333335	0.0	0.0	14351.0
220	3673.3333333333335	0.0	0.0	7705.0
230	3361.1666666666665	0.0	0.0	10958.0
240	3542.0	0.0	0.0	11398.0
250	3397.0	0.0	0.0	11267.0
260	3269.3333333333335	0.0	0.0	10749.0
270	3402.8333333333335	0.0	0.0	11815.0
280	3692.0	0.0	0.0	11857.0
290	3485.0	0.0	0.0	7742.0
300	3240.0	0.0	0.0	10469.0
310	3486.3333333333335	0.0	0.0	9175.0
320	2958.5	0.0	0.0	11430.0
330	3898.8333333333335	0.0	0.0	10803.0
340	3732.1666666666665	0.0	0.0	12368.0
350	3666.3333333333335	0.0	0.0	8381.0
360	4035.5	0.0	0.0	12557.0
370	3946.5	0.0	0.0	13064.0
380	3736.8333333333335	0.0	0.0	10170.0
390	3454.1666666666665	0.0	0.0	10240.0
400	3790.1666666666665	0.0	0.0	11050.0
410	3767.3333333333335	0.0	0.0	11617.0
420	3547.8333333333335	0.0	0.0	8992.0
430	3378.8333333333335	0.0	0.0	7356.0
440	3354.5	0.0	0.0	7745.0
450	3828.0	0.0	0.0	11662.0
460	3953.3333333333335	0.0	0.0	12193.0
470	3689.1666666666665	0.0	0.0	14011.0
480	3357.0	0.0	0.0	10168.0
490	3831.8333333333335	0.0	0.0	7748.0
500	3539.5	0.0	0.0	12216.0
510	3702.6666666666665	0.0	0.0	9172.0
520	3848.8333333333335	0.0	0.0	9220.0
530	3912.0	0.0	0.0	8843.0
540	3599.6666666666665	0.0	0.0	12797.0
550	3771.6666666666665	0.0	0.0	12354.0
560	3684.6666666666665	0.0	0.0	11063.0
570	3755.6666666666665	0.0	0.0	10713.0
580	3647.5	0.0	0.0	12302.0
590	3801.5	0.0	0.0	10499.0
600	4033.8333333333335	0.0	0.0	11139.0
610	3880.0	0.0	0.0	9105.0
620	3857.6666666666665	0.0	0.0	10978.0
630	3844.0	0.0	0.0	11609.0
640	3797.6666666666665	0.0	0.0	9976.0
650	3639.0	0.0	0.0	10149.0
660	3736.5	0.0	0.0	11007.0
670	3948.3333333333335	0.0	0.0	10242.0
680	3483.6666666666665	0.0	0.0	11534.0
690	4050.5	0.0	0.0	10164.0
700	3917.5	0.0	0.0	12257.0
710	3846.0	0.0	0.0	12298.0
720	3637.0	0.0	0.0	8940.0
730	3977.5	0.0	0.0	12867.0
740	4032.6666666666665	0.0	0.0	9339.0
750	4055.3333333333335	0.0	0.0	9942.0
760	3735.6666666666665	0.0	0.0	9926.0
770	3969.0	0.0	0.0	10274.0
780	3852.3333333333335	0.0	0.0	12170.0
790	3534.5	0.0	0.0	9430.0
800	3996.1666666666665	0.0	0.0	10514.0
