0	2194.3333333333335	0.0	0.0	0.0
10	2212.8333333333335	1000.0	1000.0	11553.0
20	2488.5	0.0	0.0	9281.0
30	2454.0	0.0	0.0	8973.0
40	2572.5	0.0	0.0	9822.0
50	2521.1666666666665	0.0	0.0	10033.0
60	2545.5	0.0	0.0	10534.0
70	2445.3333333333335	0.0	0.0	6813.0
80	2420.8333333333335	0.0	0.0	10509.0
90	2331.8333333333335	0.0	0.0	7216.0
100	2245.5	0.0	0.0	9516.0
110	2576.8333333333335	0.0	0.0	9452.0
120	2061.5	0.0	0.0	6426.0
130	2465.0	0.0	0.0	10775.0
140	2484.1666666666665	0.0	0.0	8728.0
150	2358.5	0.0	0.0	6115.0
160	2176.1666666666665	0.0	0.0	8312.0
170	2137.3333333333335	0.0	0.0	9715.0
180	2085.6666666666665	0.0	0.0	9347.0
190	2663.1666666666665	0.0	0.0	8947.0
200	2307.3333333333335	0.0	0.0	9233.0
210	2423.8333333333335	0.0	0.0	7603.0
220	2538.3333333333335	0.0	0.0	8037.0
230	2549.8333333333335	0.0	0.0	10901.0
240	2430.6666666666665	0.0	0.0	8443.0
250	2847.0	0.0	0.0	7662.0
260	2817.8333333333335	0.0	0.0	10699.0
270	2665.0	0.0	0.0	7595.0
280	2411.8333333333335	0.0	0.0	11712.0
290	2782.5	0.0	0.0	7591.0
300	2776.0	0.0	0.0	6469.0
310	3029.1666666666665	0.0	0.0	9818.0
320	2742.8333333333335	0.0	0.0	10281.0
330	2600.6666666666665	0.0	0.0	6335.0
340	2713.0	0.0	0.0	10291.0
350	2954.1666666666665	0.0	0.0	10138.0
360	2727.1666666666665	0.0	0.0	10837.0
370	3152.1666666666665	0.0	0.0	11708.0
380	2916.6666666666665	0.0	0.0	10936.0
390	3054.0	0.0	0.0	9435.0
400	3177.6666666666665	0.0	0.0	9400.0
410	3170.3333333333335	0.0	0.0	8384.0
420	2619.0	0.0	0.0	12274.0
430	2845.0	0.0	0.0	8552.0
440	3425.0	0.0	0.0	10795.0
450	3641.5	0.0	0.0	10044.0
460	3301.5	0.0	0.0	8790.0
470	3756.5	0.0	0.0	10952.0
480	3514.8333333333335	0.0	0.0	9292.0
490	4016.3333333333335	0.0	0.0	10378.0
500	3601.6666666666665	0.0	0.0	5715.0
510	3159.1666666666665	0.0	0.0	10468.0
520	3472.0	0.0	0.0	12368.0
530	3231.5	0.0	0.0	9991.0
540	2965.8333333333335	0.0	0.0	10175.0
550	3313.5	0.0	0.0	9559.0
560	3678.5	0.0	0.0	12104.0
570	3711.6666666666665	0.0	0.0	11532.0
580	3422.1666666666665	0.0	0.0	9563.0
590	2956.0	0.0	0.0	12011.0
600	3588.6666666666665	0.0	0.0	9656.0
610	3812.5	0.0	0.0	8325.0
620	3415.5	0.0	0.0	9492.0
630	3521.5	0.0	0.0	12151.0
640	3822.6666666666665	0.0	0.0	11346.0
650	3552.0	0.0	0.0	9312.0
660	3396.8333333333335	0.0	0.0	12026.0
670	3304.3333333333335	0.0	0.0	11287.0
680	3660.3333333333335	0.0	0.0	8664.0
690	3156.3333333333335	0.0	0.0	12458.0
700	3868.8333333333335	0.0	0.0	13417.0
710	3697.8333333333335	0.0	0.0	9812.0
720	3916.1666666666665	0.0	0.0	10606.0
730	3732.3333333333335	0.0	0.0	10752.0
740	3928.1666666666665	0.0	0.0	10652.0
750	3973.5	0.0	0.0	9906.0
760	3164.1666666666665	0.0	0.0	10846.0
770	3689.8333333333335	0.0	0.0	12781.0
780	3811.3333333333335	0.0	0.0	9137.0
790	3793.0	0.0	0.0	14664.0
800	3765.5	0.0	0.0	9830.0
