0	2196.1666666666665	0.0	0.0	0.0
10	2259.6666666666665	1000.0	1000.0	7560.0
20	2317.5	0.0	0.0	6284.0
30	2307.3333333333335	0.0	0.0	9306.0
40	2595.8333333333335	0.0	0.0	6586.0
50	2257.6666666666665	0.0	0.0	5565.0
60	2267.8333333333335	0.0	0.0	7988.0
70	2121.3333333333335	0.0	0.0	4390.0
80	2319.6666666666665	0.0	0.0	7554.0
90	1938.6666666666667	0.0	0.0	7389.0
100	2133.1666666666665	0.0	0.0	7066.0
110	2372.3333333333335	0.0	0.0	5480.0
120	2564.5	0.0	0.0	11598.0
130	2302.6666666666665	0.0	0.0	9177.0
140	2347.6666666666665	0.0	0.0	10829.0
150	2301.3333333333335	0.0	0.0	8454.0
160	2214.1666666666665	0.0	0.0	9906.0
170	2223.6666666666665	0.0	0.0	6897.0
180	2548.0	0.0	0.0	7640.0
190	2755.6666666666665	0.0	0.0	9493.0
200	2561.0	0.0	0.0	7185.0
210	2114.5	0.0	0.0	8028.0
220	2713.6666666666665	0.0	0.0	7666.0
230	2175.1666666666665	0.0	0.0	6577.0
240	2566.6666666666665	0.0	0.0	8988.0
250	2197.5	0.0	0.0	6233.0
260	2091.5	0.0	0.0	6725.0
270	2700.1666666666665	0.0	0.0	10720.0
280	2486.0	0.0	0.0	13849.0
290	2161.5	0.0	0.0	5488.0
300	2534.0	0.0	0.0	11042.0
310	2447.3333333333335	0.0	0.0	9229.0
320	2664.6666666666665	0.0	0.0	6340.0
330	2508.6666666666665	0.0	0.0	7889.0
340	2459.8333333333335	0.0	0.0	8561.0
350	2795.8333333333335	0.0	0.0	7422.0
360	2850.0	0.0	0.0	6892.0
370	2948.8333333333335	0.0	0.0	6164.0
380	3260.8333333333335	0.0	0.0	8194.0
390	2969.1666666666665	0.0	0.0	5393.0
400	2744.6666666666665	0.0	0.0	7809.0
410	2949.1666666666665	0.0	0.0	6352.0
420	2610.1666666666665	0.0	0.0	9967.0
430	2960.0	0.0	0.0	8692.0
440	3306.0	0.0	0.0	7632.0
450	3064.0	0.0	0.0	7666.0
460	2977.1666666666665	0.0	0.0	9111.0
470	2769.1666666666665	0.0	0.0	10884.0
480	2775.8333333333335	0.0	0.0	10376.0
490	3184.3333333333335	0.0	0.0	12240.0
500	3110.3333333333335	0.0	0.0	7969.0
510	3455.5	0.0	0.0	8270.0
520	3250.6666666666665	0.0	0.0	11718.0
530	3385.0	0.0	0.0	9301.0
540	3050.3333333333335	0.0	0.0	10405.0
550	3401.6666666666665	0.0	0.0	10389.0
560	3520.5	0.0	0.0	9840.0
570	3158.3333333333335	0.0	0.0	10684.0
580	3283.0	0.0	0.0	10995.0
590	3025.5	0.0	0.0	10849.0
600	2961.0	0.0	0.0	7496.0
610	3269.0	0.0	0.0	11556.0
620	3198.1666666666665	0.0	0.0	11250.0
630	3452.8333333333335	0.0	0.0	11302.0
640	3666.3333333333335	0.0	0.0	7736.0
650	3422.0	0.0	0.0	10823.0
660	3353.6666666666665	0.0	0.0	9844.0
670	3678.0	0.0	0.0	10260.0
680	3680.3333333333335	0.0	0.0	12019.0
690	3643.3333333333335	0.0	0.0	7175.0
700	3750.8333333333335	0.0	0.0	7859.0
710	3651.6666666666665	0.0	0.0	10353.0
720	3152.1666666666665	0.0	0.0	14056.0
730	3546.3333333333335	0.0	0.0	11529.0
740	3799.6666666666665	0.0	0.0	6209.0
750	4101.333333333333	0.0	0.0	9722.0
760	3923.1666666666665	0.0	0.0	10055.0
770	3083.6666666666665	0.0	0.0	9906.0
780	3307.8333333333335	0.0	0.0	6828.0
790	3726.1666666666665	0.0	0.0	9473.0
800	3275.3333333333335	0.0	0.0	9562.0
