0	1737.1666666666667	0.0	0.0	0.0
10	2033.3333333333333	495.0	8133.0	11525.0
20	2099.3333333333335	505.0	5340.0	8281.0
30	2041.8333333333333	0.0	0.0	8386.0
40	1921.8333333333333	0.0	0.0	9948.0
50	2150.0	0.0	0.0	10217.0
60	2030.0	0.0	0.0	8356.0
70	2369.1666666666665	0.0	0.0	11641.0
80	2416.5	0.0	0.0	11711.0
90	2461.8333333333335	0.0	0.0	11347.0
100	2663.1666666666665	0.0	0.0	11358.0
110	2444.3333333333335	0.0	0.0	9013.0
120	2484.8333333333335	0.0	0.0	9857.0
130	2725.8333333333335	0.0	0.0	9166.0
140	2492.1666666666665	0.0	0.0	9436.0
150	2244.8333333333335	0.0	0.0	9618.0
160	2538.6666666666665	0.0	0.0	10976.0
170	2764.0	0.0	0.0	9426.0
180	2776.0	0.0	0.0	11062.0
190	2416.1666666666665	0.0	0.0	10660.0
200	2730.8333333333335	0.0	0.0	8412.0
210	2047.6666666666667	0.0	0.0	10307.0
220	2647.0	0.0	0.0	5859.0
230	2257.0	0.0	0.0	8501.0
240	2427.3333333333335	0.0	0.0	8878.0
250	2642.1666666666665	0.0	0.0	11851.0
260	2737.8333333333335	0.0	0.0	7887.0
270	2808.0	0.0	0.0	7590.0
280	2873.8333333333335	0.0	0.0	8856.0
290	2389.0	0.0	0.0	9803.0
300	2866.8333333333335	0.0	0.0	11512.0
310	3170.6666666666665	0.0	0.0	9371.0
320	2754.6666666666665	0.0	0.0	7858.0
330	2631.6666666666665	0.0	0.0	10093.0
340	2457.1666666666665	0.0	0.0	13713.0
350	2873.3333333333335	0.0	0.0	7088.0
360	2876.8333333333335	0.0	0.0	8688.0
370	2856.0	0.0	0.0	8599.0
380	2872.8333333333335	0.0	0.0	11870.0
390	3099.6666666666665	0.0	0.0	8100.0
400	3305.6666666666665	0.0	0.0	8153.0
410	3630.5	0.0	0.0	8306.0
420	3170.0	0.0	0.0	8281.0
430	3205.1666666666665	0.0	0.0	8449.0
440	3050.8333333333335	0.0	0.0	10074.0
450	3310.8333333333335	0.0	0.0	10751.0
460	3009.3333333333335	0.0	0.0	9531.0
470	2731.6666666666665	0.0	0.0	11382.0
480	3397.8333333333335	0.0	0.0	9813.0
490	2748.3333333333335	0.0	0.0	9715.0
500	3393.0	0.0	0.0	9026.0
510	3300.3333333333335	0.0	0.0	12953.0
520	3285.5	0.0	0.0	11839.0
530	3541.6666666666665	0.0	0.0	11686.0
540	3064.3333333333335	0.0	0.0	8957.0
550	3355.0	0.0	0.0	10563.0
560	3533.3333333333335	0.0	0.0	13435.0
570	3465.3333333333335	0.0	0.0	8627.0
580	3799.1666666666665	0.0	0.0	10321.0
590	3552.0	0.0	0.0	12759.0
600	3859.8333333333335	0.0	0.0	10402.0
610	2923.5	0.0	0.0	9647.0
620	3124.5	0.0	0.0	14199.0
630	3405.0	0.0	0.0	9196.0
640	3881.0	0.0	0.0	10324.0
650	3261.6666666666665	0.0	0.0	10347.0
660	3601.6666666666665	0.0	0.0	8263.0
670	3523.5	0.0	0.0	8726.0
680	3649.3333333333335	0.0	0.0	9053.0
690	3784.5	0.0	0.0	9937.0
700	3998.3333333333335	0.0	0.0	10442.0
710	3391.5	0.0	0.0	12095.0
720	2856.1666666666665	0.0	0.0	12100.0
730	3802.6666666666665	0.0	0.0	12244.0
740	3769.0	0.0	0.0	8937.0
750	3401.0	0.0	0.0	11704.0
760	3795.6666666666665	0.0	0.0	9945.0
770	3699.3333333333335	0.0	0.0	9505.0
780	3678.0	0.0	0.0	9971.0
790	3470.3333333333335	0.0	0.0	10356.0
800	3438.1666666666665	0.0	0.0	11327.0
810	3585.8333333333335	0.0	0.0	9921.0
820	3968.3333333333335	0.0	0.0	10847.0
830	4023.6666666666665	0.0	0.0	9097.0
840	3878.5	0.0	0.0	11617.0
850	3823.8333333333335	0.0	0.0	9578.0
860	3611.3333333333335	0.0	0.0	8827.0
870	3551.0	0.0	0.0	10211.0
880	3808.8333333333335	0.0	0.0	8777.0
890	3037.5	0.0	0.0	7984.0
900	3470.6666666666665	0.0	0.0	14902.0
910	4010.6666666666665	0.0	0.0	11480.0
920	3603.1666666666665	0.0	0.0	8396.0
930	3743.6666666666665	0.0	0.0	10617.0
940	3891.8333333333335	0.0	0.0	11188.0
950	3666.5	0.0	0.0	12270.0
960	3939.8333333333335	0.0	0.0	13242.0
970	3968.6666666666665	0.0	0.0	12212.0
980	4041.3333333333335	0.0	0.0	13000.0
990	3836.5	0.0	0.0	8579.0
1000	4112.0	0.0	0.0	11617.0
