0	277.5	0.0	0.0	0.0
10	1695.5	370.0	1305.0	8116.0
20	1947.5	418.0	1829.0	10386.0
30	2048.0	212.0	662.0	9249.0
40	2112.75	0.0	0.0	7059.0
50	2359.25	0.0	0.0	7581.0
60	2427.75	0.0	0.0	7775.0
70	2667.5	0.0	0.0	11544.0
80	2673.5	0.0	0.0	8935.0
90	2582.5	0.0	0.0	9127.0
100	2431.0	0.0	0.0	8994.0
110	2536.5	0.0	0.0	6595.0
120	2633.5	0.0	0.0	8362.0
130	2294.75	0.0	0.0	7185.0
140	1874.25	0.0	0.0	5402.0
150	2132.25	0.0	0.0	8751.0
160	2174.0	0.0	0.0	6558.0
170	2516.75	0.0	0.0	7360.0
180	2301.0	0.0	0.0	5210.0
190	2604.75	0.0	0.0	7315.0
200	2596.0	0.0	0.0	9047.0
210	2249.25	0.0	0.0	10153.0
220	2345.25	0.0	0.0	11735.0
230	2300.5	0.0	0.0	6952.0
240	2442.5	0.0	0.0	9648.0
250	2555.0	0.0	0.0	9136.0
260	2167.5	0.0	0.0	8574.0
270	2412.75	0.0	0.0	11556.0
280	2490.5	0.0	0.0	6446.0
290	2735.25	0.0	0.0	9434.0
300	2821.0	0.0	0.0	8891.0
310	2907.75	0.0	0.0	6494.0
320	3200.5	0.0	0.0	8499.0
330	3120.25	0.0	0.0	9430.0
340	2998.75	0.0	0.0	9966.0
350	2898.75	0.0	0.0	8174.0
360	3181.25	0.0	0.0	8739.0
370	3192.5	0.0	0.0	10425.0
380	3443.25	0.0	0.0	9790.0
390	3351.25	0.0	0.0	12310.0
400	3156.75	0.0	0.0	8460.0
410	2877.5	0.0	0.0	11851.0
420	3854.0	0.0	0.0	7438.0
430	3268.75	0.0	0.0	8853.0
440	3230.75	0.0	0.0	15185.0
450	2968.25	0.0	0.0	10556.0
460	3209.75	0.0	0.0	9996.0
470	2923.75	0.0	0.0	10273.0
480	3378.25	0.0	0.0	12450.0
490	3814.25	0.0	0.0	10974.0
500	3735.0	0.0	0.0	9337.0
510	4001.5	0.0	0.0	8341.0
520	3181.25	0.0	0.0	12133.0
530	2903.75	0.0	0.0	10627.0
540	3988.75	0.0	0.0	13382.0
550	3012.25	0.0	0.0	8434.0
560	3722.5	0.0	0.0	10509.0
570	3694.25	0.0	0.0	10122.0
580	3730.0	0.0	0.0	9927.0
590	3424.0	0.0	0.0	9898.0
600	3229.25	0.0	0.0	12947.0
610	3828.75	0.0	0.0	12788.0
620	3575.0	0.0	0.0	11888.0
630	4040.75	0.0	0.0	10699.0
640	3476.75	0.0	0.0	10737.0
650	3934.5	0.0	0.0	10290.0
660	3872.5	0.0	0.0	9530.0
670	3579.25	0.0	0.0	7849.0
680	3149.75	0.0	0.0	8920.0
690	3223.0	0.0	0.0	11680.0
700	3948.0	0.0	0.0	9571.0
710	4070.75	0.0	0.0	9070.0
720	3954.75	0.0	0.0	11108.0
730	3768.0	0.0	0.0	13075.0
740	4066.25	0.0	0.0	11153.0
750	3742.25	0.0	0.0	10547.0
760	3765.0	0.0	0.0	8265.0
770	3356.75	0.0	0.0	14504.0
780	3669.25	0.0	0.0	11237.0
790	3697.5	0.0	0.0	7972.0
800	3786.25	0.0	0.0	7873.0
810	3835.5	0.0	0.0	10115.0
820	3719.75	0.0	0.0	10849.0
830	3827.5	0.0	0.0	11388.0
840	3464.25	0.0	0.0	11629.0
850	3545.5	0.0	0.0	10392.0
860	3717.0	0.0	0.0	11246.0
870	3194.75	0.0	0.0	9727.0
880	3508.75	0.0	0.0	10572.0
890	3689.75	0.0	0.0	8240.0
900	3675.5	0.0	0.0	10185.0
910	3984.75	0.0	0.0	9977.0
920	3768.25	0.0	0.0	12850.0
930	3802.25	0.0	0.0	10921.0
940	3895.0	0.0	0.0	10822.0
950	3800.25	0.0	0.0	10133.0
960	3989.25	0.0	0.0	10879.0
970	3557.0	0.0	0.0	11601.0
980	3906.25	0.0	0.0	9323.0
990	3711.5	0.0	0.0	8973.0
1000	3001.5	0.0	0.0	10397.0
