0	232.33333333333334	0.0	0.0	0.0
10	1994.0	1000.0	1000.0	6429.0
20	2151.3333333333335	0.0	0.0	5845.0
30	2142.8333333333335	0.0	0.0	5449.0
40	2034.8333333333333	0.0	0.0	5061.0
50	2093.5	0.0	0.0	7671.0
60	2206.0	0.0	0.0	8811.0
70	1989.0	0.0	0.0	11511.0
80	1967.5	0.0	0.0	9416.0
90	2086.5	0.0	0.0	6844.0
100	2257.8333333333335	0.0	0.0	9032.0
110	2386.0	0.0	0.0	8832.0
120	2561.1666666666665	0.0	0.0	5915.0
130	2342.8333333333335	0.0	0.0	10689.0
140	2363.0	0.0	0.0	10791.0
150	2675.6666666666665	0.0	0.0	10483.0
160	2592.5	0.0	0.0	7842.0
170	2461.8333333333335	0.0	0.0	11689.0
180	2277.5	0.0	0.0	7879.0
190	2572.5	0.0	0.0	9830.0
200	2699.5	0.0	0.0	9617.0
210	2446.5	0.0	0.0	7595.0
220	2146.6666666666665	0.0	0.0	10552.0
230	2371.1666666666665	0.0	0.0	8723.0
240	2193.1666666666665	0.0	0.0	8356.0
250	2476.5	0.0	0.0	6491.0
260	2412.8333333333335	0.0	0.0	6710.0
270	2546.8333333333335	0.0	0.0	8647.0
280	2428.8333333333335	0.0	0.0	9073.0
290	2442.0	0.0	0.0	8534.0
300	2448.8333333333335	0.0	0.0	11165.0
310	2660.0	0.0	0.0	7365.0
320	2880.8333333333335	0.0	0.0	10979.0
330	2467.6666666666665	0.0	0.0	7677.0
340	2500.1666666666665	0.0	0.0	7467.0
350	2486.8333333333335	0.0	0.0	8179.0
360	2212.6666666666665	0.0	0.0	9593.0
370	2719.1666666666665	0.0	0.0	9247.0
380	3000.1666666666665	0.0	0.0	6531.0
390	2811.1666666666665	0.0	0.0	12234.0
400	2327.1666666666665	0.0	0.0	7889.0
410	2820.8333333333335	0.0	0.0	8704.0
420	2763.6666666666665	0.0	0.0	5733.0
430	2688.5	0.0	0.0	11094.0
440	3019.1666666666665	0.0	0.0	10797.0
450	3352.3333333333335	0.0	0.0	7923.0
460	2748.8333333333335	0.0	0.0	12509.0
470	3398.6666666666665	0.0	0.0	8060.0
480	3627.0	0.0	0.0	9585.0
490	3593.0	0.0	0.0	11237.0
500	2758.0	0.0	0.0	10859.0
510	3398.8333333333335	0.0	0.0	10658.0
520	3829.8333333333335	0.0	0.0	11615.0
530	3333.6666666666665	0.0	0.0	10120.0
540	3687.1666666666665	0.0	0.0	11397.0
550	3312.8333333333335	0.0	0.0	5676.0
560	3482.5	0.0	0.0	9464.0
570	3277.6666666666665	0.0	0.0	10007.0
580	3744.1666666666665	0.0	0.0	11198.0
590	3359.0	0.0	0.0	10660.0
600	3076.1666666666665	0.0	0.0	12913.0
610	2970.6666666666665	0.0	0.0	10158.0
620	3286.0	0.0	0.0	7065.0
630	3509.8333333333335	0.0	0.0	11395.0
640	3488.8333333333335	0.0	0.0	10390.0
650	3738.8333333333335	0.0	0.0	10609.0
660	3271.8333333333335	0.0	0.0	9781.0
670	3265.6666666666665	0.0	0.0	9431.0
680	3573.1666666666665	0.0	0.0	11477.0
690	3459.1666666666665	0.0	0.0	9803.0
700	3643.5	0.0	0.0	8541.0
710	3684.3333333333335	0.0	0.0	13691.0
720	3736.0	0.0	0.0	9920.0
730	3855.6666666666665	0.0	0.0	11764.0
740	3537.6666666666665	0.0	0.0	10127.0
750	3549.0	0.0	0.0	8802.0
760	4075.0	0.0	0.0	12386.0
770	3365.0	0.0	0.0	8148.0
780	3899.1666666666665	0.0	0.0	11344.0
790	3792.3333333333335	0.0	0.0	8372.0
800	3764.1666666666665	0.0	0.0	11584.0
810	3354.1666666666665	0.0	0.0	11016.0
820	3961.0	0.0	0.0	12119.0
830	3934.0	0.0	0.0	10623.0
840	3805.5	0.0	0.0	11825.0
850	3574.8333333333335	0.0	0.0	10354.0
860	4142.666666666667	0.0	0.0	9947.0
870	3697.5	0.0	0.0	8868.0
880	4096.666666666667	0.0	0.0	9857.0
890	3641.6666666666665	0.0	0.0	11390.0
900	3961.8333333333335	0.0	0.0	9965.0
910	3549.8333333333335	0.0	0.0	11203.0
920	3905.5	0.0	0.0	10688.0
930	3569.3333333333335	0.0	0.0	9773.0
940	3324.6666666666665	0.0	0.0	10535.0
950	3904.1666666666665	0.0	0.0	9093.0
960	3750.3333333333335	0.0	0.0	11344.0
970	3387.0	0.0	0.0	10365.0
980	3559.5	0.0	0.0	11540.0
990	3600.0	0.0	0.0	12579.0
1000	4171.666666666667	0.0	0.0	9381.0
