0	239.0	0.0	0.0	0.0
10	1718.6666666666667	1000.0	1000.0	8084.0
20	2086.0	0.0	0.0	7615.0
30	2202.8333333333335	0.0	0.0	11930.0
40	2050.3333333333335	0.0	0.0	6974.0
50	2008.3333333333333	0.0	0.0	7673.0
60	2255.0	0.0	0.0	7660.0
70	2039.5	0.0	0.0	10995.0
80	2254.8333333333335	0.0	0.0	9623.0
90	2244.1666666666665	0.0	0.0	5825.0
100	2244.5	0.0	0.0	8617.0
110	2330.3333333333335	0.0	0.0	8690.0
120	2405.6666666666665	0.0	0.0	10253.0
130	2155.5	0.0	0.0	12059.0
140	2358.8333333333335	0.0	0.0	8367.0
150	2484.6666666666665	0.0	0.0	10062.0
160	2584.1666666666665	0.0	0.0	7693.0
170	2462.1666666666665	0.0	0.0	6754.0
180	2563.0	0.0	0.0	13113.0
190	2418.6666666666665	0.0	0.0	12227.0
200	2360.5	0.0	0.0	7377.0
210	2767.5	0.0	0.0	8488.0
220	2779.5	0.0	0.0	8908.0
230	2830.1666666666665	0.0	0.0	6944.0
240	2646.3333333333335	0.0	0.0	11401.0
250	2749.3333333333335	0.0	0.0	8119.0
260	2596.1666666666665	0.0	0.0	9706.0
270	2330.0	0.0	0.0	8106.0
280	2494.5	0.0	0.0	11000.0
290	2725.1666666666665	0.0	0.0	9313.0
300	2426.3333333333335	0.0	0.0	8321.0
310	2659.8333333333335	0.0	0.0	11068.0
320	3206.8333333333335	0.0	0.0	7545.0
330	2653.0	0.0	0.0	8962.0
340	2988.8333333333335	0.0	0.0	9139.0
350	2107.6666666666665	0.0	0.0	8299.0
360	2773.3333333333335	0.0	0.0	8054.0
370	2867.1666666666665	0.0	0.0	7612.0
380	3217.6666666666665	0.0	0.0	9202.0
390	3152.1666666666665	0.0	0.0	6401.0
400	3416.3333333333335	0.0	0.0	11422.0
410	3783.6666666666665	0.0	0.0	10067.0
420	2984.3333333333335	0.0	0.0	9875.0
430	3242.3333333333335	0.0	0.0	8469.0
440	2743.8333333333335	0.0	0.0	11600.0
450	3614.0	0.0	0.0	10740.0
460	3282.3333333333335	0.0	0.0	9202.0
470	3198.6666666666665	0.0	0.0	8838.0
480	3168.0	0.0	0.0	11136.0
490	3358.3333333333335	0.0	0.0	10822.0
500	2942.3333333333335	0.0	0.0	11496.0
510	3116.8333333333335	0.0	0.0	13543.0
520	3654.5	0.0	0.0	9623.0
530	3631.1666666666665	0.0	0.0	5447.0
540	3304.6666666666665	0.0	0.0	10578.0
550	3238.6666666666665	0.0	0.0	11766.0
560	3734.1666666666665	0.0	0.0	7642.0
570	3584.8333333333335	0.0	0.0	8912.0
580	3730.0	0.0	0.0	7580.0
590	3736.8333333333335	0.0	0.0	11431.0
600	3543.3333333333335	0.0	0.0	11260.0
610	3442.5	0.0	0.0	9377.0
620	3801.0	0.0	0.0	8669.0
630	3285.6666666666665	0.0	0.0	9825.0
640	3715.0	0.0	0.0	9397.0
650	3689.8333333333335	0.0	0.0	9615.0
660	3602.3333333333335	0.0	0.0	11894.0
670	3758.3333333333335	0.0	0.0	11701.0
680	3784.0	0.0	0.0	11845.0
690	3500.6666666666665	0.0	0.0	9788.0
700	3217.6666666666665	0.0	0.0	12062.0
710	3708.1666666666665	0.0	0.0	9524.0
720	3492.0	0.0	0.0	15130.0
730	3802.8333333333335	0.0	0.0	9005.0
740	3874.3333333333335	0.0	0.0	11154.0
750	4090.6666666666665	0.0	0.0	9983.0
760	4038.6666666666665	0.0	0.0	10863.0
770	3766.6666666666665	0.0	0.0	10307.0
780	3831.6666666666665	0.0	0.0	11872.0
790	3879.6666666666665	0.0	0.0	11532.0
800	3864.8333333333335	0.0	0.0	10914.0
810	3767.5	0.0	0.0	9482.0
820	3701.5	0.0	0.0	10484.0
830	3656.6666666666665	0.0	0.0	11697.0
840	3637.1666666666665	0.0	0.0	10099.0
850	3778.8333333333335	0.0	0.0	7291.0
860	3822.3333333333335	0.0	0.0	10008.0
870	3744.3333333333335	0.0	0.0	14498.0
880	3908.3333333333335	0.0	0.0	11479.0
890	3316.3333333333335	0.0	0.0	10141.0
900	3745.8333333333335	0.0	0.0	11232.0
910	3664.5	0.0	0.0	9095.0
920	3870.6666666666665	0.0	0.0	10063.0
930	3905.1666666666665	0.0	0.0	11131.0
940	3708.5	0.0	0.0	10043.0
950	3367.5	0.0	0.0	11089.0
960	3821.8333333333335	0.0	0.0	12114.0
970	3507.8333333333335	0.0	0.0	12384.0
980	3444.1666666666665	0.0	0.0	10389.0
990	3669.8333333333335	0.0	0.0	11623.0
1000	3628.3333333333335	0.0	0.0	7801.0
