0	255.5	0.0	0.0	0.0
10	2131.75	1000.0	3050.0	12455.0
20	2010.75	0.0	0.0	8873.0
30	1931.0	0.0	0.0	8532.0
40	2054.0	0.0	0.0	7134.0
50	2272.5	0.0	0.0	9329.0
60	2336.0	0.0	0.0	10804.0
70	2351.0	0.0	0.0	8078.0
80	2476.0	0.0	0.0	8631.0
90	2368.5	0.0	0.0	8022.0
100	2327.0	0.0	0.0	7866.0
110	2089.5	0.0	0.0	8457.0
120	2543.25	0.0	0.0	8659.0
130	2586.5	0.0	0.0	10223.0
140	2576.0	0.0	0.0	6414.0
150	1802.75	0.0	0.0	7135.0
160	2393.75	0.0	0.0	8101.0
170	2537.0	0.0	0.0	10479.0
180	2680.75	0.0	0.0	9549.0
190	2562.5	0.0	0.0	6705.0
200	2485.25	0.0	0.0	6676.0
210	2026.5	0.0	0.0	10571.0
220	2330.75	0.0	0.0	9235.0
230	2892.5	0.0	0.0	9109.0
240	2352.5	0.0	0.0	9220.0
250	2279.25	0.0	0.0	11662.0
260	2376.0	0.0	0.0	9013.0
270	2698.25	0.0	0.0	6574.0
280	2724.25	0.0	0.0	8645.0
290	2597.25	0.0	0.0	7270.0
300	2466.0	0.0	0.0	9357.0
310	2232.5	0.0	0.0	6213.0
320	2722.75	0.0	0.0	7852.0
330	2721.75	0.0	0.0	7716.0
340	3156.5	0.0	0.0	7164.0
350	2655.75	0.0	0.0	5805.0
360	2700.5	0.0	0.0	7320.0
370	2788.75	0.0	0.0	8651.0
380	2582.0	0.0	0.0	10654.0
390	2764.5	0.0	0.0	7880.0
400	2772.5	0.0	0.0	8931.0
410	3216.5	0.0	0.0	9723.0
420	3169.75	0.0	0.0	10665.0
430	3037.75	0.0	0.0	10065.0
440	3210.5	0.0	0.0	8773.0
450	3047.75	0.0	0.0	9304.0
460	3293.5	0.0	0.0	9879.0
470	3654.25	0.0	0.0	11509.0
480	3159.5	0.0	0.0	7943.0
490	3348.25	0.0	0.0	11529.0
500	3503.25	0.0	0.0	13788.0
510	2587.75	0.0	0.0	8987.0
520	2931.25	0.0	0.0	11430.0
530	2856.5	0.0	0.0	10280.0
540	3855.0	0.0	0.0	10508.0
550	3058.75	0.0	0.0	12623.0
560	3591.25	0.0	0.0	8067.0
570	3784.0	0.0	0.0	12677.0
580	3195.0	0.0	0.0	8806.0
590	3808.0	0.0	0.0	8978.0
600	3186.25	0.0	0.0	10618.0
610	3726.75	0.0	0.0	9573.0
620	3410.0	0.0	0.0	9832.0
630	3427.5	0.0	0.0	13259.0
640	3777.5	0.0	0.0	10364.0
650	2975.0	0.0	0.0	9281.0
660	3546.25	0.0	0.0	11695.0
670	3104.75	0.0	0.0	10978.0
680	3123.5	0.0	0.0	6743.0
690	3836.5	0.0	0.0	11324.0
700	3350.0	0.0	0.0	9576.0
710	3745.25	0.0	0.0	7721.0
720	3488.5	0.0	0.0	11339.0
730	3794.75	0.0	0.0	10944.0
740	3680.75	0.0	0.0	10779.0
750	3903.75	0.0	0.0	13297.0
760	3694.25	0.0	0.0	11931.0
770	3881.0	0.0	0.0	10357.0
780	3772.0	0.0	0.0	9454.0
790	3749.5	0.0	0.0	9664.0
800	3852.5	0.0	0.0	8516.0
810	3469.25	0.0	0.0	10359.0
820	3665.25	0.0	0.0	13237.0
830	3935.75	0.0	0.0	9724.0
840	3929.5	0.0	0.0	10161.0
850	3890.25	0.0	0.0	12001.0
860	3480.0	0.0	0.0	11412.0
870	3890.25	0.0	0.0	10080.0
880	3977.0	0.0	0.0	11617.0
890	4018.5	0.0	0.0	14324.0
900	3760.25	0.0	0.0	9425.0
910	4073.25	0.0	0.0	9016.0
920	3776.75	0.0	0.0	9181.0
930	3413.75	0.0	0.0	10658.0
940	3444.75	0.0	0.0	10192.0
950	3987.25	0.0	0.0	10991.0
960	4001.5	0.0	0.0	12193.0
970	3787.75	0.0	0.0	10355.0
980	3785.5	0.0	0.0	10581.0
990	3318.0	0.0	0.0	8034.0
1000	3642.5	0.0	0.0	8466.0
