0	2500.3333333333335	0.0	0.0	0.0
10	2490.5	1000.0	1000.0	9203.0
20	2761.3333333333335	0.0	0.0	8480.0
30	2486.1666666666665	0.0	0.0	10188.0
40	2710.1666666666665	0.0	0.0	9162.0
50	2527.0	0.0	0.0	10345.0
60	2307.6666666666665	0.0	0.0	7575.0
70	2260.5	0.0	0.0	9635.0
80	2577.0	0.0	0.0	9362.0
90	2855.0	0.0	0.0	8803.0
100	2417.6666666666665	0.0	0.0	7087.0
110	2934.5	0.0	0.0	7482.0
120	3036.3333333333335	0.0	0.0	7448.0
130	2791.1666666666665	0.0	0.0	15061.0
140	2643.8333333333335	0.0	0.0	8651.0
150	2876.3333333333335	0.0	0.0	7074.0
160	2431.0	0.0	0.0	7842.0
170	2869.1666666666665	0.0	0.0	4929.0
180	2601.5	0.0	0.0	8684.0
190	2571.3333333333335	0.0	0.0	9426.0
200	2865.5	0.0	0.0	7279.0
210	2544.6666666666665	0.0	0.0	8130.0
220	2641.0	0.0	0.0	10803.0
230	3668.8333333333335	0.0	0.0	9977.0
240	3017.0	0.0	0.0	12394.0
250	3272.6666666666665	0.0	0.0	10260.0
260	3179.8333333333335	0.0	0.0	9986.0
270	2706.1666666666665	0.0	0.0	12019.0
280	3274.1666666666665	0.0	0.0	9063.0
290	3078.6666666666665	0.0	0.0	9462.0
300	3513.3333333333335	0.0	0.0	10971.0
310	3543.1666666666665	0.0	0.0	10519.0
320	3793.5	0.0	0.0	9985.0
330	3746.1666666666665	0.0	0.0	11045.0
340	3889.8333333333335	0.0	0.0	9176.0
350	3466.6666666666665	0.0	0.0	11820.0
360	3121.1666666666665	0.0	0.0	11952.0
370	3723.5	0.0	0.0	6665.0
380	3394.1666666666665	0.0	0.0	10653.0
390	3440.3333333333335	0.0	0.0	10150.0
400	3437.1666666666665	0.0	0.0	9554.0
410	3715.3333333333335	0.0	0.0	6992.0
420	3856.6666666666665	0.0	0.0	7762.0
430	3783.0	0.0	0.0	7784.0
440	3863.5	0.0	0.0	8100.0
450	3624.8333333333335	0.0	0.0	11888.0
460	3321.6666666666665	0.0	0.0	9347.0
470	3389.6666666666665	0.0	0.0	9253.0
480	3640.6666666666665	0.0	0.0	9242.0
490	3853.8333333333335	0.0	0.0	11379.0
500	3767.1666666666665	0.0	0.0	8766.0
510	3473.0	0.0	0.0	10990.0
520	4147.333333333333	0.0	0.0	11943.0
530	3698.0	0.0	0.0	10211.0
540	3931.8333333333335	0.0	0.0	9084.0
550	3745.3333333333335	0.0	0.0	10205.0
560	4048.8333333333335	0.0	0.0	8495.0
570	3881.5	0.0	0.0	9899.0
580	3800.8333333333335	0.0	0.0	9425.0
590	3777.8333333333335	0.0	0.0	10861.0
600	3769.3333333333335	0.0	0.0	10739.0
610	3741.5	0.0	0.0	8782.0
620	3860.1666666666665	0.0	0.0	12393.0
630	4014.3333333333335	0.0	0.0	9641.0
640	3817.8333333333335	0.0	0.0	11825.0
650	3769.5	0.0	0.0	10830.0
660	3920.0	0.0	0.0	11404.0
670	3973.3333333333335	0.0	0.0	11817.0
680	3683.5	0.0	0.0	9581.0
690	3627.8333333333335	0.0	0.0	10870.0
700	3885.5	0.0	0.0	11401.0
710	3823.0	0.0	0.0	9517.0
720	3861.1666666666665	0.0	0.0	14318.0
730	3781.1666666666665	0.0	0.0	11896.0
740	3892.5	0.0	0.0	9894.0
750	3833.5	0.0	0.0	11475.0
760	3782.8333333333335	0.0	0.0	11585.0
770	3870.5	0.0	0.0	11575.0
780	3821.3333333333335	0.0	0.0	9001.0
790	3984.1666666666665	0.0	0.0	13233.0
800	3803.1666666666665	0.0	0.0	9396.0
810	4111.333333333333	0.0	0.0	9494.0
820	4109.333333333333	0.0	0.0	9293.0
830	3892.6666666666665	0.0	0.0	9293.0
840	3780.3333333333335	0.0	0.0	11335.0
850	3777.8333333333335	0.0	0.0	6600.0
860	3768.8333333333335	0.0	0.0	8135.0
870	3806.8333333333335	0.0	0.0	8364.0
880	4285.166666666667	0.0	0.0	8377.0
890	4201.0	0.0	0.0	10136.0
900	3604.5	0.0	0.0	10619.0
910	3996.5	0.0	0.0	12361.0
920	3657.0	0.0	0.0	9430.0
930	3971.8333333333335	0.0	0.0	7327.0
940	3717.6666666666665	0.0	0.0	10110.0
950	3639.3333333333335	0.0	0.0	12479.0
960	3857.6666666666665	0.0	0.0	9746.0
970	3637.6666666666665	0.0	0.0	13072.0
980	3547.0	0.0	0.0	10261.0
990	3814.5	0.0	0.0	9407.0
1000	3453.8333333333335	0.0	0.0	13983.0
