0	2180.35	0.0	0.0	0.0
10	2278.9333333333334	486.3666666666667	5376.333333333333	10294.7
20	2334.3833333333337	360.1333333333333	4196.633333333333	9461.2
30	2385.2277777777776	143.7	2051.9333333333334	9441.033333333333
40	2437.894444444444	9.8	111.36666666666666	8866.766666666666
50	2502.6277777777786	0.0	0.0	9192.4
60	2493.6722222222224	0.0	0.0	8691.033333333333
70	2532.377777777778	0.0	0.0	9025.3
80	2530.788888888889	0.0	0.0	9087.3
90	2502.2000000000003	0.0	0.0	8036.033333333334
100	2533.466666666667	0.0	0.0	8645.633333333333
110	2447.255555555556	0.0	0.0	9483.733333333334
120	2389.7	0.0	0.0	8851.1
130	2491.65	0.0	0.0	9124.933333333332
140	2423.133333333333	0.0	0.0	8763.766666666666
150	2512.5777777777785	0.0	0.0	9037.533333333333
160	2515.7444444444454	0.0	0.0	8880.1
170	2483.3333333333344	0.0	0.0	8731.4
180	2583.761111111111	0.0	0.0	8436.733333333334
190	2541.8	0.0	0.0	8384.366666666667
200	2561.2777777777783	0.0	0.0	9080.133333333333
210	2527.5333333333333	0.0	0.0	9223.0
220	2640.2	0.0	0.0	8620.566666666668
230	2611.788888888889	0.0	0.0	8467.033333333333
240	2701.316666666666	0.0	0.0	8923.033333333333
250	2712.055555555555	0.0	0.0	8707.433333333332
260	2816.477777777778	0.0	0.0	9264.866666666667
270	2801.4611111111108	0.0	0.0	9065.8
280	2946.9277777777775	0.0	0.0	9333.8
290	2865.344444444444	0.0	0.0	9035.366666666667
300	2987.4222222222234	0.0	0.0	9153.866666666667
310	2957.5833333333335	0.0	0.0	9602.933333333332
320	3003.7888888888897	0.0	0.0	9471.133333333333
330	3068.9333333333334	0.0	0.0	9607.5
340	3069.505555555556	0.0	0.0	9943.833333333334
350	3055.266666666667	0.0	0.0	9699.3
360	3165.7666666666655	0.0	0.0	10267.8
370	3274.3777777777777	0.0	0.0	9392.033333333333
380	3325.1611111111106	0.0	0.0	10734.133333333333
390	3260.4611111111108	0.0	0.0	10392.433333333332
400	3262.3000000000006	0.0	0.0	10338.833333333334
410	3309.694444444444	0.0	0.0	10177.7
420	3336.1222222222223	0.0	0.0	10334.6
430	3316.133333333333	0.0	0.0	10994.0
440	3383.416666666666	0.0	0.0	9591.666666666666
450	3416.8555555555554	0.0	0.0	10123.3
460	3467.4611111111108	0.0	0.0	9665.833333333334
470	3380.216666666667	0.0	0.0	10205.766666666666
480	3462.227777777777	0.0	0.0	10554.233333333334
490	3480.4555555555553	0.0	0.0	9938.466666666667
500	3467.3333333333335	0.0	0.0	10054.466666666667
510	3460.0	0.0	0.0	9917.966666666667
520	3539.5444444444456	0.0	0.0	10194.066666666668
530	3476.272222222223	0.0	0.0	10193.533333333333
540	3541.8333333333335	0.0	0.0	10685.2
550	3509.3888888888887	0.0	0.0	10649.133333333333
560	3527.594444444445	0.0	0.0	10416.4
570	3565.799999999999	0.0	0.0	10957.333333333334
580	3596.8333333333344	0.0	0.0	10306.2
590	3549.561111111112	0.0	0.0	10546.2
600	3659.538888888889	0.0	0.0	10815.533333333333
610	3601.205555555555	0.0	0.0	9899.766666666666
620	3583.4611111111103	0.0	0.0	10157.166666666666
630	3661.1444444444446	0.0	0.0	10596.666666666666
640	3617.5277777777765	0.0	0.0	10414.066666666668
650	3685.0555555555557	0.0	0.0	10547.233333333334
660	3638.0722222222225	0.0	0.0	10469.1
670	3673.1388888888882	0.0	0.0	10380.5
680	3716.2777777777783	0.0	0.0	10320.6
690	3757.9722222222217	0.0	0.0	10403.033333333333
700	3730.9388888888875	0.0	0.0	10126.1
710	3668.8000000000006	0.0	0.0	10759.1
720	3700.972222222222	0.0	0.0	10530.966666666667
730	3739.577777777778	0.0	0.0	10553.733333333334
740	3733.7833333333338	0.0	0.0	10299.4
750	3747.316666666667	0.0	0.0	10235.366666666667
760	3759.9555555555557	0.0	0.0	10348.333333333334
770	3695.588888888889	0.0	0.0	9859.4
780	3827.961111111111	0.0	0.0	10029.166666666666
790	3722.3999999999996	0.0	0.0	10074.033333333333
800	3748.116666666666	0.0	0.0	10394.2
