0	2836.1666666666665	0.0	0.0	0.0
10	2760.3333333333335	221.0	3046.0	9243.0
20	2988.0	166.0	3424.0	9186.0
30	2388.8333333333335	478.0	3966.0	9291.0
40	2417.0	135.0	2896.0	7214.0
50	2569.1666666666665	0.0	0.0	8139.0
60	2593.3333333333335	0.0	0.0	8562.0
70	2747.5	0.0	0.0	7114.0
80	2765.0	0.0	0.0	9920.0
90	2514.1666666666665	0.0	0.0	7998.0
100	2338.8333333333335	0.0	0.0	8917.0
110	2892.8333333333335	0.0	0.0	5540.0
120	2723.6666666666665	0.0	0.0	9132.0
130	2795.5	0.0	0.0	10864.0
140	2640.6666666666665	0.0	0.0	9743.0
150	2670.1666666666665	0.0	0.0	11366.0
160	2803.3333333333335	0.0	0.0	8604.0
170	2970.8333333333335	0.0	0.0	10283.0
180	2918.1666666666665	0.0	0.0	9957.0
190	3560.6666666666665	0.0	0.0	11444.0
200	2793.8333333333335	0.0	0.0	10840.0
210	3032.8333333333335	0.0	0.0	8446.0
220	3175.5	0.0	0.0	7237.0
230	3460.6666666666665	0.0	0.0	9239.0
240	3029.8333333333335	0.0	0.0	11059.0
250	3253.1666666666665	0.0	0.0	9903.0
260	3104.8333333333335	0.0	0.0	7974.0
270	3146.5	0.0	0.0	8575.0
280	3350.6666666666665	0.0	0.0	6773.0
290	3548.8333333333335	0.0	0.0	8637.0
300	3150.1666666666665	0.0	0.0	10315.0
310	3484.8333333333335	0.0	0.0	10295.0
320	3236.1666666666665	0.0	0.0	8723.0
330	3262.8333333333335	0.0	0.0	10795.0
340	3644.1666666666665	0.0	0.0	10199.0
350	3140.8333333333335	0.0	0.0	11259.0
360	3447.1666666666665	0.0	0.0	8845.0
370	3588.3333333333335	0.0	0.0	12246.0
380	3287.3333333333335	0.0	0.0	11237.0
390	3819.1666666666665	0.0	0.0	10998.0
400	3524.0	0.0	0.0	10205.0
410	3337.3333333333335	0.0	0.0	9132.0
420	2822.8333333333335	0.0	0.0	9501.0
430	3976.0	0.0	0.0	12414.0
440	3079.5	0.0	0.0	8618.0
450	3054.0	0.0	0.0	13212.0
460	3708.1666666666665	0.0	0.0	9057.0
470	3570.3333333333335	0.0	0.0	12002.0
480	3984.8333333333335	0.0	0.0	11166.0
490	3369.6666666666665	0.0	0.0	11140.0
500	3327.0	0.0	0.0	10458.0
510	3697.0	0.0	0.0	9871.0
520	3820.6666666666665	0.0	0.0	10148.0
530	3351.0	0.0	0.0	8654.0
540	3278.5	0.0	0.0	10574.0
550	3223.0	0.0	0.0	13179.0
560	3467.5	0.0	0.0	13520.0
570	3228.8333333333335	0.0	0.0	12812.0
580	3809.5	0.0	0.0	9191.0
590	3643.5	0.0	0.0	8937.0
600	3188.3333333333335	0.0	0.0	10884.0
610	3808.0	0.0	0.0	11914.0
620	3763.6666666666665	0.0	0.0	10763.0
630	3835.6666666666665	0.0	0.0	9583.0
640	3881.6666666666665	0.0	0.0	11305.0
650	3475.0	0.0	0.0	11975.0
660	3323.3333333333335	0.0	0.0	10802.0
670	3670.5	0.0	0.0	12355.0
680	3872.5	0.0	0.0	9616.0
690	3972.5	0.0	0.0	10524.0
700	3534.8333333333335	0.0	0.0	7476.0
710	4153.0	0.0	0.0	10759.0
720	3457.3333333333335	0.0	0.0	11113.0
730	3870.3333333333335	0.0	0.0	8982.0
740	3665.8333333333335	0.0	0.0	9365.0
750	3593.3333333333335	0.0	0.0	8014.0
760	3827.5	0.0	0.0	9919.0
770	3258.0	0.0	0.0	11098.0
780	3536.3333333333335	0.0	0.0	13099.0
790	4046.6666666666665	0.0	0.0	10887.0
800	3999.5	0.0	0.0	11067.0
