0	2619.3333333333335	0.0	0.0	0.0
10	2655.3333333333335	246.0	286.0	14010.0
20	2864.8333333333335	96.0	110.0	9181.0
30	2223.5	1.0	4.0	5696.0
40	2346.0	84.0	119.0	11931.0
50	2188.5	90.0	118.0	9848.0
60	2627.8333333333335	0.0	1.0	5986.0
70	2851.8333333333335	61.0	71.0	7252.0
80	2638.5	97.0	126.0	7056.0
90	2724.0	13.0	24.0	8404.0
100	2812.5	78.0	98.0	9097.0
110	2568.3333333333335	123.0	204.0	10880.0
120	2735.8333333333335	85.0	151.0	6752.0
130	3212.3333333333335	26.0	56.0	9470.0
140	2435.1666666666665	0.0	0.0	9475.0
150	2829.6666666666665	0.0	0.0	9080.0
160	2872.5	0.0	0.0	7995.0
170	2990.1666666666665	0.0	0.0	10199.0
180	2807.3333333333335	0.0	0.0	9549.0
190	3244.5	0.0	0.0	5650.0
200	3123.3333333333335	0.0	0.0	6852.0
210	3127.8333333333335	0.0	0.0	13727.0
220	3181.3333333333335	0.0	0.0	10040.0
230	2670.5	0.0	0.0	10372.0
240	3214.1666666666665	0.0	0.0	6914.0
250	2927.8333333333335	0.0	0.0	13777.0
260	3241.1666666666665	0.0	0.0	8541.0
270	3365.0	0.0	0.0	10437.0
280	3646.5	0.0	0.0	8714.0
290	3047.0	0.0	0.0	9481.0
300	3424.5	0.0	0.0	14941.0
310	3258.3333333333335	0.0	0.0	7423.0
320	3213.0	0.0	0.0	8073.0
330	2918.1666666666665	0.0	0.0	8797.0
340	3239.8333333333335	0.0	0.0	12009.0
350	3589.6666666666665	0.0	0.0	7620.0
360	3514.0	0.0	0.0	13508.0
370	4012.6666666666665	0.0	0.0	13272.0
380	3598.6666666666665	0.0	0.0	12503.0
390	4007.3333333333335	0.0	0.0	7654.0
400	3092.6666666666665	0.0	0.0	13106.0
410	3559.5	0.0	0.0	8900.0
420	3718.5	0.0	0.0	7560.0
430	3219.3333333333335	0.0	0.0	10962.0
440	3751.3333333333335	0.0	0.0	11685.0
450	3232.0	0.0	0.0	11265.0
460	3461.5	0.0	0.0	11642.0
470	3639.8333333333335	0.0	0.0	9035.0
480	3968.6666666666665	0.0	0.0	7791.0
490	3397.6666666666665	0.0	0.0	11659.0
500	3773.6666666666665	0.0	0.0	10770.0
510	3541.3333333333335	0.0	0.0	9558.0
520	3503.1666666666665	0.0	0.0	12483.0
530	3669.8333333333335	0.0	0.0	12456.0
540	3801.0	0.0	0.0	8260.0
550	3559.1666666666665	0.0	0.0	10303.0
560	3558.0	0.0	0.0	10365.0
570	3601.3333333333335	0.0	0.0	11279.0
580	3484.3333333333335	0.0	0.0	10278.0
590	3198.6666666666665	0.0	0.0	9528.0
600	3646.1666666666665	0.0	0.0	13020.0
610	3687.6666666666665	0.0	0.0	11324.0
620	3642.1666666666665	0.0	0.0	12667.0
630	3771.5	0.0	0.0	12055.0
640	3405.3333333333335	0.0	0.0	10012.0
650	4052.6666666666665	0.0	0.0	8090.0
660	3906.8333333333335	0.0	0.0	8688.0
670	3295.0	0.0	0.0	9991.0
680	3430.6666666666665	0.0	0.0	10939.0
690	3668.0	0.0	0.0	8802.0
700	3901.0	0.0	0.0	11439.0
710	3809.3333333333335	0.0	0.0	10866.0
720	3850.0	0.0	0.0	12471.0
730	3697.1666666666665	0.0	0.0	9988.0
740	3437.6666666666665	0.0	0.0	11080.0
750	3595.8333333333335	0.0	0.0	7327.0
760	3456.3333333333335	0.0	0.0	13720.0
770	3870.8333333333335	0.0	0.0	10750.0
780	3559.1666666666665	0.0	0.0	11151.0
790	3785.3333333333335	0.0	0.0	11417.0
800	3706.3333333333335	0.0	0.0	9133.0
