0	2372.5	0.0	0.0	0.0
10	2544.8333333333335	0.0	3.0	10413.0
20	2536.1666666666665	44.0	50.0	10612.0
30	2500.3333333333335	94.0	128.0	8895.0
40	2714.1666666666665	111.0	148.0	12885.0
50	2713.8333333333335	61.0	64.0	11043.0
60	2586.6666666666665	100.0	120.0	9148.0
70	2743.6666666666665	5.0	30.0	9014.0
80	2600.6666666666665	49.0	99.0	8316.0
90	2848.8333333333335	109.0	130.0	9512.0
100	2428.3333333333335	136.0	153.0	7282.0
110	2406.0	94.0	137.0	11583.0
120	3002.8333333333335	88.0	126.0	7247.0
130	2721.5	50.0	70.0	9427.0
140	2613.1666666666665	59.0	150.0	13552.0
150	2555.1666666666665	0.0	0.0	8791.0
160	3035.1666666666665	0.0	0.0	9567.0
170	2775.5	0.0	0.0	10896.0
180	3146.3333333333335	0.0	0.0	8089.0
190	3078.1666666666665	0.0	0.0	7747.0
200	2908.1666666666665	0.0	0.0	12323.0
210	2687.6666666666665	0.0	0.0	12601.0
220	2971.1666666666665	0.0	0.0	11073.0
230	3470.6666666666665	0.0	0.0	5930.0
240	3718.8333333333335	0.0	0.0	9999.0
250	3378.8333333333335	0.0	0.0	11554.0
260	3211.8333333333335	0.0	0.0	10920.0
270	2873.5	0.0	0.0	12008.0
280	3852.3333333333335	0.0	0.0	8090.0
290	3360.3333333333335	0.0	0.0	7276.0
300	3770.8333333333335	0.0	0.0	10838.0
310	4129.333333333333	0.0	0.0	7107.0
320	3861.8333333333335	0.0	0.0	10256.0
330	3551.5	0.0	0.0	8461.0
340	3085.6666666666665	0.0	0.0	11658.0
350	3524.8333333333335	0.0	0.0	12912.0
360	3326.3333333333335	0.0	0.0	11203.0
370	3568.0	0.0	0.0	12343.0
380	3448.6666666666665	0.0	0.0	14993.0
390	3733.1666666666665	0.0	0.0	10217.0
400	3871.5	0.0	0.0	13304.0
410	3499.6666666666665	0.0	0.0	11216.0
420	3513.0	0.0	0.0	10060.0
430	3070.8333333333335	0.0	0.0	13020.0
440	3926.5	0.0	0.0	11270.0
450	3629.6666666666665	0.0	0.0	10280.0
460	3385.1666666666665	0.0	0.0	11704.0
470	3810.6666666666665	0.0	0.0	11940.0
480	3864.0	0.0	0.0	13713.0
490	3820.5	0.0	0.0	11030.0
500	3934.1666666666665	0.0	0.0	8886.0
510	3364.5	0.0	0.0	10319.0
520	3097.8333333333335	0.0	0.0	10710.0
530	3637.3333333333335	0.0	0.0	8193.0
540	3469.0	0.0	0.0	12517.0
550	4028.6666666666665	0.0	0.0	10622.0
560	3843.3333333333335	0.0	0.0	11934.0
570	3516.8333333333335	0.0	0.0	11578.0
580	4066.6666666666665	0.0	0.0	14945.0
590	3749.8333333333335	0.0	0.0	9855.0
600	3847.6666666666665	0.0	0.0	12265.0
610	3601.3333333333335	0.0	0.0	12803.0
620	3910.3333333333335	0.0	0.0	11863.0
630	3705.8333333333335	0.0	0.0	7935.0
640	3361.5	0.0	0.0	13139.0
650	3823.6666666666665	0.0	0.0	11282.0
660	3842.3333333333335	0.0	0.0	9315.0
670	3753.3333333333335	0.0	0.0	8629.0
680	3789.1666666666665	0.0	0.0	11589.0
690	3822.1666666666665	0.0	0.0	9757.0
700	3521.6666666666665	0.0	0.0	10440.0
710	3525.1666666666665	0.0	0.0	13174.0
720	3527.8333333333335	0.0	0.0	11667.0
730	3821.3333333333335	0.0	0.0	8156.0
740	3878.5	0.0	0.0	13128.0
750	3652.1666666666665	0.0	0.0	10232.0
760	3901.1666666666665	0.0	0.0	10495.0
770	4011.6666666666665	0.0	0.0	8407.0
780	3542.0	0.0	0.0	8419.0
790	3757.6666666666665	0.0	0.0	11425.0
800	3950.0	0.0	0.0	9035.0
