0	2423.1666666666665	0.0	0.0	0.0
10	2558.1666666666665	11.0	28.0	12639.0
20	2654.6666666666665	139.0	180.0	10915.0
30	2141.6666666666665	61.0	69.0	7588.0
40	2183.1666666666665	117.0	128.0	10403.0
50	2979.3333333333335	0.0	2.0	8530.0
60	2766.1666666666665	144.0	195.0	10934.0
70	2844.3333333333335	44.0	49.0	7274.0
80	2916.6666666666665	80.0	122.0	10060.0
90	2518.5	45.0	65.0	8693.0
100	2907.6666666666665	116.0	146.0	9174.0
110	2928.1666666666665	48.0	68.0	9976.0
120	2758.5	127.0	158.0	10359.0
130	3036.1666666666665	68.0	69.0	7116.0
140	3215.3333333333335	0.0	0.0	8933.0
150	3076.0	0.0	0.0	7877.0
160	3436.6666666666665	0.0	0.0	8377.0
170	3358.8333333333335	0.0	0.0	12968.0
180	3374.6666666666665	0.0	0.0	10077.0
190	3687.6666666666665	0.0	0.0	13361.0
200	3161.8333333333335	0.0	0.0	10566.0
210	3530.6666666666665	0.0	0.0	11551.0
220	3408.5	0.0	0.0	10583.0
230	3039.8333333333335	0.0	0.0	11446.0
240	3443.5	0.0	0.0	9871.0
250	3775.1666666666665	0.0	0.0	13941.0
260	3220.3333333333335	0.0	0.0	10610.0
270	3625.5	0.0	0.0	9404.0
280	3449.5	0.0	0.0	13955.0
290	3377.8333333333335	0.0	0.0	8129.0
300	3202.5	0.0	0.0	11701.0
310	3749.5	0.0	0.0	11496.0
320	3494.0	0.0	0.0	9970.0
330	3719.5	0.0	0.0	11919.0
340	3423.0	0.0	0.0	11036.0
350	3569.0	0.0	0.0	9114.0
360	3930.5	0.0	0.0	11731.0
370	3575.8333333333335	0.0	0.0	12579.0
380	3417.3333333333335	0.0	0.0	8695.0
390	3212.3333333333335	0.0	0.0	11493.0
400	3532.0	0.0	0.0	10578.0
410	3752.8333333333335	0.0	0.0	10728.0
420	3424.3333333333335	0.0	0.0	9015.0
430	3844.6666666666665	0.0	0.0	12498.0
440	3610.6666666666665	0.0	0.0	10350.0
450	3855.3333333333335	0.0	0.0	13333.0
460	3319.6666666666665	0.0	0.0	11413.0
470	3968.0	0.0	0.0	12205.0
480	3686.6666666666665	0.0	0.0	11377.0
490	3555.5	0.0	0.0	10164.0
500	3614.0	0.0	0.0	12336.0
510	3312.0	0.0	0.0	10875.0
520	4059.6666666666665	0.0	0.0	10739.0
530	3575.6666666666665	0.0	0.0	10317.0
540	3902.5	0.0	0.0	10610.0
550	3570.3333333333335	0.0	0.0	12276.0
560	3909.1666666666665	0.0	0.0	12425.0
570	3740.5	0.0	0.0	11350.0
580	3548.0	0.0	0.0	9266.0
590	3938.3333333333335	0.0	0.0	12143.0
600	3846.0	0.0	0.0	9388.0
610	3663.0	0.0	0.0	9819.0
620	3580.0	0.0	0.0	10217.0
630	3676.3333333333335	0.0	0.0	9622.0
640	3693.6666666666665	0.0	0.0	10810.0
650	3781.1666666666665	0.0	0.0	10614.0
660	3521.3333333333335	0.0	0.0	8881.0
670	3666.6666666666665	0.0	0.0	9881.0
680	3610.5	0.0	0.0	7760.0
690	3640.5	0.0	0.0	10776.0
700	3857.3333333333335	0.0	0.0	12936.0
710	3959.8333333333335	0.0	0.0	10696.0
720	3777.8333333333335	0.0	0.0	8652.0
730	3840.5	0.0	0.0	10676.0
740	3998.3333333333335	0.0	0.0	8654.0
750	3553.0	0.0	0.0	10058.0
760	3717.0	0.0	0.0	11900.0
770	4140.333333333333	0.0	0.0	9702.0
780	3837.0	0.0	0.0	11079.0
790	3772.6666666666665	0.0	0.0	11329.0
800	3901.8333333333335	0.0	0.0	8793.0
