0	2060.3333333333335	0.0	0.0	0.0
10	2739.0	77.0	85.0	11285.0
20	2282.6666666666665	87.0	134.0	11912.0
30	2546.3333333333335	111.0	127.0	11805.0
40	2602.6666666666665	118.0	141.0	9071.0
50	2343.5	158.0	190.0	9170.0
60	2785.6666666666665	152.0	162.0	7237.0
70	2852.0	110.0	124.0	9341.0
80	3021.8333333333335	118.0	162.0	10268.0
90	2708.5	69.0	71.0	9670.0
100	2998.3333333333335	0.0	0.0	6296.0
110	2622.8333333333335	0.0	0.0	10599.0
120	2624.3333333333335	0.0	0.0	9308.0
130	2522.6666666666665	0.0	0.0	10546.0
140	2574.1666666666665	0.0	0.0	9755.0
150	2917.6666666666665	0.0	0.0	12022.0
160	2900.5	0.0	0.0	8410.0
170	3492.1666666666665	0.0	0.0	9912.0
180	3049.8333333333335	0.0	0.0	10371.0
190	2650.3333333333335	0.0	0.0	10161.0
200	3620.1666666666665	0.0	0.0	11192.0
210	3279.5	0.0	0.0	10220.0
220	3007.1666666666665	0.0	0.0	9239.0
230	3244.3333333333335	0.0	0.0	10654.0
240	3042.3333333333335	0.0	0.0	8249.0
250	3380.5	0.0	0.0	10192.0
260	3724.1666666666665	0.0	0.0	8294.0
270	3342.1666666666665	0.0	0.0	7796.0
280	3384.6666666666665	0.0	0.0	12927.0
290	3233.8333333333335	0.0	0.0	10360.0
300	3332.1666666666665	0.0	0.0	9977.0
310	3502.8333333333335	0.0	0.0	10354.0
320	3045.1666666666665	0.0	0.0	10634.0
330	3177.3333333333335	0.0	0.0	8333.0
340	3843.1666666666665	0.0	0.0	12741.0
350	3774.3333333333335	0.0	0.0	11767.0
360	3434.5	0.0	0.0	10902.0
370	3746.5	0.0	0.0	10542.0
380	3846.1666666666665	0.0	0.0	10236.0
390	3600.5	0.0	0.0	10211.0
400	3510.0	0.0	0.0	10630.0
410	3737.3333333333335	0.0	0.0	7794.0
420	3965.3333333333335	0.0	0.0	10284.0
430	3982.5	0.0	0.0	13018.0
440	3741.5	0.0	0.0	12088.0
450	3947.5	0.0	0.0	7933.0
460	3356.8333333333335	0.0	0.0	9788.0
470	3101.3333333333335	0.0	0.0	10883.0
480	3527.8333333333335	0.0	0.0	11421.0
490	3960.1666666666665	0.0	0.0	9930.0
500	3876.5	0.0	0.0	8552.0
510	3665.6666666666665	0.0	0.0	11453.0
520	3704.5	0.0	0.0	10083.0
530	3504.3333333333335	0.0	0.0	6180.0
540	3756.6666666666665	0.0	0.0	12491.0
550	3713.8333333333335	0.0	0.0	11090.0
560	3896.5	0.0	0.0	9433.0
570	3720.5	0.0	0.0	8489.0
580	3649.8333333333335	0.0	0.0	11803.0
590	3479.3333333333335	0.0	0.0	10024.0
600	3957.8333333333335	0.0	0.0	9468.0
610	3832.5	0.0	0.0	10790.0
620	3293.3333333333335	0.0	0.0	8786.0
630	3496.5	0.0	0.0	12285.0
640	3807.6666666666665	0.0	0.0	12542.0
650	3797.6666666666665	0.0	0.0	11691.0
660	3844.5	0.0	0.0	10708.0
670	3537.6666666666665	0.0	0.0	9756.0
680	3895.6666666666665	0.0	0.0	9067.0
690	3882.3333333333335	0.0	0.0	10566.0
700	4078.0	0.0	0.0	9368.0
710	3895.0	0.0	0.0	9830.0
720	3742.3333333333335	0.0	0.0	10195.0
730	3784.8333333333335	0.0	0.0	12090.0
740	3523.0	0.0	0.0	8739.0
750	3955.0	0.0	0.0	10795.0
760	3921.8333333333335	0.0	0.0	12026.0
770	3616.6666666666665	0.0	0.0	10549.0
780	3948.1666666666665	0.0	0.0	9715.0
790	3504.1666666666665	0.0	0.0	9173.0
800	3740.8333333333335	0.0	0.0	11957.0
