0	261.25555555555553	0.0	0.0	0.0
10	1989.05	8.833333333333334	256.6666666666667	8448.7
20	2023.994444444444	0.9666666666666667	59.3	8576.766666666666
30	2035.711111111111	0.23333333333333334	48.2	7965.6
40	2104.161111111111	0.6	50.233333333333334	8902.366666666667
50	2145.711111111111	0.3333333333333333	40.03333333333333	8311.833333333334
60	2161.494444444444	0.1	41.06666666666667	8606.566666666668
70	2224.4499999999994	0.13333333333333333	40.266666666666666	9246.566666666668
80	2244.1222222222223	0.5333333333333333	44.56666666666667	9090.466666666667
90	2322.611111111111	0.26666666666666666	49.333333333333336	8995.966666666667
100	2329.422222222222	0.1	48.0	8579.9
110	2337.0833333333335	0.2	48.5	8900.8
120	2378.1833333333334	0.23333333333333334	40.3	8422.5
130	2427.194444444444	0.26666666666666666	49.2	9035.433333333332
140	2484.255555555555	0.03333333333333333	50.666666666666664	9141.266666666666
150	2438.2277777777776	0.1	49.2	9391.566666666668
160	2491.5333333333333	0.06666666666666667	42.2	8864.6
170	2462.9277777777775	0.03333333333333333	44.93333333333333	9095.166666666666
180	2454.1666666666665	0.06666666666666667	40.5	8535.533333333333
190	2503.244444444445	0.1	42.1	9064.033333333333
200	2472.811111111111	0.1	47.2	8673.2
210	2493.7388888888886	0.06666666666666667	45.733333333333334	8772.733333333334
220	2519.0000000000005	0.03333333333333333	44.46666666666667	8968.1
230	2567.7777777777787	0.13333333333333333	47.13333333333333	9514.866666666667
240	2609.472222222223	0.0	46.6	9087.4
250	2653.3444444444444	0.03333333333333333	45.833333333333336	8877.566666666668
260	2550.527777777778	0.0	36.93333333333333	8441.966666666667
270	2545.972222222223	0.06666666666666667	46.0	8544.5
280	2593.9277777777775	0.06666666666666667	47.5	8831.366666666667
290	2655.777777777778	0.03333333333333333	50.333333333333336	8466.166666666666
300	2723.894444444444	0.0	41.733333333333334	9005.666666666666
310	2670.3611111111113	0.0	48.8	9624.033333333333
320	2634.4222222222224	0.0	53.9	9277.666666666666
330	2678.9222222222224	0.06666666666666667	44.333333333333336	9155.7
340	2728.844444444445	0.0	49.0	8937.233333333334
350	2844.1944444444443	0.0	46.1	8780.0
360	2820.666666666667	0.0	45.06666666666667	9256.866666666667
370	2766.505555555555	0.0	40.9	8755.733333333334
380	2836.911111111111	0.1	45.9	8905.3
390	2916.3166666666666	0.0	45.3	9321.833333333334
400	2878.0388888888892	0.0	47.833333333333336	9743.133333333333
410	2891.5222222222214	0.03333333333333333	45.63333333333333	9936.466666666667
420	3020.261111111111	0.0	46.63333333333333	9588.933333333332
430	3060.8444444444444	0.0	44.13333333333333	10151.833333333334
440	3102.016666666666	0.0	47.06666666666667	9349.133333333333
450	3022.872222222222	0.03333333333333333	55.266666666666666	9879.333333333334
460	3202.666666666667	0.0	51.6	9814.2
470	3221.672222222222	0.0	47.666666666666664	10086.5
480	3246.872222222221	0.0	55.4	9792.866666666667
490	3297.522222222222	0.0	43.86666666666667	9483.533333333333
500	3181.683333333334	0.0	57.06666666666667	10287.966666666667
510	3363.733333333332	0.0	56.4	9682.766666666666
520	3337.322222222222	0.0	50.96666666666667	10025.1
530	3459.2111111111108	0.0	54.333333333333336	9746.6
540	3346.7	0.0	54.4	10107.133333333333
550	3362.8722222222227	0.0	60.333333333333336	10398.566666666668
560	3406.5777777777776	0.0	49.13333333333333	10612.3
570	3377.8777777777786	0.0	59.0	10590.933333333332
580	3422.4833333333345	0.0	54.93333333333333	10321.533333333333
590	3473.6999999999994	0.0	54.4	10276.166666666666
600	3386.333333333334	0.0	55.7	10832.133333333333
610	3465.2055555555553	0.0	49.9	9798.366666666667
620	3457.1	0.0	63.766666666666666	10586.133333333333
630	3474.055555555555	0.0	62.6	10439.8
640	3624.6111111111113	0.0	53.166666666666664	10025.133333333333
650	3574.916666666666	0.0	52.266666666666666	10447.466666666667
660	3568.4499999999994	0.0	63.233333333333334	10145.533333333333
670	3625.45	0.0	49.63333333333333	10261.266666666666
680	3555.061111111111	0.0	54.03333333333333	10790.0
690	3601.577777777778	0.0	52.53333333333333	10302.733333333334
700	3627.25	0.0	58.56666666666667	10313.433333333332
710	3585.922222222222	0.0	65.03333333333333	10314.766666666666
720	3669.733333333333	0.0	57.56666666666667	10689.066666666668
730	3643.311111111111	0.0	56.166666666666664	10327.4
740	3618.011111111111	0.0	53.166666666666664	10108.466666666667
750	3613.1166666666663	0.0	57.36666666666667	10565.2
760	3550.1277777777777	0.0	64.16666666666667	11183.2
770	3712.5666666666666	0.0	51.833333333333336	11299.366666666667
780	3711.5722222222216	0.0	48.53333333333333	10820.5
790	3672.9388888888884	0.0	59.46666666666667	10465.733333333334
800	3732.472222222222	0.0	62.666666666666664	10190.166666666666
810	3658.96111111111	0.0	59.93333333333333	10830.766666666666
820	3739.305555555555	0.0	59.13333333333333	10237.933333333332
830	3714.061111111111	0.0	62.03333333333333	10366.266666666666
840	3752.3111111111107	0.0	66.26666666666667	10125.2
850	3711.816666666666	0.0	59.3	10436.533333333333
860	3796.5333333333333	0.0	50.666666666666664	10219.533333333333
870	3707.6944444444453	0.0	55.46666666666667	10231.5
880	3795.3611111111118	0.0	62.6	10619.4
890	3796.655555555555	0.0	56.63333333333333	10743.0
900	3709.1944444444443	0.0	55.3	10314.0
910	3708.9499999999994	0.0	58.266666666666666	10342.366666666667
920	3799.2166666666662	0.0	64.23333333333333	10464.833333333334
930	3680.794444444444	0.0	61.2	10548.266666666666
940	3803.2	0.0	57.666666666666664	10192.7
950	3741.7999999999997	0.0	57.53333333333333	9848.133333333333
960	3709.572222222223	0.0	65.46666666666667	10011.7
970	3762.8111111111116	0.0	55.3	10199.966666666667
980	3780.3111111111116	0.0	70.66666666666667	10224.166666666666
990	3762.0388888888892	0.0	56.46666666666667	10552.0
1000	3736.594444444444	0.0	52.7	10682.433333333332
