0	239.0	0.0	0.0	0.0
10	2122.3333333333335	10.0	138.0	6571.0
20	2015.5	0.0	46.0	8487.0
30	1980.6666666666667	0.0	44.0	8205.0
40	2199.0	0.0	18.0	10383.0
50	2128.0	0.0	97.0	7662.0
60	2242.1666666666665	0.0	28.0	8506.0
70	2118.6666666666665	0.0	69.0	8726.0
80	2188.5	1.0	53.0	7260.0
90	2219.8333333333335	0.0	48.0	8411.0
100	2347.1666666666665	0.0	79.0	6138.0
110	2096.6666666666665	0.0	28.0	8445.0
120	2212.3333333333335	0.0	34.0	6546.0
130	2523.8333333333335	0.0	34.0	13583.0
140	2408.1666666666665	0.0	26.0	6729.0
150	2638.5	0.0	21.0	8983.0
160	2463.3333333333335	0.0	26.0	8986.0
170	1764.8333333333333	0.0	19.0	6880.0
180	2123.1666666666665	0.0	46.0	7061.0
190	2143.5	0.0	49.0	10389.0
200	2261.5	2.0	31.0	8263.0
210	2622.1666666666665	0.0	61.0	9954.0
220	2712.5	0.0	56.0	10152.0
230	2719.8333333333335	0.0	50.0	7382.0
240	2600.8333333333335	0.0	54.0	8637.0
250	2420.3333333333335	0.0	18.0	9907.0
260	2222.0	0.0	11.0	7281.0
270	2638.5	0.0	21.0	8952.0
280	2267.3333333333335	0.0	30.0	7344.0
290	2544.0	0.0	30.0	6622.0
300	2754.5	0.0	38.0	7855.0
310	2559.0	0.0	50.0	7404.0
320	2496.8333333333335	0.0	47.0	8361.0
330	2304.0	0.0	71.0	9016.0
340	2679.8333333333335	0.0	75.0	8015.0
350	2279.3333333333335	0.0	32.0	11063.0
360	2759.6666666666665	0.0	28.0	11235.0
370	2789.3333333333335	0.0	27.0	6495.0
380	2412.8333333333335	0.0	49.0	12058.0
390	2727.1666666666665	0.0	51.0	9682.0
400	2483.1666666666665	0.0	83.0	9768.0
410	2777.5	0.0	34.0	7862.0
420	2945.8333333333335	0.0	15.0	9437.0
430	3031.5	0.0	35.0	9439.0
440	3110.5	0.0	43.0	8962.0
450	2639.1666666666665	0.0	77.0	13068.0
460	3393.5	0.0	24.0	6858.0
470	3123.0	0.0	24.0	8867.0
480	3732.0	0.0	22.0	6943.0
490	3863.0	0.0	30.0	11013.0
500	3208.3333333333335	0.0	32.0	12693.0
510	3452.1666666666665	0.0	71.0	6113.0
520	2965.6666666666665	0.0	32.0	10883.0
530	3658.6666666666665	0.0	27.0	8825.0
540	3280.5	0.0	85.0	7863.0
550	3357.0	0.0	25.0	9648.0
560	3583.0	0.0	31.0	13911.0
570	3634.3333333333335	0.0	31.0	12490.0
580	3370.8333333333335	0.0	124.0	9725.0
590	3499.5	0.0	80.0	13188.0
600	2937.5	0.0	58.0	10462.0
610	3089.3333333333335	0.0	52.0	5871.0
620	3432.8333333333335	0.0	71.0	13139.0
630	3523.6666666666665	0.0	119.0	9034.0
640	3742.1666666666665	0.0	78.0	9664.0
650	3356.5	0.0	37.0	9184.0
660	2941.6666666666665	0.0	74.0	12046.0
670	3521.3333333333335	0.0	43.0	10033.0
680	3476.1666666666665	0.0	50.0	10676.0
690	3241.5	0.0	92.0	9981.0
700	3719.6666666666665	0.0	88.0	12694.0
710	3510.0	0.0	43.0	11226.0
720	3839.6666666666665	0.0	15.0	11525.0
730	3906.8333333333335	0.0	31.0	11569.0
740	3835.3333333333335	0.0	57.0	10868.0
750	3147.0	0.0	71.0	11596.0
760	3784.8333333333335	0.0	24.0	9044.0
770	3830.6666666666665	0.0	61.0	12937.0
780	3957.3333333333335	0.0	43.0	8897.0
790	3719.1666666666665	0.0	88.0	8513.0
800	3658.3333333333335	0.0	112.0	9760.0
810	2985.6666666666665	0.0	44.0	8418.0
820	3928.5	0.0	41.0	10627.0
830	3884.5	0.0	39.0	10773.0
840	3462.8333333333335	0.0	57.0	9974.0
850	3858.5	0.0	49.0	9595.0
860	4023.5	0.0	79.0	10338.0
870	3789.1666666666665	0.0	67.0	11284.0
880	3670.8333333333335	0.0	71.0	8019.0
890	3708.0	0.0	99.0	9425.0
900	3890.5	0.0	59.0	9329.0
910	3716.1666666666665	0.0	37.0	7210.0
920	3549.0	0.0	63.0	11664.0
930	3680.6666666666665	0.0	30.0	10890.0
940	4003.1666666666665	0.0	37.0	9432.0
950	3933.8333333333335	0.0	45.0	9259.0
960	3968.3333333333335	0.0	49.0	7738.0
970	3998.6666666666665	0.0	68.0	10338.0
980	3735.5	0.0	54.0	8859.0
990	3682.8333333333335	0.0	72.0	8892.0
1000	3889.6666666666665	0.0	70.0	9901.0
