0	271.0	0.0	0.0	0.0
10	1965.1666666666667	3.0	298.0	7988.0
20	2074.0	1.0	78.0	10956.0
30	2028.0	1.0	36.0	7458.0
40	2131.3333333333335	0.0	64.0	10071.0
50	2039.1666666666667	2.0	21.0	9952.0
60	2173.6666666666665	1.0	19.0	9666.0
70	2217.0	0.0	36.0	7835.0
80	2439.0	0.0	33.0	7920.0
90	2402.5	0.0	24.0	7318.0
100	2215.3333333333335	0.0	47.0	7313.0
110	2331.8333333333335	0.0	64.0	6541.0
120	2325.6666666666665	0.0	49.0	7758.0
130	2224.6666666666665	0.0	42.0	11156.0
140	2354.6666666666665	0.0	45.0	9268.0
150	2230.5	0.0	24.0	8054.0
160	1745.3333333333333	0.0	39.0	6489.0
170	2313.3333333333335	0.0	24.0	6393.0
180	2366.5	0.0	35.0	9752.0
190	2095.3333333333335	0.0	34.0	6286.0
200	2338.6666666666665	0.0	44.0	6848.0
210	2441.0	0.0	73.0	9675.0
220	2485.3333333333335	0.0	56.0	8876.0
230	2581.1666666666665	0.0	42.0	9684.0
240	2111.0	0.0	20.0	10599.0
250	2833.1666666666665	0.0	64.0	5774.0
260	2580.6666666666665	0.0	48.0	8416.0
270	2288.8333333333335	0.0	55.0	10072.0
280	2779.1666666666665	0.0	21.0	8725.0
290	2813.3333333333335	0.0	13.0	10659.0
300	2925.5	0.0	113.0	8256.0
310	2868.5	0.0	16.0	10608.0
320	2188.5	0.0	26.0	10947.0
330	2965.5	0.0	27.0	10694.0
340	2744.1666666666665	0.0	58.0	8703.0
350	2560.6666666666665	0.0	66.0	8326.0
360	2460.8333333333335	0.0	25.0	8895.0
370	2561.0	0.0	56.0	8677.0
380	3065.0	0.0	31.0	9184.0
390	2811.0	0.0	30.0	10509.0
400	2523.1666666666665	0.0	55.0	6743.0
410	2516.6666666666665	0.0	48.0	10954.0
420	2497.1666666666665	0.0	49.0	7931.0
430	2951.5	0.0	67.0	11493.0
440	2639.1666666666665	0.0	58.0	12063.0
450	2656.5	0.0	50.0	10430.0
460	2923.6666666666665	0.0	20.0	11907.0
470	3003.5	0.0	69.0	8082.0
480	3094.5	0.0	90.0	9437.0
490	3057.8333333333335	0.0	16.0	7956.0
500	3371.5	0.0	30.0	5060.0
510	3121.8333333333335	0.0	106.0	9738.0
520	3437.5	0.0	22.0	11281.0
530	3719.1666666666665	0.0	30.0	7538.0
540	3275.6666666666665	0.0	52.0	7818.0
550	3139.3333333333335	0.0	43.0	9475.0
560	3018.8333333333335	0.0	25.0	9921.0
570	3250.5	0.0	69.0	10949.0
580	3389.6666666666665	0.0	64.0	7056.0
590	3254.5	0.0	62.0	10007.0
600	3479.0	0.0	31.0	12375.0
610	3318.1666666666665	0.0	25.0	11009.0
620	3357.8333333333335	0.0	55.0	10937.0
630	3570.5	0.0	106.0	11441.0
640	3125.1666666666665	0.0	21.0	8327.0
650	3008.8333333333335	0.0	70.0	7822.0
660	3444.5	0.0	62.0	11294.0
670	3370.8333333333335	0.0	62.0	10554.0
680	3231.8333333333335	0.0	38.0	9660.0
690	3605.5	0.0	37.0	8909.0
700	3640.5	0.0	33.0	11054.0
710	3178.3333333333335	0.0	90.0	9335.0
720	3592.0	0.0	118.0	14507.0
730	3435.1666666666665	0.0	52.0	10674.0
740	3507.6666666666665	0.0	79.0	8414.0
750	3541.6666666666665	0.0	63.0	10093.0
760	3513.3333333333335	0.0	67.0	13376.0
770	4120.166666666667	0.0	29.0	8372.0
780	3817.8333333333335	0.0	55.0	11114.0
790	4001.1666666666665	0.0	31.0	10003.0
800	4079.3333333333335	0.0	53.0	11608.0
810	3288.5	0.0	20.0	13759.0
820	3943.5	0.0	152.0	9221.0
830	3987.5	0.0	37.0	10709.0
840	3708.3333333333335	0.0	54.0	9594.0
850	3978.8333333333335	0.0	43.0	11040.0
860	3910.0	0.0	40.0	11507.0
870	3605.8333333333335	0.0	27.0	11213.0
880	3983.6666666666665	0.0	31.0	11595.0
890	3940.1666666666665	0.0	132.0	12182.0
900	3855.6666666666665	0.0	77.0	8488.0
910	3582.0	0.0	49.0	12316.0
920	3888.6666666666665	0.0	67.0	9754.0
930	3893.0	0.0	46.0	8035.0
940	4013.3333333333335	0.0	57.0	11015.0
950	3567.6666666666665	0.0	101.0	10415.0
960	3589.8333333333335	0.0	105.0	7474.0
970	3612.3333333333335	0.0	22.0	10635.0
980	3773.8333333333335	0.0	59.0	8114.0
990	3872.3333333333335	0.0	54.0	10589.0
1000	3703.6666666666665	0.0	52.0	10811.0
