0	290.0	0.0	0.0	0.0
10	2075.25	88.0	1522.0	10367.0
20	1810.0	80.0	1320.0	9966.0
30	2200.5	17.0	999.0	7798.0
40	2075.5	98.0	1747.0	11087.0
50	2152.5	26.0	1571.0	10576.0
60	2333.5	10.0	653.0	5996.0
70	2161.5	92.0	1225.0	8797.0
80	2419.25	38.0	1044.0	7318.0
90	2448.75	53.0	1477.0	10423.0
100	2655.75	16.0	1014.0	8760.0
110	2549.0	26.0	1098.0	9890.0
120	2635.25	112.0	1140.0	8890.0
130	2489.75	41.0	1260.0	9918.0
140	2579.25	21.0	1664.0	12505.0
150	2600.75	50.0	1377.0	10125.0
160	2889.5	13.0	1416.0	10193.0
170	2733.25	49.0	631.0	4936.0
180	2726.75	84.0	1521.0	10965.0
190	2586.5	32.0	1574.0	11693.0
200	2797.0	44.0	1494.0	11612.0
210	2081.25	10.0	382.0	7168.0
220	3120.25	0.0	0.0	9535.0
230	2932.75	0.0	0.0	7205.0
240	3127.75	0.0	0.0	14903.0
250	3221.0	0.0	0.0	7858.0
260	2521.0	0.0	0.0	11586.0
270	3361.5	0.0	0.0	12260.0
280	3094.5	0.0	0.0	6310.0
290	3529.0	0.0	0.0	10007.0
300	3084.75	0.0	0.0	11941.0
310	3159.75	0.0	0.0	12583.0
320	3032.0	0.0	0.0	9627.0
330	3243.0	0.0	0.0	12347.0
340	3391.0	0.0	0.0	10066.0
350	3007.75	0.0	0.0	10428.0
360	3309.5	0.0	0.0	10248.0
370	3882.0	0.0	0.0	9892.0
380	3457.5	0.0	0.0	10284.0
390	3505.75	0.0	0.0	12735.0
400	3453.25	0.0	0.0	12376.0
410	2986.0	0.0	0.0	12068.0
420	3772.25	0.0	0.0	9810.0
430	3538.5	0.0	0.0	10058.0
440	3668.75	0.0	0.0	9663.0
450	3964.0	0.0	0.0	9810.0
460	2867.25	0.0	0.0	10920.0
470	3933.75	0.0	0.0	12237.0
480	4044.5	0.0	0.0	7464.0
490	3313.0	0.0	0.0	10314.0
500	3703.25	0.0	0.0	10058.0
510	3622.75	0.0	0.0	8581.0
520	4027.5	0.0	0.0	11266.0
530	3899.75	0.0	0.0	7071.0
540	3999.5	0.0	0.0	11445.0
550	3558.5	0.0	0.0	10370.0
560	3128.0	0.0	0.0	9944.0
570	3627.25	0.0	0.0	10873.0
580	3140.75	0.0	0.0	11488.0
590	2714.0	0.0	0.0	10056.0
600	3211.5	0.0	0.0	10457.0
610	4081.5	0.0	0.0	12224.0
620	3857.25	0.0	0.0	9838.0
630	3761.25	0.0	0.0	7705.0
640	3860.5	0.0	0.0	9356.0
650	4347.0	0.0	0.0	11807.0
660	4141.25	0.0	0.0	11664.0
670	3792.0	0.0	0.0	12885.0
680	4101.75	0.0	0.0	8848.0
690	4062.0	0.0	0.0	10590.0
700	4179.75	0.0	0.0	6995.0
710	3982.25	0.0	0.0	10846.0
720	3518.5	0.0	0.0	11388.0
730	3740.25	0.0	0.0	10812.0
740	3840.0	0.0	0.0	9306.0
750	3880.75	0.0	0.0	9426.0
760	3315.25	0.0	0.0	8991.0
770	3974.25	0.0	0.0	13652.0
780	3074.5	0.0	0.0	11213.0
790	3882.0	0.0	0.0	7885.0
800	2796.5	0.0	0.0	10459.0
810	4127.5	0.0	0.0	12278.0
820	3477.75	0.0	0.0	11552.0
830	4088.25	0.0	0.0	7968.0
840	3702.25	0.0	0.0	11232.0
850	3585.75	0.0	0.0	11600.0
860	3839.5	0.0	0.0	8887.0
870	4069.0	0.0	0.0	7983.0
880	3617.0	0.0	0.0	10231.0
890	3976.25	0.0	0.0	7978.0
900	3936.0	0.0	0.0	8212.0
910	3832.25	0.0	0.0	10698.0
920	3876.75	0.0	0.0	13234.0
930	4048.0	0.0	0.0	10292.0
940	4174.75	0.0	0.0	10963.0
950	3446.0	0.0	0.0	7544.0
960	4071.75	0.0	0.0	9035.0
970	3686.25	0.0	0.0	7176.0
980	4051.75	0.0	0.0	9160.0
990	3668.5	0.0	0.0	11406.0
1000	3884.0	0.0	0.0	11181.0
