0	218.0	0.0	0.0	0.0
10	2001.25	184.0	946.0	13135.0
20	1934.5	293.0	3426.0	10120.0
30	2004.5	259.0	3675.0	8080.0
40	2216.5	264.0	2902.0	10693.0
50	2432.25	0.0	0.0	9197.0
60	2305.75	0.0	0.0	7212.0
70	2503.0	0.0	0.0	12387.0
80	2841.75	0.0	0.0	5957.0
90	2468.25	0.0	0.0	7145.0
100	2520.25	0.0	0.0	10340.0
110	2349.0	0.0	0.0	9530.0
120	2275.5	0.0	0.0	8857.0
130	2384.75	0.0	0.0	8550.0
140	2622.0	0.0	0.0	9885.0
150	2531.75	0.0	0.0	10527.0
160	2485.25	0.0	0.0	6335.0
170	2579.75	0.0	0.0	10357.0
180	2418.75	0.0	0.0	11157.0
190	2765.0	0.0	0.0	11497.0
200	2342.0	0.0	0.0	8218.0
210	2850.25	0.0	0.0	8255.0
220	2760.5	0.0	0.0	9094.0
230	2396.0	0.0	0.0	5225.0
240	3038.75	0.0	0.0	12214.0
250	2990.5	0.0	0.0	7965.0
260	2672.5	0.0	0.0	9114.0
270	3097.75	0.0	0.0	11058.0
280	2987.75	0.0	0.0	10443.0
290	2562.75	0.0	0.0	8618.0
300	2815.5	0.0	0.0	7720.0
310	2741.75	0.0	0.0	7154.0
320	3083.5	0.0	0.0	9145.0
330	3536.0	0.0	0.0	7783.0
340	3002.5	0.0	0.0	11243.0
350	3310.75	0.0	0.0	11286.0
360	2499.25	0.0	0.0	14841.0
370	3195.75	0.0	0.0	9141.0
380	3062.25	0.0	0.0	12698.0
390	3164.0	0.0	0.0	11217.0
400	2972.25	0.0	0.0	6759.0
410	3265.5	0.0	0.0	14382.0
420	3301.25	0.0	0.0	8017.0
430	3681.0	0.0	0.0	11546.0
440	3702.0	0.0	0.0	8835.0
450	2723.5	0.0	0.0	9025.0
460	3023.75	0.0	0.0	7956.0
470	3964.75	0.0	0.0	9986.0
480	3453.25	0.0	0.0	10692.0
490	3274.5	0.0	0.0	12430.0
500	2788.0	0.0	0.0	12026.0
510	3810.25	0.0	0.0	10981.0
520	3412.0	0.0	0.0	5034.0
530	2988.25	0.0	0.0	8375.0
540	3542.75	0.0	0.0	9127.0
550	3286.25	0.0	0.0	8807.0
560	3584.5	0.0	0.0	13631.0
570	3551.25	0.0	0.0	11669.0
580	3689.5	0.0	0.0	13600.0
590	3789.5	0.0	0.0	11321.0
600	3481.0	0.0	0.0	9520.0
610	3693.0	0.0	0.0	9154.0
620	3690.25	0.0	0.0	8581.0
630	3993.25	0.0	0.0	11010.0
640	2780.5	0.0	0.0	11510.0
650	3587.75	0.0	0.0	9601.0
660	2993.5	0.0	0.0	10806.0
670	3927.5	0.0	0.0	7836.0
680	3985.75	0.0	0.0	11415.0
690	3890.25	0.0	0.0	10813.0
700	3587.75	0.0	0.0	12371.0
710	3507.5	0.0	0.0	11848.0
720	3407.75	0.0	0.0	12602.0
730	3710.25	0.0	0.0	10349.0
740	3934.5	0.0	0.0	8792.0
750	4066.75	0.0	0.0	9776.0
760	3462.5	0.0	0.0	11588.0
770	3608.0	0.0	0.0	12440.0
780	3854.25	0.0	0.0	11887.0
790	3624.0	0.0	0.0	7901.0
800	3921.25	0.0	0.0	8073.0
810	4011.75	0.0	0.0	10956.0
820	3907.25	0.0	0.0	10618.0
830	3942.0	0.0	0.0	9638.0
840	3775.75	0.0	0.0	10537.0
850	3570.25	0.0	0.0	11905.0
860	3869.0	0.0	0.0	9682.0
870	3502.75	0.0	0.0	8819.0
880	3558.75	0.0	0.0	9659.0
890	4328.75	0.0	0.0	9508.0
900	3719.5	0.0	0.0	10104.0
910	4151.75	0.0	0.0	9806.0
920	4065.0	0.0	0.0	10602.0
930	3973.75	0.0	0.0	12413.0
940	3400.75	0.0	0.0	12770.0
950	3596.25	0.0	0.0	10299.0
960	3692.75	0.0	0.0	10187.0
970	3846.5	0.0	0.0	9345.0
980	3777.0	0.0	0.0	12918.0
990	3902.5	0.0	0.0	10438.0
1000	3642.0	0.0	0.0	8577.0
