0	255.0	0.0	0.0	0.0
10	1974.5	25.0	54.0	9458.0
20	2074.0	174.0	2341.0	8822.0
30	1636.0	639.0	5875.0	13443.0
40	2387.25	162.0	2257.0	9908.0
50	2377.25	0.0	0.0	6875.0
60	2573.0	0.0	0.0	6325.0
70	2554.75	0.0	0.0	11917.0
80	2424.5	0.0	0.0	8004.0
90	2100.75	0.0	0.0	6974.0
100	2460.25	0.0	0.0	7224.0
110	2504.75	0.0	0.0	7753.0
120	2525.75	0.0	0.0	11036.0
130	2779.5	0.0	0.0	8304.0
140	2707.25	0.0	0.0	9546.0
150	2636.0	0.0	0.0	10406.0
160	2795.25	0.0	0.0	7124.0
170	2134.25	0.0	0.0	5411.0
180	2809.5	0.0	0.0	7783.0
190	2629.5	0.0	0.0	5472.0
200	2668.25	0.0	0.0	8931.0
210	2295.75	0.0	0.0	8125.0
220	2349.75	0.0	0.0	7831.0
230	2682.75	0.0	0.0	10039.0
240	2555.5	0.0	0.0	8004.0
250	2715.5	0.0	0.0	7702.0
260	2481.75	0.0	0.0	9187.0
270	2360.25	0.0	0.0	8671.0
280	2382.5	0.0	0.0	7422.0
290	2369.0	0.0	0.0	12183.0
300	2587.75	0.0	0.0	7461.0
310	2627.25	0.0	0.0	5973.0
320	2631.5	0.0	0.0	8542.0
330	2360.75	0.0	0.0	9136.0
340	3025.0	0.0	0.0	6637.0
350	2777.25	0.0	0.0	10307.0
360	2632.25	0.0	0.0	8009.0
370	2863.25	0.0	0.0	8943.0
380	2790.25	0.0	0.0	9728.0
390	2780.25	0.0	0.0	10054.0
400	2906.25	0.0	0.0	9559.0
410	3068.0	0.0	0.0	9500.0
420	3280.75	0.0	0.0	9044.0
430	3598.5	0.0	0.0	6702.0
440	2869.0	0.0	0.0	9951.0
450	3542.75	0.0	0.0	11897.0
460	3567.5	0.0	0.0	9939.0
470	3564.0	0.0	0.0	11806.0
480	2822.0	0.0	0.0	10508.0
490	3115.25	0.0	0.0	11171.0
500	3581.5	0.0	0.0	9218.0
510	3421.5	0.0	0.0	11091.0
520	3613.75	0.0	0.0	12736.0
530	3236.5	0.0	0.0	14074.0
540	3211.5	0.0	0.0	11427.0
550	3778.5	0.0	0.0	10662.0
560	3838.5	0.0	0.0	8465.0
570	3107.25	0.0	0.0	11742.0
580	3337.5	0.0	0.0	11796.0
590	3325.5	0.0	0.0	11773.0
600	3852.75	0.0	0.0	9019.0
610	3752.75	0.0	0.0	10682.0
620	3509.25	0.0	0.0	9643.0
630	3723.25	0.0	0.0	8029.0
640	2995.0	0.0	0.0	10801.0
650	3934.0	0.0	0.0	9020.0
660	3625.5	0.0	0.0	7958.0
670	3728.25	0.0	0.0	10238.0
680	3520.75	0.0	0.0	9780.0
690	3902.75	0.0	0.0	7186.0
700	3602.75	0.0	0.0	7882.0
710	3510.5	0.0	0.0	10971.0
720	3939.25	0.0	0.0	9431.0
730	3906.0	0.0	0.0	10485.0
740	3792.5	0.0	0.0	9953.0
750	3834.75	0.0	0.0	10691.0
760	3727.25	0.0	0.0	11600.0
770	3771.5	0.0	0.0	10138.0
780	3993.25	0.0	0.0	11414.0
790	3299.0	0.0	0.0	12471.0
800	3688.0	0.0	0.0	10884.0
810	3240.5	0.0	0.0	7568.0
820	3763.25	0.0	0.0	11582.0
830	3820.75	0.0	0.0	10482.0
840	3764.25	0.0	0.0	10450.0
850	3745.75	0.0	0.0	9965.0
860	3638.0	0.0	0.0	9835.0
870	4145.25	0.0	0.0	10610.0
880	3507.75	0.0	0.0	10186.0
890	3838.0	0.0	0.0	12762.0
900	3676.75	0.0	0.0	13702.0
910	3879.5	0.0	0.0	12784.0
920	3824.25	0.0	0.0	10979.0
930	3738.0	0.0	0.0	10805.0
940	4006.0	0.0	0.0	10551.0
950	3620.75	0.0	0.0	11185.0
960	3719.75	0.0	0.0	11012.0
970	3533.75	0.0	0.0	7898.0
980	3653.0	0.0	0.0	10089.0
990	3888.0	0.0	0.0	12499.0
1000	4052.0	0.0	0.0	9649.0
