0	275.0	0.0	0.0	0.0
10	2054.0	31.0	98.0	7818.0
20	1939.25	421.0	4085.0	11689.0
30	2080.0	468.0	4986.0	10715.0
40	2404.75	80.0	774.0	9906.0
50	1958.25	0.0	0.0	8599.0
60	2391.5	0.0	0.0	9263.0
70	2438.75	0.0	0.0	7029.0
80	2562.5	0.0	0.0	8556.0
90	2346.0	0.0	0.0	8300.0
100	2617.25	0.0	0.0	10906.0
110	2500.5	0.0	0.0	9144.0
120	2877.0	0.0	0.0	10857.0
130	2643.5	0.0	0.0	6712.0
140	2674.75	0.0	0.0	7646.0
150	2490.0	0.0	0.0	7685.0
160	2550.0	0.0	0.0	11391.0
170	2360.5	0.0	0.0	7952.0
180	2687.5	0.0	0.0	5911.0
190	2379.5	0.0	0.0	9843.0
200	2409.25	0.0	0.0	9930.0
210	2821.0	0.0	0.0	7351.0
220	2753.5	0.0	0.0	9496.0
230	2815.0	0.0	0.0	8966.0
240	2994.75	0.0	0.0	7477.0
250	2781.5	0.0	0.0	8412.0
260	2444.25	0.0	0.0	9353.0
270	2959.25	0.0	0.0	10288.0
280	3167.5	0.0	0.0	9446.0
290	2898.0	0.0	0.0	8826.0
300	3153.25	0.0	0.0	10229.0
310	3107.5	0.0	0.0	9517.0
320	3221.75	0.0	0.0	11988.0
330	2857.5	0.0	0.0	8709.0
340	3523.0	0.0	0.0	11812.0
350	3245.0	0.0	0.0	12301.0
360	3171.5	0.0	0.0	11886.0
370	3983.5	0.0	0.0	11056.0
380	3836.5	0.0	0.0	10795.0
390	3876.0	0.0	0.0	9707.0
400	3589.0	0.0	0.0	11838.0
410	3093.0	0.0	0.0	11728.0
420	3543.75	0.0	0.0	11248.0
430	3312.25	0.0	0.0	8960.0
440	3490.25	0.0	0.0	8077.0
450	3320.75	0.0	0.0	11913.0
460	3640.0	0.0	0.0	11247.0
470	3914.25	0.0	0.0	12519.0
480	2997.25	0.0	0.0	11207.0
490	3760.0	0.0	0.0	11812.0
500	3826.0	0.0	0.0	10662.0
510	3603.75	0.0	0.0	9160.0
520	3471.75	0.0	0.0	10326.0
530	3536.25	0.0	0.0	9011.0
540	3489.25	0.0	0.0	7502.0
550	3090.25	0.0	0.0	9970.0
560	3748.25	0.0	0.0	8070.0
570	4153.75	0.0	0.0	8786.0
580	4112.5	0.0	0.0	11534.0
590	3327.5	0.0	0.0	11435.0
600	3486.25	0.0	0.0	13228.0
610	3274.75	0.0	0.0	10353.0
620	3553.75	0.0	0.0	10485.0
630	3197.75	0.0	0.0	12066.0
640	3012.75	0.0	0.0	12898.0
650	3382.0	0.0	0.0	10972.0
660	3846.25	0.0	0.0	7080.0
670	3230.25	0.0	0.0	8918.0
680	3381.0	0.0	0.0	9305.0
690	3996.75	0.0	0.0	11039.0
700	3622.5	0.0	0.0	11210.0
710	3673.5	0.0	0.0	10312.0
720	3714.5	0.0	0.0	7641.0
730	3632.0	0.0	0.0	10144.0
740	3923.0	0.0	0.0	9586.0
750	4076.75	0.0	0.0	13811.0
760	3001.25	0.0	0.0	7089.0
770	2180.0	0.0	0.0	10425.0
780	3877.5	0.0	0.0	10857.0
790	3086.0	0.0	0.0	12346.0
800	3747.5	0.0	0.0	11234.0
810	4062.0	0.0	0.0	9088.0
820	2720.25	0.0	0.0	10564.0
830	3592.0	0.0	0.0	12472.0
840	3973.0	0.0	0.0	9511.0
850	3804.25	0.0	0.0	12526.0
860	3750.0	0.0	0.0	10636.0
870	3995.5	0.0	0.0	12846.0
880	3807.75	0.0	0.0	6125.0
890	4049.25	0.0	0.0	7370.0
900	3768.25	0.0	0.0	8912.0
910	3885.25	0.0	0.0	12002.0
920	3563.5	0.0	0.0	11182.0
930	3724.75	0.0	0.0	8797.0
940	3934.75	0.0	0.0	9688.0
950	4117.75	0.0	0.0	7989.0
960	4018.5	0.0	0.0	9915.0
970	3860.75	0.0	0.0	9862.0
980	3771.25	0.0	0.0	10325.0
990	4067.0	0.0	0.0	9582.0
1000	3734.75	0.0	0.0	10318.0
