0	212.5	0.0	0.0	0.0
10	2179.0	202.0	671.0	8488.0
20	2174.5	290.0	839.0	7894.0
30	1678.0	323.0	822.0	7752.0
40	2211.0	185.0	508.0	8912.0
50	2073.25	0.0	0.0	8857.0
60	1865.25	0.0	0.0	8347.0
70	2074.0	0.0	0.0	7001.0
80	1903.5	0.0	0.0	7428.0
90	2453.25	0.0	0.0	6272.0
100	2282.0	0.0	0.0	6685.0
110	2191.25	0.0	0.0	9933.0
120	2504.5	0.0	0.0	9608.0
130	2048.5	0.0	0.0	7523.0
140	2255.5	0.0	0.0	8866.0
150	2401.5	0.0	0.0	8464.0
160	2664.25	0.0	0.0	8746.0
170	2284.5	0.0	0.0	5650.0
180	2523.0	0.0	0.0	10252.0
190	2667.0	0.0	0.0	11201.0
200	2998.25	0.0	0.0	7899.0
210	2846.5	0.0	0.0	6413.0
220	2183.0	0.0	0.0	8261.0
230	2400.5	0.0	0.0	11214.0
240	2819.25	0.0	0.0	7467.0
250	2528.5	0.0	0.0	6171.0
260	2438.0	0.0	0.0	10635.0
270	2847.25	0.0	0.0	7128.0
280	2272.5	0.0	0.0	7545.0
290	2339.5	0.0	0.0	9827.0
300	2968.5	0.0	0.0	9273.0
310	2515.0	0.0	0.0	7322.0
320	2645.25	0.0	0.0	7863.0
330	2708.0	0.0	0.0	10933.0
340	2902.75	0.0	0.0	10163.0
350	2963.75	0.0	0.0	10323.0
360	3285.5	0.0	0.0	9749.0
370	2847.5	0.0	0.0	11015.0
380	3298.0	0.0	0.0	8664.0
390	3478.75	0.0	0.0	8981.0
400	3523.0	0.0	0.0	12587.0
410	2948.5	0.0	0.0	7740.0
420	2649.5	0.0	0.0	8386.0
430	2962.75	0.0	0.0	9933.0
440	3038.5	0.0	0.0	11210.0
450	3827.0	0.0	0.0	10847.0
460	2922.0	0.0	0.0	9110.0
470	3719.0	0.0	0.0	8758.0
480	3302.0	0.0	0.0	13818.0
490	3506.25	0.0	0.0	12695.0
500	3272.0	0.0	0.0	11484.0
510	3552.5	0.0	0.0	9879.0
520	2929.5	0.0	0.0	11665.0
530	3331.75	0.0	0.0	9865.0
540	3592.25	0.0	0.0	6997.0
550	3197.25	0.0	0.0	9592.0
560	4178.0	0.0	0.0	10983.0
570	3421.25	0.0	0.0	12575.0
580	2862.5	0.0	0.0	10057.0
590	3452.75	0.0	0.0	10437.0
600	3024.0	0.0	0.0	12395.0
610	3310.5	0.0	0.0	8732.0
620	3028.5	0.0	0.0	9388.0
630	3735.0	0.0	0.0	11656.0
640	3520.25	0.0	0.0	7622.0
650	3510.75	0.0	0.0	8824.0
660	3876.25	0.0	0.0	9428.0
670	3855.0	0.0	0.0	11600.0
680	3889.5	0.0	0.0	10395.0
690	3514.25	0.0	0.0	11426.0
700	3645.75	0.0	0.0	11763.0
710	3654.75	0.0	0.0	13427.0
720	3932.0	0.0	0.0	11958.0
730	3590.25	0.0	0.0	12896.0
740	3656.0	0.0	0.0	9927.0
750	3976.5	0.0	0.0	13479.0
760	3576.5	0.0	0.0	11560.0
770	3490.0	0.0	0.0	10716.0
780	2684.75	0.0	0.0	7347.0
790	3597.0	0.0	0.0	9064.0
800	3710.0	0.0	0.0	9973.0
810	4137.5	0.0	0.0	11073.0
820	2837.25	0.0	0.0	9013.0
830	3467.5	0.0	0.0	10835.0
840	3325.75	0.0	0.0	11146.0
850	3933.75	0.0	0.0	10560.0
860	3795.75	0.0	0.0	9592.0
870	3345.75	0.0	0.0	9890.0
880	3657.5	0.0	0.0	9203.0
890	3652.25	0.0	0.0	9095.0
900	3431.25	0.0	0.0	9056.0
910	3942.5	0.0	0.0	8752.0
920	3839.0	0.0	0.0	13232.0
930	3708.5	0.0	0.0	8084.0
940	3911.75	0.0	0.0	10998.0
950	3733.25	0.0	0.0	11558.0
960	3377.75	0.0	0.0	10214.0
970	3394.5	0.0	0.0	13951.0
980	3789.25	0.0	0.0	9672.0
990	4006.75	0.0	0.0	10445.0
1000	3557.0	0.0	0.0	11732.0
