0	2698.8333333333335	0.0	0.0	0.0
10	2279.5	504.0	929.0	9373.0
20	1908.0	327.0	822.0	8473.0
30	2218.6666666666665	169.0	517.0	8740.0
40	2607.8333333333335	0.0	0.0	6875.0
50	2617.1666666666665	0.0	0.0	8446.0
60	2487.1666666666665	0.0	0.0	5152.0
70	2908.0	0.0	0.0	7932.0
80	2341.6666666666665	0.0	0.0	9592.0
90	2800.0	0.0	0.0	11142.0
100	2485.8333333333335	0.0	0.0	7919.0
110	2085.1666666666665	0.0	0.0	11228.0
120	2756.5	0.0	0.0	10293.0
130	2579.8333333333335	0.0	0.0	4301.0
140	2387.8333333333335	0.0	0.0	8690.0
150	2748.6666666666665	0.0	0.0	11328.0
160	2628.6666666666665	0.0	0.0	10019.0
170	2821.8333333333335	0.0	0.0	7595.0
180	3287.5	0.0	0.0	10476.0
190	3015.1666666666665	0.0	0.0	11089.0
200	3040.6666666666665	0.0	0.0	12719.0
210	2900.8333333333335	0.0	0.0	8743.0
220	3135.0	0.0	0.0	8111.0
230	3242.8333333333335	0.0	0.0	10088.0
240	3272.0	0.0	0.0	10226.0
250	3107.3333333333335	0.0	0.0	8737.0
260	3341.3333333333335	0.0	0.0	8540.0
270	3630.6666666666665	0.0	0.0	8008.0
280	3487.1666666666665	0.0	0.0	9718.0
290	3880.0	0.0	0.0	9220.0
300	3082.0	0.0	0.0	11201.0
310	3087.8333333333335	0.0	0.0	12636.0
320	3166.3333333333335	0.0	0.0	10120.0
330	3218.8333333333335	0.0	0.0	11139.0
340	3287.8333333333335	0.0	0.0	12463.0
350	3382.5	0.0	0.0	9589.0
360	3502.0	0.0	0.0	13570.0
370	3454.8333333333335	0.0	0.0	11362.0
380	3634.0	0.0	0.0	9975.0
390	3556.6666666666665	0.0	0.0	14885.0
400	3733.5	0.0	0.0	10445.0
410	3888.6666666666665	0.0	0.0	14555.0
420	3475.0	0.0	0.0	8555.0
430	3689.3333333333335	0.0	0.0	9597.0
440	3899.3333333333335	0.0	0.0	11922.0
450	2803.1666666666665	0.0	0.0	10406.0
460	3923.0	0.0	0.0	10922.0
470	3839.5	0.0	0.0	10638.0
480	3769.0	0.0	0.0	10597.0
490	4080.3333333333335	0.0	0.0	14147.0
500	3700.0	0.0	0.0	10131.0
510	3760.8333333333335	0.0	0.0	11397.0
520	3650.8333333333335	0.0	0.0	10444.0
530	3611.3333333333335	0.0	0.0	9325.0
540	3835.8333333333335	0.0	0.0	9717.0
550	3254.0	0.0	0.0	10736.0
560	3802.5	0.0	0.0	10765.0
570	3323.8333333333335	0.0	0.0	10757.0
580	3467.8333333333335	0.0	0.0	12606.0
590	3563.3333333333335	0.0	0.0	12425.0
600	3659.5	0.0	0.0	12692.0
610	3528.5	0.0	0.0	11693.0
620	3776.1666666666665	0.0	0.0	7928.0
630	3621.6666666666665	0.0	0.0	13234.0
640	3740.1666666666665	0.0	0.0	11998.0
650	3693.0	0.0	0.0	11609.0
660	3229.8333333333335	0.0	0.0	10102.0
670	3798.8333333333335	0.0	0.0	10313.0
680	3626.5	0.0	0.0	12813.0
690	3739.6666666666665	0.0	0.0	10223.0
700	3688.5	0.0	0.0	7931.0
710	3436.6666666666665	0.0	0.0	8583.0
720	3906.0	0.0	0.0	12320.0
730	3840.0	0.0	0.0	9801.0
740	3438.1666666666665	0.0	0.0	10016.0
750	3508.8333333333335	0.0	0.0	10998.0
760	4002.5	0.0	0.0	8209.0
770	3605.6666666666665	0.0	0.0	10516.0
780	3774.6666666666665	0.0	0.0	9614.0
790	3769.3333333333335	0.0	0.0	7276.0
800	3565.5	0.0	0.0	11042.0
