0	2358.6666666666665	0.0	0.0	0.0
10	2662.8333333333335	155.0	654.0	7678.0
20	2573.3333333333335	220.0	794.0	8892.0
30	2587.3333333333335	193.0	837.0	10546.0
40	2310.3333333333335	432.0	1121.0	10738.0
50	3021.6666666666665	0.0	0.0	7207.0
60	2733.6666666666665	0.0	0.0	6471.0
70	2464.3333333333335	0.0	0.0	7144.0
80	2279.3333333333335	0.0	0.0	11435.0
90	2754.1666666666665	0.0	0.0	8581.0
100	2839.1666666666665	0.0	0.0	8558.0
110	2723.3333333333335	0.0	0.0	8389.0
120	2464.8333333333335	0.0	0.0	8009.0
130	3026.5	0.0	0.0	10715.0
140	2998.5	0.0	0.0	8575.0
150	3288.0	0.0	0.0	10749.0
160	2325.5	0.0	0.0	8002.0
170	2577.0	0.0	0.0	7174.0
180	2861.1666666666665	0.0	0.0	8199.0
190	3017.6666666666665	0.0	0.0	10982.0
200	2591.5	0.0	0.0	10371.0
210	2659.3333333333335	0.0	0.0	9800.0
220	3083.0	0.0	0.0	13438.0
230	2998.3333333333335	0.0	0.0	7187.0
240	2833.1666666666665	0.0	0.0	9413.0
250	3474.1666666666665	0.0	0.0	7940.0
260	3597.8333333333335	0.0	0.0	12068.0
270	3323.0	0.0	0.0	8034.0
280	3024.6666666666665	0.0	0.0	7863.0
290	3879.1666666666665	0.0	0.0	11123.0
300	2746.0	0.0	0.0	13017.0
310	3449.8333333333335	0.0	0.0	8127.0
320	3867.1666666666665	0.0	0.0	12652.0
330	3384.1666666666665	0.0	0.0	10144.0
340	2987.8333333333335	0.0	0.0	10417.0
350	3665.5	0.0	0.0	11523.0
360	3705.8333333333335	0.0	0.0	10529.0
370	3410.0	0.0	0.0	9356.0
380	3205.8333333333335	0.0	0.0	11632.0
390	3232.5	0.0	0.0	11751.0
400	3701.8333333333335	0.0	0.0	9152.0
410	3465.0	0.0	0.0	10300.0
420	3267.1666666666665	0.0	0.0	10001.0
430	4066.1666666666665	0.0	0.0	14871.0
440	3511.8333333333335	0.0	0.0	12724.0
450	3280.0	0.0	0.0	14320.0
460	3565.0	0.0	0.0	9039.0
470	3687.1666666666665	0.0	0.0	13920.0
480	3404.1666666666665	0.0	0.0	9045.0
490	3456.8333333333335	0.0	0.0	12015.0
500	3736.0	0.0	0.0	11401.0
510	4016.8333333333335	0.0	0.0	9814.0
520	3451.6666666666665	0.0	0.0	8759.0
530	3929.5	0.0	0.0	10781.0
540	3761.3333333333335	0.0	0.0	9731.0
550	3634.1666666666665	0.0	0.0	11698.0
560	3587.0	0.0	0.0	11913.0
570	3615.3333333333335	0.0	0.0	11212.0
580	4085.0	0.0	0.0	12764.0
590	3815.6666666666665	0.0	0.0	13777.0
600	3687.3333333333335	0.0	0.0	9382.0
610	3739.8333333333335	0.0	0.0	12356.0
620	3713.5	0.0	0.0	10907.0
630	3836.5	0.0	0.0	12134.0
640	3786.8333333333335	0.0	0.0	14425.0
650	3869.3333333333335	0.0	0.0	11132.0
660	3517.5	0.0	0.0	9346.0
670	3521.1666666666665	0.0	0.0	11425.0
680	3735.8333333333335	0.0	0.0	10520.0
690	3888.3333333333335	0.0	0.0	9335.0
700	3577.1666666666665	0.0	0.0	10520.0
710	3771.1666666666665	0.0	0.0	11106.0
720	3729.8333333333335	0.0	0.0	8508.0
730	3794.1666666666665	0.0	0.0	10426.0
740	3970.3333333333335	0.0	0.0	10323.0
750	3631.3333333333335	0.0	0.0	9405.0
760	3891.6666666666665	0.0	0.0	10764.0
770	3500.6666666666665	0.0	0.0	12997.0
780	3771.1666666666665	0.0	0.0	11422.0
790	3749.1666666666665	0.0	0.0	8478.0
800	3072.3333333333335	0.0	0.0	8931.0
