0	2268.3333333333335	0.0	0.0	0.0
10	2694.6666666666665	8.0	3805.0	9960.0
20	2558.8333333333335	12.0	2761.0	7586.0
30	2464.5	14.0	2532.0	6146.0
40	2597.3333333333335	10.0	3864.0	10328.0
50	2631.3333333333335	7.0	3217.0	6871.0
60	3114.8333333333335	20.0	4324.0	10009.0
70	2708.3333333333335	17.0	4022.0	10656.0
80	3117.1666666666665	5.0	3069.0	7075.0
90	3014.0	11.0	4612.0	11351.0
100	2976.8333333333335	12.0	4039.0	10479.0
110	2728.8333333333335	19.0	3693.0	9979.0
120	2866.8333333333335	12.0	5129.0	13127.0
130	3028.1666666666665	14.0	4895.0	12140.0
140	3269.8333333333335	3.0	3373.0	8273.0
150	2941.1666666666665	5.0	3135.0	6622.0
160	3053.8333333333335	11.0	4054.0	9141.0
170	3375.1666666666665	11.0	4069.0	10264.0
180	3277.5	14.0	4445.0	11207.0
190	3287.5	7.0	3494.0	8966.0
200	3818.0	6.0	5387.0	12228.0
210	3160.6666666666665	5.0	4519.0	10787.0
220	3618.3333333333335	5.0	3876.0	8453.0
230	3180.8333333333335	18.0	5003.0	11444.0
240	3625.0	15.0	5547.0	14270.0
250	3877.0	9.0	5196.0	11268.0
260	3392.8333333333335	15.0	4791.0	10539.0
270	3454.5	12.0	4502.0	10695.0
280	3662.0	14.0	5078.0	12376.0
290	3355.0	9.0	4578.0	10541.0
300	3521.0	4.0	3374.0	7311.0
310	3165.0	12.0	4301.0	10670.0
320	3949.3333333333335	17.0	5598.0	13354.0
330	3520.6666666666665	14.0	5783.0	13095.0
340	3887.1666666666665	5.0	3507.0	7919.0
350	3103.0	14.0	4854.0	10518.0
360	3763.0	4.0	4937.0	10874.0
370	3762.8333333333335	9.0	4055.0	10506.0
380	4089.6666666666665	8.0	4215.0	9312.0
390	3616.5	5.0	4272.0	8798.0
400	3580.8333333333335	13.0	4351.0	10202.0
410	3661.8333333333335	10.0	4702.0	10487.0
420	3594.3333333333335	14.0	4827.0	10970.0
430	3507.1666666666665	6.0	4166.0	9746.0
440	3754.6666666666665	7.0	5689.0	12981.0
450	3830.8333333333335	11.0	5068.0	12780.0
460	3527.6666666666665	9.0	4722.0	12315.0
470	3718.6666666666665	14.0	4953.0	11659.0
480	3636.3333333333335	17.0	4788.0	11020.0
490	4006.8333333333335	9.0	4007.0	8618.0
500	3633.0	6.0	4957.0	10997.0
510	3689.8333333333335	19.0	5644.0	12847.0
520	3509.1666666666665	11.0	5134.0	12181.0
530	3961.8333333333335	7.0	4612.0	10162.0
540	3786.6666666666665	8.0	3722.0	8216.0
550	3874.6666666666665	12.0	4614.0	10406.0
560	3911.8333333333335	10.0	4631.0	11304.0
570	3829.3333333333335	9.0	3541.0	8451.0
580	4043.0	3.0	4203.0	9280.0
590	3719.1666666666665	10.0	5019.0	11231.0
600	3671.1666666666665	21.0	3165.0	7034.0
