0	1615.6666666666667	0.0	0.0	0.0
10	1552.3333333333333	57.0	2822.0	5687.0
20	1563.5	39.0	2827.0	6454.0
30	1581.0	150.0	2780.0	5746.0
40	1779.5	140.0	4192.0	10255.0
50	2032.8333333333333	125.0	5256.0	12177.0
60	2095.6666666666665	22.0	2887.0	7191.0
70	1861.6666666666667	44.0	5398.0	11635.0
80	2124.1666666666665	104.0	4115.0	12265.0
90	1927.5	20.0	2908.0	7730.0
100	2083.8333333333335	37.0	4662.0	12114.0
110	2366.3333333333335	39.0	2815.0	8233.0
120	2232.1666666666665	77.0	2964.0	9425.0
130	2256.1666666666665	15.0	3661.0	9745.0
140	2076.6666666666665	27.0	2591.0	9231.0
150	2043.8333333333333	61.0	3049.0	9450.0
160	2376.5	39.0	2983.0	8617.0
170	2350.8333333333335	4.0	480.0	6963.0
180	2311.5	0.0	0.0	8875.0
190	2358.0	0.0	0.0	9913.0
200	2395.5	0.0	0.0	9812.0
210	2781.1666666666665	0.0	0.0	10058.0
220	2852.8333333333335	0.0	0.0	6785.0
230	2973.5	0.0	0.0	9679.0
240	2896.5	0.0	0.0	9774.0
250	2960.0	0.0	0.0	8257.0
260	3113.1666666666665	0.0	0.0	10229.0
270	2836.8333333333335	0.0	0.0	11860.0
280	3140.8333333333335	0.0	0.0	8891.0
290	2726.0	0.0	0.0	12461.0
300	3218.6666666666665	0.0	0.0	7072.0
310	3012.3333333333335	0.0	0.0	13253.0
320	3058.6666666666665	0.0	0.0	9741.0
330	3360.3333333333335	0.0	0.0	10091.0
340	3447.6666666666665	0.0	0.0	7148.0
350	3429.0	0.0	0.0	6984.0
360	3376.1666666666665	0.0	0.0	11256.0
370	3447.1666666666665	0.0	0.0	12433.0
380	3493.1666666666665	0.0	0.0	9526.0
390	3696.0	0.0	0.0	15098.0
400	3697.0	0.0	0.0	11421.0
410	3484.5	0.0	0.0	9583.0
420	3265.0	0.0	0.0	9574.0
430	3530.0	0.0	0.0	13824.0
440	3756.3333333333335	0.0	0.0	10681.0
450	3571.5	0.0	0.0	9004.0
460	3662.5	0.0	0.0	9711.0
470	3903.8333333333335	0.0	0.0	10643.0
480	3076.5	0.0	0.0	11738.0
490	3611.1666666666665	0.0	0.0	14629.0
500	3637.0	0.0	0.0	13183.0
510	3397.1666666666665	0.0	0.0	10027.0
520	3579.6666666666665	0.0	0.0	8748.0
530	3562.8333333333335	0.0	0.0	11019.0
540	2860.3333333333335	0.0	0.0	10721.0
550	3858.1666666666665	0.0	0.0	10535.0
560	3393.1666666666665	0.0	0.0	11248.0
570	3388.5	0.0	0.0	10094.0
580	3068.3333333333335	0.0	0.0	9018.0
590	3920.3333333333335	0.0	0.0	9132.0
600	3858.0	0.0	0.0	11729.0
610	3715.8333333333335	0.0	0.0	8180.0
620	3838.3333333333335	0.0	0.0	10849.0
630	3415.0	0.0	0.0	8312.0
640	3235.5	0.0	0.0	8584.0
650	3887.1666666666665	0.0	0.0	10589.0
660	3844.3333333333335	0.0	0.0	10105.0
670	3621.0	0.0	0.0	13205.0
680	3744.5	0.0	0.0	7634.0
690	3617.0	0.0	0.0	9487.0
700	3804.5	0.0	0.0	10573.0
710	3917.5	0.0	0.0	7927.0
720	3881.0	0.0	0.0	11855.0
730	3870.1666666666665	0.0	0.0	8662.0
740	4041.5	0.0	0.0	7813.0
750	4041.6666666666665	0.0	0.0	10999.0
760	3917.5	0.0	0.0	10587.0
770	3838.3333333333335	0.0	0.0	8724.0
780	3858.3333333333335	0.0	0.0	13318.0
790	3771.0	0.0	0.0	11536.0
800	3974.3333333333335	0.0	0.0	10484.0
810	4087.3333333333335	0.0	0.0	9539.0
820	3855.8333333333335	0.0	0.0	11445.0
830	3894.3333333333335	0.0	0.0	10410.0
840	3697.8333333333335	0.0	0.0	10730.0
850	3445.0	0.0	0.0	10290.0
860	3863.0	0.0	0.0	9374.0
870	3561.0	0.0	0.0	8708.0
880	3764.8333333333335	0.0	0.0	10254.0
890	3939.6666666666665	0.0	0.0	9099.0
900	3561.5	0.0	0.0	11096.0
910	3788.5	0.0	0.0	11597.0
920	3965.8333333333335	0.0	0.0	9499.0
930	3676.1666666666665	0.0	0.0	9324.0
940	3714.8333333333335	0.0	0.0	8035.0
950	3777.3333333333335	0.0	0.0	9148.0
960	3665.6666666666665	0.0	0.0	10899.0
970	3917.0	0.0	0.0	12110.0
980	3790.5	0.0	0.0	9999.0
990	3787.1666666666665	0.0	0.0	11411.0
1000	3847.3333333333335	0.0	0.0	12493.0
