0	2941.0	0.0	0.0	0.0
10	2329.3333333333335	65.0	865.0	7666.0
20	2316.3333333333335	145.0	710.0	6582.0
30	2392.8333333333335	185.0	1928.0	12478.0
40	2145.8333333333335	53.0	987.0	6502.0
50	2395.8333333333335	88.0	1446.0	10335.0
60	2516.1666666666665	8.0	1137.0	8593.0
70	2820.5	38.0	1319.0	8396.0
80	2414.3333333333335	64.0	1444.0	10234.0
90	2290.1666666666665	27.0	1186.0	9265.0
100	2295.1666666666665	26.0	1106.0	7221.0
110	2652.1666666666665	6.0	2515.0	13454.0
120	3075.6666666666665	4.0	1220.0	7932.0
130	2570.6666666666665	30.0	1467.0	10548.0
140	2797.3333333333335	10.0	1195.0	8011.0
150	3098.6666666666665	4.0	2022.0	12984.0
160	3033.6666666666665	9.0	1366.0	9986.0
170	2953.5	0.0	1309.0	10326.0
180	3139.5	0.0	1177.0	8809.0
190	3537.6666666666665	0.0	1026.0	9837.0
200	3343.8333333333335	0.0	1231.0	9464.0
210	3836.0	0.0	1951.0	13547.0
220	3055.1666666666665	0.0	1720.0	12140.0
230	3794.6666666666665	0.0	1478.0	12406.0
240	3582.0	1.0	1809.0	11961.0
250	3711.5	0.0	1487.0	13980.0
260	3914.5	0.0	1412.0	11559.0
270	3603.6666666666665	0.0	1800.0	11152.0
280	3567.6666666666665	0.0	1785.0	13088.0
290	3402.8333333333335	0.0	1604.0	9174.0
300	3513.5	0.0	2791.0	14097.0
310	3385.3333333333335	0.0	1631.0	11748.0
320	3324.1666666666665	0.0	1173.0	7666.0
330	3817.3333333333335	0.0	2487.0	13842.0
340	3412.6666666666665	0.0	2585.0	11287.0
350	3522.0	0.0	1751.0	11404.0
360	3690.1666666666665	0.0	2051.0	14126.0
370	3754.6666666666665	0.0	2077.0	11176.0
380	3463.5	0.0	1211.0	10548.0
390	3950.5	0.0	1128.0	8489.0
400	3640.0	0.0	1314.0	8941.0
410	2937.3333333333335	0.0	1839.0	11028.0
420	3485.0	0.0	1515.0	10613.0
430	3588.0	0.0	1680.0	10626.0
440	3941.0	0.0	1165.0	11632.0
450	3771.6666666666665	0.0	1758.0	13436.0
460	4109.166666666667	0.0	1400.0	11305.0
470	3881.3333333333335	0.0	1565.0	11270.0
480	3782.0	0.0	1068.0	10495.0
490	3295.6666666666665	0.0	1571.0	10054.0
500	3560.6666666666665	0.0	2111.0	11376.0
510	3361.6666666666665	0.0	2412.0	13770.0
520	3725.1666666666665	0.0	1402.0	8635.0
530	3736.6666666666665	0.0	1245.0	9521.0
540	3662.6666666666665	0.0	1200.0	9406.0
550	3986.6666666666665	0.0	1192.0	7567.0
560	3619.1666666666665	0.0	2191.0	11280.0
570	3854.3333333333335	0.0	1547.0	8428.0
580	3687.6666666666665	0.0	1675.0	12294.0
590	3726.6666666666665	0.0	1523.0	12358.0
600	3759.5	0.0	1034.0	11055.0
610	3669.5	0.0	1667.0	8986.0
620	3833.8333333333335	0.0	1936.0	10230.0
630	3853.8333333333335	0.0	1049.0	9824.0
640	3683.6666666666665	0.0	985.0	10054.0
650	3745.3333333333335	0.0	1227.0	12312.0
660	3798.5	0.0	1003.0	10983.0
670	3960.1666666666665	0.0	1180.0	9636.0
680	3467.6666666666665	0.0	862.0	9681.0
690	3492.0	0.0	1021.0	10959.0
700	3680.5	0.0	1559.0	12162.0
710	4173.0	0.0	1245.0	11757.0
720	4103.0	0.0	827.0	10007.0
730	3892.0	0.0	930.0	9546.0
740	3905.8333333333335	0.0	993.0	10027.0
750	3955.6666666666665	0.0	693.0	10307.0
760	4077.6666666666665	0.0	904.0	10966.0
770	3868.1666666666665	0.0	924.0	8513.0
780	3464.0	0.0	728.0	9761.0
790	3785.5	0.0	691.0	7912.0
800	3847.3333333333335	0.0	1218.0	10595.0
810	3881.3333333333335	0.0	1276.0	9751.0
820	3954.3333333333335	0.0	696.0	7014.0
830	3715.3333333333335	0.0	1019.0	12201.0
840	3688.5	0.0	1019.0	10526.0
850	3833.8333333333335	0.0	1315.0	11910.0
860	3817.3333333333335	0.0	553.0	10216.0
870	3801.5	0.0	853.0	10321.0
880	4003.6666666666665	0.0	835.0	11268.0
890	3849.5	0.0	922.0	10140.0
900	4234.833333333333	0.0	1026.0	10013.0
910	4002.6666666666665	0.0	591.0	10688.0
920	3664.1666666666665	0.0	866.0	7495.0
930	4122.666666666667	0.0	755.0	10737.0
940	3772.1666666666665	0.0	606.0	8036.0
950	3802.0	0.0	926.0	11212.0
960	3826.8333333333335	0.0	769.0	9805.0
970	3844.6666666666665	0.0	900.0	11693.0
980	3631.8333333333335	0.0	774.0	11485.0
990	3746.6666666666665	0.0	1032.0	11471.0
1000	3724.1666666666665	0.0	897.0	10180.0
