0	2529.3333333333335	0.0	0.0	0.0
10	2709.1666666666665	0.0	229.0	11394.0
20	2821.1666666666665	0.0	75.0	6192.0
30	2875.0	0.0	65.0	9927.0
40	2719.0	0.0	58.0	8197.0
50	2476.8333333333335	0.0	84.0	11495.0
60	2507.5	0.0	86.0	11535.0
70	2477.8333333333335	0.0	43.0	9206.0
80	3035.5	0.0	42.0	12101.0
90	2535.6666666666665	0.0	27.0	10158.0
100	2594.0	0.0	68.0	12315.0
110	2244.0	0.0	46.0	7771.0
120	2624.8333333333335	0.0	35.0	6592.0
130	2583.1666666666665	0.0	27.0	10080.0
140	3173.6666666666665	0.0	31.0	11281.0
150	2948.8333333333335	0.0	24.0	9903.0
160	3070.1666666666665	0.0	49.0	9747.0
170	2994.1666666666665	0.0	31.0	8888.0
180	2978.6666666666665	0.0	57.0	11254.0
190	3131.0	0.0	61.0	10827.0
200	3287.5	0.0	35.0	12005.0
210	2825.8333333333335	0.0	40.0	9450.0
220	3275.5	0.0	58.0	9196.0
230	3464.1666666666665	0.0	15.0	8766.0
240	3262.3333333333335	0.0	28.0	9494.0
250	3348.1666666666665	0.0	40.0	10333.0
260	2609.8333333333335	0.0	31.0	8292.0
270	3552.0	0.0	25.0	12787.0
280	3117.1666666666665	0.0	20.0	12739.0
290	3451.0	0.0	87.0	10248.0
300	3187.5	0.0	61.0	13009.0
310	3491.0	0.0	60.0	10346.0
320	3308.3333333333335	0.0	62.0	10609.0
330	3516.3333333333335	0.0	86.0	12589.0
340	3531.8333333333335	0.0	95.0	9312.0
350	3451.5	0.0	67.0	13396.0
360	3803.0	0.0	52.0	8665.0
370	3431.1666666666665	0.0	48.0	10806.0
380	3768.3333333333335	0.0	90.0	12111.0
390	3338.1666666666665	0.0	24.0	8836.0
400	3490.8333333333335	0.0	70.0	10728.0
410	3973.0	0.0	35.0	6187.0
420	3875.8333333333335	0.0	128.0	11112.0
430	3973.0	0.0	41.0	11674.0
440	3527.6666666666665	0.0	49.0	9073.0
450	3862.3333333333335	0.0	50.0	11030.0
460	3779.8333333333335	0.0	37.0	9365.0
470	3475.1666666666665	0.0	97.0	10184.0
480	4041.1666666666665	0.0	14.0	8882.0
490	3620.3333333333335	0.0	44.0	9266.0
500	3823.5	0.0	118.0	10465.0
510	3674.0	0.0	101.0	11896.0
520	3735.6666666666665	0.0	53.0	10914.0
530	3756.5	0.0	93.0	9097.0
540	3834.0	0.0	89.0	10702.0
550	3898.1666666666665	0.0	33.0	9832.0
560	3539.5	0.0	68.0	11979.0
570	3585.6666666666665	0.0	54.0	7601.0
580	3744.5	0.0	75.0	11532.0
590	3751.6666666666665	0.0	50.0	9683.0
600	3620.1666666666665	0.0	44.0	7451.0
610	3710.1666666666665	0.0	49.0	10761.0
620	3461.6666666666665	0.0	94.0	10098.0
630	3764.3333333333335	0.0	66.0	10636.0
640	3777.0	0.0	59.0	10757.0
650	3978.0	0.0	15.0	9469.0
660	3567.3333333333335	0.0	91.0	10175.0
670	3594.5	0.0	38.0	8004.0
680	3872.0	0.0	53.0	11337.0
690	3696.8333333333335	0.0	28.0	10761.0
700	3775.6666666666665	0.0	69.0	12071.0
710	3885.3333333333335	0.0	82.0	10740.0
720	3847.5	0.0	33.0	8545.0
730	3221.8333333333335	0.0	69.0	9898.0
740	3763.0	0.0	21.0	10442.0
750	3707.1666666666665	0.0	32.0	11886.0
760	3663.3333333333335	0.0	64.0	11965.0
770	3800.6666666666665	0.0	80.0	12535.0
780	3221.8333333333335	0.0	66.0	10769.0
790	3915.1666666666665	0.0	46.0	9613.0
800	3611.1666666666665	0.0	31.0	10173.0
