0	2555.6666666666665	0.0	0.0	0.0
10	2706.5	0.0	170.0	11951.0
20	2939.8333333333335	0.0	45.0	9940.0
30	2671.1666666666665	0.0	80.0	10610.0
40	2837.0	0.0	36.0	11478.0
50	2846.5	0.0	48.0	9254.0
60	2479.6666666666665	0.0	50.0	8920.0
70	2277.5	0.0	77.0	9598.0
80	2468.8333333333335	0.0	51.0	8444.0
90	2540.8333333333335	0.0	47.0	6887.0
100	2614.5	0.0	67.0	10031.0
110	2739.8333333333335	0.0	30.0	9311.0
120	2828.5	0.0	23.0	11080.0
130	3020.0	0.0	38.0	7988.0
140	2621.5	0.0	42.0	11162.0
150	2700.0	0.0	26.0	10199.0
160	2529.3333333333335	0.0	57.0	9059.0
170	2826.1666666666665	0.0	26.0	6908.0
180	2929.5	0.0	105.0	10731.0
190	2955.6666666666665	0.0	76.0	11946.0
200	3087.1666666666665	0.0	45.0	6723.0
210	2817.8333333333335	0.0	78.0	8340.0
220	2997.5	0.0	59.0	8243.0
230	2963.3333333333335	0.0	52.0	9712.0
240	2867.0	0.0	49.0	9106.0
250	2990.8333333333335	0.0	78.0	8597.0
260	3392.1666666666665	0.0	30.0	11951.0
270	3371.3333333333335	0.0	27.0	12760.0
280	3229.3333333333335	0.0	96.0	6314.0
290	2901.3333333333335	0.0	49.0	11283.0
300	3308.1666666666665	0.0	50.0	8184.0
310	3747.5	0.0	69.0	9547.0
320	3260.3333333333335	0.0	45.0	9231.0
330	3090.6666666666665	0.0	54.0	10648.0
340	3631.0	0.0	41.0	9918.0
350	3451.1666666666665	0.0	98.0	9986.0
360	3680.1666666666665	0.0	23.0	10958.0
370	3082.1666666666665	0.0	47.0	9660.0
380	3336.5	0.0	33.0	7356.0
390	3425.3333333333335	0.0	97.0	12585.0
400	3308.6666666666665	0.0	58.0	6869.0
410	3360.6666666666665	0.0	43.0	11282.0
420	3561.5	0.0	42.0	9795.0
430	3662.3333333333335	0.0	77.0	7139.0
440	2964.8333333333335	0.0	36.0	13222.0
450	3883.3333333333335	0.0	84.0	11502.0
460	4057.5	0.0	36.0	9156.0
470	2769.3333333333335	0.0	93.0	11205.0
480	2648.3333333333335	0.0	51.0	10176.0
490	3199.8333333333335	0.0	71.0	7806.0
500	3709.3333333333335	0.0	50.0	11013.0
510	3491.6666666666665	0.0	42.0	10810.0
520	3189.0	0.0	38.0	7011.0
530	3805.6666666666665	0.0	72.0	11024.0
540	3518.1666666666665	0.0	70.0	11205.0
550	3442.6666666666665	0.0	54.0	9993.0
560	3673.6666666666665	0.0	52.0	12555.0
570	3960.8333333333335	0.0	49.0	10268.0
580	3500.0	0.0	66.0	9226.0
590	3549.1666666666665	0.0	49.0	16289.0
600	3799.3333333333335	0.0	52.0	11426.0
610	3624.3333333333335	0.0	35.0	9191.0
620	3549.8333333333335	0.0	73.0	8803.0
630	3696.1666666666665	0.0	76.0	10835.0
640	3481.1666666666665	0.0	88.0	9250.0
650	3746.3333333333335	0.0	93.0	12332.0
660	3854.0	0.0	43.0	7705.0
670	3980.3333333333335	0.0	43.0	8966.0
680	3704.5	0.0	31.0	9182.0
690	3686.8333333333335	0.0	79.0	8558.0
700	3905.1666666666665	0.0	54.0	11817.0
710	3966.0	0.0	101.0	8052.0
720	3813.1666666666665	0.0	44.0	12750.0
730	3535.5	0.0	67.0	12645.0
740	3942.1666666666665	0.0	63.0	10288.0
750	3815.3333333333335	0.0	65.0	11098.0
760	3375.1666666666665	0.0	50.0	10104.0
770	3798.8333333333335	0.0	96.0	11754.0
780	3777.8333333333335	0.0	111.0	10369.0
790	3426.5	0.0	49.0	8835.0
800	3970.5	0.0	88.0	9283.0
