0	2072.8333333333335	0.0	0.0	0.0
10	2353.5	1000.0	1000.0	8651.0
20	2298.3333333333335	0.0	0.0	6907.0
30	2241.1666666666665	0.0	0.0	7901.0
40	2571.8333333333335	0.0	0.0	7713.0
50	2462.8333333333335	0.0	0.0	8869.0
60	2661.5	0.0	0.0	8314.0
70	2831.3333333333335	0.0	0.0	11214.0
80	2777.1666666666665	0.0	0.0	9691.0
90	2998.1666666666665	0.0	0.0	7844.0
100	3087.3333333333335	0.0	0.0	10023.0
110	2629.5	0.0	0.0	6930.0
120	3170.0	0.0	0.0	11046.0
130	2881.0	0.0	0.0	8732.0
140	2699.5	0.0	0.0	8365.0
150	3145.3333333333335	0.0	0.0	7863.0
160	2963.5	0.0	0.0	12101.0
170	3266.1666666666665	0.0	0.0	11014.0
180	3509.6666666666665	0.0	0.0	12952.0
190	3371.5	0.0	0.0	9699.0
200	3025.5	0.0	0.0	10825.0
210	3625.1666666666665	0.0	0.0	10095.0
220	3729.8333333333335	0.0	0.0	11541.0
230	3069.1666666666665	0.0	0.0	11041.0
240	2881.5	0.0	0.0	9650.0
250	4012.1666666666665	0.0	0.0	8428.0
260	3839.1666666666665	0.0	0.0	11519.0
270	4089.3333333333335	0.0	0.0	11905.0
280	3446.5	0.0	0.0	9268.0
290	3488.3333333333335	0.0	0.0	8811.0
300	3545.5	0.0	0.0	11662.0
310	3366.3333333333335	0.0	0.0	9488.0
320	3722.0	0.0	0.0	9688.0
330	2947.8333333333335	0.0	0.0	12332.0
340	3542.3333333333335	0.0	0.0	10244.0
350	3971.3333333333335	0.0	0.0	8833.0
360	3810.6666666666665	0.0	0.0	9901.0
370	3769.5	0.0	0.0	8483.0
380	4160.833333333333	0.0	0.0	13940.0
390	3816.0	0.0	0.0	12794.0
400	3623.8333333333335	0.0	0.0	7661.0
410	3688.8333333333335	0.0	0.0	9464.0
420	3955.1666666666665	0.0	0.0	11177.0
430	3846.8333333333335	0.0	0.0	10783.0
440	3976.3333333333335	0.0	0.0	11969.0
450	3330.3333333333335	0.0	0.0	8797.0
460	3794.8333333333335	0.0	0.0	11588.0
470	3526.6666666666665	0.0	0.0	6191.0
480	3795.5	0.0	0.0	11245.0
490	3752.5	0.0	0.0	9181.0
500	3861.1666666666665	0.0	0.0	11485.0
510	3654.5	0.0	0.0	10323.0
520	3559.1666666666665	0.0	0.0	12584.0
530	3710.0	0.0	0.0	11331.0
540	3659.8333333333335	0.0	0.0	8397.0
550	4189.166666666667	0.0	0.0	8881.0
560	3495.8333333333335	0.0	0.0	10921.0
570	4102.5	0.0	0.0	9446.0
580	4153.5	0.0	0.0	11999.0
590	3929.6666666666665	0.0	0.0	10867.0
600	3505.5	0.0	0.0	12330.0
610	4000.1666666666665	0.0	0.0	10173.0
620	3254.3333333333335	0.0	0.0	13000.0
630	3369.0	0.0	0.0	12529.0
640	3748.0	0.0	0.0	12220.0
650	3386.6666666666665	0.0	0.0	9786.0
660	3899.6666666666665	0.0	0.0	11023.0
670	3795.3333333333335	0.0	0.0	9653.0
680	3595.6666666666665	0.0	0.0	10223.0
690	3710.5	0.0	0.0	11457.0
700	3538.5	0.0	0.0	10526.0
710	3782.6666666666665	0.0	0.0	13650.0
720	3650.6666666666665	0.0	0.0	10904.0
730	4116.833333333333	0.0	0.0	10342.0
740	3685.3333333333335	0.0	0.0	9469.0
750	3508.5	0.0	0.0	9214.0
760	3959.5	0.0	0.0	11020.0
770	4001.0	0.0	0.0	9644.0
780	3919.3333333333335	0.0	0.0	8713.0
790	3519.6666666666665	0.0	0.0	9445.0
800	3813.3333333333335	0.0	0.0	10212.0
