0	2600.3333333333335	0.0	0.0	0.0
10	2233.8333333333335	1000.0	1000.0	10090.0
20	2521.6666666666665	0.0	0.0	11924.0
30	2380.6666666666665	0.0	0.0	8290.0
40	2607.1666666666665	0.0	0.0	6409.0
50	2532.8333333333335	0.0	0.0	8424.0
60	2620.8333333333335	0.0	0.0	12121.0
70	2421.6666666666665	0.0	0.0	8953.0
80	2571.3333333333335	0.0	0.0	10654.0
90	2621.5	0.0	0.0	9360.0
100	2622.6666666666665	0.0	0.0	7845.0
110	3063.8333333333335	0.0	0.0	9702.0
120	2648.6666666666665	0.0	0.0	11302.0
130	3107.0	0.0	0.0	9378.0
140	3439.1666666666665	0.0	0.0	8965.0
150	3043.6666666666665	0.0	0.0	9022.0
160	2713.6666666666665	0.0	0.0	8115.0
170	2715.8333333333335	0.0	0.0	9678.0
180	3366.0	0.0	0.0	11543.0
190	2755.3333333333335	0.0	0.0	11217.0
200	3269.5	0.0	0.0	10394.0
210	3517.6666666666665	0.0	0.0	9442.0
220	3618.6666666666665	0.0	0.0	10113.0
230	3598.5	0.0	0.0	10034.0
240	2865.3333333333335	0.0	0.0	7425.0
250	3363.5	0.0	0.0	9236.0
260	3583.3333333333335	0.0	0.0	9456.0
270	3409.8333333333335	0.0	0.0	8758.0
280	3517.1666666666665	0.0	0.0	11330.0
290	3585.8333333333335	0.0	0.0	8496.0
300	2938.3333333333335	0.0	0.0	9422.0
310	2993.3333333333335	0.0	0.0	10104.0
320	3108.5	0.0	0.0	8682.0
330	3606.6666666666665	0.0	0.0	11087.0
340	3824.6666666666665	0.0	0.0	11369.0
350	3493.8333333333335	0.0	0.0	9914.0
360	3871.5	0.0	0.0	9991.0
370	3383.3333333333335	0.0	0.0	11462.0
380	3408.1666666666665	0.0	0.0	11040.0
390	3228.1666666666665	0.0	0.0	10462.0
400	3426.1666666666665	0.0	0.0	9507.0
410	3661.0	0.0	0.0	10559.0
420	3830.0	0.0	0.0	9069.0
430	3910.8333333333335	0.0	0.0	8623.0
440	4085.1666666666665	0.0	0.0	8184.0
450	3583.0	0.0	0.0	9203.0
460	3595.0	0.0	0.0	11301.0
470	3758.5	0.0	0.0	9913.0
480	3733.6666666666665	0.0	0.0	7505.0
490	4043.3333333333335	0.0	0.0	10906.0
500	3263.3333333333335	0.0	0.0	8143.0
510	3689.6666666666665	0.0	0.0	9733.0
520	3296.1666666666665	0.0	0.0	7822.0
530	3554.5	0.0	0.0	12284.0
540	3786.6666666666665	0.0	0.0	7509.0
550	3724.3333333333335	0.0	0.0	10121.0
560	3571.6666666666665	0.0	0.0	10358.0
570	3528.8333333333335	0.0	0.0	8393.0
580	3943.5	0.0	0.0	10457.0
590	3844.6666666666665	0.0	0.0	11153.0
600	3720.8333333333335	0.0	0.0	11444.0
610	3667.8333333333335	0.0	0.0	9859.0
620	3850.1666666666665	0.0	0.0	13333.0
630	3567.3333333333335	0.0	0.0	13258.0
640	3703.3333333333335	0.0	0.0	9446.0
650	3793.8333333333335	0.0	0.0	9078.0
660	3808.1666666666665	0.0	0.0	10309.0
670	3414.0	0.0	0.0	10130.0
680	3648.8333333333335	0.0	0.0	9269.0
690	4018.3333333333335	0.0	0.0	10803.0
700	3750.5	0.0	0.0	8085.0
710	3816.6666666666665	0.0	0.0	9292.0
720	3297.1666666666665	0.0	0.0	11516.0
730	3599.1666666666665	0.0	0.0	9884.0
740	3394.5	0.0	0.0	10623.0
750	3665.1666666666665	0.0	0.0	9457.0
760	3395.3333333333335	0.0	0.0	9833.0
770	3650.0	0.0	0.0	8246.0
780	3990.3333333333335	0.0	0.0	11321.0
790	3844.6666666666665	0.0	0.0	5703.0
800	3786.3333333333335	0.0	0.0	11930.0
