0	2350.0	0.0	0.0	0.0
10	2612.25	130.0	6065.0	11443.0
20	2850.0	78.0	6400.0	10982.0
30	2788.75	80.0	6089.0	9910.0
40	2861.5	130.0	7704.0	12750.0
50	2467.25	58.0	5061.0	8206.0
60	2809.75	12.0	4633.0	7522.0
70	2687.25	70.0	6070.0	10921.0
80	2778.25	33.0	4151.0	6945.0
90	2738.25	50.0	6981.0	11370.0
100	2426.75	25.0	5994.0	10755.0
110	3403.0	49.0	7195.0	11268.0
120	2903.25	52.0	8401.0	14025.0
130	3491.75	50.0	8749.0	14330.0
140	2546.0	26.0	6229.0	9993.0
150	3225.0	22.0	6233.0	9950.0
160	3566.5	18.0	5629.0	8738.0
170	3545.25	54.0	7676.0	11708.0
180	3455.25	41.0	7854.0	12165.0
190	2913.75	38.0	8097.0	12921.0
200	3027.25	40.0	8288.0	11985.0
210	2912.75	39.0	7852.0	11692.0
220	3788.5	16.0	6176.0	9395.0
230	3651.5	34.0	7443.0	12108.0
240	3523.5	40.0	8862.0	14377.0
250	3210.25	41.0	8139.0	12784.0
260	3640.5	14.0	5952.0	9601.0
270	3426.5	39.0	9407.0	14570.0
280	3532.5	31.0	9488.0	14005.0
290	3876.0	28.0	5427.0	9815.0
300	3008.25	27.0	6445.0	10982.0
310	3419.5	30.0	7647.0	12544.0
320	3103.5	42.0	6834.0	10560.0
330	3637.75	28.0	7839.0	12651.0
340	3439.0	30.0	6930.0	12235.0
350	4178.75	17.0	7782.0	11024.0
360	3857.25	31.0	8410.0	12354.0
370	4195.75	37.0	8690.0	11709.0
380	3945.5	41.0	8815.0	11718.0
390	3549.25	25.0	6771.0	9853.0
400	3861.5	40.0	8150.0	12207.0
410	3740.25	31.0	7800.0	11494.0
420	3416.75	29.0	6794.0	10776.0
430	3530.0	31.0	8033.0	11817.0
440	4009.25	36.0	8182.0	11081.0
450	3930.0	28.0	7162.0	9994.0
460	3402.5	21.0	5584.0	8161.0
470	3734.0	35.0	10665.0	15366.0
480	4012.5	42.0	7311.0	10141.0
490	4154.75	31.0	7897.0	11674.0
500	3967.25	37.0	8003.0	11579.0
510	3413.75	31.0	6788.0	9787.0
520	3957.25	36.0	4936.0	9404.0
530	3694.0	33.0	5220.0	10146.0
540	3518.75	35.0	6306.0	10653.0
550	3862.25	42.0	8197.0	12486.0
560	4088.75	24.0	6531.0	9471.0
570	3451.75	34.0	9390.0	12902.0
580	3761.0	40.0	8025.0	10292.0
590	3785.75	35.0	7745.0	10450.0
600	3808.5	26.0	6412.0	9226.0
610	3458.0	35.0	9148.0	11533.0
620	3978.0	27.0	7216.0	10573.0
630	3592.0	25.0	6501.0	8996.0
640	3785.25	26.0	8283.0	11748.0
650	3567.25	38.0	7943.0	11491.0
660	3377.0	53.0	8817.0	12128.0
670	4062.5	22.0	6558.0	8963.0
680	3568.5	39.0	9213.0	12513.0
690	3977.0	30.0	6091.0	8071.0
700	3910.75	11.0	5394.0	7446.0
710	3742.5	28.0	7928.0	11143.0
720	3932.25	27.0	8208.0	11628.0
730	3807.0	29.0	10354.0	14173.0
740	3588.75	27.0	8874.0	11600.0
750	3926.25	23.0	5945.0	7868.0
760	3954.75	19.0	8714.0	11324.0
770	3260.25	23.0	7431.0	9408.0
780	3908.0	29.0	9084.0	11978.0
790	3892.0	26.0	8688.0	11199.0
800	3915.25	33.0	10869.0	14290.0
