0	2452.0	0.0	0.0	0.0
10	2640.5	53.0	6319.0	12660.0
20	2626.5	93.0	5978.0	11017.0
30	2388.5	148.0	6992.0	10969.0
40	2203.25	62.0	5500.0	8373.0
50	2765.0	90.0	6343.0	9080.0
60	2706.25	106.0	6613.0	9662.0
70	2361.0	32.0	4595.0	7002.0
80	2898.75	124.0	8881.0	14874.0
90	2398.0	13.0	4619.0	7259.0
100	3025.75	55.0	6199.0	11145.0
110	3238.25	44.0	5860.0	10253.0
120	3042.25	17.0	6795.0	11595.0
130	3446.25	52.0	7388.0	11910.0
140	2767.25	29.0	7020.0	10717.0
150	2874.0	30.0	7124.0	11399.0
160	3262.75	36.0	7197.0	11502.0
170	3502.5	57.0	6814.0	10258.0
180	3673.0	34.0	10828.0	15880.0
190	2741.0	42.0	8907.0	12796.0
200	3590.25	26.0	7297.0	11115.0
210	3422.5	28.0	8666.0	12756.0
220	3657.0	39.0	8730.0	12839.0
230	3175.75	24.0	7228.0	10858.0
240	3412.75	35.0	6013.0	9723.0
250	3617.25	35.0	8343.0	13751.0
260	3316.0	23.0	5825.0	9592.0
270	3061.0	33.0	6175.0	9706.0
280	3203.0	36.0	8459.0	12911.0
290	3224.75	31.0	8857.0	12573.0
300	3660.0	19.0	7304.0	10780.0
310	3618.25	37.0	9417.0	13319.0
320	3873.25	37.0	10042.0	13897.0
330	3951.0	35.0	7905.0	11166.0
340	3953.25	34.0	8324.0	11636.0
350	4083.5	34.0	8480.0	11784.0
360	3545.75	40.0	8469.0	11813.0
370	3920.25	28.0	6495.0	9557.0
380	4149.25	55.0	9368.0	12660.0
390	3394.5	37.0	7899.0	10602.0
400	3877.75	34.0	7706.0	10669.0
410	3660.25	40.0	7704.0	10735.0
420	3736.25	37.0	7356.0	10113.0
430	3935.75	26.0	7595.0	10068.0
440	4006.5	21.0	7798.0	10920.0
450	4215.0	34.0	8945.0	12075.0
460	3909.25	44.0	9482.0	12928.0
470	4004.5	40.0	8258.0	10455.0
480	4098.75	31.0	8391.0	11289.0
490	3888.25	37.0	7756.0	9833.0
500	3874.75	29.0	7131.0	9097.0
510	3702.75	36.0	7741.0	10174.0
520	4130.0	21.0	6946.0	9440.0
530	3564.5	22.0	6152.0	8444.0
540	3608.25	48.0	7285.0	10074.0
550	3594.0	24.0	7901.0	10897.0
560	3896.0	33.0	8641.0	11231.0
570	4194.25	34.0	7266.0	9500.0
580	3375.5	30.0	5966.0	7993.0
590	3972.5	41.0	9851.0	12871.0
600	3362.75	23.0	7602.0	10537.0
610	3547.75	41.0	7170.0	9233.0
620	3959.5	24.0	7487.0	10462.0
630	3488.5	45.0	9597.0	12455.0
640	3554.25	26.0	7831.0	9701.0
650	3636.75	41.0	7779.0	10306.0
660	3907.0	43.0	8214.0	11319.0
670	3844.25	31.0	6673.0	9320.0
680	3681.0	29.0	6283.0	8349.0
690	3807.25	45.0	8566.0	11548.0
700	3759.25	40.0	9125.0	12255.0
710	3360.75	44.0	8850.0	12970.0
720	3731.0	34.0	8240.0	11088.0
730	3254.5	31.0	6796.0	9052.0
740	3719.0	53.0	9921.0	13447.0
750	3670.5	28.0	7335.0	9711.0
760	4116.25	32.0	8225.0	11287.0
770	3800.0	39.0	7747.0	10843.0
780	3917.5	32.0	8319.0	11472.0
790	3827.75	23.0	7511.0	10591.0
800	3789.25	23.0	6976.0	9761.0
