0	2724.5	0.0	0.0	0.0
10	2731.0	122.0	6910.0	12240.0
20	2247.25	107.0	5932.0	9956.0
30	2265.5	90.0	6392.0	10270.0
40	2375.75	97.0	6720.0	9794.0
50	2876.25	140.0	8513.0	13979.0
60	2725.75	67.0	8006.0	12844.0
70	2613.0	48.0	6257.0	9180.0
80	2927.25	63.0	6757.0	11075.0
90	2992.75	67.0	6812.0	10831.0
100	3052.75	60.0	8676.0	13486.0
110	3504.25	48.0	8187.0	13392.0
120	3040.0	29.0	6967.0	10542.0
130	3660.25	38.0	8098.0	11778.0
140	3189.0	28.0	5955.0	9670.0
150	2718.5	53.0	7374.0	11392.0
160	3172.5	27.0	6123.0	10118.0
170	3079.25	35.0	6845.0	10505.0
180	3467.75	28.0	7310.0	11321.0
190	3665.0	27.0	9190.0	14578.0
200	3461.0	44.0	8104.0	12330.0
210	3453.75	29.0	6045.0	9227.0
220	3773.0	32.0	7745.0	11028.0
230	3886.25	35.0	7804.0	11996.0
240	3054.75	36.0	6962.0	11177.0
250	3785.75	45.0	8243.0	11521.0
260	3111.5	49.0	8530.0	11640.0
270	3304.25	30.0	7274.0	10667.0
280	3315.0	35.0	6304.0	8900.0
290	3929.25	29.0	6928.0	10980.0
300	3585.5	29.0	5957.0	11122.0
310	3968.75	41.0	7279.0	11139.0
320	3675.5	33.0	7340.0	11057.0
330	3470.75	25.0	6003.0	10938.0
340	4115.25	37.0	7071.0	13013.0
350	2999.0	41.0	7819.0	14638.0
360	3897.75	33.0	7231.0	11281.0
370	3763.0	28.0	8580.0	12694.0
380	3891.5	28.0	7134.0	10467.0
390	4014.0	26.0	7387.0	11121.0
400	3802.75	24.0	7040.0	10357.0
410	3680.75	33.0	7854.0	11283.0
420	3573.75	47.0	7273.0	9542.0
430	3569.0	34.0	6067.0	7773.0
440	3870.25	24.0	6101.0	8915.0
450	3459.75	30.0	7635.0	10515.0
460	3641.0	43.0	8919.0	12521.0
470	3910.0	32.0	7218.0	9489.0
480	3961.0	26.0	8051.0	10310.0
490	3683.0	38.0	8199.0	10357.0
500	4090.0	30.0	9750.0	13088.0
510	3712.5	42.0	7397.0	10006.0
520	3698.75	30.0	7472.0	10254.0
530	3730.75	31.0	8212.0	11104.0
540	3593.75	32.0	8322.0	11046.0
550	4071.25	32.0	8455.0	12273.0
560	3734.0	31.0	8081.0	11601.0
570	3375.0	31.0	8104.0	11141.0
580	4067.0	33.0	6812.0	8914.0
590	3671.75	28.0	7327.0	9734.0
600	4078.0	40.0	9416.0	12833.0
610	3695.25	27.0	7372.0	10685.0
620	4156.75	46.0	8513.0	12217.0
630	4190.5	33.0	7959.0	10465.0
640	4217.0	22.0	7570.0	10238.0
650	3753.0	37.0	8318.0	10837.0
660	3654.5	21.0	8111.0	10672.0
670	3656.75	33.0	8629.0	12570.0
680	3307.5	34.0	10194.0	13616.0
690	3622.5	31.0	7732.0	10897.0
700	3758.75	43.0	8559.0	11123.0
710	3506.75	39.0	9423.0	12387.0
720	3688.25	27.0	9418.0	12206.0
730	3652.75	30.0	8843.0	11791.0
740	3481.75	29.0	7885.0	10763.0
750	3708.5	29.0	8117.0	11082.0
760	3753.5	32.0	8339.0	11294.0
770	3687.25	22.0	8466.0	11555.0
780	4014.0	54.0	8946.0	11599.0
790	3796.75	34.0	10436.0	13585.0
800	3673.0	23.0	7232.0	9316.0
