0	2619.5	0.0	0.0	0.0
10	2724.5	67.0	5352.0	9261.0
20	2397.25	67.0	6545.0	10516.0
30	2727.25	61.0	6761.0	13061.0
40	2679.0	108.0	5211.0	8572.0
50	3048.75	97.0	6407.0	10724.0
60	2974.0	81.0	6388.0	12419.0
70	2817.0	55.0	6197.0	10087.0
80	2897.75	66.0	7325.0	12233.0
90	2645.25	97.0	10252.0	16216.0
100	3095.25	48.0	6353.0	10204.0
110	3360.25	47.0	6235.0	9904.0
120	2531.5	65.0	7737.0	11861.0
130	2543.75	32.0	6225.0	10354.0
140	3680.25	18.0	7043.0	11797.0
150	3199.5	36.0	5944.0	10056.0
160	2818.75	35.0	8534.0	15052.0
170	3144.5	18.0	5248.0	8454.0
180	3583.5	29.0	8613.0	13490.0
190	2964.75	26.0	8789.0	13922.0
200	2566.75	27.0	7258.0	10301.0
210	3178.0	37.0	7851.0	11576.0
220	3724.25	49.0	8336.0	13006.0
230	3242.75	29.0	6398.0	9041.0
240	3337.5	26.0	7643.0	10917.0
250	3715.25	28.0	6913.0	9533.0
260	3977.25	26.0	6208.0	8702.0
270	3338.25	34.0	9890.0	14217.0
280	3562.75	20.0	6920.0	10794.0
290	2981.0	35.0	8194.0	11805.0
300	3619.5	32.0	8609.0	12546.0
310	3582.75	44.0	8438.0	11157.0
320	3522.0	33.0	6859.0	10217.0
330	2611.5	30.0	8739.0	12807.0
340	3668.0	39.0	7568.0	11809.0
350	3861.75	23.0	7451.0	10243.0
360	4002.25	18.0	7365.0	11061.0
370	3929.75	23.0	6579.0	9523.0
380	3698.25	29.0	7728.0	11106.0
390	3945.0	36.0	9013.0	12430.0
400	3663.25	43.0	7933.0	11500.0
410	4156.75	28.0	7352.0	10904.0
420	4055.25	32.0	8658.0	12748.0
430	3885.75	42.0	8414.0	12460.0
440	3785.0	35.0	8617.0	11736.0
450	3679.5	26.0	6924.0	10125.0
460	4161.0	30.0	8668.0	11983.0
470	3811.0	34.0	9357.0	13773.0
480	4039.25	37.0	8713.0	12353.0
490	3800.75	19.0	7860.0	11222.0
500	4022.25	49.0	8602.0	12578.0
510	4005.0	23.0	7449.0	10172.0
520	3772.75	24.0	7568.0	10961.0
530	3638.75	41.0	8836.0	11495.0
540	3484.25	38.0	8406.0	11781.0
550	3742.25	43.0	9385.0	12483.0
560	3546.5	20.0	7624.0	10277.0
570	3933.25	28.0	7754.0	10306.0
580	3231.0	26.0	8139.0	11460.0
590	4032.0	36.0	8206.0	11189.0
600	3881.25	32.0	9191.0	12239.0
610	3794.25	27.0	7320.0	10456.0
620	3444.0	28.0	8681.0	12350.0
630	3793.25	25.0	6552.0	8916.0
640	3962.0	23.0	6159.0	8700.0
650	3927.0	28.0	9749.0	12854.0
660	4075.25	44.0	8683.0	11362.0
670	4016.0	29.0	8295.0	11868.0
680	3638.75	18.0	5991.0	8880.0
690	3739.75	33.0	8404.0	11925.0
700	3747.25	25.0	9500.0	12382.0
710	3828.75	29.0	9371.0	12621.0
720	3908.5	26.0	7238.0	9348.0
730	3476.5	40.0	9523.0	12962.0
740	3686.75	30.0	8614.0	11708.0
750	3424.5	33.0	7972.0	11279.0
760	4026.75	32.0	7629.0	10312.0
770	3923.25	49.0	9347.0	11786.0
780	3224.5	33.0	8284.0	10596.0
790	3698.0	35.0	8266.0	10462.0
800	3983.5	30.0	9773.0	12804.0
