0	2627.1666666666665	0.0	0.0	0.0
10	2613.5	1000.0	5116.0	13636.0
20	2483.5	0.0	0.0	10084.0
30	2456.1666666666665	0.0	0.0	5114.0
40	2544.1666666666665	0.0	0.0	9537.0
50	2719.1666666666665	0.0	0.0	10357.0
60	2822.3333333333335	0.0	0.0	7517.0
70	2690.3333333333335	0.0	0.0	9032.0
80	2306.8333333333335	0.0	0.0	8402.0
90	2271.1666666666665	0.0	0.0	13407.0
100	2620.8333333333335	0.0	0.0	7423.0
110	2769.3333333333335	0.0	0.0	8378.0
120	2902.0	0.0	0.0	7597.0
130	2410.8333333333335	0.0	0.0	10392.0
140	2843.8333333333335	0.0	0.0	8933.0
150	3291.1666666666665	0.0	0.0	8442.0
160	2522.5	0.0	0.0	9973.0
170	2752.1666666666665	0.0	0.0	6417.0
180	2953.8333333333335	0.0	0.0	11248.0
190	3231.6666666666665	0.0	0.0	11587.0
200	2881.5	0.0	0.0	10784.0
210	3168.6666666666665	0.0	0.0	11238.0
220	3040.8333333333335	0.0	0.0	10022.0
230	2820.5	0.0	0.0	9299.0
240	2897.1666666666665	0.0	0.0	7519.0
250	2814.1666666666665	0.0	0.0	11990.0
260	3277.6666666666665	0.0	0.0	10035.0
270	3208.0	0.0	0.0	11981.0
280	3186.0	0.0	0.0	8970.0
290	2954.6666666666665	0.0	0.0	9828.0
300	3692.0	0.0	0.0	7609.0
310	4045.3333333333335	0.0	0.0	9197.0
320	3704.8333333333335	0.0	0.0	8180.0
330	3685.6666666666665	0.0	0.0	9966.0
340	3065.6666666666665	0.0	0.0	8704.0
350	3259.6666666666665	0.0	0.0	10281.0
360	3485.1666666666665	0.0	0.0	10568.0
370	3335.8333333333335	0.0	0.0	11158.0
380	3512.0	0.0	0.0	9283.0
390	4079.3333333333335	0.0	0.0	8859.0
400	3480.6666666666665	0.0	0.0	10281.0
410	3748.3333333333335	0.0	0.0	9409.0
420	3804.6666666666665	0.0	0.0	10985.0
430	3627.3333333333335	0.0	0.0	10174.0
440	3454.3333333333335	0.0	0.0	9369.0
450	3646.5	0.0	0.0	9080.0
460	2788.3333333333335	0.0	0.0	10820.0
470	3821.0	0.0	0.0	11735.0
480	3662.0	0.0	0.0	8479.0
490	3407.6666666666665	0.0	0.0	7507.0
500	3608.6666666666665	0.0	0.0	9503.0
510	3880.1666666666665	0.0	0.0	10025.0
520	3482.6666666666665	0.0	0.0	11299.0
530	3631.3333333333335	0.0	0.0	10680.0
540	3583.3333333333335	0.0	0.0	9781.0
550	3443.8333333333335	0.0	0.0	9434.0
560	3717.3333333333335	0.0	0.0	9495.0
570	3253.1666666666665	0.0	0.0	11376.0
580	3900.8333333333335	0.0	0.0	12545.0
590	3685.5	0.0	0.0	8837.0
600	3881.5	0.0	0.0	10888.0
610	3600.3333333333335	0.0	0.0	12461.0
620	3713.3333333333335	0.0	0.0	9635.0
630	3590.6666666666665	0.0	0.0	11334.0
640	3599.8333333333335	0.0	0.0	8224.0
650	3921.5	0.0	0.0	11123.0
660	3650.3333333333335	0.0	0.0	13092.0
670	3929.5	0.0	0.0	11853.0
680	3925.3333333333335	0.0	0.0	11980.0
690	3915.6666666666665	0.0	0.0	9119.0
700	3477.6666666666665	0.0	0.0	10754.0
710	3386.5	0.0	0.0	10829.0
720	3776.5	0.0	0.0	10627.0
730	3661.5	0.0	0.0	10550.0
740	3738.5	0.0	0.0	12745.0
750	3666.8333333333335	0.0	0.0	12339.0
760	3815.1666666666665	0.0	0.0	10827.0
770	3866.3333333333335	0.0	0.0	8951.0
780	4023.5	0.0	0.0	8186.0
790	3578.3333333333335	0.0	0.0	12027.0
800	3829.3333333333335	0.0	0.0	9533.0
810	3920.1666666666665	0.0	0.0	11687.0
820	3763.6666666666665	0.0	0.0	9000.0
830	4073.8333333333335	0.0	0.0	11000.0
840	3838.1666666666665	0.0	0.0	12668.0
850	3690.6666666666665	0.0	0.0	10381.0
860	3490.0	0.0	0.0	7047.0
870	3711.3333333333335	0.0	0.0	11822.0
880	3532.8333333333335	0.0	0.0	8621.0
890	3634.5	0.0	0.0	9583.0
900	3808.8333333333335	0.0	0.0	9118.0
910	3924.6666666666665	0.0	0.0	8902.0
920	3986.8333333333335	0.0	0.0	10486.0
930	4171.666666666667	0.0	0.0	11474.0
940	4298.166666666667	0.0	0.0	11870.0
950	3620.6666666666665	0.0	0.0	7720.0
960	3946.8333333333335	0.0	0.0	8257.0
970	3794.6666666666665	0.0	0.0	9466.0
980	3865.8333333333335	0.0	0.0	13916.0
990	4037.8333333333335	0.0	0.0	13535.0
1000	3870.6666666666665	0.0	0.0	10685.0
