0	2735.1666666666665	0.0	0.0	0.0
10	2371.0	169.0	3565.0	11555.0
20	2791.1666666666665	168.0	4551.0	14383.0
30	2929.1666666666665	145.0	3554.0	10676.0
40	3127.0	95.0	2860.0	11057.0
50	2636.0	92.0	2855.0	9789.0
60	3207.5	125.0	3807.0	12235.0
70	3099.5	86.0	2898.0	10979.0
80	3225.1666666666665	109.0	4096.0	13076.0
90	3104.5	11.0	223.0	8275.0
100	3423.8333333333335	0.0	0.0	12414.0
110	3853.3333333333335	0.0	0.0	8515.0
120	3481.0	0.0	0.0	9658.0
130	3384.5	0.0	0.0	11120.0
140	3633.1666666666665	0.0	0.0	11000.0
150	2859.0	0.0	0.0	11096.0
160	3652.8333333333335	0.0	0.0	10722.0
170	3138.3333333333335	0.0	0.0	14300.0
180	3738.1666666666665	0.0	0.0	12736.0
190	3869.8333333333335	0.0	0.0	14383.0
200	3541.3333333333335	0.0	0.0	12202.0
210	3655.0	0.0	0.0	9257.0
220	3150.6666666666665	0.0	0.0	9427.0
230	3567.6666666666665	0.0	0.0	7888.0
240	3719.5	0.0	0.0	9200.0
250	3716.1666666666665	0.0	0.0	8887.0
260	2974.5	0.0	0.0	11972.0
270	3729.5	0.0	0.0	11005.0
280	3255.8333333333335	0.0	0.0	12108.0
290	3270.6666666666665	0.0	0.0	9455.0
300	3835.6666666666665	0.0	0.0	12478.0
310	3456.1666666666665	0.0	0.0	12432.0
320	3597.8333333333335	0.0	0.0	12944.0
330	3800.1666666666665	0.0	0.0	9667.0
340	3682.8333333333335	0.0	0.0	11554.0
350	3760.6666666666665	0.0	0.0	11940.0
360	3837.3333333333335	0.0	0.0	10050.0
370	3569.3333333333335	0.0	0.0	8476.0
380	3858.0	0.0	0.0	12611.0
390	3831.0	0.0	0.0	11065.0
400	3921.5	0.0	0.0	9113.0
410	3835.1666666666665	0.0	0.0	9493.0
420	3492.8333333333335	0.0	0.0	10025.0
430	3648.1666666666665	0.0	0.0	11026.0
440	3717.8333333333335	0.0	0.0	9319.0
450	3672.3333333333335	0.0	0.0	10347.0
460	3789.0	0.0	0.0	8248.0
470	4049.0	0.0	0.0	10980.0
480	3640.8333333333335	0.0	0.0	12636.0
490	3535.5	0.0	0.0	9407.0
500	3951.0	0.0	0.0	7038.0
510	3851.1666666666665	0.0	0.0	8354.0
520	3858.0	0.0	0.0	10460.0
530	3725.6666666666665	0.0	0.0	8993.0
540	3664.1666666666665	0.0	0.0	9695.0
550	3628.1666666666665	0.0	0.0	10279.0
560	3530.3333333333335	0.0	0.0	10460.0
570	3696.1666666666665	0.0	0.0	11482.0
580	3697.1666666666665	0.0	0.0	12013.0
590	3757.1666666666665	0.0	0.0	9279.0
600	4050.0	0.0	0.0	10785.0
610	3763.3333333333335	0.0	0.0	15415.0
620	3894.5	0.0	0.0	8910.0
630	3455.6666666666665	0.0	0.0	10689.0
640	3379.8333333333335	0.0	0.0	9679.0
650	3461.5	0.0	0.0	10522.0
660	3914.3333333333335	0.0	0.0	10240.0
670	4179.0	0.0	0.0	9674.0
680	3760.6666666666665	0.0	0.0	12121.0
690	3891.6666666666665	0.0	0.0	9497.0
700	3554.0	0.0	0.0	9186.0
710	3658.0	0.0	0.0	10117.0
720	3749.5	0.0	0.0	9687.0
730	4013.6666666666665	0.0	0.0	9632.0
740	3991.8333333333335	0.0	0.0	11075.0
750	3747.3333333333335	0.0	0.0	10652.0
760	3607.6666666666665	0.0	0.0	12020.0
770	3881.6666666666665	0.0	0.0	10290.0
780	3821.8333333333335	0.0	0.0	10313.0
790	3801.5	0.0	0.0	10539.0
800	3886.3333333333335	0.0	0.0	9986.0
