0	275.0	0.0	0.0
10	2008.0	267.0	8333.0
20	2124.3333333333335	617.0	13648.0
30	2124.5	116.0	6426.0
40	2177.6666666666665	0.0	8912.0
50	2241.8333333333335	0.0	6797.0
60	2061.8333333333335	0.0	7636.0
70	2216.8333333333335	0.0	9808.0
80	2098.3333333333335	0.0	9659.0
90	2219.0	0.0	14132.0
100	2329.5	0.0	9345.0
110	2246.3333333333335	0.0	8383.0
120	2292.1666666666665	0.0	5365.0
130	2561.6666666666665	0.0	9261.0
140	2147.1666666666665	0.0	7017.0
150	2665.8333333333335	0.0	9063.0
160	2548.1666666666665	0.0	9631.0
170	2133.3333333333335	0.0	7845.0
180	2657.6666666666665	0.0	7026.0
190	2377.3333333333335	0.0	8287.0
200	2291.8333333333335	0.0	9710.0
210	2348.8333333333335	0.0	8991.0
220	2784.8333333333335	0.0	8533.0
230	2484.3333333333335	0.0	11871.0
240	2466.6666666666665	0.0	10449.0
250	2293.5	0.0	8053.0
260	2942.0	0.0	7980.0
270	2997.5	0.0	5723.0
280	2969.6666666666665	0.0	12539.0
290	2908.0	0.0	9668.0
300	2848.8333333333335	0.0	9064.0
310	2922.1666666666665	0.0	7848.0
320	3146.8333333333335	0.0	8191.0
330	3060.5	0.0	10198.0
340	3135.8333333333335	0.0	12018.0
350	3419.0	0.0	9947.0
360	3330.5	0.0	8392.0
370	3059.8333333333335	0.0	11636.0
380	3487.8333333333335	0.0	9911.0
390	3476.8333333333335	0.0	12389.0
400	3451.8333333333335	0.0	10986.0
410	2971.8333333333335	0.0	8580.0
420	3182.1666666666665	0.0	11889.0
430	3440.5	0.0	11198.0
440	3825.8333333333335	0.0	10203.0
450	3185.6666666666665	0.0	10389.0
460	3092.0	0.0	11033.0
470	3542.0	0.0	12797.0
480	3332.3333333333335	0.0	7582.0
490	3226.3333333333335	0.0	8805.0
500	3315.8333333333335	0.0	9769.0
510	2960.3333333333335	0.0	12638.0
520	3238.6666666666665	0.0	11702.0
530	3492.3333333333335	0.0	10812.0
540	3571.5	0.0	10285.0
550	3521.8333333333335	0.0	7440.0
560	3742.1666666666665	0.0	10784.0
570	3320.8333333333335	0.0	9538.0
580	3903.3333333333335	0.0	12303.0
590	3243.6666666666665	0.0	10950.0
600	3948.3333333333335	0.0	9434.0
610	3236.8333333333335	0.0	10487.0
620	3495.1666666666665	0.0	10934.0
630	3885.8333333333335	0.0	12830.0
640	3633.0	0.0	9102.0
650	3731.3333333333335	0.0	8340.0
660	3134.1666666666665	0.0	10639.0
670	3701.3333333333335	0.0	12991.0
680	3750.1666666666665	0.0	13658.0
690	3189.3333333333335	0.0	10611.0
700	3760.1666666666665	0.0	13652.0
710	3921.8333333333335	0.0	9468.0
720	3797.0	0.0	12655.0
730	3475.1666666666665	0.0	8460.0
740	3922.1666666666665	0.0	9227.0
750	3688.3333333333335	0.0	7634.0
760	3580.6666666666665	0.0	8564.0
770	3890.8333333333335	0.0	8671.0
780	3981.1666666666665	0.0	10654.0
790	3786.8333333333335	0.0	11349.0
800	3709.0	0.0	9386.0
810	3835.3333333333335	0.0	9616.0
820	3680.0	0.0	10784.0
830	3911.1666666666665	0.0	9734.0
840	3894.8333333333335	0.0	9969.0
850	3813.6666666666665	0.0	11527.0
860	3971.5	0.0	10578.0
870	3734.8333333333335	0.0	9754.0
880	3677.3333333333335	0.0	11563.0
890	3962.8333333333335	0.0	8635.0
900	3680.0	0.0	12734.0
910	3908.8333333333335	0.0	9042.0
920	3888.5	0.0	7848.0
930	3616.8333333333335	0.0	6255.0
940	3811.6666666666665	0.0	8968.0
950	3824.6666666666665	0.0	11556.0
960	3781.3333333333335	0.0	11545.0
970	3692.5	0.0	10118.0
980	3554.0	0.0	8861.0
990	3721.3333333333335	0.0	9883.0
1000	3633.6666666666665	0.0	8892.0
