0	231.33333333333334	0.0	0.0
10	2135.3333333333335	422.0	12224.0
20	2079.6666666666665	446.0	11917.0
30	2151.8333333333335	132.0	8649.0
40	2144.5	0.0	8717.0
50	2261.5	0.0	6879.0
60	2042.5	0.0	10554.0
70	2259.5	0.0	8246.0
80	2511.6666666666665	0.0	6846.0
90	2267.1666666666665	0.0	11946.0
100	2609.3333333333335	0.0	8672.0
110	2533.3333333333335	0.0	9625.0
120	2657.0	0.0	6313.0
130	2613.1666666666665	0.0	7995.0
140	2372.6666666666665	0.0	9919.0
150	2191.1666666666665	0.0	9651.0
160	2750.8333333333335	0.0	6997.0
170	2531.3333333333335	0.0	6790.0
180	2276.5	0.0	9210.0
190	2607.8333333333335	0.0	10809.0
200	2849.0	0.0	10844.0
210	2968.8333333333335	0.0	7934.0
220	2911.0	0.0	11032.0
230	2820.0	0.0	10587.0
240	3354.5	0.0	6767.0
250	2889.1666666666665	0.0	10511.0
260	2891.1666666666665	0.0	13159.0
270	3048.1666666666665	0.0	9466.0
280	3197.5	0.0	6396.0
290	2775.5	0.0	10724.0
300	2966.6666666666665	0.0	11591.0
310	3196.3333333333335	0.0	8445.0
320	3451.5	0.0	14408.0
330	3560.6666666666665	0.0	9500.0
340	3778.8333333333335	0.0	10389.0
350	3323.3333333333335	0.0	10885.0
360	3195.8333333333335	0.0	6764.0
370	2997.1666666666665	0.0	9010.0
380	3272.3333333333335	0.0	12421.0
390	3535.3333333333335	0.0	8503.0
400	3175.6666666666665	0.0	11249.0
410	3275.5	0.0	9756.0
420	3582.6666666666665	0.0	11803.0
430	3608.5	0.0	13240.0
440	3928.3333333333335	0.0	10401.0
450	3760.1666666666665	0.0	10550.0
460	3839.5	0.0	8987.0
470	3230.5	0.0	11817.0
480	3355.0	0.0	12679.0
490	3548.8333333333335	0.0	9456.0
500	3614.3333333333335	0.0	11281.0
510	3931.6666666666665	0.0	13251.0
520	4113.5	0.0	7766.0
530	3729.1666666666665	0.0	6556.0
540	3724.1666666666665	0.0	12778.0
550	3926.0	0.0	13567.0
560	3805.6666666666665	0.0	8681.0
570	3638.1666666666665	0.0	10226.0
580	3636.6666666666665	0.0	13268.0
590	3241.3333333333335	0.0	9527.0
600	3391.6666666666665	0.0	10503.0
610	3909.5	0.0	10999.0
620	3576.1666666666665	0.0	9982.0
630	3654.6666666666665	0.0	11881.0
640	3823.6666666666665	0.0	9075.0
650	3544.6666666666665	0.0	9880.0
660	3546.5	0.0	9672.0
670	3442.1666666666665	0.0	10896.0
680	3702.8333333333335	0.0	8117.0
690	3492.6666666666665	0.0	13106.0
700	4058.3333333333335	0.0	9445.0
710	3744.1666666666665	0.0	10673.0
720	3670.5	0.0	8914.0
730	3950.1666666666665	0.0	10473.0
740	3646.0	0.0	7424.0
750	3917.0	0.0	8590.0
760	3757.0	0.0	10581.0
770	3556.5	0.0	8544.0
780	3718.1666666666665	0.0	10877.0
790	4022.6666666666665	0.0	10439.0
800	4004.1666666666665	0.0	9378.0
810	3465.3333333333335	0.0	8969.0
820	3625.8333333333335	0.0	13070.0
830	3772.6666666666665	0.0	12517.0
840	3863.8333333333335	0.0	8768.0
850	3920.6666666666665	0.0	9749.0
860	3833.6666666666665	0.0	10783.0
870	3706.3333333333335	0.0	8887.0
880	4019.5	0.0	7842.0
890	3795.1666666666665	0.0	11044.0
900	3979.3333333333335	0.0	11407.0
910	3751.6666666666665	0.0	7704.0
920	3559.6666666666665	0.0	7383.0
930	3794.5	0.0	9060.0
940	3709.5	0.0	11663.0
950	3839.8333333333335	0.0	14050.0
960	3802.6666666666665	0.0	12410.0
970	3577.8333333333335	0.0	9561.0
980	3951.6666666666665	0.0	10333.0
990	4078.0	0.0	11875.0
1000	3787.0	0.0	8749.0
