0	2750.6666666666665	0.0	0.0	0.0
10	2408.3333333333335	1000.0	2972.0	8047.0
20	2796.0	0.0	0.0	10296.0
30	2327.1666666666665	0.0	0.0	8643.0
40	2265.6666666666665	0.0	0.0	9570.0
50	2200.8333333333335	0.0	0.0	7974.0
60	2484.3333333333335	0.0	0.0	7704.0
70	2477.6666666666665	0.0	0.0	8219.0
80	2265.3333333333335	0.0	0.0	6800.0
90	2454.1666666666665	0.0	0.0	11274.0
100	2344.5	0.0	0.0	9417.0
110	2141.6666666666665	0.0	0.0	10997.0
120	2692.6666666666665	0.0	0.0	6172.0
130	2302.6666666666665	0.0	0.0	14131.0
140	2680.5	0.0	0.0	8711.0
150	3067.3333333333335	0.0	0.0	8018.0
160	2923.8333333333335	0.0	0.0	8777.0
170	3152.1666666666665	0.0	0.0	7230.0
180	2656.3333333333335	0.0	0.0	10772.0
190	2638.5	0.0	0.0	8725.0
200	2906.1666666666665	0.0	0.0	9293.0
210	2787.0	0.0	0.0	8788.0
220	3125.0	0.0	0.0	9666.0
230	3374.6666666666665	0.0	0.0	10179.0
240	3668.3333333333335	0.0	0.0	13236.0
250	3092.3333333333335	0.0	0.0	7950.0
260	3351.6666666666665	0.0	0.0	8547.0
270	2829.5	0.0	0.0	11996.0
280	3372.6666666666665	0.0	0.0	6082.0
290	3440.8333333333335	0.0	0.0	13645.0
300	3345.5	0.0	0.0	12352.0
310	3256.8333333333335	0.0	0.0	10152.0
320	3236.6666666666665	0.0	0.0	10239.0
330	3159.5	0.0	0.0	11156.0
340	3129.1666666666665	0.0	0.0	10815.0
350	3230.3333333333335	0.0	0.0	9596.0
360	3337.5	0.0	0.0	10858.0
370	3791.0	0.0	0.0	9217.0
380	3602.8333333333335	0.0	0.0	9554.0
390	3364.8333333333335	0.0	0.0	10382.0
400	3938.6666666666665	0.0	0.0	11907.0
410	3642.5	0.0	0.0	10946.0
420	3432.0	0.0	0.0	10289.0
430	3555.1666666666665	0.0	0.0	9849.0
440	4004.0	0.0	0.0	14518.0
450	3764.8333333333335	0.0	0.0	10666.0
460	3535.0	0.0	0.0	8378.0
470	3399.6666666666665	0.0	0.0	11034.0
480	3542.6666666666665	0.0	0.0	11026.0
490	3910.1666666666665	0.0	0.0	11918.0
500	3857.6666666666665	0.0	0.0	8597.0
510	3561.1666666666665	0.0	0.0	9095.0
520	3302.3333333333335	0.0	0.0	9125.0
530	3330.8333333333335	0.0	0.0	8977.0
540	3463.0	0.0	0.0	8387.0
550	3396.6666666666665	0.0	0.0	9176.0
560	3487.5	0.0	0.0	12185.0
570	3251.1666666666665	0.0	0.0	11240.0
580	3627.0	0.0	0.0	10601.0
590	3941.8333333333335	0.0	0.0	10076.0
600	3457.8333333333335	0.0	0.0	10197.0
610	3601.6666666666665	0.0	0.0	7806.0
620	3992.0	0.0	0.0	9833.0
630	3626.6666666666665	0.0	0.0	10222.0
640	3637.0	0.0	0.0	11227.0
650	3577.6666666666665	0.0	0.0	10542.0
660	3305.1666666666665	0.0	0.0	12373.0
670	3502.1666666666665	0.0	0.0	11942.0
680	3942.5	0.0	0.0	10137.0
690	3995.5	0.0	0.0	10250.0
700	3681.5	0.0	0.0	9335.0
710	3959.6666666666665	0.0	0.0	10914.0
720	3788.1666666666665	0.0	0.0	8474.0
730	3838.6666666666665	0.0	0.0	10151.0
740	3765.3333333333335	0.0	0.0	12181.0
750	3718.0	0.0	0.0	10799.0
760	3771.0	0.0	0.0	11018.0
770	3630.5	0.0	0.0	11973.0
780	3735.0	0.0	0.0	8064.0
790	3774.6666666666665	0.0	0.0	8844.0
800	4022.1666666666665	0.0	0.0	11871.0
