0	2420.0	0.0	0.0	0.0
10	2706.6666666666665	1000.0	2610.0	11012.0
20	2674.5	0.0	0.0	12161.0
30	3174.5	0.0	0.0	12501.0
40	2600.6666666666665	0.0	0.0	9528.0
50	2854.8333333333335	0.0	0.0	7961.0
60	2494.1666666666665	0.0	0.0	9712.0
70	2631.1666666666665	0.0	0.0	10770.0
80	2480.0	0.0	0.0	7552.0
90	2766.6666666666665	0.0	0.0	9846.0
100	2782.5	0.0	0.0	12657.0
110	2562.8333333333335	0.0	0.0	10157.0
120	2903.8333333333335	0.0	0.0	11373.0
130	2884.8333333333335	0.0	0.0	9142.0
140	2625.1666666666665	0.0	0.0	12984.0
150	2944.3333333333335	0.0	0.0	12258.0
160	3049.8333333333335	0.0	0.0	12428.0
170	3226.0	0.0	0.0	9215.0
180	3285.0	0.0	0.0	8356.0
190	3226.1666666666665	0.0	0.0	15887.0
200	3328.8333333333335	0.0	0.0	8584.0
210	3277.6666666666665	0.0	0.0	8868.0
220	2887.6666666666665	0.0	0.0	9989.0
230	3204.5	0.0	0.0	9767.0
240	3668.0	0.0	0.0	9459.0
250	3535.8333333333335	0.0	0.0	6559.0
260	3171.8333333333335	0.0	0.0	8934.0
270	3206.5	0.0	0.0	10227.0
280	3426.8333333333335	0.0	0.0	7967.0
290	3530.0	0.0	0.0	9730.0
300	3572.8333333333335	0.0	0.0	10025.0
310	3727.3333333333335	0.0	0.0	11355.0
320	3720.8333333333335	0.0	0.0	8813.0
330	3519.3333333333335	0.0	0.0	10558.0
340	2846.3333333333335	0.0	0.0	10030.0
350	3214.3333333333335	0.0	0.0	12005.0
360	4130.333333333333	0.0	0.0	9191.0
370	3737.5	0.0	0.0	9978.0
380	3430.8333333333335	0.0	0.0	11799.0
390	3301.3333333333335	0.0	0.0	11777.0
400	3463.0	0.0	0.0	11120.0
410	3569.3333333333335	0.0	0.0	11621.0
420	3606.8333333333335	0.0	0.0	8833.0
430	3508.6666666666665	0.0	0.0	12557.0
440	3674.0	0.0	0.0	10621.0
450	3962.8333333333335	0.0	0.0	10600.0
460	3495.3333333333335	0.0	0.0	8794.0
470	3824.6666666666665	0.0	0.0	9381.0
480	3587.0	0.0	0.0	10100.0
490	3752.3333333333335	0.0	0.0	8982.0
500	3915.0	0.0	0.0	9916.0
510	3868.8333333333335	0.0	0.0	11945.0
520	3604.6666666666665	0.0	0.0	9829.0
530	3643.8333333333335	0.0	0.0	12286.0
540	3753.3333333333335	0.0	0.0	12442.0
550	3791.1666666666665	0.0	0.0	10835.0
560	3488.1666666666665	0.0	0.0	10295.0
570	3965.5	0.0	0.0	8105.0
580	3987.8333333333335	0.0	0.0	11204.0
590	3778.1666666666665	0.0	0.0	11076.0
600	3277.5	0.0	0.0	12851.0
610	3946.1666666666665	0.0	0.0	11459.0
620	3734.6666666666665	0.0	0.0	6959.0
630	3811.3333333333335	0.0	0.0	7309.0
640	3578.3333333333335	0.0	0.0	10075.0
650	3806.5	0.0	0.0	9725.0
660	3553.6666666666665	0.0	0.0	9281.0
670	3832.5	0.0	0.0	9284.0
680	3617.8333333333335	0.0	0.0	8643.0
690	3607.8333333333335	0.0	0.0	9881.0
700	3429.6666666666665	0.0	0.0	13844.0
710	3787.0	0.0	0.0	10518.0
720	3927.3333333333335	0.0	0.0	9780.0
730	3896.3333333333335	0.0	0.0	10074.0
740	3958.8333333333335	0.0	0.0	10148.0
750	3645.6666666666665	0.0	0.0	11161.0
760	3769.3333333333335	0.0	0.0	9253.0
770	3882.3333333333335	0.0	0.0	12352.0
780	3642.1666666666665	0.0	0.0	12922.0
790	3706.5	0.0	0.0	8638.0
800	4082.3333333333335	0.0	0.0	12083.0
