0	2775.6666666666665	0.0	0.0	0.0
10	2337.6666666666665	1000.0	2996.0	11338.0
20	2453.8333333333335	0.0	0.0	5661.0
30	2218.8333333333335	0.0	0.0	9462.0
40	2340.5	0.0	0.0	10107.0
50	2235.0	0.0	0.0	9996.0
60	2632.6666666666665	0.0	0.0	10251.0
70	2432.6666666666665	0.0	0.0	7335.0
80	2446.8333333333335	0.0	0.0	7381.0
90	2546.1666666666665	0.0	0.0	9499.0
100	2674.1666666666665	0.0	0.0	5823.0
110	2249.0	0.0	0.0	9107.0
120	2706.6666666666665	0.0	0.0	8626.0
130	2838.6666666666665	0.0	0.0	11899.0
140	2856.6666666666665	0.0	0.0	10785.0
150	2872.3333333333335	0.0	0.0	11814.0
160	2469.8333333333335	0.0	0.0	12432.0
170	2978.6666666666665	0.0	0.0	11658.0
180	3374.1666666666665	0.0	0.0	8035.0
190	3437.3333333333335	0.0	0.0	9498.0
200	2840.3333333333335	0.0	0.0	10331.0
210	3022.3333333333335	0.0	0.0	12048.0
220	3187.5	0.0	0.0	11971.0
230	3234.8333333333335	0.0	0.0	10610.0
240	3089.8333333333335	0.0	0.0	12892.0
250	3141.8333333333335	0.0	0.0	14733.0
260	2941.8333333333335	0.0	0.0	9595.0
270	3070.8333333333335	0.0	0.0	8133.0
280	3691.0	0.0	0.0	8516.0
290	3393.6666666666665	0.0	0.0	9750.0
300	3333.3333333333335	0.0	0.0	12222.0
310	4015.6666666666665	0.0	0.0	13023.0
320	3588.8333333333335	0.0	0.0	13338.0
330	3555.0	0.0	0.0	8737.0
340	3229.6666666666665	0.0	0.0	11661.0
350	3551.5	0.0	0.0	12352.0
360	3461.6666666666665	0.0	0.0	11967.0
370	3265.6666666666665	0.0	0.0	9560.0
380	3426.0	0.0	0.0	9749.0
390	3585.8333333333335	0.0	0.0	10354.0
400	3620.6666666666665	0.0	0.0	10327.0
410	3645.8333333333335	0.0	0.0	12168.0
420	3265.5	0.0	0.0	10816.0
430	2694.3333333333335	0.0	0.0	10803.0
440	3832.6666666666665	0.0	0.0	9571.0
450	3720.5	0.0	0.0	10970.0
460	3643.8333333333335	0.0	0.0	8653.0
470	3793.1666666666665	0.0	0.0	10181.0
480	3777.3333333333335	0.0	0.0	10380.0
490	3480.0	0.0	0.0	10624.0
500	3813.0	0.0	0.0	8714.0
510	3521.3333333333335	0.0	0.0	12046.0
520	3724.1666666666665	0.0	0.0	10815.0
530	3923.6666666666665	0.0	0.0	9930.0
540	3727.8333333333335	0.0	0.0	11691.0
550	3724.1666666666665	0.0	0.0	10512.0
560	3407.3333333333335	0.0	0.0	9707.0
570	3788.6666666666665	0.0	0.0	9510.0
580	3513.1666666666665	0.0	0.0	7535.0
590	4098.666666666667	0.0	0.0	12008.0
600	3965.5	0.0	0.0	9078.0
610	3833.0	0.0	0.0	9266.0
620	3701.3333333333335	0.0	0.0	7690.0
630	3692.1666666666665	0.0	0.0	11785.0
640	3773.8333333333335	0.0	0.0	9002.0
650	3699.1666666666665	0.0	0.0	9353.0
660	3782.3333333333335	0.0	0.0	12639.0
670	3784.6666666666665	0.0	0.0	10908.0
680	3878.5	0.0	0.0	9651.0
690	3855.0	0.0	0.0	11016.0
700	4090.1666666666665	0.0	0.0	10262.0
710	3654.3333333333335	0.0	0.0	12072.0
720	3208.6666666666665	0.0	0.0	11994.0
730	3637.8333333333335	0.0	0.0	10775.0
740	3927.6666666666665	0.0	0.0	9701.0
750	3769.3333333333335	0.0	0.0	12621.0
760	3854.3333333333335	0.0	0.0	10372.0
770	3792.3333333333335	0.0	0.0	8792.0
780	3776.8333333333335	0.0	0.0	8809.0
790	3804.1666666666665	0.0	0.0	9805.0
800	3541.1666666666665	0.0	0.0	9683.0
