0	1526.8333333333333	0.0	0.0	0.0
10	1559.6666666666667	55.0	595.0	7248.0
20	1539.0	142.0	1002.0	6884.0
30	1714.6666666666667	171.0	1088.0	8884.0
40	1595.3333333333333	198.0	1333.0	8855.0
50	1771.0	110.0	720.0	5601.0
60	1746.6666666666667	0.0	260.0	5966.0
70	1700.5	24.0	626.0	6838.0
80	1634.6666666666667	0.0	369.0	7356.0
90	1591.0	181.0	1158.0	10604.0
100	1820.5	3.0	529.0	7863.0
110	1890.1666666666667	116.0	643.0	9570.0
120	1598.3333333333333	0.0	0.0	5344.0
130	1486.0	0.0	0.0	6590.0
140	1454.6666666666667	0.0	0.0	6036.0
150	1546.6666666666667	0.0	0.0	6479.0
160	1531.6666666666667	0.0	0.0	5623.0
170	1526.8333333333333	0.0	0.0	5808.0
180	1276.0	0.0	0.0	5688.0
190	1556.0	0.0	0.0	6381.0
200	1477.6666666666667	0.0	0.0	9029.0
210	1489.6666666666667	0.0	0.0	6301.0
220	1398.0	0.0	0.0	8135.0
230	1496.3333333333333	0.0	0.0	5994.0
240	1509.6666666666667	0.0	0.0	6806.0
250	1406.0	0.0	0.0	4305.0
260	1527.6666666666667	0.0	0.0	7228.0
270	1347.6666666666667	0.0	0.0	5976.0
280	1391.8333333333333	0.0	0.0	4898.0
290	1165.0	0.0	0.0	6100.0
300	1137.6666666666667	0.0	0.0	4099.0
310	1610.3333333333333	0.0	0.0	4902.0
320	1445.3333333333333	0.0	0.0	6657.0
330	1404.0	0.0	0.0	5701.0
340	1361.6666666666667	0.0	0.0	6044.0
350	1355.6666666666667	0.0	0.0	4756.0
360	1354.6666666666667	0.0	0.0	4435.0
370	1497.6666666666667	0.0	0.0	7570.0
380	1307.6666666666667	0.0	0.0	6413.0
390	1252.6666666666667	0.0	0.0	6977.0
400	1357.3333333333333	0.0	0.0	4608.0
410	1247.6666666666667	0.0	0.0	5593.0
420	1501.3333333333333	0.0	0.0	4653.0
430	1430.0	0.0	0.0	5134.0
440	1417.6666666666667	0.0	0.0	5839.0
450	1186.0	0.0	0.0	5687.0
460	1399.6666666666667	0.0	0.0	6426.0
470	1380.6666666666667	0.0	0.0	4622.0
480	1514.6666666666667	0.0	0.0	6886.0
490	1335.3333333333333	0.0	0.0	6658.0
500	1241.6666666666667	0.0	0.0	7164.0
510	1319.3333333333333	0.0	0.0	5824.0
520	1418.6666666666667	0.0	0.0	6036.0
530	1264.0	0.0	0.0	4986.0
540	1246.0	0.0	0.0	6483.0
550	1487.6666666666667	0.0	0.0	6754.0
560	1301.3333333333333	0.0	0.0	5855.0
570	1262.6666666666667	0.0	0.0	5491.0
580	1265.0	0.0	0.0	5638.0
590	1294.3333333333333	0.0	0.0	6293.0
600	1270.3333333333333	0.0	0.0	6355.0
610	1294.3333333333333	0.0	0.0	5794.0
620	1388.6666666666667	0.0	0.0	4610.0
630	1234.6666666666667	0.0	0.0	5591.0
640	1303.0	0.0	0.0	5633.0
650	1365.6666666666667	0.0	0.0	5099.0
660	1335.6666666666667	0.0	0.0	5253.0
670	1355.3333333333333	0.0	0.0	4711.0
680	1257.0	0.0	0.0	5330.0
690	1353.0	0.0	0.0	5582.0
700	1272.6666666666667	0.0	0.0	5270.0
710	1307.6666666666667	0.0	0.0	5746.0
720	1266.3333333333333	0.0	0.0	6616.0
730	1289.6666666666667	0.0	0.0	6334.0
740	1263.0	0.0	0.0	5193.0
750	1225.0	0.0	0.0	4797.0
760	1273.3333333333333	0.0	0.0	6812.0
770	1143.0	0.0	0.0	5023.0
780	1296.6666666666667	0.0	0.0	5864.0
790	1218.3333333333333	0.0	0.0	5401.0
800	1341.6666666666667	0.0	0.0	5409.0
810	1272.0	0.0	0.0	5644.0
820	1574.3333333333333	0.0	0.0	4817.0
830	1173.6666666666667	0.0	0.0	5186.0
840	1250.6666666666667	0.0	0.0	4901.0
850	1324.6666666666667	0.0	0.0	7004.0
860	1354.3333333333333	0.0	0.0	6259.0
870	1281.6666666666667	0.0	0.0	5096.0
880	1411.3333333333333	0.0	0.0	6492.0
890	1493.3333333333333	0.0	0.0	5895.0
900	1321.0	0.0	0.0	6628.0
910	1277.0	0.0	0.0	7903.0
920	1441.3333333333333	0.0	0.0	7786.0
930	1334.3333333333333	0.0	0.0	5237.0
940	1349.3333333333333	0.0	0.0	7307.0
950	1206.6666666666667	0.0	0.0	6135.0
960	1226.6666666666667	0.0	0.0	4570.0
970	1354.6666666666667	0.0	0.0	6130.0
980	1298.6666666666667	0.0	0.0	5995.0
990	1255.3333333333333	0.0	0.0	6242.0
1000	1371.3333333333333	0.0	0.0	5246.0
