0	1558.0	0.0	0.0	0.0
10	1607.0	0.0	460.0	5241.0
20	1713.0	116.0	911.0	7604.0
30	1510.6666666666667	45.0	685.0	7543.0
40	1751.5	185.0	1199.0	10169.0
50	1889.6666666666667	186.0	914.0	7547.0
60	1922.1666666666667	163.0	852.0	7238.0
70	1814.3333333333333	56.0	952.0	9418.0
80	1867.0	197.0	1382.0	10229.0
90	2060.3333333333335	52.0	180.0	5087.0
100	1926.8333333333333	0.0	0.0	7554.0
110	2095.8333333333335	0.0	0.0	6077.0
120	1967.5	0.0	0.0	7305.0
130	2215.8333333333335	0.0	0.0	10288.0
140	1870.3333333333333	0.0	0.0	5926.0
150	1686.3333333333333	0.0	0.0	7542.0
160	1985.6666666666667	0.0	0.0	8938.0
170	1829.6666666666667	0.0	0.0	5617.0
180	1804.8333333333333	0.0	0.0	7868.0
190	1687.8333333333333	0.0	0.0	5289.0
200	1587.0	0.0	0.0	6659.0
210	1756.0	0.0	0.0	7702.0
220	1680.1666666666667	0.0	0.0	5930.0
230	1481.3333333333333	0.0	0.0	6835.0
240	1782.5	0.0	0.0	6290.0
250	1708.1666666666667	0.0	0.0	6081.0
260	1538.8333333333333	0.0	0.0	8578.0
270	1475.3333333333333	0.0	0.0	6957.0
280	1737.3333333333333	0.0	0.0	9103.0
290	1568.1666666666667	0.0	0.0	7577.0
300	1540.6666666666667	0.0	0.0	7235.0
310	1453.3333333333333	0.0	0.0	8037.0
320	1588.6666666666667	0.0	0.0	6755.0
330	1561.1666666666667	0.0	0.0	6689.0
340	1650.6666666666667	0.0	0.0	7222.0
350	1480.5	0.0	0.0	6398.0
360	1252.0	0.0	0.0	5463.0
370	1777.6666666666667	0.0	0.0	7036.0
380	1545.0	0.0	0.0	7992.0
390	1489.0	0.0	0.0	5553.0
400	1499.6666666666667	0.0	0.0	5854.0
410	1489.3333333333333	0.0	0.0	6697.0
420	1353.3333333333333	0.0	0.0	5054.0
430	1523.6666666666667	0.0	0.0	7339.0
440	1370.0	0.0	0.0	6239.0
450	1495.6666666666667	0.0	0.0	6940.0
460	1481.6666666666667	0.0	0.0	6915.0
470	1314.0	0.0	0.0	6212.0
480	1311.0	0.0	0.0	8130.0
490	1315.6666666666667	0.0	0.0	5603.0
500	1323.3333333333333	0.0	0.0	4596.0
510	1326.6666666666667	0.0	0.0	6200.0
520	1312.6666666666667	0.0	0.0	5659.0
530	1323.6666666666667	0.0	0.0	6996.0
540	1358.6666666666667	0.0	0.0	5619.0
550	1315.0	0.0	0.0	4653.0
560	1410.3333333333333	0.0	0.0	6490.0
570	1300.0	0.0	0.0	4503.0
580	1343.3333333333333	0.0	0.0	6037.0
590	1418.3333333333333	0.0	0.0	5938.0
600	1241.6666666666667	0.0	0.0	6444.0
610	1480.3333333333333	0.0	0.0	5243.0
620	1279.6666666666667	0.0	0.0	6256.0
630	1339.6666666666667	0.0	0.0	6664.0
640	1266.0	0.0	0.0	6343.0
650	1333.0	0.0	0.0	4874.0
660	1527.6666666666667	0.0	0.0	6007.0
670	1340.3333333333333	0.0	0.0	6131.0
680	1448.3333333333333	0.0	0.0	6935.0
690	1219.0	0.0	0.0	4962.0
700	1271.6666666666667	0.0	0.0	4372.0
710	1262.0	0.0	0.0	6580.0
720	1280.6666666666667	0.0	0.0	5049.0
730	1369.6666666666667	0.0	0.0	6410.0
740	1311.3333333333333	0.0	0.0	5007.0
750	1222.0	0.0	0.0	4122.0
760	1124.3333333333333	0.0	0.0	4017.0
770	1292.3333333333333	0.0	0.0	6889.0
780	1376.6666666666667	0.0	0.0	7282.0
790	1346.3333333333333	0.0	0.0	5720.0
800	1357.0	0.0	0.0	7371.0
810	1397.6666666666667	0.0	0.0	6747.0
820	1452.5	0.0	0.0	4671.0
830	1280.6666666666667	0.0	0.0	8266.0
840	1372.6666666666667	0.0	0.0	5671.0
850	1256.0	0.0	0.0	5639.0
860	1428.0	0.0	0.0	7736.0
870	1405.0	0.0	0.0	5264.0
880	1416.6666666666667	0.0	0.0	8786.0
890	1228.1666666666667	0.0	0.0	4965.0
900	1394.0	0.0	0.0	5942.0
910	1289.6666666666667	0.0	0.0	7076.0
920	1326.3333333333333	0.0	0.0	6527.0
930	1407.0	0.0	0.0	5464.0
940	1215.3333333333333	0.0	0.0	4774.0
950	1254.0	0.0	0.0	5759.0
960	1284.3333333333333	0.0	0.0	3739.0
970	1359.0	0.0	0.0	4413.0
980	1284.0	0.0	0.0	6920.0
990	1353.0	0.0	0.0	5644.0
1000	1299.0	0.0	0.0	5353.0
