0	1627.3333333333333	0.0	0.0	0.0
10	1689.3333333333333	112.0	995.0	7476.0
20	1703.6666666666667	308.0	1472.0	10532.0
30	1810.1666666666667	104.0	941.0	8228.0
40	1962.0	273.0	1248.0	9586.0
50	1959.3333333333333	153.0	1260.0	9423.0
60	2070.8333333333335	50.0	222.0	8658.0
70	1947.5	0.0	0.0	7884.0
80	2140.8333333333335	0.0	0.0	8720.0
90	2193.1666666666665	0.0	0.0	9305.0
100	2110.1666666666665	0.0	0.0	7364.0
110	2224.0	0.0	0.0	8482.0
120	2167.8333333333335	0.0	0.0	8568.0
130	2255.3333333333335	0.0	0.0	8543.0
140	2321.5	0.0	0.0	10757.0
150	2545.6666666666665	0.0	0.0	8814.0
160	2437.6666666666665	0.0	0.0	8883.0
170	2277.0	0.0	0.0	11445.0
180	2381.6666666666665	0.0	0.0	10081.0
190	2600.8333333333335	0.0	0.0	9807.0
200	2540.0	0.0	0.0	8107.0
210	2670.5	0.0	0.0	9668.0
220	2625.3333333333335	0.0	0.0	7651.0
230	2638.6666666666665	0.0	0.0	8517.0
240	2774.1666666666665	0.0	0.0	11043.0
250	2684.0	0.0	0.0	9380.0
260	2483.8333333333335	0.0	0.0	8141.0
270	2303.1666666666665	0.0	0.0	5459.0
280	2612.5	0.0	0.0	7931.0
290	2136.6666666666665	0.0	0.0	5782.0
300	2090.5	0.0	0.0	8240.0
310	2202.6666666666665	0.0	0.0	7556.0
320	2375.1666666666665	0.0	0.0	9746.0
330	2679.6666666666665	0.0	0.0	7807.0
340	2673.0	0.0	0.0	8204.0
350	2436.3333333333335	0.0	0.0	9418.0
360	2663.0	0.0	0.0	8843.0
370	2773.1666666666665	0.0	0.0	7252.0
380	2662.3333333333335	0.0	0.0	5900.0
390	2188.0	0.0	0.0	8751.0
400	2745.5	0.0	0.0	6443.0
410	2612.0	0.0	0.0	10758.0
420	2303.8333333333335	0.0	0.0	10543.0
430	3051.6666666666665	0.0	0.0	7390.0
440	3108.5	0.0	0.0	7813.0
450	2669.1666666666665	0.0	0.0	10949.0
460	2937.6666666666665	0.0	0.0	10314.0
470	3153.6666666666665	0.0	0.0	8050.0
480	2643.8333333333335	0.0	0.0	9822.0
490	3401.3333333333335	0.0	0.0	12219.0
500	2871.3333333333335	0.0	0.0	8017.0
510	3017.8333333333335	0.0	0.0	9559.0
520	2949.0	0.0	0.0	7283.0
530	3294.1666666666665	0.0	0.0	9562.0
540	3236.5	0.0	0.0	9039.0
550	3085.6666666666665	0.0	0.0	15117.0
560	3392.5	0.0	0.0	10262.0
570	2979.5	0.0	0.0	9382.0
580	2668.6666666666665	0.0	0.0	10294.0
590	3054.6666666666665	0.0	0.0	9192.0
600	3665.0	0.0	0.0	8707.0
610	3157.1666666666665	0.0	0.0	10724.0
620	3772.1666666666665	0.0	0.0	6644.0
630	3461.3333333333335	0.0	0.0	10285.0
640	3102.1666666666665	0.0	0.0	12453.0
650	3921.1666666666665	0.0	0.0	8650.0
660	3413.1666666666665	0.0	0.0	11444.0
670	3380.5	0.0	0.0	10826.0
680	3542.5	0.0	0.0	10910.0
690	3658.3333333333335	0.0	0.0	12688.0
700	3332.6666666666665	0.0	0.0	10979.0
710	3801.8333333333335	0.0	0.0	10688.0
720	3912.8333333333335	0.0	0.0	9551.0
730	3556.8333333333335	0.0	0.0	6483.0
740	3469.8333333333335	0.0	0.0	7579.0
750	3610.1666666666665	0.0	0.0	11075.0
760	3077.5	0.0	0.0	7145.0
770	3901.5	0.0	0.0	12807.0
780	3535.8333333333335	0.0	0.0	14774.0
790	3549.1666666666665	0.0	0.0	11922.0
800	3763.5	0.0	0.0	6919.0
810	3529.6666666666665	0.0	0.0	10489.0
820	3752.6666666666665	0.0	0.0	9012.0
830	3376.6666666666665	0.0	0.0	9930.0
840	3983.8333333333335	0.0	0.0	13390.0
850	3950.1666666666665	0.0	0.0	9184.0
860	3759.8333333333335	0.0	0.0	7495.0
870	4162.833333333333	0.0	0.0	12074.0
880	3414.6666666666665	0.0	0.0	9583.0
890	3143.3333333333335	0.0	0.0	8069.0
900	3802.0	0.0	0.0	9525.0
910	3885.3333333333335	0.0	0.0	12966.0
920	3784.5	0.0	0.0	12564.0
930	4001.1666666666665	0.0	0.0	13230.0
940	3641.5	0.0	0.0	9671.0
950	3768.1666666666665	0.0	0.0	10453.0
960	3677.1666666666665	0.0	0.0	10600.0
970	3832.0	0.0	0.0	14035.0
980	3352.8333333333335	0.0	0.0	9886.0
990	3822.5	0.0	0.0	6704.0
1000	3387.6666666666665	0.0	0.0	10119.0
