0	1854.3333333333333	0.0	0.0	0.0
10	1651.8333333333333	680.0	7813.0	7813.0
20	1808.3333333333333	320.0	4650.0	8349.0
30	1895.0	0.0	0.0	5591.0
40	1975.0	0.0	0.0	8795.0
50	2261.0	0.0	0.0	6627.0
60	2029.8333333333333	0.0	0.0	7875.0
70	2026.3333333333333	0.0	0.0	6438.0
80	1691.0	0.0	0.0	5864.0
90	1579.0	0.0	0.0	7380.0
100	1530.6666666666667	0.0	0.0	8163.0
110	1844.3333333333333	0.0	0.0	6577.0
120	1744.5	0.0	0.0	9391.0
130	1804.1666666666667	0.0	0.0	8104.0
140	1876.1666666666667	0.0	0.0	6037.0
150	1828.0	0.0	0.0	7034.0
160	1744.0	0.0	0.0	9134.0
170	2196.0	0.0	0.0	8626.0
180	1967.0	0.0	0.0	9802.0
190	1866.6666666666667	0.0	0.0	5431.0
200	2287.3333333333335	0.0	0.0	9966.0
210	2210.3333333333335	0.0	0.0	9242.0
220	2150.1666666666665	0.0	0.0	5160.0
230	2196.3333333333335	0.0	0.0	6435.0
240	2054.0	0.0	0.0	9849.0
250	1881.6666666666667	0.0	0.0	6660.0
260	2083.1666666666665	0.0	0.0	8915.0
270	2430.8333333333335	0.0	0.0	8163.0
280	1806.6666666666667	0.0	0.0	6692.0
290	1871.5	0.0	0.0	9936.0
300	1923.8333333333333	0.0	0.0	9709.0
310	2152.6666666666665	0.0	0.0	7105.0
320	1788.0	0.0	0.0	7900.0
330	2069.6666666666665	0.0	0.0	5581.0
340	2393.5	0.0	0.0	9799.0
350	2099.1666666666665	0.0	0.0	7847.0
360	2215.8333333333335	0.0	0.0	5174.0
370	2271.5	0.0	0.0	4832.0
380	2490.5	0.0	0.0	9382.0
390	2416.8333333333335	0.0	0.0	7163.0
400	2344.1666666666665	0.0	0.0	9255.0
410	2490.6666666666665	0.0	0.0	12672.0
420	2478.0	0.0	0.0	11389.0
430	2823.1666666666665	0.0	0.0	13403.0
440	2741.5	0.0	0.0	9575.0
450	2882.0	0.0	0.0	8582.0
460	2455.1666666666665	0.0	0.0	7803.0
470	2945.3333333333335	0.0	0.0	7346.0
480	3088.5	0.0	0.0	5769.0
490	2766.5	0.0	0.0	10614.0
500	2758.8333333333335	0.0	0.0	6471.0
510	2753.0	0.0	0.0	11829.0
520	2869.1666666666665	0.0	0.0	8414.0
530	2568.5	0.0	0.0	7959.0
540	3282.3333333333335	0.0	0.0	9866.0
550	2821.6666666666665	0.0	0.0	7118.0
560	3058.3333333333335	0.0	0.0	7518.0
570	2933.0	0.0	0.0	6560.0
580	2908.6666666666665	0.0	0.0	8707.0
590	3190.5	0.0	0.0	9125.0
600	3083.5	0.0	0.0	8988.0
610	3590.1666666666665	0.0	0.0	7454.0
620	2963.8333333333335	0.0	0.0	9990.0
630	3121.1666666666665	0.0	0.0	10951.0
640	3460.6666666666665	0.0	0.0	12446.0
650	3111.5	0.0	0.0	11402.0
660	3066.8333333333335	0.0	0.0	10270.0
670	3608.1666666666665	0.0	0.0	8273.0
680	3394.0	0.0	0.0	11305.0
690	3183.5	0.0	0.0	11961.0
700	3592.5	0.0	0.0	6216.0
710	2915.6666666666665	0.0	0.0	11578.0
720	3493.3333333333335	0.0	0.0	8367.0
730	3389.6666666666665	0.0	0.0	12115.0
740	3728.6666666666665	0.0	0.0	13403.0
750	3351.5	0.0	0.0	10810.0
760	3301.0	0.0	0.0	13365.0
770	3764.8333333333335	0.0	0.0	8245.0
780	3918.5	0.0	0.0	8152.0
790	3858.6666666666665	0.0	0.0	11303.0
800	3676.3333333333335	0.0	0.0	7885.0
810	3872.3333333333335	0.0	0.0	10929.0
820	3700.3333333333335	0.0	0.0	11617.0
830	3590.0	0.0	0.0	15149.0
840	3596.6666666666665	0.0	0.0	11050.0
850	3399.8333333333335	0.0	0.0	10283.0
860	3931.5	0.0	0.0	7973.0
870	3808.0	0.0	0.0	9489.0
880	3958.3333333333335	0.0	0.0	9725.0
890	4078.0	0.0	0.0	9016.0
900	3618.6666666666665	0.0	0.0	7213.0
910	3326.6666666666665	0.0	0.0	10322.0
920	3534.1666666666665	0.0	0.0	9545.0
930	3670.1666666666665	0.0	0.0	10351.0
940	4000.3333333333335	0.0	0.0	10449.0
950	3719.3333333333335	0.0	0.0	7262.0
960	3656.8333333333335	0.0	0.0	10859.0
970	3860.1666666666665	0.0	0.0	10622.0
980	3728.1666666666665	0.0	0.0	9263.0
990	3744.1666666666665	0.0	0.0	8527.0
1000	3789.8333333333335	0.0	0.0	12477.0
