0	1605.3333333333333	0.0	0.0	0.0
10	1652.6666666666667	543.0	7959.0	7959.0
20	1697.1666666666667	457.0	6889.0	11264.0
30	1704.0	0.0	0.0	5559.0
40	1816.6666666666667	0.0	0.0	9167.0
50	2113.8333333333335	0.0	0.0	9548.0
60	2038.5	0.0	0.0	9482.0
70	2128.3333333333335	0.0	0.0	8994.0
80	2050.8333333333335	0.0	0.0	8293.0
90	2276.8333333333335	0.0	0.0	8374.0
100	2372.6666666666665	0.0	0.0	7400.0
110	2179.6666666666665	0.0	0.0	6565.0
120	2170.8333333333335	0.0	0.0	7815.0
130	2019.5	0.0	0.0	8073.0
140	1949.1666666666667	0.0	0.0	6690.0
150	2409.6666666666665	0.0	0.0	10263.0
160	2001.6666666666667	0.0	0.0	12944.0
170	2317.0	0.0	0.0	8788.0
180	2591.0	0.0	0.0	10352.0
190	2228.6666666666665	0.0	0.0	10081.0
200	2493.0	0.0	0.0	9512.0
210	2720.6666666666665	0.0	0.0	9221.0
220	2771.3333333333335	0.0	0.0	7849.0
230	2201.0	0.0	0.0	7348.0
240	2272.5	0.0	0.0	8665.0
250	2730.0	0.0	0.0	10043.0
260	2464.6666666666665	0.0	0.0	8954.0
270	2648.1666666666665	0.0	0.0	10573.0
280	2580.5	0.0	0.0	8114.0
290	3004.6666666666665	0.0	0.0	8225.0
300	2954.8333333333335	0.0	0.0	8819.0
310	2832.3333333333335	0.0	0.0	8077.0
320	2119.8333333333335	0.0	0.0	10570.0
330	2570.5	0.0	0.0	8791.0
340	2746.5	0.0	0.0	5844.0
350	3353.0	0.0	0.0	9808.0
360	3067.1666666666665	0.0	0.0	10013.0
370	3009.1666666666665	0.0	0.0	7659.0
380	3379.8333333333335	0.0	0.0	9557.0
390	3141.0	0.0	0.0	9042.0
400	3613.0	0.0	0.0	9286.0
410	3243.0	0.0	0.0	8072.0
420	2664.1666666666665	0.0	0.0	14069.0
430	3537.3333333333335	0.0	0.0	10753.0
440	3188.0	0.0	0.0	10612.0
450	3511.5	0.0	0.0	10288.0
460	3460.5	0.0	0.0	9694.0
470	3547.1666666666665	0.0	0.0	10469.0
480	3787.6666666666665	0.0	0.0	7144.0
490	3683.6666666666665	0.0	0.0	14742.0
500	3377.1666666666665	0.0	0.0	9138.0
510	2982.6666666666665	0.0	0.0	13789.0
520	3133.6666666666665	0.0	0.0	12685.0
530	3249.6666666666665	0.0	0.0	8350.0
540	4049.3333333333335	0.0	0.0	10687.0
550	3633.6666666666665	0.0	0.0	9605.0
560	3363.8333333333335	0.0	0.0	10070.0
570	3417.6666666666665	0.0	0.0	7922.0
580	3400.5	0.0	0.0	11401.0
590	3203.0	0.0	0.0	10903.0
600	3357.0	0.0	0.0	13089.0
610	3662.3333333333335	0.0	0.0	10699.0
620	3312.8333333333335	0.0	0.0	10890.0
630	3474.8333333333335	0.0	0.0	12662.0
640	3647.8333333333335	0.0	0.0	7613.0
650	3441.8333333333335	0.0	0.0	8382.0
660	3908.6666666666665	0.0	0.0	10064.0
670	3900.0	0.0	0.0	12222.0
680	4119.333333333333	0.0	0.0	9243.0
690	3659.1666666666665	0.0	0.0	10990.0
700	3905.1666666666665	0.0	0.0	10065.0
710	4044.1666666666665	0.0	0.0	8625.0
720	3684.0	0.0	0.0	8260.0
730	3933.1666666666665	0.0	0.0	9360.0
740	3861.3333333333335	0.0	0.0	8114.0
750	3797.8333333333335	0.0	0.0	11109.0
760	3927.0	0.0	0.0	11741.0
770	3805.3333333333335	0.0	0.0	7989.0
780	3930.8333333333335	0.0	0.0	12910.0
790	3718.3333333333335	0.0	0.0	9799.0
800	3880.0	0.0	0.0	10189.0
810	4014.5	0.0	0.0	9780.0
820	3873.5	0.0	0.0	9419.0
830	3640.8333333333335	0.0	0.0	10153.0
840	3282.5	0.0	0.0	11935.0
850	3806.0	0.0	0.0	10669.0
860	3138.0	0.0	0.0	8336.0
870	3987.5	0.0	0.0	13013.0
880	3931.3333333333335	0.0	0.0	8467.0
890	4148.333333333333	0.0	0.0	10753.0
900	3685.8333333333335	0.0	0.0	8899.0
910	3743.3333333333335	0.0	0.0	12243.0
920	4155.5	0.0	0.0	8917.0
930	3902.6666666666665	0.0	0.0	9975.0
940	3980.6666666666665	0.0	0.0	11215.0
950	3680.8333333333335	0.0	0.0	12338.0
960	3620.8333333333335	0.0	0.0	12518.0
970	3600.1666666666665	0.0	0.0	9871.0
980	4113.833333333333	0.0	0.0	10360.0
990	3973.5	0.0	0.0	10266.0
1000	3932.0	0.0	0.0	7579.0
