0	1635.6666666666667	0.0	0.0	0.0
10	1593.1666666666667	585.0	6616.0	6616.0
20	1935.5	415.0	3049.0	8378.0
30	1597.6666666666667	0.0	0.0	6416.0
40	1921.3333333333333	0.0	0.0	8611.0
50	1852.5	0.0	0.0	7247.0
60	2103.8333333333335	0.0	0.0	9566.0
70	2168.5	0.0	0.0	8035.0
80	2164.5	0.0	0.0	10559.0
90	2080.1666666666665	0.0	0.0	7259.0
100	2166.6666666666665	0.0	0.0	8563.0
110	1806.3333333333333	0.0	0.0	9011.0
120	1981.5	0.0	0.0	6451.0
130	1712.6666666666667	0.0	0.0	9073.0
140	1711.6666666666667	0.0	0.0	5466.0
150	1752.0	0.0	0.0	8547.0
160	1516.6666666666667	0.0	0.0	7689.0
170	1641.3333333333333	0.0	0.0	7495.0
180	1700.0	0.0	0.0	6331.0
190	1491.8333333333333	0.0	0.0	8401.0
200	1667.3333333333333	0.0	0.0	7031.0
210	1622.3333333333333	0.0	0.0	8882.0
220	1340.0	0.0	0.0	7059.0
230	1445.6666666666667	0.0	0.0	7038.0
240	1528.0	0.0	0.0	8295.0
250	1554.3333333333333	0.0	0.0	8326.0
260	1475.6666666666667	0.0	0.0	8831.0
270	1415.6666666666667	0.0	0.0	6152.0
280	1576.6666666666667	0.0	0.0	4427.0
290	1384.3333333333333	0.0	0.0	6468.0
300	1397.6666666666667	0.0	0.0	5667.0
310	1421.3333333333333	0.0	0.0	6720.0
320	1466.0	0.0	0.0	7791.0
330	1400.6666666666667	0.0	0.0	5906.0
340	1491.6666666666667	0.0	0.0	6530.0
350	1203.6666666666667	0.0	0.0	5976.0
360	1393.3333333333333	0.0	0.0	5258.0
370	1371.6666666666667	0.0	0.0	8898.0
380	1355.0	0.0	0.0	7097.0
390	1407.0	0.0	0.0	5946.0
400	1225.6666666666667	0.0	0.0	6758.0
410	1251.0	0.0	0.0	6439.0
420	1506.3333333333333	0.0	0.0	4826.0
430	1247.6666666666667	0.0	0.0	6309.0
440	1367.6666666666667	0.0	0.0	5148.0
450	1425.3333333333333	0.0	0.0	8146.0
460	1320.3333333333333	0.0	0.0	6538.0
470	1435.5	0.0	0.0	4877.0
480	1393.3333333333333	0.0	0.0	7677.0
490	1384.3333333333333	0.0	0.0	5204.0
500	1280.6666666666667	0.0	0.0	4922.0
510	1322.0	0.0	0.0	6235.0
520	1351.6666666666667	0.0	0.0	4739.0
530	1318.6666666666667	0.0	0.0	5345.0
540	1330.6666666666667	0.0	0.0	6067.0
550	1431.3333333333333	0.0	0.0	6132.0
560	1386.0	0.0	0.0	5756.0
570	1420.6666666666667	0.0	0.0	5118.0
580	1354.0	0.0	0.0	5196.0
590	1381.0	0.0	0.0	4836.0
600	1253.3333333333333	0.0	0.0	6335.0
610	1274.0	0.0	0.0	4475.0
620	1141.0	0.0	0.0	6616.0
630	1508.6666666666667	0.0	0.0	6046.0
640	1345.0	0.0	0.0	4664.0
650	1312.0	0.0	0.0	4894.0
660	1306.3333333333333	0.0	0.0	6302.0
670	1281.0	0.0	0.0	6401.0
680	1288.6666666666667	0.0	0.0	4483.0
690	1235.0	0.0	0.0	5512.0
700	1280.3333333333333	0.0	0.0	5271.0
710	1355.6666666666667	0.0	0.0	5226.0
720	1410.3333333333333	0.0	0.0	7045.0
730	1318.6666666666667	0.0	0.0	6421.0
740	1364.0	0.0	0.0	5685.0
750	1436.6666666666667	0.0	0.0	7304.0
760	1282.0	0.0	0.0	5891.0
770	1328.3333333333333	0.0	0.0	5694.0
780	1323.3333333333333	0.0	0.0	7239.0
790	1479.0	0.0	0.0	5306.0
800	1149.0	0.0	0.0	6683.0
810	1223.3333333333333	0.0	0.0	5571.0
820	1303.6666666666667	0.0	0.0	5039.0
830	1352.3333333333333	0.0	0.0	5605.0
840	1415.3333333333333	0.0	0.0	4784.0
850	1276.0	0.0	0.0	4938.0
860	1314.3333333333333	0.0	0.0	4912.0
870	1235.6666666666667	0.0	0.0	4401.0
880	1344.3333333333333	0.0	0.0	4619.0
890	1319.3333333333333	0.0	0.0	5190.0
900	1276.3333333333333	0.0	0.0	5572.0
910	1345.6666666666667	0.0	0.0	6781.0
920	1371.0	0.0	0.0	5739.0
930	1241.0	0.0	0.0	6467.0
940	1325.6666666666667	0.0	0.0	5565.0
950	1296.0	0.0	0.0	7270.0
960	1279.3333333333333	0.0	0.0	6253.0
970	1323.3333333333333	0.0	0.0	7294.0
980	1100.3333333333333	0.0	0.0	4490.0
990	1160.0	0.0	0.0	5934.0
1000	1172.3333333333333	0.0	0.0	6816.0
