0	1554.8333333333333	0.0	0.0	0.0
10	1770.0	518.0	6511.0	6511.0
20	1957.1666666666667	482.0	6116.0	8311.0
30	2062.8333333333335	0.0	0.0	10191.0
40	2082.0	0.0	0.0	7645.0
50	2253.8333333333335	0.0	0.0	9594.0
60	2154.1666666666665	0.0	0.0	8279.0
70	2203.8333333333335	0.0	0.0	10251.0
80	2038.8333333333333	0.0	0.0	7485.0
90	1904.6666666666667	0.0	0.0	6078.0
100	1877.6666666666667	0.0	0.0	7023.0
110	2020.1666666666667	0.0	0.0	7760.0
120	2209.3333333333335	0.0	0.0	7393.0
130	2105.0	0.0	0.0	5499.0
140	2112.6666666666665	0.0	0.0	7636.0
150	2116.5	0.0	0.0	6542.0
160	2011.6666666666667	0.0	0.0	9585.0
170	2004.1666666666667	0.0	0.0	10810.0
180	2139.1666666666665	0.0	0.0	8975.0
190	2011.5	0.0	0.0	7423.0
200	1978.1666666666667	0.0	0.0	10578.0
210	2327.3333333333335	0.0	0.0	11542.0
220	2520.0	0.0	0.0	10366.0
230	2811.8333333333335	0.0	0.0	8760.0
240	2518.5	0.0	0.0	11467.0
250	2672.1666666666665	0.0	0.0	8966.0
260	2843.0	0.0	0.0	11782.0
270	2695.0	0.0	0.0	11277.0
280	2132.6666666666665	0.0	0.0	5634.0
290	2629.6666666666665	0.0	0.0	10061.0
300	2440.8333333333335	0.0	0.0	12379.0
310	2649.1666666666665	0.0	0.0	7072.0
320	2904.6666666666665	0.0	0.0	9371.0
330	2499.1666666666665	0.0	0.0	6573.0
340	2764.3333333333335	0.0	0.0	5719.0
350	2794.1666666666665	0.0	0.0	8739.0
360	2489.8333333333335	0.0	0.0	9396.0
370	2657.8333333333335	0.0	0.0	12323.0
380	2400.0	0.0	0.0	7478.0
390	2935.6666666666665	0.0	0.0	7494.0
400	2311.8333333333335	0.0	0.0	11767.0
410	2481.8333333333335	0.0	0.0	11793.0
420	2951.8333333333335	0.0	0.0	8082.0
430	2888.1666666666665	0.0	0.0	7800.0
440	2943.8333333333335	0.0	0.0	10171.0
450	3090.8333333333335	0.0	0.0	8088.0
460	2821.6666666666665	0.0	0.0	10909.0
470	3144.6666666666665	0.0	0.0	8828.0
480	3102.5	0.0	0.0	6817.0
490	3177.8333333333335	0.0	0.0	8440.0
500	3579.3333333333335	0.0	0.0	7608.0
510	3020.3333333333335	0.0	0.0	9688.0
520	3217.8333333333335	0.0	0.0	6992.0
530	2965.8333333333335	0.0	0.0	6592.0
540	2706.1666666666665	0.0	0.0	9779.0
550	2962.6666666666665	0.0	0.0	11410.0
560	3058.6666666666665	0.0	0.0	8833.0
570	3420.1666666666665	0.0	0.0	11061.0
580	3144.5	0.0	0.0	13357.0
590	3400.0	0.0	0.0	11085.0
600	3775.3333333333335	0.0	0.0	11565.0
610	3111.1666666666665	0.0	0.0	9830.0
620	3424.8333333333335	0.0	0.0	8886.0
630	3515.3333333333335	0.0	0.0	12242.0
640	3621.8333333333335	0.0	0.0	8917.0
650	3666.0	0.0	0.0	9338.0
660	3877.5	0.0	0.0	11488.0
670	3435.1666666666665	0.0	0.0	12025.0
680	3676.1666666666665	0.0	0.0	8181.0
690	3031.6666666666665	0.0	0.0	9344.0
700	3373.0	0.0	0.0	10557.0
710	3731.0	0.0	0.0	9805.0
720	3168.5	0.0	0.0	10406.0
730	3588.8333333333335	0.0	0.0	13848.0
740	4062.1666666666665	0.0	0.0	11236.0
750	3918.6666666666665	0.0	0.0	9274.0
760	3282.6666666666665	0.0	0.0	9772.0
770	3540.1666666666665	0.0	0.0	10042.0
780	3924.3333333333335	0.0	0.0	12102.0
790	3777.5	0.0	0.0	9638.0
800	3530.3333333333335	0.0	0.0	9947.0
810	3693.3333333333335	0.0	0.0	10108.0
820	3889.3333333333335	0.0	0.0	13144.0
830	3567.1666666666665	0.0	0.0	12968.0
840	3350.3333333333335	0.0	0.0	8806.0
850	3680.6666666666665	0.0	0.0	13835.0
860	3532.0	0.0	0.0	11151.0
870	3601.0	0.0	0.0	9617.0
880	3413.5	0.0	0.0	7936.0
890	3944.0	0.0	0.0	11804.0
900	3406.0	0.0	0.0	6366.0
910	4110.833333333333	0.0	0.0	10596.0
920	3595.1666666666665	0.0	0.0	6968.0
930	3902.0	0.0	0.0	13459.0
940	3925.3333333333335	0.0	0.0	9462.0
950	3803.0	0.0	0.0	9539.0
960	3970.0	0.0	0.0	8916.0
970	3483.6666666666665	0.0	0.0	11486.0
980	3681.8333333333335	0.0	0.0	11196.0
990	3978.5	0.0	0.0	11285.0
1000	3969.6666666666665	0.0	0.0	8971.0
