0	1657.6666666666667	0.0	0.0	0.0
10	1774.5	56.0	574.0	7439.0
20	1849.1666666666667	115.0	633.0	7687.0
30	1729.5	102.0	746.0	9533.0
40	2110.5	79.0	808.0	11188.0
50	2116.5	70.0	858.0	10414.0
60	1980.8333333333333	10.0	380.0	5353.0
70	2061.6666666666665	33.0	661.0	7750.0
80	1988.6666666666667	12.0	493.0	7345.0
90	1963.0	8.0	395.0	8304.0
100	1937.6666666666667	3.0	235.0	5233.0
110	1839.6666666666667	16.0	470.0	6699.0
120	1806.1666666666667	64.0	783.0	9729.0
130	2113.5	59.0	761.0	8886.0
140	1945.5	28.0	341.0	4880.0
150	1937.0	15.0	375.0	5666.0
160	2126.5	24.0	487.0	6699.0
170	2090.1666666666665	55.0	712.0	10330.0
180	2178.0	3.0	350.0	6633.0
190	2098.3333333333335	34.0	675.0	8618.0
200	1927.0	46.0	711.0	9371.0
210	1860.6666666666667	15.0	647.0	8216.0
220	1832.3333333333333	29.0	500.0	8232.0
230	2215.3333333333335	1.0	605.0	7447.0
240	2524.0	7.0	331.0	5636.0
250	2147.8333333333335	15.0	576.0	8224.0
260	2360.0	1.0	359.0	6520.0
270	1864.8333333333333	28.0	568.0	7293.0
280	1936.5	10.0	662.0	9157.0
290	2187.8333333333335	10.0	428.0	6630.0
300	1922.0	2.0	301.0	4614.0
310	2166.0	18.0	631.0	10351.0
320	2296.1666666666665	32.0	532.0	9212.0
330	2279.0	0.0	0.0	6866.0
340	2240.8333333333335	0.0	0.0	8274.0
350	2521.3333333333335	0.0	0.0	7927.0
360	2498.1666666666665	0.0	0.0	9552.0
370	2584.0	0.0	0.0	9022.0
380	2454.0	0.0	0.0	9003.0
390	2641.8333333333335	0.0	0.0	11031.0
400	2400.1666666666665	0.0	0.0	8608.0
410	2530.0	0.0	0.0	7375.0
420	2524.3333333333335	0.0	0.0	9961.0
430	2707.6666666666665	0.0	0.0	7116.0
440	2827.3333333333335	0.0	0.0	5708.0
450	2439.1666666666665	0.0	0.0	10720.0
460	3004.1666666666665	0.0	0.0	10918.0
470	2837.8333333333335	0.0	0.0	6680.0
480	2989.8333333333335	0.0	0.0	7252.0
490	2935.8333333333335	0.0	0.0	10633.0
500	2812.0	0.0	0.0	14110.0
510	3281.3333333333335	0.0	0.0	10829.0
520	2943.1666666666665	0.0	0.0	8433.0
530	3123.3333333333335	0.0	0.0	8433.0
540	3363.8333333333335	0.0	0.0	10810.0
550	3439.0	0.0	0.0	7570.0
560	3381.8333333333335	0.0	0.0	9598.0
570	3456.5	0.0	0.0	9595.0
580	3298.0	0.0	0.0	7700.0
590	3428.6666666666665	0.0	0.0	6439.0
600	3406.6666666666665	0.0	0.0	9820.0
610	3112.0	0.0	0.0	9909.0
620	3333.8333333333335	0.0	0.0	9119.0
630	3648.0	0.0	0.0	12429.0
640	3501.5	0.0	0.0	7004.0
650	3274.6666666666665	0.0	0.0	6664.0
660	3404.1666666666665	0.0	0.0	8206.0
670	3396.0	0.0	0.0	9701.0
680	3458.0	0.0	0.0	11034.0
690	3868.3333333333335	0.0	0.0	12002.0
700	3524.6666666666665	0.0	0.0	9012.0
710	3785.1666666666665	0.0	0.0	9412.0
720	3399.6666666666665	0.0	0.0	8340.0
730	3301.5	0.0	0.0	9655.0
740	3324.0	0.0	0.0	10883.0
750	3475.6666666666665	0.0	0.0	8450.0
760	3750.5	0.0	0.0	9470.0
770	3643.8333333333335	0.0	0.0	8673.0
780	3150.1666666666665	0.0	0.0	11743.0
790	3726.5	0.0	0.0	9986.0
800	3784.1666666666665	0.0	0.0	10847.0
810	3499.8333333333335	0.0	0.0	10721.0
820	4006.3333333333335	0.0	0.0	10446.0
830	3908.1666666666665	0.0	0.0	8723.0
840	3573.6666666666665	0.0	0.0	6786.0
850	3824.8333333333335	0.0	0.0	8696.0
860	3739.3333333333335	0.0	0.0	8057.0
870	3624.5	0.0	0.0	12820.0
880	3387.5	0.0	0.0	9866.0
890	3563.5	0.0	0.0	10088.0
900	3791.1666666666665	0.0	0.0	11030.0
910	4149.166666666667	0.0	0.0	9321.0
920	3760.3333333333335	0.0	0.0	7756.0
930	3787.3333333333335	0.0	0.0	12324.0
940	3847.0	0.0	0.0	10572.0
950	3312.8333333333335	0.0	0.0	10043.0
960	3667.8333333333335	0.0	0.0	11582.0
970	3866.6666666666665	0.0	0.0	8075.0
980	3849.1666666666665	0.0	0.0	11494.0
990	3792.5	0.0	0.0	11284.0
1000	3635.3333333333335	0.0	0.0	8465.0
