0	1693.0	0.0	0.0	0.0
10	1663.5	58.0	601.0	7690.0
20	1612.3333333333333	30.0	318.0	5676.0
30	1988.0	67.0	489.0	7277.0
40	1999.8333333333333	43.0	798.0	8400.0
50	1989.8333333333333	24.0	868.0	10463.0
60	2011.8333333333333	33.0	773.0	10262.0
70	2246.5	18.0	652.0	7751.0
80	2168.8333333333335	24.0	841.0	9554.0
90	1954.8333333333333	49.0	990.0	11126.0
100	2437.5	15.0	979.0	10425.0
110	2103.1666666666665	34.0	915.0	10400.0
120	2535.0	38.0	1229.0	12967.0
130	2554.5	19.0	496.0	8488.0
140	2643.6666666666665	14.0	648.0	9041.0
150	2628.5	0.0	319.0	6003.0
160	2624.3333333333335	13.0	278.0	5454.0
170	2402.6666666666665	26.0	779.0	11197.0
180	2630.5	7.0	681.0	8429.0
190	2690.5	33.0	640.0	8727.0
200	2813.5	18.0	690.0	9189.0
210	2805.0	2.0	556.0	9606.0
220	2691.8333333333335	3.0	592.0	8452.0
230	2076.1666666666665	4.0	455.0	7662.0
240	2377.5	3.0	431.0	6515.0
250	2177.5	36.0	963.0	11626.0
260	2161.6666666666665	19.0	825.0	11181.0
270	2304.3333333333335	10.0	727.0	10932.0
280	2372.8333333333335	9.0	485.0	7202.0
290	2640.5	40.0	631.0	10050.0
300	2547.8333333333335	15.0	574.0	8890.0
310	2811.0	4.0	601.0	9360.0
320	3000.5	6.0	525.0	7457.0
330	2986.0	0.0	456.0	6473.0
340	2602.0	4.0	814.0	11033.0
350	2281.8333333333335	24.0	617.0	9256.0
360	2651.6666666666665	11.0	600.0	9066.0
370	2823.8333333333335	2.0	650.0	10026.0
380	2793.6666666666665	5.0	861.0	13027.0
390	2920.0	8.0	645.0	8446.0
400	2997.0	6.0	720.0	10987.0
410	3525.8333333333335	0.0	590.0	7246.0
420	3704.3333333333335	2.0	692.0	9957.0
430	2634.5	7.0	569.0	7682.0
440	2750.1666666666665	6.0	820.0	9660.0
450	3364.3333333333335	2.0	946.0	11725.0
460	3123.6666666666665	0.0	828.0	12026.0
470	3561.3333333333335	4.0	816.0	13878.0
480	3113.8333333333335	2.0	565.0	10664.0
490	3563.3333333333335	0.0	932.0	13158.0
500	2782.1666666666665	4.0	688.0	9599.0
510	3364.5	0.0	851.0	10722.0
520	3339.1666666666665	0.0	831.0	11998.0
530	3337.8333333333335	0.0	724.0	9571.0
540	3802.0	0.0	820.0	9908.0
550	3143.8333333333335	0.0	1033.0	14289.0
560	3453.6666666666665	0.0	770.0	8758.0
570	2864.8333333333335	0.0	792.0	9108.0
580	3673.1666666666665	0.0	855.0	10192.0
590	3649.3333333333335	0.0	700.0	10964.0
600	3212.0	0.0	931.0	10955.0
610	3919.1666666666665	0.0	849.0	10053.0
620	3688.3333333333335	0.0	896.0	11874.0
630	3712.5	0.0	856.0	12429.0
640	3314.8333333333335	0.0	545.0	6731.0
650	3987.3333333333335	0.0	1055.0	10490.0
660	3349.6666666666665	0.0	1043.0	10948.0
670	3620.1666666666665	0.0	1226.0	12542.0
680	3844.1666666666665	0.0	1211.0	13209.0
690	3672.3333333333335	0.0	672.0	8874.0
700	3385.0	0.0	744.0	10245.0
710	3929.3333333333335	0.0	866.0	11121.0
720	3784.1666666666665	0.0	940.0	11143.0
730	3686.1666666666665	0.0	923.0	9971.0
740	3864.0	0.0	526.0	6783.0
750	3684.0	0.0	921.0	11046.0
760	3940.6666666666665	0.0	893.0	10220.0
770	3333.3333333333335	0.0	548.0	8381.0
780	3611.3333333333335	0.0	806.0	8621.0
790	3555.6666666666665	0.0	824.0	9296.0
800	3574.0	0.0	670.0	8529.0
810	3916.0	0.0	793.0	8776.0
820	3708.1666666666665	0.0	932.0	10604.0
830	4085.5	0.0	777.0	11848.0
840	3321.3333333333335	0.0	856.0	10378.0
850	3836.1666666666665	0.0	847.0	10565.0
860	3618.5	0.0	903.0	10157.0
870	3797.1666666666665	0.0	1004.0	10402.0
880	3889.3333333333335	0.0	818.0	9839.0
890	3795.6666666666665	0.0	1115.0	11078.0
900	3238.5	0.0	783.0	11232.0
910	3810.1666666666665	0.0	966.0	10539.0
920	3774.0	0.0	1101.0	10889.0
930	3699.5	0.0	876.0	11228.0
940	3656.5	0.0	796.0	9594.0
950	3671.5	0.0	868.0	9440.0
960	3579.8333333333335	0.0	787.0	8938.0
970	3878.1666666666665	0.0	805.0	9068.0
980	3408.5	0.0	938.0	9459.0
990	3869.6666666666665	0.0	610.0	7937.0
1000	3802.0	0.0	1016.0	12461.0
