0	1462.5	0.0	0.0	0.0
10	1698.0	167.0	1041.0	10353.0
20	1733.6666666666667	69.0	547.0	7923.0
30	1833.6666666666667	32.0	485.0	6801.0
40	1828.0	46.0	502.0	7249.0
50	2147.0	51.0	917.0	11260.0
60	2189.6666666666665	40.0	519.0	7513.0
70	2068.3333333333335	45.0	417.0	6712.0
80	2043.8333333333333	33.0	594.0	7627.0
90	2125.5	30.0	795.0	10488.0
100	2089.0	75.0	885.0	12462.0
110	1989.6666666666667	65.0	832.0	9588.0
120	2234.8333333333335	4.0	567.0	9971.0
130	2172.3333333333335	15.0	943.0	10081.0
140	2113.5	21.0	773.0	10400.0
150	1898.6666666666667	36.0	613.0	9428.0
160	2498.1666666666665	50.0	863.0	12376.0
170	2493.3333333333335	6.0	388.0	6416.0
180	1975.1666666666667	9.0	567.0	8343.0
190	2459.8333333333335	12.0	438.0	5201.0
200	2205.1666666666665	37.0	660.0	8689.0
210	2346.6666666666665	53.0	748.0	8671.0
220	2402.3333333333335	35.0	574.0	7747.0
230	2413.1666666666665	10.0	567.0	8891.0
240	2414.1666666666665	4.0	467.0	8002.0
250	2781.1666666666665	6.0	385.0	6425.0
260	2527.0	2.0	595.0	7826.0
270	2805.5	11.0	694.0	11087.0
280	2794.5	27.0	432.0	5437.0
290	2206.0	5.0	470.0	7574.0
300	1856.0	4.0	466.0	8342.0
310	3080.6666666666665	0.0	0.0	6107.0
320	3287.3333333333335	0.0	0.0	8297.0
330	2802.3333333333335	0.0	0.0	12328.0
340	2408.0	0.0	0.0	11375.0
350	3390.3333333333335	0.0	0.0	6234.0
360	3239.8333333333335	0.0	0.0	10385.0
370	3483.5	0.0	0.0	11636.0
380	3513.3333333333335	0.0	0.0	11468.0
390	3163.8333333333335	0.0	0.0	11823.0
400	3287.1666666666665	0.0	0.0	13357.0
410	3223.5	0.0	0.0	8713.0
420	3193.3333333333335	0.0	0.0	11184.0
430	2916.1666666666665	0.0	0.0	6644.0
440	3532.8333333333335	0.0	0.0	10886.0
450	3384.1666666666665	0.0	0.0	10394.0
460	3522.3333333333335	0.0	0.0	10535.0
470	3246.5	0.0	0.0	8602.0
480	3617.3333333333335	0.0	0.0	10673.0
490	3355.6666666666665	0.0	0.0	12577.0
500	4038.8333333333335	0.0	0.0	9615.0
510	3600.0	0.0	0.0	9234.0
520	3565.3333333333335	0.0	0.0	10174.0
530	3828.5	0.0	0.0	10130.0
540	3207.3333333333335	0.0	0.0	11203.0
550	3380.5	0.0	0.0	9948.0
560	3714.1666666666665	0.0	0.0	10528.0
570	3084.0	0.0	0.0	9840.0
580	3675.3333333333335	0.0	0.0	11367.0
590	3604.3333333333335	0.0	0.0	10339.0
600	3756.1666666666665	0.0	0.0	12480.0
610	3568.8333333333335	0.0	0.0	7755.0
620	3812.8333333333335	0.0	0.0	9476.0
630	3678.0	0.0	0.0	10675.0
640	3368.0	0.0	0.0	11580.0
650	3635.5	0.0	0.0	8576.0
660	3349.5	0.0	0.0	9473.0
670	3532.6666666666665	0.0	0.0	12695.0
680	3593.1666666666665	0.0	0.0	10711.0
690	3356.8333333333335	0.0	0.0	13889.0
700	3766.1666666666665	0.0	0.0	7282.0
710	2998.0	0.0	0.0	7204.0
720	3071.3333333333335	0.0	0.0	9073.0
730	3649.5	0.0	0.0	12273.0
740	4010.5	0.0	0.0	10525.0
750	4028.0	0.0	0.0	7832.0
760	3715.6666666666665	0.0	0.0	13831.0
770	3922.6666666666665	0.0	0.0	7572.0
780	3764.8333333333335	0.0	0.0	9687.0
790	3166.3333333333335	0.0	0.0	11628.0
800	4093.3333333333335	0.0	0.0	9398.0
810	3808.8333333333335	0.0	0.0	10294.0
820	3627.6666666666665	0.0	0.0	9793.0
830	3719.6666666666665	0.0	0.0	7970.0
840	3812.6666666666665	0.0	0.0	10161.0
850	3286.5	0.0	0.0	10551.0
860	3772.0	0.0	0.0	9481.0
870	4074.6666666666665	0.0	0.0	9403.0
880	3788.3333333333335	0.0	0.0	8929.0
890	3482.1666666666665	0.0	0.0	9614.0
900	3961.1666666666665	0.0	0.0	10781.0
910	3774.1666666666665	0.0	0.0	9596.0
920	3820.5	0.0	0.0	8529.0
930	3499.0	0.0	0.0	11931.0
940	3651.8333333333335	0.0	0.0	10446.0
950	3805.5	0.0	0.0	12672.0
960	3599.3333333333335	0.0	0.0	11414.0
970	3680.6666666666665	0.0	0.0	14739.0
980	3795.0	0.0	0.0	10752.0
990	3994.0	0.0	0.0	10503.0
1000	3696.1666666666665	0.0	0.0	9524.0
