0	248.66666666666666	0.0	0.0
10	1749.0	1458.0	14497.0
20	1994.0	883.0	9489.0
30	2418.0	1497.0	14472.0
40	2503.6666666666665	1157.0	12780.0
50	2733.0	1022.0	15814.0
60	2797.3333333333335	931.0	14185.0
70	2865.0	762.0	13879.0
80	2662.0	602.0	13762.0
90	2844.5	602.0	14739.0
100	3361.8333333333335	767.0	15358.0
110	3091.0	507.0	13903.0
120	3591.6666666666665	569.0	12880.0
130	3620.8333333333335	498.0	15379.0
140	3604.5	622.0	14481.0
150	3642.1666666666665	523.0	14704.0
160	3592.5	418.0	12020.0
170	3571.6666666666665	396.0	15255.0
180	3772.8333333333335	377.0	13793.0
190	3583.8333333333335	498.0	15071.0
200	3606.6666666666665	353.0	12429.0
210	3397.6666666666665	497.0	14823.0
220	3703.0	447.0	15778.0
230	3835.8333333333335	264.0	11602.0
240	4029.1666666666665	341.0	15073.0
250	3576.0	312.0	14789.0
260	3407.8333333333335	313.0	14180.0
270	3642.8333333333335	388.0	13439.0
280	3518.1666666666665	368.0	15279.0
290	3499.6666666666665	390.0	13201.0
300	3729.3333333333335	285.0	11976.0
310	3537.1666666666665	328.0	13172.0
320	3781.8333333333335	330.0	15477.0
330	3965.3333333333335	298.0	13021.0
340	3829.0	383.0	15146.0
350	3944.3333333333335	331.0	14391.0
360	3665.1666666666665	302.0	13082.0
370	3645.1666666666665	336.0	17354.0
380	3746.0	240.0	11564.0
390	3635.5	310.0	13576.0
400	3347.0	270.0	12544.0
410	4095.5	306.0	15469.0
420	3913.5	301.0	12048.0
430	3606.6666666666665	279.0	12380.0
440	3801.5	294.0	11237.0
450	3707.6666666666665	357.0	14783.0
460	3994.5	332.0	16263.0
470	3582.3333333333335	304.0	15749.0
480	3531.1666666666665	273.0	13540.0
490	3829.8333333333335	275.0	11037.0
500	3550.0	277.0	14007.0
510	3592.3333333333335	331.0	16474.0
520	3642.1666666666665	276.0	15570.0
530	3728.0	301.0	14782.0
540	3616.0	269.0	14033.0
550	3383.1666666666665	286.0	14591.0
560	3528.0	292.0	13908.0
570	3906.1666666666665	320.0	14375.0
580	3992.8333333333335	344.0	17523.0
590	3659.0	366.0	16851.0
600	3656.8333333333335	272.0	12796.0
610	3686.3333333333335	328.0	14533.0
620	3153.8333333333335	337.0	15448.0
630	3778.8333333333335	286.0	15135.0
640	4048.3333333333335	348.0	16483.0
650	3948.6666666666665	323.0	17442.0
660	3566.1666666666665	307.0	13577.0
670	3714.6666666666665	326.0	15578.0
680	3676.8333333333335	183.0	10702.0
690	3908.6666666666665	233.0	12973.0
700	3677.3333333333335	242.0	10619.0
710	3963.6666666666665	325.0	15323.0
720	3915.0	271.0	14198.0
730	3803.3333333333335	288.0	14207.0
740	3894.5	261.0	15413.0
750	4046.8333333333335	287.0	15258.0
760	4003.5	303.0	13298.0
770	3610.8333333333335	271.0	12791.0
780	3712.1666666666665	271.0	13691.0
790	3784.5	227.0	12019.0
800	3888.3333333333335	281.0	13774.0
810	3597.6666666666665	299.0	14718.0
820	3885.3333333333335	315.0	16411.0
830	3980.5	327.0	14988.0
840	3765.1666666666665	365.0	14167.0
850	3893.3333333333335	302.0	12817.0
860	3776.0	319.0	11210.0
870	3644.3333333333335	341.0	14456.0
880	3996.8333333333335	238.0	10828.0
890	3830.3333333333335	276.0	14677.0
900	3979.6666666666665	290.0	17298.0
910	3576.5	293.0	14229.0
920	3215.3333333333335	238.0	12044.0
930	3669.6666666666665	308.0	14855.0
940	3566.1666666666665	233.0	12406.0
950	3658.3333333333335	299.0	14342.0
960	3917.8333333333335	325.0	16674.0
970	3786.1666666666665	279.0	14131.0
980	3859.6666666666665	256.0	12292.0
990	3813.5	307.0	13392.0
1000	3784.8333333333335	311.0	12647.0
