0	1555.8333333333333	0.0	0.0	0.0
10	2058.5	1000.0	4770.0	12096.0
20	1973.8333333333333	0.0	0.0	9169.0
30	2130.5	0.0	0.0	8037.0
40	2188.3333333333335	0.0	0.0	10788.0
50	2214.3333333333335	0.0	0.0	9785.0
60	2422.8333333333335	0.0	0.0	6689.0
70	2465.6666666666665	0.0	0.0	9344.0
80	2503.1666666666665	0.0	0.0	5326.0
90	2358.8333333333335	0.0	0.0	10430.0
100	2553.3333333333335	0.0	0.0	9187.0
110	2482.6666666666665	0.0	0.0	10255.0
120	2453.6666666666665	0.0	0.0	9433.0
130	2381.8333333333335	0.0	0.0	6198.0
140	2239.6666666666665	0.0	0.0	7039.0
150	2615.3333333333335	0.0	0.0	9327.0
160	2618.3333333333335	0.0	0.0	8465.0
170	1860.0	0.0	0.0	8751.0
180	2608.6666666666665	0.0	0.0	7306.0
190	2736.6666666666665	0.0	0.0	10551.0
200	2642.0	0.0	0.0	9108.0
210	2480.1666666666665	0.0	0.0	10215.0
220	2765.8333333333335	0.0	0.0	9705.0
230	2788.5	0.0	0.0	10092.0
240	2747.8333333333335	0.0	0.0	6903.0
250	2434.0	0.0	0.0	9943.0
260	2566.3333333333335	0.0	0.0	7982.0
270	2436.0	0.0	0.0	7286.0
280	2318.8333333333335	0.0	0.0	6494.0
290	2587.6666666666665	0.0	0.0	7166.0
300	2621.8333333333335	0.0	0.0	7296.0
310	2458.5	0.0	0.0	10196.0
320	2386.8333333333335	0.0	0.0	9823.0
330	2756.5	0.0	0.0	8947.0
340	2558.6666666666665	0.0	0.0	10420.0
350	2749.0	0.0	0.0	9469.0
360	2716.5	0.0	0.0	9062.0
370	2948.1666666666665	0.0	0.0	11187.0
380	2671.1666666666665	0.0	0.0	6998.0
390	2613.5	0.0	0.0	10139.0
400	2966.3333333333335	0.0	0.0	8372.0
410	2958.3333333333335	0.0	0.0	9616.0
420	2906.6666666666665	0.0	0.0	4909.0
430	3102.5	0.0	0.0	7919.0
440	2852.8333333333335	0.0	0.0	8208.0
450	3145.3333333333335	0.0	0.0	9224.0
460	2449.0	0.0	0.0	11794.0
470	3140.1666666666665	0.0	0.0	7609.0
480	3252.3333333333335	0.0	0.0	6303.0
490	3405.1666666666665	0.0	0.0	10939.0
500	3895.6666666666665	0.0	0.0	8725.0
510	3543.3333333333335	0.0	0.0	10044.0
520	3385.3333333333335	0.0	0.0	10436.0
530	3144.0	0.0	0.0	10932.0
540	3448.1666666666665	0.0	0.0	8335.0
550	3258.1666666666665	0.0	0.0	12866.0
560	2964.5	0.0	0.0	10778.0
570	3724.8333333333335	0.0	0.0	11344.0
580	3468.6666666666665	0.0	0.0	13120.0
590	3261.8333333333335	0.0	0.0	10359.0
600	3404.8333333333335	0.0	0.0	9561.0
610	3362.1666666666665	0.0	0.0	8058.0
620	3590.8333333333335	0.0	0.0	9224.0
630	3348.1666666666665	0.0	0.0	13686.0
640	3416.6666666666665	0.0	0.0	8387.0
650	3340.3333333333335	0.0	0.0	11072.0
660	3563.1666666666665	0.0	0.0	9769.0
670	3296.0	0.0	0.0	10205.0
680	3350.1666666666665	0.0	0.0	10379.0
690	3351.6666666666665	0.0	0.0	10441.0
700	3869.3333333333335	0.0	0.0	7987.0
710	3269.3333333333335	0.0	0.0	9640.0
720	3407.8333333333335	0.0	0.0	9739.0
730	3590.8333333333335	0.0	0.0	8023.0
740	3808.8333333333335	0.0	0.0	8899.0
750	4045.8333333333335	0.0	0.0	6990.0
760	3652.8333333333335	0.0	0.0	11511.0
770	3732.3333333333335	0.0	0.0	9921.0
780	3397.6666666666665	0.0	0.0	10268.0
790	3811.3333333333335	0.0	0.0	10779.0
800	4098.5	0.0	0.0	10225.0
810	2999.8333333333335	0.0	0.0	10744.0
820	3306.6666666666665	0.0	0.0	10035.0
830	3610.1666666666665	0.0	0.0	11039.0
840	3587.3333333333335	0.0	0.0	10350.0
850	3771.3333333333335	0.0	0.0	7551.0
860	3842.3333333333335	0.0	0.0	8834.0
870	3893.0	0.0	0.0	10851.0
880	3654.8333333333335	0.0	0.0	10707.0
890	3792.8333333333335	0.0	0.0	7071.0
900	3734.6666666666665	0.0	0.0	9927.0
910	3891.0	0.0	0.0	8529.0
920	3778.8333333333335	0.0	0.0	8686.0
930	3778.6666666666665	0.0	0.0	6875.0
940	3746.1666666666665	0.0	0.0	10349.0
950	3822.8333333333335	0.0	0.0	10446.0
960	3869.3333333333335	0.0	0.0	9995.0
970	3632.6666666666665	0.0	0.0	9152.0
980	3852.1666666666665	0.0	0.0	8750.0
990	3844.0	0.0	0.0	13660.0
1000	3651.8333333333335	0.0	0.0	9975.0
