0	770.0	0.0	0.0	0.0
10	491.6666666666667	7.0	7.0	3782.0
20	913.3333333333334	5.0	5.0	3513.0
30	794.3333333333334	52.0	52.0	4613.0
40	821.3333333333334	53.0	53.0	5465.0
50	807.0	27.0	27.0	4805.0
60	1138.0	109.0	109.0	7228.0
70	1893.6666666666667	145.0	145.0	7373.0
80	1677.3333333333333	169.0	169.0	6662.0
90	1858.8333333333333	244.0	244.0	9949.0
100	2356.0	189.0	189.0	9306.0
110	2583.5	0.0	0.0	8076.0
120	2109.6666666666665	0.0	0.0	9371.0
130	2226.6666666666665	0.0	0.0	7410.0
140	2306.1666666666665	0.0	0.0	6742.0
150	1573.6666666666667	0.0	0.0	7506.0
160	1352.3333333333333	0.0	0.0	10008.0
170	1588.3333333333333	0.0	0.0	7969.0
180	2405.1666666666665	0.0	0.0	9015.0
190	1646.0	0.0	0.0	10828.0
200	1728.8333333333333	0.0	0.0	6599.0
210	2158.0	0.0	0.0	8708.0
220	1529.8333333333333	0.0	0.0	7975.0
230	2523.3333333333335	0.0	0.0	6412.0
240	2430.0	0.0	0.0	8295.0
250	2193.6666666666665	0.0	0.0	9590.0
260	2535.8333333333335	0.0	0.0	8730.0
270	2322.6666666666665	0.0	0.0	8194.0
280	2052.1666666666665	0.0	0.0	10093.0
290	2558.1666666666665	0.0	0.0	10333.0
300	1887.8333333333333	0.0	0.0	6902.0
310	1740.0	0.0	0.0	8555.0
320	1908.3333333333333	0.0	0.0	7181.0
330	2555.1666666666665	0.0	0.0	8857.0
340	2631.6666666666665	0.0	0.0	7450.0
350	2304.0	0.0	0.0	7567.0
360	2420.5	0.0	0.0	9928.0
370	2305.6666666666665	0.0	0.0	8486.0
380	2495.6666666666665	0.0	0.0	7644.0
390	2524.6666666666665	0.0	0.0	8720.0
400	2615.6666666666665	0.0	0.0	8849.0
410	2259.0	0.0	0.0	10505.0
420	2296.3333333333335	0.0	0.0	8995.0
430	2769.0	0.0	0.0	6535.0
440	2344.0	0.0	0.0	9371.0
450	2352.3333333333335	0.0	0.0	8195.0
460	2243.6666666666665	0.0	0.0	10307.0
470	2368.6666666666665	0.0	0.0	9069.0
480	2512.0	0.0	0.0	9902.0
490	2630.0	0.0	0.0	6481.0
500	2096.6666666666665	0.0	0.0	8904.0
510	1886.0	0.0	0.0	9397.0
520	1795.6666666666667	0.0	0.0	8793.0
530	2015.3333333333333	0.0	0.0	7762.0
540	1721.0	0.0	0.0	7396.0
550	1816.3333333333333	0.0	0.0	9170.0
560	2666.3333333333335	0.0	0.0	8515.0
570	2122.5	0.0	0.0	11320.0
580	1956.0	0.0	0.0	8604.0
590	1635.3333333333333	0.0	0.0	10605.0
600	1954.5	0.0	0.0	10549.0
610	2188.8333333333335	0.0	0.0	7091.0
620	1713.6666666666667	0.0	0.0	9484.0
630	2600.5	0.0	0.0	8812.0
640	2453.5	0.0	0.0	7804.0
650	2447.1666666666665	0.0	0.0	7750.0
660	2329.8333333333335	0.0	0.0	7825.0
670	2413.3333333333335	0.0	0.0	8379.0
680	2153.3333333333335	0.0	0.0	9536.0
690	2458.0	0.0	0.0	9070.0
700	2432.0	0.0	0.0	7389.0
710	2496.6666666666665	0.0	0.0	9140.0
720	1860.3333333333333	0.0	0.0	10042.0
730	1772.0	0.0	0.0	9948.0
740	1832.3333333333333	0.0	0.0	10835.0
750	2412.6666666666665	0.0	0.0	7632.0
760	1893.3333333333333	0.0	0.0	7887.0
770	2185.6666666666665	0.0	0.0	9209.0
780	2205.0	0.0	0.0	7728.0
790	1833.5	0.0	0.0	9247.0
800	1924.0	0.0	0.0	7797.0
810	2065.0	0.0	0.0	9132.0
820	1606.3333333333333	0.0	0.0	8491.0
830	1887.3333333333333	0.0	0.0	8045.0
840	1741.1666666666667	0.0	0.0	9857.0
850	2378.0	0.0	0.0	8841.0
860	2307.0	0.0	0.0	8831.0
870	2475.0	0.0	0.0	7928.0
880	2288.6666666666665	0.0	0.0	7209.0
890	1916.8333333333333	0.0	0.0	10203.0
900	2132.6666666666665	0.0	0.0	8009.0
910	1904.3333333333333	0.0	0.0	9600.0
920	1832.0	0.0	0.0	10695.0
930	1829.8333333333333	0.0	0.0	11555.0
940	2475.3333333333335	0.0	0.0	8113.0
950	2431.6666666666665	0.0	0.0	9262.0
960	2484.5	0.0	0.0	9896.0
970	1887.6666666666667	0.0	0.0	7585.0
980	1833.8333333333333	0.0	0.0	8505.0
990	2202.8333333333335	0.0	0.0	12353.0
1000	2495.8333333333335	0.0	0.0	10593.0
