0	619.6666666666666	0.0	0.0	0.0
10	705.3333333333334	6.0	6.0	3719.0
20	708.3333333333334	123.0	123.0	4333.0
30	675.6666666666666	49.0	49.0	4668.0
40	662.0	20.0	20.0	4835.0
50	1432.6666666666667	52.0	52.0	4750.0
60	1522.6666666666667	274.0	274.0	8567.0
70	1893.3333333333333	184.0	184.0	7281.0
80	1870.6666666666667	292.0	292.0	6647.0
90	2014.3333333333333	0.0	0.0	6949.0
100	1383.5	0.0	0.0	6998.0
110	1391.8333333333333	0.0	0.0	8699.0
120	2051.6666666666665	0.0	0.0	4396.0
130	2414.5	0.0	0.0	10009.0
140	1689.1666666666667	0.0	0.0	8039.0
150	2249.0	0.0	0.0	8285.0
160	2407.6666666666665	0.0	0.0	9174.0
170	2636.3333333333335	0.0	0.0	9217.0
180	1572.6666666666667	0.0	0.0	8668.0
190	2293.5	0.0	0.0	10318.0
200	2356.3333333333335	0.0	0.0	9048.0
210	1929.1666666666667	0.0	0.0	8525.0
220	1976.6666666666667	0.0	0.0	8261.0
230	1953.3333333333333	0.0	0.0	8313.0
240	2028.6666666666667	0.0	0.0	7822.0
250	2501.0	0.0	0.0	9782.0
260	2629.1666666666665	0.0	0.0	7476.0
270	2324.1666666666665	0.0	0.0	8585.0
280	2454.0	0.0	0.0	7955.0
290	1986.1666666666667	0.0	0.0	7559.0
300	1832.3333333333333	0.0	0.0	10390.0
310	2396.6666666666665	0.0	0.0	10836.0
320	1943.6666666666667	0.0	0.0	11921.0
330	1885.3333333333333	0.0	0.0	8774.0
340	2193.8333333333335	0.0	0.0	6209.0
350	1845.0	0.0	0.0	9636.0
360	2103.0	0.0	0.0	8642.0
370	2051.1666666666665	0.0	0.0	8987.0
380	2408.1666666666665	0.0	0.0	8136.0
390	2137.3333333333335	0.0	0.0	6661.0
400	2152.1666666666665	0.0	0.0	7349.0
410	2006.0	0.0	0.0	10191.0
420	2132.3333333333335	0.0	0.0	9933.0
430	2371.5	0.0	0.0	9164.0
440	2264.3333333333335	0.0	0.0	9003.0
450	2213.3333333333335	0.0	0.0	7825.0
460	2341.0	0.0	0.0	7512.0
470	2368.6666666666665	0.0	0.0	8226.0
480	2507.3333333333335	0.0	0.0	7548.0
490	2384.6666666666665	0.0	0.0	8665.0
500	2587.0	0.0	0.0	8704.0
510	2542.6666666666665	0.0	0.0	8307.0
520	2462.3333333333335	0.0	0.0	7730.0
530	2394.8333333333335	0.0	0.0	8471.0
540	2550.1666666666665	0.0	0.0	9539.0
550	1833.5	0.0	0.0	9279.0
560	1881.3333333333333	0.0	0.0	10255.0
570	2074.6666666666665	0.0	0.0	7790.0
580	1764.6666666666667	0.0	0.0	7761.0
590	2169.3333333333335	0.0	0.0	11014.0
600	2149.0	0.0	0.0	11717.0
610	1718.6666666666667	0.0	0.0	8848.0
620	2270.3333333333335	0.0	0.0	8337.0
630	2234.6666666666665	0.0	0.0	6794.0
640	1760.8333333333333	0.0	0.0	10828.0
650	1761.0	0.0	0.0	9687.0
660	2209.6666666666665	0.0	0.0	11985.0
670	2527.6666666666665	0.0	0.0	8397.0
680	2546.0	0.0	0.0	10391.0
690	1797.0	0.0	0.0	9230.0
700	2607.8333333333335	0.0	0.0	8428.0
710	2561.3333333333335	0.0	0.0	10166.0
720	2318.3333333333335	0.0	0.0	11315.0
730	2618.1666666666665	0.0	0.0	8595.0
740	2553.8333333333335	0.0	0.0	8586.0
750	2591.6666666666665	0.0	0.0	8495.0
760	2341.1666666666665	0.0	0.0	12800.0
770	2571.5	0.0	0.0	8290.0
780	2486.1666666666665	0.0	0.0	8225.0
790	2441.6666666666665	0.0	0.0	9653.0
800	2513.6666666666665	0.0	0.0	7026.0
810	2482.8333333333335	0.0	0.0	10099.0
820	2340.6666666666665	0.0	0.0	9889.0
830	2528.3333333333335	0.0	0.0	9267.0
840	2385.6666666666665	0.0	0.0	8730.0
850	2655.6666666666665	0.0	0.0	10755.0
860	2446.0	0.0	0.0	9479.0
870	1812.6666666666667	0.0	0.0	7220.0
880	1822.8333333333333	0.0	0.0	7847.0
890	1977.0	0.0	0.0	8427.0
900	1704.3333333333333	0.0	0.0	8649.0
910	1804.8333333333333	0.0	0.0	10071.0
920	2252.8333333333335	0.0	0.0	9232.0
930	1809.0	0.0	0.0	8255.0
940	2319.8333333333335	0.0	0.0	9753.0
950	2127.5	0.0	0.0	10220.0
960	1563.0	0.0	0.0	10676.0
970	1930.6666666666667	0.0	0.0	8795.0
980	2284.1666666666665	0.0	0.0	7558.0
990	2285.5	0.0	0.0	7354.0
1000	1736.5	0.0	0.0	10082.0
