0	641.0	0.0	0.0	0.0
10	643.3333333333334	1.0	1.0	3267.0
20	873.8333333333334	25.0	25.0	3848.0
30	1618.0	158.0	158.0	7041.0
40	1361.3333333333333	75.0	75.0	7885.0
50	2538.3333333333335	382.0	382.0	10913.0
60	1731.3333333333333	339.0	339.0	10704.0
70	1561.6666666666667	20.0	20.0	7353.0
80	2532.6666666666665	0.0	0.0	9342.0
90	2574.5	0.0	0.0	7255.0
100	2401.0	0.0	0.0	8479.0
110	2506.6666666666665	0.0	0.0	6800.0
120	2335.6666666666665	0.0	0.0	6937.0
130	2813.5	0.0	0.0	10727.0
140	2373.6666666666665	0.0	0.0	10158.0
150	2363.3333333333335	0.0	0.0	7424.0
160	2524.1666666666665	0.0	0.0	6686.0
170	2321.8333333333335	0.0	0.0	8521.0
180	2363.0	0.0	0.0	9870.0
190	2314.3333333333335	0.0	0.0	9608.0
200	2454.1666666666665	0.0	0.0	7183.0
210	2125.8333333333335	0.0	0.0	6853.0
220	1931.3333333333333	0.0	0.0	6966.0
230	2001.3333333333333	0.0	0.0	9484.0
240	2219.0	0.0	0.0	9749.0
250	2398.0	0.0	0.0	7499.0
260	2576.6666666666665	0.0	0.0	9058.0
270	2470.6666666666665	0.0	0.0	6409.0
280	2551.3333333333335	0.0	0.0	7257.0
290	2495.6666666666665	0.0	0.0	10006.0
300	2578.6666666666665	0.0	0.0	7061.0
310	2423.0	0.0	0.0	9136.0
320	2474.0	0.0	0.0	8177.0
330	2382.3333333333335	0.0	0.0	6578.0
340	2398.3333333333335	0.0	0.0	9573.0
350	2572.0	0.0	0.0	8722.0
360	1648.0	0.0	0.0	9464.0
370	2337.0	0.0	0.0	5985.0
380	2045.0	0.0	0.0	9590.0
390	2298.3333333333335	0.0	0.0	8042.0
400	1956.0	0.0	0.0	10088.0
410	1897.0	0.0	0.0	7660.0
420	1982.6666666666667	0.0	0.0	8126.0
430	1747.0	0.0	0.0	6882.0
440	2455.6666666666665	0.0	0.0	8285.0
450	2255.0	0.0	0.0	7767.0
460	2075.0	0.0	0.0	10857.0
470	2077.6666666666665	0.0	0.0	9551.0
480	1681.6666666666667	0.0	0.0	7720.0
490	2350.0	0.0	0.0	8587.0
500	2344.0	0.0	0.0	8954.0
510	2601.0	0.0	0.0	7222.0
520	2559.1666666666665	0.0	0.0	11702.0
530	2117.3333333333335	0.0	0.0	7807.0
540	2568.3333333333335	0.0	0.0	8413.0
550	2468.6666666666665	0.0	0.0	9302.0
560	2343.1666666666665	0.0	0.0	9498.0
570	2513.6666666666665	0.0	0.0	8974.0
580	2354.0	0.0	0.0	8010.0
590	2396.3333333333335	0.0	0.0	8764.0
600	2490.8333333333335	0.0	0.0	6831.0
610	2282.6666666666665	0.0	0.0	9984.0
620	2206.3333333333335	0.0	0.0	8578.0
630	2141.6666666666665	0.0	0.0	8375.0
640	2365.0	0.0	0.0	7583.0
650	2416.6666666666665	0.0	0.0	7081.0
660	2327.5	0.0	0.0	11631.0
670	2514.0	0.0	0.0	8773.0
680	2531.3333333333335	0.0	0.0	7358.0
690	2466.6666666666665	0.0	0.0	10401.0
700	2472.3333333333335	0.0	0.0	8655.0
710	2455.3333333333335	0.0	0.0	7767.0
720	2505.3333333333335	0.0	0.0	9756.0
730	2346.6666666666665	0.0	0.0	9817.0
740	2618.3333333333335	0.0	0.0	9303.0
750	2383.5	0.0	0.0	7092.0
760	2465.1666666666665	0.0	0.0	7545.0
770	2487.3333333333335	0.0	0.0	7915.0
780	2553.6666666666665	0.0	0.0	9478.0
790	2231.0	0.0	0.0	11305.0
800	2296.0	0.0	0.0	11677.0
810	1829.3333333333333	0.0	0.0	8937.0
820	1678.8333333333333	0.0	0.0	8350.0
830	1817.0	0.0	0.0	7558.0
840	2274.1666666666665	0.0	0.0	9365.0
850	2122.6666666666665	0.0	0.0	8830.0
860	1865.3333333333333	0.0	0.0	5592.0
870	2280.5	0.0	0.0	6716.0
880	2314.0	0.0	0.0	10755.0
890	2307.1666666666665	0.0	0.0	7236.0
900	2261.5	0.0	0.0	7893.0
910	2262.8333333333335	0.0	0.0	7516.0
920	2327.5	0.0	0.0	10306.0
930	2119.8333333333335	0.0	0.0	7474.0
940	2268.3333333333335	0.0	0.0	7247.0
950	2145.6666666666665	0.0	0.0	9756.0
960	1887.5	0.0	0.0	8671.0
970	1973.0	0.0	0.0	8570.0
980	2180.6666666666665	0.0	0.0	9372.0
990	2217.6666666666665	0.0	0.0	6945.0
1000	2379.6666666666665	0.0	0.0	8158.0
