0	257.6666666666667	0.0	0.0	0.0
10	1885.0	134.0	10299.0	10299.0
20	269.6666666666667	146.0	8385.0	8385.0
30	275.6666666666667	0.0	1254.0	1254.0
40	249.0	23.0	1845.0	1845.0
50	266.0	13.0	1065.0	1065.0
60	236.0	9.0	1103.0	1103.0
70	295.6666666666667	0.0	1261.0	1261.0
80	249.33333333333334	0.0	1213.0	1213.0
90	245.66666666666666	34.0	1936.0	1936.0
100	254.66666666666666	14.0	1573.0	1573.0
110	251.66666666666666	86.0	1582.0	1582.0
120	261.3333333333333	8.0	1443.0	1443.0
130	214.33333333333334	0.0	1247.0	1247.0
140	274.0	0.0	1013.0	1013.0
150	248.0	0.0	1205.0	1205.0
160	260.6666666666667	18.0	1441.0	1441.0
170	259.3333333333333	1.0	1368.0	1368.0
180	243.33333333333334	0.0	929.0	929.0
190	282.0	9.0	1856.0	1856.0
200	235.33333333333334	59.0	1466.0	1466.0
210	278.6666666666667	11.0	1066.0	1066.0
220	280.0	13.0	1104.0	1104.0
230	262.0	0.0	1800.0	1800.0
240	266.0	0.0	899.0	899.0
250	280.0	0.0	921.0	921.0
260	262.0	0.0	1002.0	1002.0
270	260.6666666666667	11.0	1633.0	1633.0
280	231.66666666666666	13.0	1272.0	1272.0
290	214.33333333333334	0.0	874.0	874.0
300	263.0	2.0	1781.0	1781.0
310	268.0	41.0	1707.0	1707.0
320	247.33333333333334	9.0	1551.0	1551.0
330	274.6666666666667	1.0	1205.0	1205.0
340	276.3333333333333	17.0	1797.0	1797.0
350	297.3333333333333	44.0	1115.0	1115.0
360	236.66666666666666	11.0	1086.0	1086.0
370	239.0	10.0	1277.0	1277.0
380	265.0	0.0	1626.0	1626.0
390	312.0	7.0	1594.0	1594.0
400	254.66666666666666	13.0	1209.0	1209.0
410	258.3333333333333	12.0	1450.0	1450.0
420	242.66666666666666	0.0	1405.0	1405.0
430	277.0	48.0	2095.0	2095.0
440	252.66666666666666	11.0	1405.0	1405.0
450	280.0	1.0	1282.0	1282.0
460	261.3333333333333	0.0	1265.0	1265.0
470	274.0	0.0	1197.0	1197.0
480	251.66666666666666	11.0	1144.0	1144.0
490	282.3333333333333	42.0	1640.0	1640.0
500	242.66666666666666	37.0	1471.0	1471.0
510	269.0	23.0	1417.0	1417.0
520	257.0	49.0	1132.0	1132.0
530	249.33333333333334	9.0	409.0	1225.0
540	231.33333333333334	0.0	0.0	1579.0
550	306.0	0.0	0.0	1058.0
560	252.33333333333334	0.0	0.0	1175.0
570	230.66666666666666	0.0	0.0	1236.0
580	277.0	0.0	0.0	1095.0
590	240.66666666666666	0.0	0.0	1327.0
600	212.0	0.0	0.0	1404.0
610	264.6666666666667	0.0	0.0	1311.0
620	281.3333333333333	0.0	0.0	1301.0
630	295.0	0.0	0.0	1358.0
640	245.33333333333334	0.0	0.0	1219.0
650	257.0	0.0	0.0	1194.0
660	242.66666666666666	0.0	0.0	1417.0
670	270.3333333333333	0.0	0.0	1216.0
680	248.66666666666666	0.0	0.0	1081.0
690	262.6666666666667	0.0	0.0	1477.0
700	248.66666666666666	0.0	0.0	1277.0
710	256.0	0.0	0.0	1861.0
720	242.0	0.0	0.0	946.0
730	268.3333333333333	0.0	0.0	1562.0
740	262.6666666666667	0.0	0.0	2303.0
750	279.3333333333333	0.0	0.0	1518.0
760	285.3333333333333	0.0	0.0	1246.0
770	248.66666666666666	0.0	0.0	2298.0
780	230.66666666666666	0.0	0.0	1224.0
790	236.66666666666666	0.0	0.0	1442.0
800	248.0	0.0	0.0	1090.0
810	304.6666666666667	0.0	0.0	1638.0
820	224.66666666666666	0.0	0.0	1257.0
830	239.66666666666666	0.0	0.0	1425.0
840	288.3333333333333	0.0	0.0	1942.0
850	292.0	0.0	0.0	1568.0
860	230.66666666666666	0.0	0.0	1329.0
870	230.66666666666666	0.0	0.0	1323.0
880	266.0	0.0	0.0	1462.0
890	261.6666666666667	0.0	0.0	2113.0
900	258.0	0.0	0.0	1484.0
910	226.33333333333334	0.0	0.0	1248.0
920	267.3333333333333	0.0	0.0	2012.0
930	227.0	0.0	0.0	1261.0
940	236.66666666666666	0.0	0.0	1611.0
950	251.66666666666666	0.0	0.0	1625.0
960	262.0	0.0	0.0	1893.0
970	254.66666666666666	0.0	0.0	1729.0
980	263.0	0.0	0.0	1690.0
990	261.3333333333333	0.0	0.0	1327.0
1000	269.6666666666667	0.0	0.0	1190.0
