0	291.0	0.0	0.0	0.0
10	2024.0	0.0	635.0	4642.0
20	1814.5	475.0	4982.0	8918.0
30	2383.5	525.0	3883.0	12462.0
40	2195.5	0.0	0.0	7920.0
50	2309.0	0.0	0.0	9492.0
60	2003.75	0.0	0.0	6668.0
70	2095.75	0.0	0.0	8654.0
80	2088.0	0.0	0.0	9464.0
90	2547.0	0.0	0.0	10085.0
100	2360.0	0.0	0.0	8717.0
110	2451.75	0.0	0.0	8341.0
120	2472.75	0.0	0.0	7556.0
130	2566.75	0.0	0.0	10026.0
140	2817.75	0.0	0.0	11151.0
150	2105.25	0.0	0.0	8549.0
160	2164.75	0.0	0.0	6508.0
170	2309.5	0.0	0.0	7543.0
180	2117.0	0.0	0.0	8603.0
190	2468.0	0.0	0.0	7329.0
200	2543.0	0.0	0.0	10062.0
210	2593.25	0.0	0.0	8635.0
220	2665.5	0.0	0.0	6400.0
230	2397.25	0.0	0.0	7957.0
240	2735.75	0.0	0.0	7393.0
250	2433.25	0.0	0.0	11052.0
260	2798.75	0.0	0.0	7224.0
270	2394.0	0.0	0.0	9240.0
280	2976.0	0.0	0.0	7675.0
290	2857.5	0.0	0.0	11210.0
300	3001.5	0.0	0.0	5311.0
310	2799.0	0.0	0.0	9674.0
320	3440.25	0.0	0.0	8131.0
330	2691.25	0.0	0.0	8897.0
340	3027.25	0.0	0.0	8139.0
350	2404.5	0.0	0.0	9998.0
360	2569.0	0.0	0.0	8407.0
370	2609.0	0.0	0.0	6890.0
380	3663.25	0.0	0.0	10499.0
390	3160.25	0.0	0.0	7930.0
400	3547.0	0.0	0.0	7455.0
410	3551.0	0.0	0.0	8916.0
420	2931.0	0.0	0.0	10309.0
430	3470.75	0.0	0.0	11296.0
440	3384.0	0.0	0.0	12126.0
450	3459.0	0.0	0.0	10169.0
460	3576.5	0.0	0.0	11501.0
470	3524.0	0.0	0.0	10495.0
480	3889.25	0.0	0.0	10442.0
490	3208.5	0.0	0.0	9664.0
500	3424.5	0.0	0.0	10434.0
510	3324.5	0.0	0.0	13467.0
520	4126.0	0.0	0.0	10324.0
530	3268.0	0.0	0.0	9787.0
540	3621.5	0.0	0.0	8744.0
550	3341.75	0.0	0.0	10202.0
560	3319.75	0.0	0.0	10762.0
570	2890.0	0.0	0.0	9284.0
580	3729.25	0.0	0.0	10381.0
590	3461.5	0.0	0.0	7447.0
600	3726.25	0.0	0.0	10933.0
610	3786.5	0.0	0.0	10861.0
620	3917.0	0.0	0.0	10782.0
630	3528.25	0.0	0.0	12858.0
640	3423.25	0.0	0.0	10703.0
650	3715.25	0.0	0.0	11902.0
660	3558.0	0.0	0.0	10320.0
670	3415.25	0.0	0.0	9894.0
680	3834.0	0.0	0.0	10865.0
690	3482.25	0.0	0.0	10113.0
700	2914.0	0.0	0.0	9587.0
710	3860.0	0.0	0.0	9223.0
720	3064.5	0.0	0.0	11059.0
730	3793.5	0.0	0.0	9893.0
740	3579.75	0.0	0.0	9565.0
750	3618.0	0.0	0.0	8650.0
760	3576.75	0.0	0.0	7920.0
770	3914.25	0.0	0.0	9952.0
780	4061.25	0.0	0.0	9479.0
790	3842.75	0.0	0.0	7779.0
800	3653.75	0.0	0.0	10537.0
810	4004.75	0.0	0.0	8866.0
820	3330.5	0.0	0.0	10264.0
830	3984.75	0.0	0.0	11455.0
840	3487.5	0.0	0.0	10480.0
850	3948.0	0.0	0.0	11722.0
860	4073.75	0.0	0.0	10731.0
870	3804.5	0.0	0.0	11637.0
880	3978.75	0.0	0.0	11104.0
890	4081.25	0.0	0.0	11262.0
900	3843.25	0.0	0.0	9380.0
910	3667.5	0.0	0.0	7121.0
920	3481.75	0.0	0.0	10169.0
930	3667.0	0.0	0.0	8742.0
940	3828.75	0.0	0.0	12034.0
950	3584.0	0.0	0.0	9127.0
960	3757.25	0.0	0.0	8387.0
970	4125.0	0.0	0.0	8439.0
980	4141.25	0.0	0.0	6969.0
990	4255.5	0.0	0.0	11047.0
1000	3974.75	0.0	0.0	8413.0
