0	1472.3333333333333	0.0	0.0	0.0
10	1717.1666666666667	1000.0	4429.0	8039.0
20	1593.5	0.0	0.0	9272.0
30	1725.8333333333333	0.0	0.0	6689.0
40	1645.6666666666667	0.0	0.0	6200.0
50	1652.6666666666667	0.0	0.0	6035.0
60	1713.0	0.0	0.0	8112.0
70	1768.5	0.0	0.0	7475.0
80	1368.5	0.0	0.0	7559.0
90	1586.0	0.0	0.0	5629.0
100	1678.6666666666667	0.0	0.0	7647.0
110	1542.3333333333333	0.0	0.0	7497.0
120	1407.0	0.0	0.0	8309.0
130	1527.0	0.0	0.0	7909.0
140	1508.3333333333333	0.0	0.0	5140.0
150	1586.3333333333333	0.0	0.0	7082.0
160	1657.5	0.0	0.0	5003.0
170	1593.0	0.0	0.0	6010.0
180	1627.8333333333333	0.0	0.0	5369.0
190	1575.3333333333333	0.0	0.0	7049.0
200	1806.0	0.0	0.0	5549.0
210	1544.3333333333333	0.0	0.0	6829.0
220	1797.3333333333333	0.0	0.0	5186.0
230	1486.3333333333333	0.0	0.0	6092.0
240	1565.3333333333333	0.0	0.0	5454.0
250	1734.6666666666667	0.0	0.0	5651.0
260	1295.6666666666667	0.0	0.0	6611.0
270	1713.6666666666667	0.0	0.0	6626.0
280	1415.3333333333333	0.0	0.0	9649.0
290	1485.6666666666667	0.0	0.0	6878.0
300	1329.6666666666667	0.0	0.0	5668.0
310	1551.0	0.0	0.0	4702.0
320	1366.3333333333333	0.0	0.0	6459.0
330	1374.6666666666667	0.0	0.0	6578.0
340	1416.6666666666667	0.0	0.0	6279.0
350	1321.3333333333333	0.0	0.0	5320.0
360	1495.5	0.0	0.0	8425.0
370	1450.8333333333333	0.0	0.0	6955.0
380	1302.6666666666667	0.0	0.0	6309.0
390	1535.6666666666667	0.0	0.0	6045.0
400	1394.6666666666667	0.0	0.0	8292.0
410	1190.0	0.0	0.0	4828.0
420	1489.6666666666667	0.0	0.0	5171.0
430	1381.3333333333333	0.0	0.0	6641.0
440	1409.3333333333333	0.0	0.0	5830.0
450	1249.6666666666667	0.0	0.0	5780.0
460	1417.0	0.0	0.0	7497.0
470	1204.0	0.0	0.0	6495.0
480	1350.6666666666667	0.0	0.0	6379.0
490	1527.6666666666667	0.0	0.0	7387.0
500	1447.0	0.0	0.0	4749.0
510	1341.0	0.0	0.0	7216.0
520	1330.3333333333333	0.0	0.0	7207.0
530	1310.3333333333333	0.0	0.0	5583.0
540	1332.0	0.0	0.0	6044.0
550	1366.0	0.0	0.0	6780.0
560	1286.0	0.0	0.0	6071.0
570	1303.3333333333333	0.0	0.0	5543.0
580	1280.0	0.0	0.0	6333.0
590	1315.0	0.0	0.0	4843.0
600	1307.3333333333333	0.0	0.0	7075.0
610	1464.0	0.0	0.0	6214.0
620	1250.3333333333333	0.0	0.0	6551.0
630	1202.6666666666667	0.0	0.0	4083.0
640	1202.0	0.0	0.0	4443.0
650	1371.3333333333333	0.0	0.0	5512.0
660	1278.0	0.0	0.0	5855.0
670	1222.6666666666667	0.0	0.0	5990.0
680	1165.3333333333333	0.0	0.0	5094.0
690	1274.6666666666667	0.0	0.0	4471.0
700	1385.3333333333333	0.0	0.0	7778.0
710	1214.3333333333333	0.0	0.0	5376.0
720	1195.0	0.0	0.0	6480.0
730	1243.3333333333333	0.0	0.0	6685.0
740	1340.0	0.0	0.0	6672.0
750	1280.0	0.0	0.0	7585.0
760	1316.6666666666667	0.0	0.0	5579.0
770	1196.6666666666667	0.0	0.0	5557.0
780	1261.3333333333333	0.0	0.0	5024.0
790	1478.6666666666667	0.0	0.0	5975.0
800	1206.3333333333333	0.0	0.0	5784.0
810	1503.6666666666667	0.0	0.0	5077.0
820	1356.0	0.0	0.0	5589.0
830	1280.3333333333333	0.0	0.0	6125.0
840	1381.6666666666667	0.0	0.0	5914.0
850	1294.0	0.0	0.0	5307.0
860	1211.0	0.0	0.0	5684.0
870	1411.3333333333333	0.0	0.0	4821.0
880	1193.6666666666667	0.0	0.0	5655.0
890	1234.3333333333333	0.0	0.0	6482.0
900	1119.3333333333333	0.0	0.0	6952.0
910	1374.6666666666667	0.0	0.0	5412.0
920	1262.3333333333333	0.0	0.0	6327.0
930	1235.0	0.0	0.0	6770.0
940	1267.0	0.0	0.0	7480.0
950	1361.0	0.0	0.0	6505.0
960	1228.3333333333333	0.0	0.0	5442.0
970	1231.0	0.0	0.0	5178.0
980	1293.0	0.0	0.0	3258.0
990	1390.3333333333333	0.0	0.0	5803.0
1000	1263.0	0.0	0.0	5333.0
