0	1795.0	0.0	0.0	0.0
10	2215.0	1000.0	4930.0	9799.0
20	1931.6666666666667	0.0	0.0	6473.0
30	1737.5	0.0	0.0	6752.0
40	1599.6666666666667	0.0	0.0	6531.0
50	1731.3333333333333	0.0	0.0	5304.0
60	1842.8333333333333	0.0	0.0	6146.0
70	1546.8333333333333	0.0	0.0	6174.0
80	1580.0	0.0	0.0	8867.0
90	1701.0	0.0	0.0	5848.0
100	1776.0	0.0	0.0	5759.0
110	1464.3333333333333	0.0	0.0	7557.0
120	1438.1666666666667	0.0	0.0	7771.0
130	1412.6666666666667	0.0	0.0	7279.0
140	1457.8333333333333	0.0	0.0	7849.0
150	1464.6666666666667	0.0	0.0	7160.0
160	1627.3333333333333	0.0	0.0	6125.0
170	1192.0	0.0	0.0	5906.0
180	1441.3333333333333	0.0	0.0	7733.0
190	1411.6666666666667	0.0	0.0	7807.0
200	1490.3333333333333	0.0	0.0	5606.0
210	1636.0	0.0	0.0	4735.0
220	1768.6666666666667	0.0	0.0	7037.0
230	1448.0	0.0	0.0	6853.0
240	1696.0	0.0	0.0	5832.0
250	1442.6666666666667	0.0	0.0	4764.0
260	1632.0	0.0	0.0	5701.0
270	1474.6666666666667	0.0	0.0	7014.0
280	1553.6666666666667	0.0	0.0	6226.0
290	1279.0	0.0	0.0	8073.0
300	1464.3333333333333	0.0	0.0	4465.0
310	1256.6666666666667	0.0	0.0	5937.0
320	1273.6666666666667	0.0	0.0	5875.0
330	1359.0	0.0	0.0	6452.0
340	1469.3333333333333	0.0	0.0	6167.0
350	1438.0	0.0	0.0	6824.0
360	1494.3333333333333	0.0	0.0	5332.0
370	1471.3333333333333	0.0	0.0	6031.0
380	1356.6666666666667	0.0	0.0	5979.0
390	1439.0	0.0	0.0	5584.0
400	1509.0	0.0	0.0	6061.0
410	1258.6666666666667	0.0	0.0	5748.0
420	1387.5	0.0	0.0	6909.0
430	1200.0	0.0	0.0	5096.0
440	1382.3333333333333	0.0	0.0	8645.0
450	1398.0	0.0	0.0	5345.0
460	1409.3333333333333	0.0	0.0	7138.0
470	1398.0	0.0	0.0	5794.0
480	1275.3333333333333	0.0	0.0	7031.0
490	1366.0	0.0	0.0	6019.0
500	1275.0	0.0	0.0	6496.0
510	1301.6666666666667	0.0	0.0	5775.0
520	1272.3333333333333	0.0	0.0	5866.0
530	1297.0	0.0	0.0	6649.0
540	1309.0	0.0	0.0	7056.0
550	1429.3333333333333	0.0	0.0	4790.0
560	1520.6666666666667	0.0	0.0	3455.0
570	1350.6666666666667	0.0	0.0	5072.0
580	1261.6666666666667	0.0	0.0	6031.0
590	1341.0	0.0	0.0	4983.0
600	1275.6666666666667	0.0	0.0	4653.0
610	1390.3333333333333	0.0	0.0	5248.0
620	1280.6666666666667	0.0	0.0	4426.0
630	1246.3333333333333	0.0	0.0	6892.0
640	1182.6666666666667	0.0	0.0	5932.0
650	1327.3333333333333	0.0	0.0	6654.0
660	1311.6666666666667	0.0	0.0	4581.0
670	1454.6666666666667	0.0	0.0	7360.0
680	1348.3333333333333	0.0	0.0	6677.0
690	1479.3333333333333	0.0	0.0	5566.0
700	1321.0	0.0	0.0	6702.0
710	1232.3333333333333	0.0	0.0	7128.0
720	1295.6666666666667	0.0	0.0	6634.0
730	1437.6666666666667	0.0	0.0	4885.0
740	1402.6666666666667	0.0	0.0	5389.0
750	1266.0	0.0	0.0	5657.0
760	1291.6666666666667	0.0	0.0	6611.0
770	1318.6666666666667	0.0	0.0	7897.0
780	1373.3333333333333	0.0	0.0	5350.0
790	1205.3333333333333	0.0	0.0	9309.0
800	1287.0	0.0	0.0	4942.0
810	1205.6666666666667	0.0	0.0	4517.0
820	1244.6666666666667	0.0	0.0	5164.0
830	1287.6666666666667	0.0	0.0	4362.0
840	1339.3333333333333	0.0	0.0	6016.0
850	1334.6666666666667	0.0	0.0	4837.0
860	1437.6666666666667	0.0	0.0	6772.0
870	1182.0	0.0	0.0	4338.0
880	1182.6666666666667	0.0	0.0	5225.0
890	1179.6666666666667	0.0	0.0	6942.0
900	1239.0	0.0	0.0	6747.0
910	1372.3333333333333	0.0	0.0	5057.0
920	1377.3333333333333	0.0	0.0	5340.0
930	1269.0	0.0	0.0	6289.0
940	1159.3333333333333	0.0	0.0	5486.0
950	1397.3333333333333	0.0	0.0	6584.0
960	1327.0	0.0	0.0	5640.0
970	1218.6666666666667	0.0	0.0	5699.0
980	1307.3333333333333	0.0	0.0	6075.0
990	1301.3333333333333	0.0	0.0	4736.0
1000	1309.0	0.0	0.0	4226.0
