0	2473.8333333333335	0.0	0.0	0.0
10	2506.3333333333335	11.0	4957.0	9644.0
20	2852.3333333333335	9.0	4385.0	8997.0
30	2802.3333333333335	11.0	4638.0	9318.0
40	2852.0	15.0	3622.0	7483.0
50	2661.5	16.0	3447.0	7065.0
60	2459.8333333333335	5.0	3837.0	7662.0
70	2577.8333333333335	6.0	6045.0	11265.0
80	2925.0	4.0	4304.0	8917.0
90	3015.1666666666665	16.0	6546.0	13098.0
100	3120.1666666666665	11.0	5474.0	10827.0
110	3341.5	9.0	6065.0	11841.0
120	3036.8333333333335	2.0	6449.0	12723.0
130	3307.3333333333335	2.0	3793.0	7445.0
140	3229.5	11.0	5779.0	11380.0
150	3319.3333333333335	10.0	6043.0	11879.0
160	3498.8333333333335	5.0	4646.0	9226.0
170	2958.8333333333335	4.0	6516.0	12868.0
180	3683.8333333333335	1.0	3756.0	7615.0
190	3403.3333333333335	4.0	5643.0	10851.0
200	3723.8333333333335	3.0	5310.0	10367.0
210	3695.1666666666665	0.0	5838.0	11197.0
220	3837.0	2.0	4342.0	8483.0
230	3624.3333333333335	1.0	5217.0	10079.0
240	3139.0	4.0	4321.0	8233.0
250	3470.1666666666665	0.0	5474.0	10749.0
260	3150.1666666666665	1.0	4295.0	8614.0
270	3628.5	1.0	5761.0	11240.0
280	3339.0	2.0	5012.0	9825.0
290	3590.0	6.0	5869.0	11433.0
300	3584.6666666666665	3.0	4686.0	9062.0
310	3468.1666666666665	0.0	4432.0	8646.0
320	3617.0	0.0	4395.0	8537.0
330	3244.5	0.0	4469.0	8729.0
340	3625.3333333333335	1.0	5885.0	11392.0
350	3732.1666666666665	1.0	4989.0	9779.0
360	4011.3333333333335	3.0	4286.0	7964.0
370	3779.1666666666665	1.0	5086.0	9662.0
380	2895.1666666666665	4.0	5434.0	10683.0
390	3724.5	3.0	5764.0	11140.0
400	3248.0	0.0	4762.0	9314.0
410	3321.5	1.0	5918.0	12009.0
420	3726.3333333333335	0.0	4912.0	9554.0
430	2948.6666666666665	3.0	5455.0	10521.0
440	3578.8333333333335	2.0	6025.0	11295.0
450	3629.8333333333335	1.0	5785.0	11369.0
460	3554.0	0.0	6699.0	12706.0
470	3850.8333333333335	1.0	6122.0	11685.0
480	3448.8333333333335	1.0	5956.0	11685.0
490	3850.0	2.0	5858.0	11603.0
500	3450.1666666666665	2.0	5341.0	10115.0
510	3851.5	1.0	6019.0	11884.0
520	3819.1666666666665	4.0	6671.0	12499.0
530	3433.5	1.0	4413.0	8336.0
540	3699.8333333333335	2.0	6138.0	11469.0
550	3368.5	2.0	4620.0	9094.0
560	3045.6666666666665	2.0	4763.0	9248.0
570	3583.5	4.0	4732.0	9121.0
580	3838.0	0.0	5898.0	11400.0
590	3730.6666666666665	1.0	4733.0	9619.0
600	3742.8333333333335	3.0	6748.0	13510.0
610	3730.0	0.0	5105.0	9859.0
620	3840.8333333333335	2.0	4896.0	9355.0
630	3905.0	1.0	4556.0	9038.0
640	3631.0	2.0	4491.0	8577.0
650	3589.3333333333335	1.0	5761.0	11012.0
660	3863.8333333333335	1.0	4198.0	8209.0
670	3727.1666666666665	2.0	5884.0	11420.0
680	3799.5	1.0	4381.0	8268.0
690	3779.5	3.0	4612.0	8769.0
700	3856.8333333333335	1.0	4418.0	8645.0
710	3827.6666666666665	0.0	6040.0	11610.0
720	3948.3333333333335	0.0	6775.0	13228.0
730	3651.8333333333335	2.0	5255.0	10388.0
740	3882.6666666666665	2.0	5142.0	10269.0
750	3700.5	0.0	4384.0	8184.0
760	3600.1666666666665	1.0	5396.0	10566.0
770	4172.333333333333	0.0	4222.0	7947.0
780	3959.3333333333335	4.0	6476.0	12210.0
790	4095.6666666666665	4.0	3724.0	7319.0
800	3337.1666666666665	2.0	4442.0	8822.0
