0	2927.6666666666665	0.0	0.0	0.0
10	2721.6666666666665	33.0	4993.0	9870.0
20	2354.3333333333335	16.0	4973.0	9790.0
30	2515.5	11.0	4041.0	8329.0
40	3064.3333333333335	21.0	4208.0	8606.0
50	2686.5	11.0	5111.0	10133.0
60	2817.5	10.0	5803.0	11217.0
70	2813.8333333333335	6.0	5694.0	11330.0
80	3269.5	5.0	4798.0	9521.0
90	3123.0	8.0	5625.0	11405.0
100	3570.5	7.0	4749.0	9519.0
110	3003.3333333333335	13.0	6076.0	12339.0
120	3215.1666666666665	5.0	4934.0	9663.0
130	2987.6666666666665	1.0	4145.0	8264.0
140	3018.0	5.0	6030.0	11865.0
150	3315.8333333333335	3.0	4816.0	9663.0
160	3029.0	6.0	5515.0	10726.0
170	3946.5	0.0	3672.0	6934.0
180	3334.1666666666665	1.0	5009.0	9662.0
190	3560.1666666666665	1.0	7389.0	14335.0
200	3447.5	0.0	5872.0	11339.0
210	3881.5	5.0	7238.0	13759.0
220	3384.1666666666665	1.0	6356.0	12500.0
230	3505.1666666666665	2.0	5739.0	10997.0
240	3148.3333333333335	0.0	6211.0	12024.0
250	3632.0	2.0	7734.0	14921.0
260	3254.1666666666665	0.0	5070.0	9719.0
270	3612.3333333333335	1.0	5523.0	10642.0
280	3283.6666666666665	1.0	6442.0	12758.0
290	3714.1666666666665	0.0	7303.0	13787.0
300	3648.5	1.0	6720.0	13042.0
310	3544.1666666666665	1.0	6872.0	13039.0
320	3012.6666666666665	5.0	6403.0	12940.0
330	3528.1666666666665	0.0	5230.0	10208.0
340	3402.6666666666665	2.0	7218.0	14081.0
350	3797.3333333333335	0.0	7449.0	14894.0
360	3643.5	1.0	6054.0	11937.0
370	3583.6666666666665	3.0	6064.0	11639.0
380	3895.3333333333335	1.0	6120.0	11717.0
390	4022.1666666666665	0.0	5544.0	11009.0
400	3583.5	0.0	5783.0	11233.0
410	3662.6666666666665	2.0	6576.0	13210.0
420	3757.0	0.0	4897.0	9731.0
430	4131.166666666667	2.0	6435.0	12730.0
440	3814.8333333333335	2.0	5480.0	10756.0
450	3810.1666666666665	3.0	6104.0	11959.0
460	3614.1666666666665	3.0	5945.0	11384.0
470	3929.1666666666665	5.0	5335.0	10108.0
480	3829.0	1.0	7856.0	15129.0
490	3831.1666666666665	1.0	6169.0	11807.0
500	3905.1666666666665	2.0	4980.0	9700.0
510	3475.8333333333335	0.0	6454.0	12309.0
520	3579.6666666666665	0.0	5472.0	10700.0
530	4058.6666666666665	1.0	4917.0	9571.0
540	3848.8333333333335	0.0	5160.0	9962.0
550	3525.3333333333335	2.0	5769.0	11397.0
560	3647.3333333333335	0.0	6732.0	13105.0
570	3472.0	0.0	5961.0	12013.0
580	3746.0	3.0	6167.0	12112.0
590	3871.6666666666665	0.0	5182.0	10414.0
600	3780.8333333333335	0.0	5318.0	10611.0
610	3605.1666666666665	0.0	4675.0	9078.0
620	3631.1666666666665	2.0	5092.0	9926.0
630	3751.8333333333335	1.0	4421.0	8696.0
640	3835.1666666666665	3.0	5162.0	10007.0
650	3800.8333333333335	0.0	4980.0	9905.0
660	3506.3333333333335	0.0	5864.0	11584.0
670	3853.5	3.0	5521.0	10707.0
680	3890.1666666666665	1.0	5062.0	10009.0
690	3599.1666666666665	1.0	5593.0	11231.0
700	3679.5	4.0	6011.0	11723.0
710	3817.5	2.0	6227.0	12436.0
720	4073.6666666666665	0.0	5638.0	11046.0
730	3570.0	1.0	4059.0	8181.0
740	3794.0	2.0	5941.0	11796.0
750	3847.0	1.0	6284.0	12153.0
760	3972.8333333333335	1.0	4573.0	8919.0
770	3666.6666666666665	0.0	4162.0	8044.0
780	3598.0	0.0	5757.0	11304.0
790	3918.5	1.0	5639.0	10886.0
800	3922.1666666666665	0.0	5298.0	10653.0
