0	2378.6666666666665	0.0	0.0	0.0
10	2450.1666666666665	12.0	5625.0	11691.0
20	2687.8333333333335	10.0	3454.0	6922.0
30	2961.8333333333335	2.0	3835.0	7516.0
40	2599.0	1.0	4360.0	8272.0
50	2875.8333333333335	14.0	5036.0	10030.0
60	2789.1666666666665	4.0	4725.0	8996.0
70	3118.6666666666665	7.0	3293.0	6677.0
80	3315.5	7.0	4576.0	8776.0
90	3080.6666666666665	5.0	4341.0	8649.0
100	3106.6666666666665	9.0	7350.0	14085.0
110	3494.8333333333335	11.0	5830.0	11484.0
120	3130.3333333333335	6.0	3942.0	7777.0
130	3349.6666666666665	3.0	4194.0	8244.0
140	3276.1666666666665	2.0	6158.0	11911.0
150	3096.3333333333335	2.0	4808.0	9363.0
160	2692.0	2.0	3518.0	6914.0
170	3030.6666666666665	4.0	6268.0	12302.0
180	3165.3333333333335	1.0	3803.0	7938.0
190	2925.1666666666665	4.0	4648.0	9151.0
200	3082.0	2.0	4193.0	8300.0
210	3624.8333333333335	2.0	6165.0	12465.0
220	3506.8333333333335	5.0	7071.0	13970.0
230	3814.3333333333335	1.0	6287.0	12333.0
240	3323.8333333333335	5.0	6409.0	12988.0
250	3382.6666666666665	1.0	4830.0	9338.0
260	3545.3333333333335	3.0	5694.0	11351.0
270	3116.6666666666665	0.0	3612.0	7158.0
280	3988.3333333333335	4.0	4330.0	8272.0
290	3326.8333333333335	1.0	5581.0	10842.0
300	3529.5	0.0	6332.0	12053.0
310	3485.1666666666665	1.0	6339.0	12488.0
320	3251.3333333333335	1.0	4523.0	8533.0
330	3666.0	0.0	5297.0	10195.0
340	4019.8333333333335	1.0	5016.0	9851.0
350	3609.1666666666665	1.0	4527.0	8668.0
360	3612.1666666666665	0.0	4510.0	8697.0
370	3513.0	0.0	6095.0	12085.0
380	3862.0	5.0	4344.0	8341.0
390	3800.0	0.0	3251.0	6255.0
400	3925.8333333333335	1.0	4731.0	9440.0
410	3512.0	1.0	5162.0	10223.0
420	3634.0	1.0	5128.0	9970.0
430	3786.0	0.0	4680.0	9141.0
440	3740.0	1.0	4268.0	8421.0
450	3732.0	3.0	4109.0	8158.0
460	3764.3333333333335	1.0	5698.0	10964.0
470	3465.1666666666665	0.0	3746.0	7559.0
480	3535.1666666666665	1.0	5480.0	10413.0
490	3710.5	2.0	5659.0	10955.0
500	3291.0	4.0	5346.0	10659.0
510	3437.8333333333335	1.0	5327.0	10042.0
520	3444.1666666666665	5.0	3513.0	7095.0
530	3935.5	2.0	5038.0	9740.0
540	3611.3333333333335	1.0	4763.0	9252.0
550	3445.0	6.0	7691.0	15027.0
560	3687.3333333333335	2.0	3751.0	7589.0
570	3440.1666666666665	2.0	4558.0	9185.0
580	3415.5	1.0	4412.0	8887.0
590	3858.8333333333335	1.0	4137.0	7898.0
600	3718.0	0.0	5856.0	11216.0
610	3983.1666666666665	0.0	7268.0	14328.0
620	3756.3333333333335	1.0	4978.0	9850.0
630	4088.1666666666665	3.0	5697.0	11391.0
640	3781.0	4.0	4974.0	9989.0
650	3826.8333333333335	1.0	5055.0	10095.0
660	3638.3333333333335	1.0	4543.0	8555.0
670	3855.8333333333335	1.0	5586.0	11165.0
680	4048.8333333333335	0.0	4218.0	8249.0
690	3406.5	0.0	6169.0	11967.0
700	3632.3333333333335	1.0	4812.0	9166.0
710	3645.6666666666665	0.0	6269.0	12027.0
720	4046.6666666666665	1.0	4623.0	8967.0
730	3798.3333333333335	3.0	6186.0	11981.0
740	3151.6666666666665	2.0	5452.0	10708.0
750	3808.0	2.0	5430.0	10085.0
760	3798.3333333333335	0.0	5155.0	10340.0
770	4005.1666666666665	2.0	5855.0	11700.0
780	3879.1666666666665	3.0	6095.0	11748.0
790	3670.0	0.0	3246.0	6549.0
800	3956.8333333333335	1.0	5811.0	11853.0
