0	1663.5	0.0	0.0	0.0
10	1963.3333333333333	1000.0	2133.0	9619.0
20	1890.8333333333333	0.0	0.0	6579.0
30	2034.8333333333333	0.0	0.0	8419.0
40	2110.8333333333335	0.0	0.0	9330.0
50	2082.0	0.0	0.0	6034.0
60	2276.0	0.0	0.0	6604.0
70	2039.8333333333333	0.0	0.0	9994.0
80	1985.5	0.0	0.0	7650.0
90	1889.3333333333333	0.0	0.0	8872.0
100	1770.0	0.0	0.0	9134.0
110	2279.5	0.0	0.0	9824.0
120	2323.0	0.0	0.0	10694.0
130	2472.3333333333335	0.0	0.0	8316.0
140	2310.5	0.0	0.0	8278.0
150	2599.5	0.0	0.0	8589.0
160	2496.6666666666665	0.0	0.0	9739.0
170	2386.6666666666665	0.0	0.0	9361.0
180	2110.8333333333335	0.0	0.0	8338.0
190	2264.8333333333335	0.0	0.0	8168.0
200	2021.3333333333333	0.0	0.0	8452.0
210	2174.5	0.0	0.0	7386.0
220	2153.8333333333335	0.0	0.0	8942.0
230	2421.0	0.0	0.0	11262.0
240	2559.6666666666665	0.0	0.0	5838.0
250	2725.0	0.0	0.0	10140.0
260	2236.8333333333335	0.0	0.0	8754.0
270	2669.0	0.0	0.0	8423.0
280	2330.6666666666665	0.0	0.0	7479.0
290	2700.6666666666665	0.0	0.0	5625.0
300	2386.6666666666665	0.0	0.0	7682.0
310	2581.8333333333335	0.0	0.0	10240.0
320	2526.0	0.0	0.0	8370.0
330	2583.1666666666665	0.0	0.0	5600.0
340	2538.1666666666665	0.0	0.0	7296.0
350	2404.6666666666665	0.0	0.0	8374.0
360	2457.1666666666665	0.0	0.0	6294.0
370	2396.0	0.0	0.0	9010.0
380	2224.1666666666665	0.0	0.0	7835.0
390	2772.1666666666665	0.0	0.0	9736.0
400	2554.5	0.0	0.0	9053.0
410	2551.1666666666665	0.0	0.0	11703.0
420	3249.3333333333335	0.0	0.0	10380.0
430	2936.3333333333335	0.0	0.0	6605.0
440	2855.6666666666665	0.0	0.0	6706.0
450	2832.1666666666665	0.0	0.0	8086.0
460	2817.3333333333335	0.0	0.0	13076.0
470	3008.3333333333335	0.0	0.0	9749.0
480	3209.0	0.0	0.0	8316.0
490	3542.3333333333335	0.0	0.0	11772.0
500	3353.1666666666665	0.0	0.0	8768.0
510	3275.5	0.0	0.0	9040.0
520	3593.8333333333335	0.0	0.0	9666.0
530	3421.3333333333335	0.0	0.0	11912.0
540	2967.6666666666665	0.0	0.0	7831.0
550	3356.6666666666665	0.0	0.0	7996.0
560	3485.8333333333335	0.0	0.0	12855.0
570	3339.5	0.0	0.0	8145.0
580	3285.5	0.0	0.0	8600.0
590	3172.1666666666665	0.0	0.0	10511.0
600	3417.5	0.0	0.0	9037.0
610	3265.6666666666665	0.0	0.0	12334.0
620	3397.1666666666665	0.0	0.0	10080.0
630	3422.1666666666665	0.0	0.0	9714.0
640	3723.0	0.0	0.0	13086.0
650	3464.3333333333335	0.0	0.0	9983.0
660	3382.8333333333335	0.0	0.0	9727.0
670	3285.3333333333335	0.0	0.0	11232.0
680	3816.1666666666665	0.0	0.0	11095.0
690	3745.3333333333335	0.0	0.0	9990.0
700	3657.1666666666665	0.0	0.0	6843.0
710	3877.8333333333335	0.0	0.0	11188.0
720	3817.1666666666665	0.0	0.0	10775.0
730	3679.5	0.0	0.0	9164.0
740	3184.3333333333335	0.0	0.0	9852.0
750	3425.1666666666665	0.0	0.0	11110.0
760	3782.6666666666665	0.0	0.0	6625.0
770	3524.8333333333335	0.0	0.0	10000.0
780	3522.0	0.0	0.0	8826.0
790	3913.0	0.0	0.0	9244.0
800	3372.5	0.0	0.0	11367.0
810	3909.8333333333335	0.0	0.0	12068.0
820	3320.3333333333335	0.0	0.0	10717.0
830	3435.5	0.0	0.0	10435.0
840	3508.1666666666665	0.0	0.0	8995.0
850	3967.6666666666665	0.0	0.0	10386.0
860	3720.8333333333335	0.0	0.0	10164.0
870	3112.6666666666665	0.0	0.0	10514.0
880	3462.1666666666665	0.0	0.0	11438.0
890	3787.3333333333335	0.0	0.0	13817.0
900	4068.6666666666665	0.0	0.0	10754.0
910	3812.1666666666665	0.0	0.0	11972.0
920	4098.0	0.0	0.0	9265.0
930	4003.8333333333335	0.0	0.0	11142.0
940	3907.8333333333335	0.0	0.0	9663.0
950	3784.1666666666665	0.0	0.0	9651.0
960	3837.8333333333335	0.0	0.0	8222.0
970	3790.8333333333335	0.0	0.0	8292.0
980	3714.1666666666665	0.0	0.0	9502.0
990	3465.5	0.0	0.0	11570.0
1000	3656.1666666666665	0.0	0.0	9184.0
