0	1590.0	0.0	0.0	0.0
10	1866.1666666666667	1000.0	3207.0	11708.0
20	1989.1666666666667	0.0	0.0	8631.0
30	1984.1666666666667	0.0	0.0	7962.0
40	2098.3333333333335	0.0	0.0	10560.0
50	2275.0	0.0	0.0	8442.0
60	2283.8333333333335	0.0	0.0	7600.0
70	2125.0	0.0	0.0	6699.0
80	2057.8333333333335	0.0	0.0	6769.0
90	2088.3333333333335	0.0	0.0	7049.0
100	2081.3333333333335	0.0	0.0	8122.0
110	1706.3333333333333	0.0	0.0	6789.0
120	2304.8333333333335	0.0	0.0	8836.0
130	2173.6666666666665	0.0	0.0	6160.0
140	2082.6666666666665	0.0	0.0	8937.0
150	1779.3333333333333	0.0	0.0	8113.0
160	1944.8333333333333	0.0	0.0	7292.0
170	2212.0	0.0	0.0	6919.0
180	2135.3333333333335	0.0	0.0	9173.0
190	2339.0	0.0	0.0	7826.0
200	2241.8333333333335	0.0	0.0	6132.0
210	2242.0	0.0	0.0	8046.0
220	2112.1666666666665	0.0	0.0	8354.0
230	2521.3333333333335	0.0	0.0	5924.0
240	2278.3333333333335	0.0	0.0	9235.0
250	2281.8333333333335	0.0	0.0	6800.0
260	2438.8333333333335	0.0	0.0	5993.0
270	2430.5	0.0	0.0	7855.0
280	2431.6666666666665	0.0	0.0	11084.0
290	2238.3333333333335	0.0	0.0	8795.0
300	2205.3333333333335	0.0	0.0	7721.0
310	2487.5	0.0	0.0	7636.0
320	2516.3333333333335	0.0	0.0	8730.0
330	2517.5	0.0	0.0	7889.0
340	2839.5	0.0	0.0	6370.0
350	2316.0	0.0	0.0	6820.0
360	2754.3333333333335	0.0	0.0	9062.0
370	2195.3333333333335	0.0	0.0	13323.0
380	2894.6666666666665	0.0	0.0	9102.0
390	2936.1666666666665	0.0	0.0	9304.0
400	2818.6666666666665	0.0	0.0	5880.0
410	2308.3333333333335	0.0	0.0	6785.0
420	2465.3333333333335	0.0	0.0	6286.0
430	2659.5	0.0	0.0	7822.0
440	2683.1666666666665	0.0	0.0	11015.0
450	3088.6666666666665	0.0	0.0	11679.0
460	2887.8333333333335	0.0	0.0	8458.0
470	2969.0	0.0	0.0	8764.0
480	2949.8333333333335	0.0	0.0	8383.0
490	3223.3333333333335	0.0	0.0	8581.0
500	3405.6666666666665	0.0	0.0	10315.0
510	3062.3333333333335	0.0	0.0	7558.0
520	3239.6666666666665	0.0	0.0	9836.0
530	3457.8333333333335	0.0	0.0	10388.0
540	3346.0	0.0	0.0	9436.0
550	3085.6666666666665	0.0	0.0	11055.0
560	3576.3333333333335	0.0	0.0	10427.0
570	3091.5	0.0	0.0	8327.0
580	3512.6666666666665	0.0	0.0	9896.0
590	3578.6666666666665	0.0	0.0	9218.0
600	3689.6666666666665	0.0	0.0	10702.0
610	3558.6666666666665	0.0	0.0	6906.0
620	3841.8333333333335	0.0	0.0	13346.0
630	3723.0	0.0	0.0	10847.0
640	3418.6666666666665	0.0	0.0	8573.0
650	3310.8333333333335	0.0	0.0	9479.0
660	3489.1666666666665	0.0	0.0	9818.0
670	3382.1666666666665	0.0	0.0	10254.0
680	2796.3333333333335	0.0	0.0	11218.0
690	3392.3333333333335	0.0	0.0	9098.0
700	3893.0	0.0	0.0	7616.0
710	3259.0	0.0	0.0	11185.0
720	3514.3333333333335	0.0	0.0	10458.0
730	3854.5	0.0	0.0	11417.0
740	3235.3333333333335	0.0	0.0	11532.0
750	3602.1666666666665	0.0	0.0	9186.0
760	3848.1666666666665	0.0	0.0	9586.0
770	3560.1666666666665	0.0	0.0	11234.0
780	3902.3333333333335	0.0	0.0	10676.0
790	3455.0	0.0	0.0	9819.0
800	3790.5	0.0	0.0	11329.0
810	3664.8333333333335	0.0	0.0	8072.0
820	3466.6666666666665	0.0	0.0	7766.0
830	3277.1666666666665	0.0	0.0	11055.0
840	3802.6666666666665	0.0	0.0	10152.0
850	3741.3333333333335	0.0	0.0	10321.0
860	3564.1666666666665	0.0	0.0	10298.0
870	3472.1666666666665	0.0	0.0	9081.0
880	3729.1666666666665	0.0	0.0	9339.0
890	3543.0	0.0	0.0	10511.0
900	3844.3333333333335	0.0	0.0	10873.0
910	3826.3333333333335	0.0	0.0	11317.0
920	3564.5	0.0	0.0	8351.0
930	3476.3333333333335	0.0	0.0	10959.0
940	3981.0	0.0	0.0	9522.0
950	3277.3333333333335	0.0	0.0	9404.0
960	3642.5	0.0	0.0	9951.0
970	3441.6666666666665	0.0	0.0	9214.0
980	3643.0	0.0	0.0	9040.0
990	3916.0	0.0	0.0	9963.0
1000	3769.5	0.0	0.0	10044.0
