0	2728.6666666666665	0.0	0.0	0.0
10	2632.1666666666665	1000.0	3305.0	9435.0
20	2644.3333333333335	0.0	0.0	10550.0
30	2490.1666666666665	0.0	0.0	13358.0
40	2803.8333333333335	0.0	0.0	8260.0
50	2422.1666666666665	0.0	0.0	9198.0
60	2627.1666666666665	0.0	0.0	10156.0
70	2827.1666666666665	0.0	0.0	9526.0
80	2313.8333333333335	0.0	0.0	9025.0
90	2801.6666666666665	0.0	0.0	9680.0
100	2595.5	0.0	0.0	7721.0
110	2393.1666666666665	0.0	0.0	8548.0
120	2595.3333333333335	0.0	0.0	9642.0
130	2989.8333333333335	0.0	0.0	11486.0
140	3238.5	0.0	0.0	11853.0
150	2977.6666666666665	0.0	0.0	9471.0
160	3188.5	0.0	0.0	8462.0
170	3527.0	0.0	0.0	10077.0
180	3230.3333333333335	0.0	0.0	10545.0
190	2876.8333333333335	0.0	0.0	11922.0
200	2814.3333333333335	0.0	0.0	10350.0
210	3114.6666666666665	0.0	0.0	12490.0
220	3289.8333333333335	0.0	0.0	10111.0
230	3290.3333333333335	0.0	0.0	8796.0
240	3310.3333333333335	0.0	0.0	7952.0
250	3487.0	0.0	0.0	9519.0
260	3372.5	0.0	0.0	11736.0
270	3128.1666666666665	0.0	0.0	11106.0
280	3199.0	0.0	0.0	9688.0
290	3228.5	0.0	0.0	11633.0
300	3363.8333333333335	0.0	0.0	10728.0
310	3056.6666666666665	0.0	0.0	13745.0
320	3771.6666666666665	0.0	0.0	9999.0
330	3366.5	0.0	0.0	11682.0
340	3606.0	0.0	0.0	10649.0
350	3855.3333333333335	0.0	0.0	8716.0
360	3014.1666666666665	0.0	0.0	9374.0
370	3148.5	0.0	0.0	9201.0
380	3067.6666666666665	0.0	0.0	10657.0
390	3861.8333333333335	0.0	0.0	11005.0
400	3543.5	0.0	0.0	7965.0
410	3490.1666666666665	0.0	0.0	9589.0
420	3603.6666666666665	0.0	0.0	13848.0
430	3556.5	0.0	0.0	10598.0
440	3319.0	0.0	0.0	10610.0
450	3878.5	0.0	0.0	6910.0
460	3609.0	0.0	0.0	10729.0
470	3938.1666666666665	0.0	0.0	12542.0
480	3579.6666666666665	0.0	0.0	11251.0
490	3743.0	0.0	0.0	10070.0
500	3695.5	0.0	0.0	8218.0
510	3657.5	0.0	0.0	6878.0
520	3655.3333333333335	0.0	0.0	9842.0
530	3951.6666666666665	0.0	0.0	11428.0
540	3666.8333333333335	0.0	0.0	13334.0
550	3719.3333333333335	0.0	0.0	11145.0
560	3411.5	0.0	0.0	9701.0
570	3506.0	0.0	0.0	11517.0
580	3693.8333333333335	0.0	0.0	13688.0
590	3540.8333333333335	0.0	0.0	9543.0
600	3482.6666666666665	0.0	0.0	11910.0
610	3604.5	0.0	0.0	9868.0
620	3675.3333333333335	0.0	0.0	9927.0
630	3733.1666666666665	0.0	0.0	10612.0
640	3550.0	0.0	0.0	9339.0
650	3728.5	0.0	0.0	8211.0
660	3591.0	0.0	0.0	11238.0
670	3636.5	0.0	0.0	13095.0
680	3885.5	0.0	0.0	9339.0
690	3790.1666666666665	0.0	0.0	13272.0
700	3713.0	0.0	0.0	9642.0
710	3543.0	0.0	0.0	10855.0
720	3740.3333333333335	0.0	0.0	8299.0
730	3542.6666666666665	0.0	0.0	9112.0
740	3841.0	0.0	0.0	10090.0
750	4043.5	0.0	0.0	10599.0
760	3856.6666666666665	0.0	0.0	6730.0
770	4065.3333333333335	0.0	0.0	11395.0
780	3666.1666666666665	0.0	0.0	9258.0
790	3760.5	0.0	0.0	9317.0
800	3714.3333333333335	0.0	0.0	9120.0
