0	264.3333333333333	0.0	0.0
10	2111.6666666666665	101.0	9512.0
20	2133.5	89.0	9302.0
30	2076.5	21.0	5399.0
40	2043.8333333333333	101.0	8385.0
50	2256.0	49.0	7930.0
60	2149.6666666666665	60.0	8646.0
70	2235.3333333333335	102.0	11462.0
80	2074.1666666666665	101.0	10604.0
90	2055.5	58.0	6623.0
100	1928.1666666666667	75.0	7481.0
110	2082.1666666666665	105.0	10130.0
120	2226.8333333333335	93.0	10321.0
130	2111.3333333333335	116.0	9327.0
140	2187.3333333333335	39.0	5742.0
150	2142.1666666666665	85.0	9135.0
160	2357.5	93.0	9502.0
170	2184.1666666666665	183.0	12222.0
180	2234.6666666666665	77.0	8041.0
190	2481.5	88.0	10746.0
200	2387.3333333333335	106.0	7607.0
210	2316.3333333333335	145.0	10677.0
220	2362.8333333333335	40.0	6958.0
230	2515.1666666666665	96.0	8983.0
240	2435.3333333333335	96.0	9212.0
250	2505.3333333333335	107.0	8711.0
260	2184.5	70.0	9899.0
270	2575.5	106.0	7641.0
280	2557.6666666666665	57.0	6703.0
290	2526.6666666666665	56.0	6941.0
300	2327.6666666666665	118.0	7361.0
310	2287.6666666666665	56.0	7089.0
320	2654.8333333333335	87.0	8853.0
330	2646.5	125.0	11376.0
340	2834.8333333333335	103.0	8577.0
350	2821.8333333333335	100.0	9697.0
360	2507.0	70.0	7010.0
370	2643.8333333333335	119.0	9815.0
380	2497.3333333333335	145.0	9099.0
390	2556.1666666666665	110.0	8379.0
400	2658.5	82.0	8432.0
410	2383.1666666666665	103.0	9332.0
420	2489.1666666666665	91.0	8674.0
430	2926.3333333333335	115.0	10859.0
440	2665.1666666666665	145.0	11697.0
450	2660.6666666666665	77.0	8532.0
460	2820.1666666666665	123.0	8795.0
470	2531.0	51.0	6919.0
480	2480.6666666666665	104.0	8114.0
490	2778.8333333333335	150.0	9516.0
500	2601.0	90.0	8223.0
510	2928.3333333333335	143.0	9571.0
520	2877.5	108.0	7496.0
530	2835.8333333333335	42.0	8005.0
540	3093.1666666666665	90.0	7732.0
550	2945.1666666666665	48.0	6605.0
560	2830.0	81.0	7590.0
570	2772.0	36.0	5447.0
580	2943.6666666666665	43.0	6067.0
590	2780.1666666666665	116.0	9425.0
600	2786.0	119.0	8842.0
610	2751.8333333333335	184.0	9457.0
620	2699.6666666666665	126.0	8918.0
630	2668.1666666666665	65.0	7186.0
640	3045.3333333333335	118.0	9072.0
650	2935.0	156.0	12838.0
660	3000.8333333333335	99.0	11506.0
670	2797.3333333333335	47.0	5822.0
680	3048.3333333333335	159.0	9578.0
690	2886.0	147.0	10734.0
700	2806.6666666666665	77.0	6776.0
710	3227.8333333333335	66.0	8096.0
720	2954.3333333333335	83.0	9677.0
730	3228.1666666666665	121.0	11328.0
740	2978.5	112.0	10428.0
750	2869.8333333333335	65.0	7429.0
760	2683.1666666666665	137.0	10124.0
770	2923.8333333333335	61.0	7676.0
780	2937.5	141.0	10994.0
790	3027.0	99.0	10334.0
800	3041.6666666666665	218.0	13245.0
810	3194.3333333333335	165.0	11241.0
820	3231.5	137.0	12801.0
830	3166.6666666666665	77.0	8942.0
840	2873.6666666666665	108.0	9603.0
850	3242.1666666666665	145.0	9842.0
860	3179.1666666666665	111.0	9863.0
870	3082.6666666666665	115.0	10467.0
880	3207.6666666666665	76.0	8388.0
890	3108.1666666666665	103.0	11043.0
900	3061.8333333333335	92.0	9616.0
910	3085.0	57.0	7712.0
920	3237.1666666666665	205.0	13864.0
930	3115.8333333333335	113.0	9349.0
940	3368.3333333333335	93.0	10936.0
950	2925.1666666666665	56.0	7197.0
960	3081.8333333333335	92.0	9485.0
970	3148.6666666666665	105.0	9401.0
980	3144.1666666666665	99.0	11150.0
990	3460.6666666666665	105.0	8235.0
1000	3169.8333333333335	133.0	10944.0
