0	242.66666666666666	0.0	0.0
10	2265.6666666666665	56.0	8666.0
20	2050.0	32.0	5816.0
30	1981.0	103.0	9005.0
40	1921.5	86.0	8910.0
50	2069.8333333333335	116.0	8882.0
60	2100.3333333333335	85.0	9383.0
70	2023.8333333333333	119.0	9532.0
80	2157.1666666666665	84.0	7036.0
90	1763.3333333333333	46.0	7500.0
100	2183.6666666666665	139.0	13225.0
110	2229.8333333333335	97.0	8370.0
120	2216.1666666666665	72.0	8160.0
130	2290.0	119.0	7760.0
140	2314.6666666666665	135.0	11332.0
150	2398.0	39.0	5119.0
160	2138.0	120.0	11285.0
170	2363.1666666666665	142.0	11347.0
180	2383.3333333333335	82.0	7761.0
190	2347.5	145.0	13993.0
200	2366.5	97.0	8745.0
210	2185.0	115.0	7664.0
220	2495.3333333333335	107.0	10302.0
230	2434.8333333333335	88.0	8410.0
240	2355.0	82.0	6941.0
250	2257.0	155.0	11843.0
260	2449.0	107.0	9518.0
270	2684.6666666666665	103.0	5635.0
280	2692.1666666666665	73.0	5886.0
290	2382.1666666666665	105.0	10716.0
300	2548.8333333333335	58.0	7543.0
310	2593.3333333333335	92.0	9923.0
320	2201.0	92.0	8698.0
330	2366.1666666666665	132.0	9385.0
340	2480.6666666666665	187.0	10027.0
350	2669.1666666666665	63.0	8077.0
360	2563.6666666666665	166.0	10957.0
370	2746.8333333333335	148.0	8718.0
380	2582.0	80.0	7232.0
390	2815.0	147.0	8331.0
400	2872.0	87.0	7669.0
410	2603.6666666666665	213.0	11849.0
420	2815.6666666666665	48.0	5924.0
430	2384.5	38.0	6963.0
440	3040.3333333333335	69.0	7642.0
450	2693.0	145.0	10217.0
460	2953.5	124.0	9770.0
470	2900.5	77.0	7443.0
480	2932.0	65.0	8887.0
490	2562.1666666666665	109.0	7098.0
500	2809.3333333333335	40.0	7021.0
510	2551.3333333333335	171.0	10696.0
520	2966.6666666666665	109.0	8302.0
530	2849.5	87.0	8279.0
540	3023.3333333333335	94.0	6842.0
550	2800.1666666666665	173.0	10849.0
560	2790.6666666666665	191.0	11281.0
570	2902.1666666666665	119.0	10348.0
580	2702.5	123.0	7923.0
590	2668.3333333333335	139.0	10535.0
600	2704.5	99.0	8575.0
610	3052.1666666666665	142.0	9461.0
620	2827.6666666666665	91.0	8837.0
630	2844.8333333333335	129.0	11516.0
640	3106.3333333333335	90.0	8646.0
650	2848.3333333333335	146.0	9946.0
660	2930.6666666666665	226.0	13791.0
670	3412.0	114.0	10405.0
680	2909.3333333333335	73.0	8852.0
690	2913.6666666666665	44.0	7126.0
700	3054.3333333333335	167.0	11745.0
710	2944.5	100.0	8244.0
720	2999.0	50.0	7992.0
730	2847.1666666666665	113.0	9265.0
740	3132.0	95.0	10123.0
750	2920.5	88.0	7027.0
760	2889.1666666666665	116.0	8397.0
770	3037.6666666666665	64.0	6790.0
780	3104.6666666666665	131.0	13304.0
790	3336.3333333333335	137.0	10884.0
800	3177.5	38.0	5457.0
810	2865.3333333333335	99.0	10633.0
820	3006.6666666666665	150.0	8754.0
830	3277.5	125.0	10294.0
840	3043.5	174.0	11911.0
850	3223.1666666666665	90.0	9569.0
860	3054.1666666666665	21.0	6895.0
870	3089.3333333333335	89.0	8337.0
880	3380.1666666666665	106.0	9729.0
890	3300.6666666666665	80.0	9194.0
900	3361.1666666666665	97.0	8573.0
910	3047.0	85.0	9086.0
920	3295.1666666666665	42.0	5765.0
930	3336.8333333333335	105.0	11281.0
940	3129.6666666666665	116.0	10432.0
950	3208.6666666666665	115.0	11190.0
960	3228.6666666666665	24.0	5019.0
970	3144.8333333333335	88.0	8554.0
980	3040.6666666666665	41.0	7291.0
990	3181.0	56.0	8225.0
1000	2789.5	79.0	8984.0
