0	2835.8333333333335	0.0	0.0	0.0
10	2528.0	67.0	1234.0	10388.0
20	2659.5	46.0	1266.0	9561.0
30	2323.0	48.0	1140.0	7915.0
40	2448.0	9.0	717.0	5513.0
50	2449.3333333333335	30.0	1272.0	10424.0
60	2253.8333333333335	68.0	993.0	6415.0
70	2301.8333333333335	30.0	867.0	6384.0
80	2637.5	33.0	1055.0	7647.0
90	2796.6666666666665	22.0	829.0	5985.0
100	2456.3333333333335	7.0	867.0	6714.0
110	2443.6666666666665	34.0	1141.0	9582.0
120	2497.5	28.0	860.0	6000.0
130	2508.6666666666665	49.0	1378.0	11278.0
140	2707.3333333333335	2.0	894.0	7726.0
150	2580.1666666666665	23.0	1012.0	7948.0
160	2835.8333333333335	29.0	1106.0	8250.0
170	2684.0	20.0	1467.0	10445.0
180	3021.6666666666665	27.0	1536.0	11734.0
190	3119.8333333333335	26.0	1181.0	10299.0
200	2842.3333333333335	1.0	1442.0	11620.0
210	2669.8333333333335	0.0	860.0	6525.0
220	3254.5	7.0	1199.0	9857.0
230	2878.3333333333335	2.0	1461.0	12608.0
240	3102.6666666666665	1.0	1183.0	9570.0
250	3105.8333333333335	0.0	1118.0	8524.0
260	3317.5	1.0	1272.0	9532.0
270	3365.0	4.0	1315.0	10613.0
280	3757.0	2.0	1152.0	9248.0
290	3245.8333333333335	9.0	1416.0	9633.0
300	3659.3333333333335	1.0	1440.0	11396.0
310	3368.5	4.0	1351.0	9847.0
320	3654.5	4.0	1505.0	10409.0
330	3193.0	1.0	1159.0	8848.0
340	3770.1666666666665	1.0	1586.0	12496.0
350	3189.6666666666665	0.0	1453.0	10081.0
360	3461.8333333333335	5.0	1328.0	8544.0
370	3766.6666666666665	0.0	1498.0	9805.0
380	3633.6666666666665	1.0	1563.0	11731.0
390	3997.1666666666665	3.0	1391.0	9149.0
400	3845.0	0.0	1588.0	11899.0
410	3851.0	0.0	1532.0	10667.0
420	3470.8333333333335	0.0	1448.0	10457.0
430	3669.5	1.0	1991.0	14631.0
440	3540.5	0.0	1600.0	10941.0
450	3984.1666666666665	0.0	1940.0	11491.0
460	3873.6666666666665	0.0	1226.0	8322.0
470	3866.5	0.0	1831.0	11505.0
480	3652.5	0.0	2022.0	12694.0
490	3381.3333333333335	0.0	1360.0	9191.0
500	2986.0	0.0	1461.0	10650.0
510	3764.0	0.0	1637.0	11382.0
520	3823.6666666666665	0.0	1906.0	11749.0
530	3539.0	0.0	1834.0	11920.0
540	3733.5	0.0	1495.0	9924.0
550	3554.1666666666665	0.0	1211.0	9251.0
560	3866.0	0.0	1475.0	10733.0
570	3629.1666666666665	0.0	1637.0	10243.0
580	3169.5	0.0	1635.0	10176.0
590	3210.5	0.0	2034.0	11500.0
600	3576.6666666666665	0.0	1938.0	11901.0
610	3762.1666666666665	0.0	1883.0	11019.0
620	3092.1666666666665	0.0	1423.0	8903.0
630	3580.6666666666665	0.0	1248.0	8037.0
640	3735.5	0.0	1586.0	10932.0
650	3754.3333333333335	0.0	1023.0	7843.0
660	3354.8333333333335	0.0	1883.0	12022.0
670	3859.8333333333335	0.0	1605.0	8816.0
680	3922.5	0.0	2001.0	11990.0
690	3754.1666666666665	0.0	2325.0	13057.0
700	3685.8333333333335	0.0	1213.0	9236.0
710	3738.6666666666665	0.0	1506.0	9445.0
720	3979.0	0.0	1469.0	10185.0
730	3498.0	0.0	2079.0	13920.0
740	3477.8333333333335	0.0	1202.0	8357.0
750	4250.166666666667	0.0	1317.0	9978.0
760	3761.1666666666665	0.0	1545.0	10492.0
770	4025.1666666666665	0.0	1137.0	8869.0
780	3773.8333333333335	0.0	1704.0	10063.0
790	3843.3333333333335	0.0	1243.0	9028.0
800	3746.8333333333335	0.0	1090.0	7654.0
