0	2740.8333333333335	0.0	0.0	0.0
10	2547.8333333333335	150.0	603.0	8889.0
20	2341.6666666666665	17.0	336.0	7100.0
30	2678.1666666666665	70.0	320.0	9024.0
40	2839.1666666666665	90.0	632.0	13027.0
50	2586.3333333333335	149.0	601.0	11279.0
60	2663.1666666666665	163.0	1145.0	12422.0
70	3058.5	48.0	665.0	14023.0
80	2410.8333333333335	77.0	556.0	7895.0
90	2199.6666666666665	29.0	410.0	7852.0
100	2660.8333333333335	47.0	493.0	10656.0
110	3062.8333333333335	72.0	411.0	8924.0
120	2723.5	66.0	668.0	10716.0
130	2796.5	22.0	185.0	8210.0
140	2374.5	0.0	0.0	11231.0
150	2506.5	0.0	0.0	9572.0
160	2633.3333333333335	0.0	0.0	7299.0
170	2922.1666666666665	0.0	0.0	10595.0
180	3146.1666666666665	0.0	0.0	7661.0
190	2721.0	0.0	0.0	4651.0
200	2786.3333333333335	0.0	0.0	7588.0
210	2497.8333333333335	0.0	0.0	9416.0
220	2859.6666666666665	0.0	0.0	9666.0
230	3061.8333333333335	0.0	0.0	10125.0
240	3347.0	0.0	0.0	13215.0
250	2695.5	0.0	0.0	9401.0
260	3338.1666666666665	0.0	0.0	9346.0
270	3452.0	0.0	0.0	9546.0
280	3537.5	0.0	0.0	7843.0
290	3363.3333333333335	0.0	0.0	11049.0
300	3235.8333333333335	0.0	0.0	9556.0
310	3333.5	0.0	0.0	12326.0
320	3353.0	0.0	0.0	11202.0
330	3534.5	0.0	0.0	9789.0
340	3414.3333333333335	0.0	0.0	8276.0
350	3744.6666666666665	0.0	0.0	8361.0
360	3519.1666666666665	0.0	0.0	11147.0
370	3511.1666666666665	0.0	0.0	8203.0
380	3475.5	0.0	0.0	10283.0
390	3093.1666666666665	0.0	0.0	10739.0
400	3427.8333333333335	0.0	0.0	11392.0
410	3303.0	0.0	0.0	10416.0
420	3268.0	0.0	0.0	9719.0
430	3750.0	0.0	0.0	13295.0
440	3618.0	0.0	0.0	10999.0
450	3488.5	0.0	0.0	7744.0
460	3773.5	0.0	0.0	14315.0
470	3834.3333333333335	0.0	0.0	9913.0
480	3284.1666666666665	0.0	0.0	9287.0
490	3334.1666666666665	0.0	0.0	13394.0
500	3731.8333333333335	0.0	0.0	10227.0
510	3853.1666666666665	0.0	0.0	8223.0
520	3499.6666666666665	0.0	0.0	8279.0
530	3800.5	0.0	0.0	10576.0
540	3184.3333333333335	0.0	0.0	12120.0
550	3619.8333333333335	0.0	0.0	9124.0
560	3670.0	0.0	0.0	12078.0
570	3603.0	0.0	0.0	12560.0
580	3858.0	0.0	0.0	9955.0
590	3777.5	0.0	0.0	11197.0
600	3619.0	0.0	0.0	7759.0
610	3908.0	0.0	0.0	12788.0
620	3273.0	0.0	0.0	9886.0
630	3915.5	0.0	0.0	9714.0
640	3671.8333333333335	0.0	0.0	12986.0
650	3548.8333333333335	0.0	0.0	11378.0
660	3743.5	0.0	0.0	11717.0
670	3873.3333333333335	0.0	0.0	11056.0
680	3545.0	0.0	0.0	9573.0
690	3964.0	0.0	0.0	12558.0
700	3766.8333333333335	0.0	0.0	12276.0
710	3713.8333333333335	0.0	0.0	11140.0
720	3604.5	0.0	0.0	11955.0
730	4146.833333333333	0.0	0.0	9078.0
740	3731.5	0.0	0.0	9159.0
750	3519.3333333333335	0.0	0.0	11514.0
760	3878.6666666666665	0.0	0.0	16141.0
770	3727.8333333333335	0.0	0.0	11397.0
780	3605.5	0.0	0.0	10857.0
790	3822.0	0.0	0.0	9724.0
800	3740.1666666666665	0.0	0.0	9655.0
