0	2365.5	0.0	0.0	0.0
10	2717.0	9.0	444.0	7140.0
20	2684.8333333333335	0.0	654.0	10595.0
30	2577.0	1.0	618.0	10780.0
40	2876.3333333333335	0.0	507.0	8308.0
50	3117.3333333333335	0.0	674.0	9974.0
60	3089.5	0.0	401.0	6044.0
70	3061.1666666666665	1.0	665.0	11047.0
80	2868.3333333333335	0.0	716.0	8653.0
90	3077.3333333333335	0.0	605.0	9296.0
100	2630.8333333333335	1.0	444.0	6487.0
110	3179.0	0.0	678.0	11025.0
120	3223.0	0.0	536.0	7355.0
130	3011.8333333333335	0.0	735.0	9081.0
140	3408.3333333333335	0.0	674.0	8860.0
150	3055.3333333333335	0.0	469.0	6057.0
160	3203.0	0.0	767.0	12526.0
170	3290.3333333333335	0.0	630.0	7799.0
180	2901.0	0.0	610.0	9272.0
190	2867.5	0.0	526.0	9407.0
200	2670.3333333333335	0.0	575.0	7967.0
210	3493.8333333333335	0.0	670.0	10383.0
220	3505.6666666666665	0.0	504.0	8729.0
230	3747.8333333333335	0.0	688.0	10963.0
240	3289.1666666666665	0.0	718.0	11516.0
250	3096.3333333333335	0.0	662.0	10360.0
260	3290.5	0.0	596.0	9649.0
270	3318.5	0.0	931.0	11513.0
280	3121.3333333333335	0.0	835.0	10255.0
290	3537.8333333333335	0.0	733.0	12352.0
300	3567.8333333333335	0.0	651.0	8013.0
310	3565.8333333333335	0.0	831.0	10272.0
320	3882.3333333333335	0.0	706.0	10302.0
330	3590.3333333333335	0.0	797.0	10846.0
340	3718.0	0.0	1005.0	11011.0
350	3220.6666666666665	0.0	799.0	10011.0
360	3740.8333333333335	0.0	819.0	10657.0
370	3394.6666666666665	0.0	983.0	15883.0
380	3472.8333333333335	0.0	712.0	10339.0
390	3117.3333333333335	0.0	887.0	10736.0
400	3740.0	0.0	837.0	9291.0
410	3765.6666666666665	0.0	895.0	10211.0
420	3752.6666666666665	0.0	798.0	11651.0
430	3953.0	0.0	813.0	10517.0
440	3786.1666666666665	0.0	980.0	11136.0
450	3362.0	0.0	918.0	9973.0
460	2826.1666666666665	0.0	949.0	9514.0
470	3631.6666666666665	0.0	677.0	8495.0
480	3620.5	0.0	883.0	10182.0
490	3956.6666666666665	0.0	883.0	9714.0
500	3829.8333333333335	0.0	955.0	10797.0
510	3880.3333333333335	0.0	759.0	9001.0
520	3370.0	0.0	985.0	12157.0
530	3921.1666666666665	0.0	887.0	11385.0
540	3506.0	0.0	777.0	11755.0
550	3644.3333333333335	0.0	1066.0	14250.0
560	3719.3333333333335	0.0	1074.0	12932.0
570	3784.3333333333335	0.0	945.0	11238.0
580	3982.3333333333335	0.0	929.0	10512.0
590	3733.0	0.0	709.0	9196.0
600	3650.1666666666665	0.0	873.0	11072.0
