0	965.0	0.0	0.0	0.0
10	1152.8333333333333	20.0	6587.0	6587.0
20	1851.8333333333333	11.0	5416.0	5416.0
30	1832.3333333333333	18.0	9462.0	9462.0
40	1821.3333333333333	8.0	6734.0	6734.0
50	2041.0	11.0	7946.0	7946.0
60	2550.6666666666665	13.0	8946.0	8946.0
70	2401.0	13.0	8408.0	8408.0
80	2469.0	14.0	8836.0	8836.0
90	2438.3333333333335	16.0	9734.0	9734.0
100	2456.6666666666665	13.0	8183.0	8183.0
110	1797.0	11.0	8332.0	8332.0
120	1837.6666666666667	12.0	10464.0	10464.0
130	1600.8333333333333	9.0	8217.0	8217.0
140	1750.3333333333333	8.0	7938.0	7938.0
150	1862.0	16.0	7860.0	7860.0
160	1490.3333333333333	4.0	6747.0	6747.0
170	1531.8333333333333	6.0	6748.0	6748.0
180	2417.3333333333335	17.0	8767.0	8767.0
190	2522.1666666666665	21.0	8447.0	8447.0
200	2471.6666666666665	21.0	7909.0	7909.0
210	1958.0	25.0	9991.0	9991.0
220	1363.0	24.0	8825.0	8825.0
230	1886.6666666666667	10.0	7461.0	7461.0
240	2138.3333333333335	12.0	9877.0	9877.0
250	2072.8333333333335	16.0	9480.0	9480.0
260	1728.8333333333333	19.0	9315.0	9315.0
270	2267.1666666666665	8.0	7671.0	7671.0
280	1621.3333333333333	16.0	10117.0	10117.0
290	2161.3333333333335	14.0	8957.0	8957.0
300	2093.3333333333335	18.0	9678.0	9678.0
310	2120.6666666666665	34.0	12691.0	12691.0
320	1888.1666666666667	16.0	8227.0	8227.0
330	2102.8333333333335	16.0	8044.0	8044.0
340	2351.1666666666665	13.0	8344.0	8344.0
350	2164.6666666666665	33.0	9861.0	9861.0
360	1917.0	17.0	7664.0	7664.0
370	2233.5	13.0	9230.0	9230.0
380	2007.6666666666667	19.0	10112.0	10112.0
390	2163.3333333333335	15.0	9250.0	9250.0
400	1846.6666666666667	18.0	8337.0	8337.0
410	2055.5	34.0	12031.0	12031.0
420	2084.8333333333335	43.0	10924.0	10924.0
430	2081.0	11.0	7538.0	7538.0
440	2115.0	40.0	11367.0	11367.0
450	2231.3333333333335	22.0	8352.0	8352.0
460	2247.3333333333335	18.0	9018.0	9018.0
470	2488.3333333333335	17.0	8007.0	8007.0
480	2233.5	25.0	10862.0	10862.0
490	2475.0	22.0	8682.0	8682.0
500	2436.6666666666665	20.0	10237.0	10237.0
510	1750.3333333333333	8.0	7838.0	7838.0
520	2136.3333333333335	17.0	11466.0	11466.0
530	1868.0	29.0	12559.0	12559.0
540	2059.1666666666665	19.0	9243.0	9243.0
550	2428.3333333333335	12.0	8996.0	8996.0
560	2204.3333333333335	16.0	9402.0	9402.0
570	1481.0	29.0	8803.0	11833.0
580	2809.6666666666665	0.0	0.0	8845.0
590	2479.8333333333335	0.0	0.0	8003.0
600	2467.6666666666665	0.0	0.0	8865.0
610	2533.3333333333335	0.0	0.0	9094.0
620	1895.6666666666667	0.0	0.0	8821.0
630	1775.5	0.0	0.0	8831.0
640	2007.3333333333333	0.0	0.0	9422.0
650	1804.0	0.0	0.0	7625.0
660	1798.3333333333333	0.0	0.0	11313.0
670	2103.5	0.0	0.0	9010.0
680	2440.8333333333335	0.0	0.0	6362.0
690	2323.6666666666665	0.0	0.0	8511.0
700	2386.6666666666665	0.0	0.0	8865.0
710	2599.0	0.0	0.0	8015.0
720	2354.1666666666665	0.0	0.0	7962.0
730	1949.1666666666667	0.0	0.0	7090.0
740	1735.0	0.0	0.0	7877.0
750	1535.0	0.0	0.0	9225.0
760	1696.3333333333333	0.0	0.0	8349.0
770	1624.6666666666667	0.0	0.0	9577.0
780	1803.1666666666667	0.0	0.0	9494.0
790	2136.0	0.0	0.0	9783.0
800	1963.5	0.0	0.0	9632.0
810	2299.3333333333335	0.0	0.0	9222.0
820	2187.3333333333335	0.0	0.0	10210.0
830	2400.6666666666665	0.0	0.0	8748.0
840	2435.3333333333335	0.0	0.0	8044.0
850	2411.3333333333335	0.0	0.0	8251.0
860	2691.3333333333335	0.0	0.0	8971.0
870	2634.3333333333335	0.0	0.0	9354.0
880	2554.6666666666665	0.0	0.0	10066.0
890	2505.1666666666665	0.0	0.0	9006.0
900	2428.3333333333335	0.0	0.0	6431.0
910	2354.1666666666665	0.0	0.0	9517.0
920	2433.1666666666665	0.0	0.0	9698.0
930	2492.6666666666665	0.0	0.0	10123.0
940	1708.1666666666667	0.0	0.0	8856.0
950	1877.0	0.0	0.0	8564.0
960	1758.6666666666667	0.0	0.0	9191.0
970	1884.1666666666667	0.0	0.0	10562.0
980	1949.3333333333333	0.0	0.0	10640.0
990	1794.3333333333333	0.0	0.0	8347.0
1000	1961.0	0.0	0.0	8017.0
