0	1001.6666666666666	0.0	0.0	0.0
10	1132.1666666666667	33.0	9327.0	9327.0
20	1489.3333333333333	21.0	6471.0	6471.0
30	1250.6666666666667	24.0	10370.0	10370.0
40	2115.3333333333335	10.0	9630.0	9630.0
50	1942.3333333333333	18.0	7596.0	7596.0
60	2297.0	27.0	10573.0	10573.0
70	2641.0	13.0	7252.0	7252.0
80	2175.0	15.0	9633.0	9633.0
90	2473.5	22.0	9744.0	9744.0
100	2232.6666666666665	15.0	10631.0	10631.0
110	1713.6666666666667	11.0	8739.0	8739.0
120	1807.3333333333333	17.0	8838.0	8838.0
130	1724.0	24.0	8489.0	8489.0
140	1654.3333333333333	13.0	5868.0	5868.0
150	949.3333333333334	15.0	5973.0	5973.0
160	2178.3333333333335	6.0	6950.0	6950.0
170	2046.0	15.0	9104.0	9104.0
180	2023.5	20.0	8606.0	8606.0
190	1999.3333333333333	4.0	6174.0	6174.0
200	2073.3333333333335	24.0	7279.0	7279.0
210	2273.6666666666665	25.0	10230.0	10230.0
220	2039.0	18.0	7719.0	7719.0
230	2495.0	32.0	8975.0	8975.0
240	2493.8333333333335	11.0	7330.0	7330.0
250	2216.8333333333335	34.0	9830.0	9830.0
260	2460.3333333333335	22.0	11299.0	11299.0
270	2116.3333333333335	24.0	10819.0	10819.0
280	1758.0	26.0	8086.0	8086.0
290	2169.5	33.0	9940.0	9940.0
300	2214.1666666666665	8.0	8801.0	8801.0
310	2256.3333333333335	10.0	9646.0	9646.0
320	2418.3333333333335	20.0	7224.0	7224.0
330	2163.3333333333335	14.0	8674.0	8674.0
340	2212.6666666666665	27.0	11809.0	11809.0
350	2067.5	19.0	7943.0	7943.0
360	2116.6666666666665	29.0	9143.0	9143.0
370	1658.1666666666667	19.0	8363.0	8363.0
380	2117.5	17.0	9735.0	9735.0
390	1733.1666666666667	11.0	9980.0	9980.0
400	2398.3333333333335	10.0	9588.0	9588.0
410	2454.3333333333335	12.0	8386.0	8386.0
420	2420.8333333333335	24.0	7933.0	7933.0
430	2348.8333333333335	2.0	9306.0	9306.0
440	1773.3333333333333	23.0	8759.0	8759.0
450	1804.3333333333333	15.0	9497.0	9497.0
460	1702.6666666666667	44.0	14123.0	14123.0
470	1874.0	21.0	11471.0	11471.0
480	2433.8333333333335	10.0	7070.0	7070.0
490	2534.6666666666665	32.0	9887.0	9887.0
500	2265.0	19.0	9410.0	9410.0
510	2546.0	13.0	8628.0	8628.0
520	2188.3333333333335	7.0	6742.0	6742.0
530	2105.6666666666665	10.0	7609.0	7609.0
540	2487.6666666666665	6.0	8474.0	8474.0
550	2380.3333333333335	3.0	7305.0	7305.0
560	2534.3333333333335	3.0	2090.0	8455.0
570	2580.3333333333335	0.0	0.0	9823.0
580	2300.0	0.0	0.0	9888.0
590	2437.0	0.0	0.0	7134.0
600	2377.3333333333335	0.0	0.0	7811.0
610	2516.3333333333335	0.0	0.0	8776.0
620	1695.0	0.0	0.0	8705.0
630	1972.8333333333333	0.0	0.0	9385.0
640	1928.8333333333333	0.0	0.0	11210.0
650	1615.8333333333333	0.0	0.0	7113.0
660	1672.5	0.0	0.0	11282.0
670	2261.8333333333335	0.0	0.0	9662.0
680	2194.3333333333335	0.0	0.0	8221.0
690	1795.6666666666667	0.0	0.0	10287.0
700	1889.0	0.0	0.0	9364.0
710	2043.3333333333333	0.0	0.0	8994.0
720	2368.3333333333335	0.0	0.0	9956.0
730	2612.1666666666665	0.0	0.0	9263.0
740	2529.3333333333335	0.0	0.0	11523.0
750	2640.8333333333335	0.0	0.0	10977.0
760	1891.0	0.0	0.0	9150.0
770	2191.0	0.0	0.0	9044.0
780	1785.8333333333333	0.0	0.0	10639.0
790	2203.6666666666665	0.0	0.0	10312.0
800	1752.6666666666667	0.0	0.0	8225.0
810	1882.1666666666667	0.0	0.0	10106.0
820	2291.6666666666665	0.0	0.0	8484.0
830	2427.0	0.0	0.0	8401.0
840	1874.3333333333333	0.0	0.0	7880.0
850	2464.6666666666665	0.0	0.0	11818.0
860	1924.6666666666667	0.0	0.0	9926.0
870	1811.1666666666667	0.0	0.0	9708.0
880	2132.3333333333335	0.0	0.0	9545.0
890	1841.3333333333333	0.0	0.0	9352.0
900	2308.8333333333335	0.0	0.0	8551.0
910	2255.8333333333335	0.0	0.0	6919.0
920	1885.5	0.0	0.0	7717.0
930	1589.6666666666667	0.0	0.0	8847.0
940	1901.6666666666667	0.0	0.0	8851.0
950	2089.6666666666665	0.0	0.0	10722.0
960	2232.1666666666665	0.0	0.0	9881.0
970	2360.5	0.0	0.0	9652.0
980	2461.6666666666665	0.0	0.0	10611.0
990	2470.0	0.0	0.0	10607.0
1000	2022.0	0.0	0.0	6408.0
