0	264.0	0.0	0.0	0.0
10	1927.75	303.0	4469.0	9130.0
20	1833.5	347.0	4434.0	9264.0
30	2094.25	264.0	4685.0	9521.0
40	2012.0	86.0	2590.0	8720.0
50	2312.0	0.0	0.0	6771.0
60	2004.75	0.0	0.0	9717.0
70	2532.0	0.0	0.0	11030.0
80	2640.25	0.0	0.0	10134.0
90	2469.0	0.0	0.0	8743.0
100	2530.0	0.0	0.0	9174.0
110	2388.25	0.0	0.0	8257.0
120	2533.75	0.0	0.0	6834.0
130	2472.75	0.0	0.0	9476.0
140	2437.75	0.0	0.0	7492.0
150	2445.25	0.0	0.0	12107.0
160	2890.5	0.0	0.0	11019.0
170	2552.5	0.0	0.0	8197.0
180	2938.5	0.0	0.0	6838.0
190	2407.5	0.0	0.0	8269.0
200	2583.5	0.0	0.0	10802.0
210	2486.75	0.0	0.0	8876.0
220	2682.25	0.0	0.0	7807.0
230	3040.25	0.0	0.0	7353.0
240	2250.0	0.0	0.0	9248.0
250	2747.25	0.0	0.0	8201.0
260	2326.25	0.0	0.0	7429.0
270	2320.75	0.0	0.0	6821.0
280	2722.75	0.0	0.0	11625.0
290	2619.0	0.0	0.0	9089.0
300	2691.0	0.0	0.0	11718.0
310	3103.5	0.0	0.0	10349.0
320	2729.75	0.0	0.0	10114.0
330	2635.0	0.0	0.0	7596.0
340	3471.75	0.0	0.0	10267.0
350	2859.75	0.0	0.0	9809.0
360	3787.75	0.0	0.0	8741.0
370	3474.0	0.0	0.0	10270.0
380	3874.25	0.0	0.0	11232.0
390	3740.75	0.0	0.0	9986.0
400	3544.75	0.0	0.0	12708.0
410	3260.5	0.0	0.0	13068.0
420	2796.25	0.0	0.0	6195.0
430	3588.25	0.0	0.0	6786.0
440	4012.75	0.0	0.0	10776.0
450	3606.75	0.0	0.0	10196.0
460	3290.75	0.0	0.0	10785.0
470	3140.25	0.0	0.0	8805.0
480	3243.0	0.0	0.0	11947.0
490	3610.25	0.0	0.0	9930.0
500	3609.25	0.0	0.0	10155.0
510	3737.75	0.0	0.0	13371.0
520	3819.75	0.0	0.0	12778.0
530	3663.0	0.0	0.0	8614.0
540	3697.75	0.0	0.0	8380.0
550	3360.0	0.0	0.0	10551.0
560	3744.0	0.0	0.0	10077.0
570	3089.0	0.0	0.0	11311.0
580	3745.5	0.0	0.0	11621.0
590	3692.5	0.0	0.0	8130.0
600	3635.0	0.0	0.0	11269.0
610	3556.0	0.0	0.0	10591.0
620	4072.5	0.0	0.0	10944.0
630	3998.25	0.0	0.0	9819.0
640	3873.0	0.0	0.0	9021.0
650	3802.0	0.0	0.0	11580.0
660	3739.0	0.0	0.0	10841.0
670	3487.5	0.0	0.0	9397.0
680	3547.25	0.0	0.0	9771.0
690	3614.75	0.0	0.0	8975.0
700	3371.5	0.0	0.0	12345.0
710	3089.75	0.0	0.0	11385.0
720	3880.5	0.0	0.0	12422.0
730	3513.75	0.0	0.0	10533.0
740	2879.25	0.0	0.0	9555.0
750	3733.0	0.0	0.0	8390.0
760	3780.25	0.0	0.0	9215.0
770	3115.25	0.0	0.0	12720.0
780	3816.75	0.0	0.0	11296.0
790	3880.75	0.0	0.0	11273.0
800	3725.5	0.0	0.0	12169.0
810	3634.25	0.0	0.0	10559.0
820	4038.25	0.0	0.0	13772.0
830	4155.0	0.0	0.0	8483.0
840	3548.5	0.0	0.0	10117.0
850	3482.25	0.0	0.0	11130.0
860	3648.25	0.0	0.0	8235.0
870	3764.5	0.0	0.0	12246.0
880	3412.0	0.0	0.0	11797.0
890	3614.75	0.0	0.0	10399.0
900	3625.5	0.0	0.0	13016.0
910	3744.75	0.0	0.0	12680.0
920	3512.5	0.0	0.0	9589.0
930	3793.0	0.0	0.0	9558.0
940	2753.0	0.0	0.0	6795.0
950	3660.75	0.0	0.0	8863.0
960	2148.0	0.0	0.0	8869.0
970	3679.0	0.0	0.0	10487.0
980	3930.25	0.0	0.0	8907.0
990	4100.5	0.0	0.0	11855.0
1000	3875.25	0.0	0.0	11826.0
