0	1776.3333333333333	0.0	0.0	0.0
10	1887.8333333333333	1000.0	1000.0	8100.0
20	1573.1666666666667	0.0	0.0	6394.0
30	1773.6666666666667	0.0	0.0	5910.0
40	1599.0	0.0	0.0	6752.0
50	1565.0	0.0	0.0	7134.0
60	1635.0	0.0	0.0	8369.0
70	1794.3333333333333	0.0	0.0	6965.0
80	1563.6666666666667	0.0	0.0	7258.0
90	1681.3333333333333	0.0	0.0	6745.0
100	1761.3333333333333	0.0	0.0	8845.0
110	1644.3333333333333	0.0	0.0	6107.0
120	1651.3333333333333	0.0	0.0	6980.0
130	1542.0	0.0	0.0	8040.0
140	1792.1666666666667	0.0	0.0	7120.0
150	1570.1666666666667	0.0	0.0	7184.0
160	1667.1666666666667	0.0	0.0	9053.0
170	1613.6666666666667	0.0	0.0	6373.0
180	1580.8333333333333	0.0	0.0	6892.0
190	1602.3333333333333	0.0	0.0	8053.0
200	1566.0	0.0	0.0	6278.0
210	1536.8333333333333	0.0	0.0	4825.0
220	1683.0	0.0	0.0	8313.0
230	1573.6666666666667	0.0	0.0	8622.0
240	1663.3333333333333	0.0	0.0	8710.0
250	1573.8333333333333	0.0	0.0	7619.0
260	1687.5	0.0	0.0	5357.0
270	1654.0	0.0	0.0	6385.0
280	1757.0	0.0	0.0	9209.0
290	1576.6666666666667	0.0	0.0	7075.0
300	1486.5	0.0	0.0	7378.0
310	1397.6666666666667	0.0	0.0	10085.0
320	1534.8333333333333	0.0	0.0	7395.0
330	1611.1666666666667	0.0	0.0	6987.0
340	1663.3333333333333	0.0	0.0	7704.0
350	1522.3333333333333	0.0	0.0	8036.0
360	1580.3333333333333	0.0	0.0	6199.0
370	1347.1666666666667	0.0	0.0	5541.0
380	1459.6666666666667	0.0	0.0	5702.0
390	1561.0	0.0	0.0	8451.0
400	1488.3333333333333	0.0	0.0	8290.0
410	1547.5	0.0	0.0	6820.0
420	1601.0	0.0	0.0	7262.0
430	1417.5	0.0	0.0	4829.0
440	1451.1666666666667	0.0	0.0	6670.0
450	1398.3333333333333	0.0	0.0	7626.0
460	1462.0	0.0	0.0	6832.0
470	1500.3333333333333	0.0	0.0	8969.0
480	1625.6666666666667	0.0	0.0	6721.0
490	1525.6666666666667	0.0	0.0	6022.0
500	1190.6666666666667	0.0	0.0	7217.0
510	1495.6666666666667	0.0	0.0	6179.0
520	1276.6666666666667	0.0	0.0	5523.0
530	1176.3333333333333	0.0	0.0	5932.0
540	1235.0	0.0	0.0	6625.0
550	1436.0	0.0	0.0	5702.0
560	1242.6666666666667	0.0	0.0	5042.0
570	1191.6666666666667	0.0	0.0	6945.0
580	1438.6666666666667	0.0	0.0	5807.0
590	1421.3333333333333	0.0	0.0	5617.0
600	1331.0	0.0	0.0	7108.0
610	1449.3333333333333	0.0	0.0	6379.0
620	1347.3333333333333	0.0	0.0	4869.0
630	1455.0	0.0	0.0	6520.0
640	1480.6666666666667	0.0	0.0	5169.0
650	1097.6666666666667	0.0	0.0	5216.0
660	1187.0	0.0	0.0	5677.0
670	1349.3333333333333	0.0	0.0	4856.0
680	1327.3333333333333	0.0	0.0	5053.0
690	1422.6666666666667	0.0	0.0	6448.0
700	1364.3333333333333	0.0	0.0	6953.0
710	1449.3333333333333	0.0	0.0	5576.0
720	1375.6666666666667	0.0	0.0	5585.0
730	1353.6666666666667	0.0	0.0	4827.0
740	1248.0	0.0	0.0	4549.0
750	1449.3333333333333	0.0	0.0	4653.0
760	1446.0	0.0	0.0	6213.0
770	1527.0	0.0	0.0	5421.0
780	1265.6666666666667	0.0	0.0	6656.0
790	1271.6666666666667	0.0	0.0	4731.0
800	1311.6666666666667	0.0	0.0	4941.0
810	1398.3333333333333	0.0	0.0	4460.0
820	1167.6666666666667	0.0	0.0	6619.0
830	1424.6666666666667	0.0	0.0	4392.0
840	1329.3333333333333	0.0	0.0	5256.0
850	1231.6666666666667	0.0	0.0	6952.0
860	1214.6666666666667	0.0	0.0	6539.0
870	1313.6666666666667	0.0	0.0	6268.0
880	1143.3333333333333	0.0	0.0	5582.0
890	1206.3333333333333	0.0	0.0	5143.0
900	1298.3333333333333	0.0	0.0	5943.0
910	1388.1666666666667	0.0	0.0	4073.0
920	1344.6666666666667	0.0	0.0	4503.0
930	1223.3333333333333	0.0	0.0	5305.0
940	1296.3333333333333	0.0	0.0	5841.0
950	1495.0	0.0	0.0	4464.0
960	1391.3333333333333	0.0	0.0	5808.0
970	1372.0	0.0	0.0	6015.0
980	1392.3333333333333	0.0	0.0	7048.0
990	1312.3333333333333	0.0	0.0	5111.0
1000	1294.0	0.0	0.0	6680.0
