0	2637.1666666666665	0.0	0.0	0.0
10	2139.3333333333335	0.0	0.0	7641.0
20	2283.6666666666665	0.0	0.0	8140.0
30	2517.6666666666665	0.0	0.0	7700.0
40	2453.5	0.0	0.0	10886.0
50	2191.3333333333335	0.0	0.0	8768.0
60	2702.6666666666665	0.0	0.0	9338.0
70	3082.3333333333335	0.0	0.0	10656.0
80	3017.0	0.0	0.0	11250.0
90	2783.3333333333335	0.0	0.0	8746.0
100	2372.8333333333335	0.0	0.0	7565.0
110	2940.3333333333335	0.0	0.0	12474.0
120	2783.6666666666665	0.0	0.0	7669.0
130	2557.1666666666665	0.0	0.0	8279.0
140	2223.5	0.0	0.0	9096.0
150	3099.6666666666665	0.0	0.0	9591.0
160	3196.5	0.0	0.0	9279.0
170	3028.0	0.0	0.0	9026.0
180	3097.6666666666665	0.0	0.0	7792.0
190	3116.5	0.0	0.0	7400.0
200	3086.6666666666665	0.0	0.0	10934.0
210	3119.6666666666665	0.0	0.0	10006.0
220	3106.5	0.0	0.0	12806.0
230	3042.5	0.0	0.0	10949.0
240	3819.0	0.0	0.0	11028.0
250	2772.8333333333335	0.0	0.0	11940.0
260	3249.5	0.0	0.0	9291.0
270	3146.0	0.0	0.0	11684.0
280	2977.6666666666665	0.0	0.0	10932.0
290	3018.1666666666665	0.0	0.0	8640.0
300	3751.5	0.0	0.0	11425.0
310	3638.6666666666665	0.0	0.0	8528.0
320	2755.5	0.0	0.0	11355.0
330	2949.1666666666665	0.0	0.0	10483.0
340	3603.1666666666665	0.0	0.0	12461.0
350	3406.0	0.0	0.0	9020.0
360	3384.3333333333335	0.0	0.0	9343.0
370	3370.1666666666665	0.0	0.0	10262.0
380	3626.5	0.0	0.0	11805.0
390	3830.5	0.0	0.0	8140.0
400	3020.3333333333335	0.0	0.0	10013.0
410	3621.5	0.0	0.0	10623.0
420	3993.8333333333335	0.0	0.0	11123.0
430	3738.8333333333335	0.0	0.0	10475.0
440	3565.6666666666665	0.0	0.0	9845.0
450	3609.6666666666665	0.0	0.0	8621.0
460	3856.6666666666665	0.0	0.0	9799.0
470	3672.0	0.0	0.0	12977.0
480	3604.6666666666665	0.0	0.0	11277.0
490	3364.0	0.0	0.0	10921.0
500	3778.5	0.0	0.0	10420.0
510	3467.5	0.0	0.0	10168.0
520	3453.6666666666665	0.0	0.0	10298.0
530	3873.5	0.0	0.0	8192.0
540	3590.6666666666665	0.0	0.0	8535.0
550	3422.6666666666665	0.0	0.0	8007.0
560	3786.6666666666665	0.0	0.0	11374.0
570	3738.6666666666665	0.0	0.0	9392.0
580	3527.3333333333335	0.0	0.0	11032.0
590	3635.0	0.0	0.0	5642.0
600	3863.6666666666665	0.0	0.0	10761.0
610	3796.0	0.0	0.0	9181.0
620	3741.8333333333335	0.0	0.0	9887.0
630	3288.6666666666665	0.0	0.0	11687.0
640	3268.5	0.0	0.0	13607.0
650	4050.8333333333335	0.0	0.0	13027.0
660	3686.1666666666665	0.0	0.0	9357.0
670	3847.1666666666665	0.0	0.0	11390.0
680	3984.6666666666665	0.0	0.0	8810.0
690	3789.8333333333335	0.0	0.0	10845.0
700	3808.8333333333335	0.0	0.0	13593.0
710	3372.8333333333335	0.0	0.0	10386.0
720	3886.6666666666665	0.0	0.0	11668.0
730	3874.5	0.0	0.0	12322.0
740	3835.8333333333335	0.0	0.0	11967.0
750	3624.1666666666665	0.0	0.0	10842.0
760	3965.1666666666665	0.0	0.0	9550.0
770	4094.3333333333335	0.0	0.0	9732.0
780	3846.3333333333335	0.0	0.0	7991.0
790	3983.0	0.0	0.0	8957.0
800	3599.1666666666665	0.0	0.0	9457.0
810	3616.6666666666665	0.0	0.0	10876.0
820	3749.3333333333335	0.0	0.0	5860.0
830	3843.1666666666665	0.0	0.0	13991.0
840	3656.1666666666665	0.0	0.0	12538.0
850	3753.6666666666665	0.0	0.0	10457.0
860	3747.1666666666665	0.0	0.0	11023.0
870	3626.8333333333335	0.0	0.0	7995.0
880	3865.8333333333335	0.0	0.0	11337.0
890	3852.3333333333335	0.0	0.0	10940.0
900	4106.0	0.0	0.0	11084.0
910	3737.0	0.0	0.0	9270.0
920	3562.1666666666665	0.0	0.0	11746.0
930	3614.0	0.0	0.0	11122.0
940	3715.8333333333335	0.0	0.0	10784.0
950	3616.3333333333335	0.0	0.0	13172.0
960	3828.1666666666665	0.0	0.0	7865.0
970	3809.6666666666665	0.0	0.0	10119.0
980	3752.0	0.0	0.0	9345.0
990	3556.0	0.0	0.0	12531.0
1000	3993.8333333333335	0.0	0.0	10689.0
