0	1327.6666666666667	0.0	0.0	0.0
10	1052.3333333333333	748.0	7689.0	7689.0
20	1039.6666666666667	252.0	2742.0	5775.0
30	851.0	0.0	0.0	4117.0
40	1211.0	0.0	0.0	8239.0
50	1991.0	0.0	0.0	7522.0
60	1560.6666666666667	0.0	0.0	4673.0
70	1609.0	0.0	0.0	6709.0
80	2489.1666666666665	0.0	0.0	7658.0
90	2510.8333333333335	0.0	0.0	7626.0
100	2342.6666666666665	0.0	0.0	8981.0
110	2362.3333333333335	0.0	0.0	7223.0
120	2483.5	0.0	0.0	6769.0
130	1609.3333333333333	0.0	0.0	8417.0
140	1943.6666666666667	0.0	0.0	7372.0
150	1953.0	0.0	0.0	6430.0
160	2015.1666666666667	0.0	0.0	8528.0
170	2199.5	0.0	0.0	7586.0
180	2540.5	0.0	0.0	8418.0
190	2177.6666666666665	0.0	0.0	9552.0
200	2172.8333333333335	0.0	0.0	8881.0
210	1790.0	0.0	0.0	8819.0
220	1925.1666666666667	0.0	0.0	9337.0
230	1628.0	0.0	0.0	12316.0
240	2357.3333333333335	0.0	0.0	10988.0
250	2491.6666666666665	0.0	0.0	8794.0
260	2419.0	0.0	0.0	7729.0
270	2612.3333333333335	0.0	0.0	8407.0
280	2564.6666666666665	0.0	0.0	8278.0
290	2377.6666666666665	0.0	0.0	8954.0
300	2477.6666666666665	0.0	0.0	9930.0
310	1807.3333333333333	0.0	0.0	7849.0
320	2282.8333333333335	0.0	0.0	8415.0
330	1646.0	0.0	0.0	9279.0
340	2597.6666666666665	0.0	0.0	8481.0
350	1916.3333333333333	0.0	0.0	8356.0
360	2487.6666666666665	0.0	0.0	9204.0
370	2288.1666666666665	0.0	0.0	9343.0
380	2554.0	0.0	0.0	8066.0
390	2475.8333333333335	0.0	0.0	8054.0
400	2447.1666666666665	0.0	0.0	8215.0
410	2307.5	0.0	0.0	8511.0
420	1822.6666666666667	0.0	0.0	10341.0
430	2056.5	0.0	0.0	9876.0
440	2151.3333333333335	0.0	0.0	8249.0
450	1975.1666666666667	0.0	0.0	8794.0
460	1726.6666666666667	0.0	0.0	10602.0
470	2207.6666666666665	0.0	0.0	8720.0
480	2327.0	0.0	0.0	7843.0
490	1740.6666666666667	0.0	0.0	9308.0
500	1695.1666666666667	0.0	0.0	9778.0
510	2515.8333333333335	0.0	0.0	8988.0
520	1813.3333333333333	0.0	0.0	9878.0
530	1749.3333333333333	0.0	0.0	8588.0
540	1684.6666666666667	0.0	0.0	9386.0
550	2562.8333333333335	0.0	0.0	8854.0
560	2353.6666666666665	0.0	0.0	8285.0
570	2041.6666666666667	0.0	0.0	7887.0
580	1843.3333333333333	0.0	0.0	9736.0
590	2359.3333333333335	0.0	0.0	9345.0
600	2590.8333333333335	0.0	0.0	8693.0
610	1732.8333333333333	0.0	0.0	9802.0
620	1635.3333333333333	0.0	0.0	9200.0
630	1993.5	0.0	0.0	9323.0
640	2408.0	0.0	0.0	8402.0
650	2318.5	0.0	0.0	9604.0
660	1641.6666666666667	0.0	0.0	8179.0
670	1638.1666666666667	0.0	0.0	10608.0
680	2364.3333333333335	0.0	0.0	8086.0
690	2468.3333333333335	0.0	0.0	7907.0
700	2490.3333333333335	0.0	0.0	7106.0
710	1609.8333333333333	0.0	0.0	9741.0
720	1683.3333333333333	0.0	0.0	8724.0
730	1595.0	0.0	0.0	9399.0
740	1811.0	0.0	0.0	10971.0
750	1780.8333333333333	0.0	0.0	9448.0
760	1716.0	0.0	0.0	8691.0
770	2175.6666666666665	0.0	0.0	9214.0
780	2477.8333333333335	0.0	0.0	8622.0
790	1862.1666666666667	0.0	0.0	9233.0
800	2288.6666666666665	0.0	0.0	8926.0
810	2390.0	0.0	0.0	8417.0
820	2379.5	0.0	0.0	11230.0
830	2334.0	0.0	0.0	8201.0
840	2404.1666666666665	0.0	0.0	7577.0
850	2396.0	0.0	0.0	8422.0
860	1697.6666666666667	0.0	0.0	8207.0
870	1682.0	0.0	0.0	11168.0
880	2581.6666666666665	0.0	0.0	10644.0
890	2523.0	0.0	0.0	9157.0
900	2486.6666666666665	0.0	0.0	6969.0
910	2526.6666666666665	0.0	0.0	8261.0
920	2484.0	0.0	0.0	8258.0
930	2461.0	0.0	0.0	8925.0
940	2629.0	0.0	0.0	8452.0
950	1845.1666666666667	0.0	0.0	9052.0
960	1887.6666666666667	0.0	0.0	9914.0
970	2149.0	0.0	0.0	8724.0
980	1902.3333333333333	0.0	0.0	8741.0
990	1957.6666666666667	0.0	0.0	10748.0
1000	1716.6666666666667	0.0	0.0	8602.0
