0	2719.6666666666665	0.0	0.0	0.0
10	2387.1666666666665	161.0	3755.0	7714.0
20	2611.6666666666665	291.0	3836.0	7405.0
30	3098.3333333333335	242.0	3966.0	7319.0
40	2713.1666666666665	306.0	3361.0	10218.0
50	2616.5	0.0	0.0	9901.0
60	3465.3333333333335	0.0	0.0	10985.0
70	2665.6666666666665	0.0	0.0	6531.0
80	3189.5	0.0	0.0	7987.0
90	2550.0	0.0	0.0	8036.0
100	3344.0	0.0	0.0	6034.0
110	3092.0	0.0	0.0	10808.0
120	3369.5	0.0	0.0	12788.0
130	3233.6666666666665	0.0	0.0	8769.0
140	3247.5	0.0	0.0	13791.0
150	3733.1666666666665	0.0	0.0	12089.0
160	3215.0	0.0	0.0	8985.0
170	3292.8333333333335	0.0	0.0	9103.0
180	3002.3333333333335	0.0	0.0	8927.0
190	3549.6666666666665	0.0	0.0	10941.0
200	3290.8333333333335	0.0	0.0	11492.0
210	3478.0	0.0	0.0	8943.0
220	3588.0	0.0	0.0	11054.0
230	3624.6666666666665	0.0	0.0	9247.0
240	3275.0	0.0	0.0	12836.0
250	3463.8333333333335	0.0	0.0	10713.0
260	3488.6666666666665	0.0	0.0	8926.0
270	3058.0	0.0	0.0	10085.0
280	3658.5	0.0	0.0	9352.0
290	3201.6666666666665	0.0	0.0	7084.0
300	3833.1666666666665	0.0	0.0	12356.0
310	3360.6666666666665	0.0	0.0	10003.0
320	3329.8333333333335	0.0	0.0	11400.0
330	3425.5	0.0	0.0	10564.0
340	3050.1666666666665	0.0	0.0	9704.0
350	3401.8333333333335	0.0	0.0	9723.0
360	3764.5	0.0	0.0	10478.0
370	2882.1666666666665	0.0	0.0	11537.0
380	3348.5	0.0	0.0	10734.0
390	3590.1666666666665	0.0	0.0	13596.0
400	3152.5	0.0	0.0	9824.0
410	3958.1666666666665	0.0	0.0	9370.0
420	3628.0	0.0	0.0	11887.0
430	3803.8333333333335	0.0	0.0	12265.0
440	3608.0	0.0	0.0	10034.0
450	3834.0	0.0	0.0	11552.0
460	3389.5	0.0	0.0	10807.0
470	3627.5	0.0	0.0	15068.0
480	3763.1666666666665	0.0	0.0	12606.0
490	4101.0	0.0	0.0	9216.0
500	3902.3333333333335	0.0	0.0	7495.0
510	3291.6666666666665	0.0	0.0	11662.0
520	3771.0	0.0	0.0	10021.0
530	3911.0	0.0	0.0	10880.0
540	3630.6666666666665	0.0	0.0	9114.0
550	3732.1666666666665	0.0	0.0	9175.0
560	4009.3333333333335	0.0	0.0	8028.0
570	4007.6666666666665	0.0	0.0	11687.0
580	3752.6666666666665	0.0	0.0	11815.0
590	4002.3333333333335	0.0	0.0	10512.0
600	3483.5	0.0	0.0	10801.0
