0	2406.1666666666665	0.0	0.0	0.0
10	2932.6666666666665	460.0	6384.0	12431.0
20	2714.3333333333335	369.0	5367.0	10334.0
30	2798.5	171.0	3566.0	9377.0
40	2400.0	0.0	0.0	11274.0
50	2988.0	0.0	0.0	9863.0
60	2990.6666666666665	0.0	0.0	10730.0
70	3020.8333333333335	0.0	0.0	8992.0
80	3095.8333333333335	0.0	0.0	10458.0
90	3265.0	0.0	0.0	5781.0
100	3322.3333333333335	0.0	0.0	9830.0
110	3166.5	0.0	0.0	12283.0
120	3311.1666666666665	0.0	0.0	8974.0
130	2922.0	0.0	0.0	8177.0
140	3475.3333333333335	0.0	0.0	8180.0
150	3418.3333333333335	0.0	0.0	8941.0
160	3826.0	0.0	0.0	11240.0
170	3072.3333333333335	0.0	0.0	9451.0
180	3440.0	0.0	0.0	6477.0
190	2882.3333333333335	0.0	0.0	9908.0
200	3610.0	0.0	0.0	8771.0
210	2850.3333333333335	0.0	0.0	8397.0
220	3177.3333333333335	0.0	0.0	10766.0
230	3662.0	0.0	0.0	9935.0
240	3110.0	0.0	0.0	9914.0
250	3645.1666666666665	0.0	0.0	11352.0
260	3237.6666666666665	0.0	0.0	9122.0
270	3650.3333333333335	0.0	0.0	8347.0
280	3083.1666666666665	0.0	0.0	10354.0
290	3203.5	0.0	0.0	10261.0
300	3619.6666666666665	0.0	0.0	13039.0
310	3330.1666666666665	0.0	0.0	12043.0
320	3973.6666666666665	0.0	0.0	9079.0
330	3778.8333333333335	0.0	0.0	9819.0
340	3460.6666666666665	0.0	0.0	12065.0
350	3524.8333333333335	0.0	0.0	9344.0
360	3533.5	0.0	0.0	9511.0
370	3387.0	0.0	0.0	11851.0
380	3265.8333333333335	0.0	0.0	11712.0
390	3555.6666666666665	0.0	0.0	12125.0
400	3729.0	0.0	0.0	9722.0
410	3808.1666666666665	0.0	0.0	13037.0
420	3832.6666666666665	0.0	0.0	11751.0
430	3601.0	0.0	0.0	10847.0
440	3246.5	0.0	0.0	10275.0
450	3858.1666666666665	0.0	0.0	11101.0
460	3730.8333333333335	0.0	0.0	10800.0
470	3879.6666666666665	0.0	0.0	11486.0
480	4137.166666666667	0.0	0.0	11964.0
490	3733.8333333333335	0.0	0.0	11178.0
500	4061.5	0.0	0.0	11192.0
510	3622.0	0.0	0.0	9351.0
520	3896.0	0.0	0.0	11904.0
530	3773.5	0.0	0.0	10868.0
540	3640.1666666666665	0.0	0.0	9853.0
550	3867.6666666666665	0.0	0.0	9084.0
560	3757.0	0.0	0.0	8305.0
570	3656.6666666666665	0.0	0.0	13215.0
580	3833.0	0.0	0.0	12629.0
590	3575.8333333333335	0.0	0.0	9623.0
600	3665.5	0.0	0.0	10976.0
