0	2624.0	0.0	0.0	0.0
10	2466.0	270.0	4636.0	9206.0
20	2467.1666666666665	305.0	5213.0	10883.0
30	2490.0	85.0	3357.0	6870.0
40	2501.0	142.0	5166.0	10460.0
50	3145.0	198.0	1959.0	9655.0
60	2790.0	0.0	0.0	7152.0
70	2831.8333333333335	0.0	0.0	7396.0
80	3093.1666666666665	0.0	0.0	9000.0
90	3347.1666666666665	0.0	0.0	7207.0
100	3462.3333333333335	0.0	0.0	8321.0
110	2725.5	0.0	0.0	8998.0
120	2712.8333333333335	0.0	0.0	7991.0
130	3201.0	0.0	0.0	8460.0
140	3315.3333333333335	0.0	0.0	8240.0
150	3329.6666666666665	0.0	0.0	9000.0
160	3156.1666666666665	0.0	0.0	8135.0
170	3101.5	0.0	0.0	9505.0
180	3203.5	0.0	0.0	10169.0
190	3344.5	0.0	0.0	10353.0
200	3097.8333333333335	0.0	0.0	10968.0
210	2914.3333333333335	0.0	0.0	8698.0
220	3254.1666666666665	0.0	0.0	9023.0
230	3251.1666666666665	0.0	0.0	10591.0
240	3444.8333333333335	0.0	0.0	12012.0
250	3569.6666666666665	0.0	0.0	9353.0
260	3525.1666666666665	0.0	0.0	9563.0
270	3844.6666666666665	0.0	0.0	12195.0
280	3520.1666666666665	0.0	0.0	8541.0
290	3334.1666666666665	0.0	0.0	9592.0
300	3759.3333333333335	0.0	0.0	12682.0
310	3754.5	0.0	0.0	10563.0
320	3894.8333333333335	0.0	0.0	8756.0
330	3868.8333333333335	0.0	0.0	8844.0
340	3888.6666666666665	0.0	0.0	9955.0
350	3628.3333333333335	0.0	0.0	9207.0
360	3574.8333333333335	0.0	0.0	10559.0
370	3966.8333333333335	0.0	0.0	10925.0
380	3534.8333333333335	0.0	0.0	13351.0
390	3279.8333333333335	0.0	0.0	9238.0
400	3693.3333333333335	0.0	0.0	12599.0
410	3654.5	0.0	0.0	8636.0
420	3745.5	0.0	0.0	8128.0
430	3713.8333333333335	0.0	0.0	9714.0
440	3684.0	0.0	0.0	8227.0
450	4114.166666666667	0.0	0.0	11123.0
460	3877.5	0.0	0.0	7639.0
470	3566.6666666666665	0.0	0.0	12194.0
480	3686.5	0.0	0.0	10750.0
490	3970.6666666666665	0.0	0.0	8823.0
500	3701.8333333333335	0.0	0.0	9523.0
510	3782.3333333333335	0.0	0.0	9110.0
520	3686.3333333333335	0.0	0.0	9911.0
530	3885.0	0.0	0.0	14514.0
540	3534.6666666666665	0.0	0.0	9684.0
550	3640.6666666666665	0.0	0.0	10067.0
560	3646.6666666666665	0.0	0.0	10464.0
570	3702.8333333333335	0.0	0.0	12106.0
580	3647.0	0.0	0.0	8697.0
590	3794.5	0.0	0.0	10184.0
600	3391.1666666666665	0.0	0.0	9633.0
