0	2473.8333333333335	0.0	0.0	0.0
10	2251.6666666666665	29.0	4142.0	8150.0
20	2104.3333333333335	51.0	6944.0	14231.0
30	2483.5	83.0	5186.0	10710.0
40	2589.3333333333335	19.0	4179.0	8365.0
50	2508.8333333333335	37.0	5366.0	10999.0
60	2262.6666666666665	41.0	4841.0	10134.0
70	2677.0	42.0	5013.0	10032.0
80	2548.1666666666665	15.0	5585.0	10831.0
90	2927.1666666666665	20.0	5577.0	11138.0
100	2747.6666666666665	14.0	6981.0	13820.0
110	2672.3333333333335	13.0	5488.0	10639.0
120	2938.5	7.0	3823.0	7820.0
130	2649.5	6.0	5682.0	11004.0
140	3007.8333333333335	7.0	6120.0	12055.0
150	3511.6666666666665	14.0	7016.0	13760.0
160	3389.0	2.0	4943.0	9625.0
170	3648.1666666666665	2.0	5859.0	11129.0
180	3220.0	2.0	4497.0	8985.0
190	2888.3333333333335	6.0	3906.0	7632.0
200	3509.3333333333335	5.0	4935.0	9879.0
210	3648.3333333333335	1.0	5075.0	9850.0
220	3832.0	0.0	4147.0	8003.0
230	3785.3333333333335	4.0	5943.0	11046.0
240	3796.8333333333335	2.0	4993.0	9467.0
250	3720.6666666666665	4.0	5846.0	11031.0
260	3078.5	5.0	6245.0	11816.0
270	3685.6666666666665	3.0	4717.0	9211.0
280	3639.0	0.0	5036.0	9420.0
290	3372.3333333333335	0.0	5063.0	9374.0
300	3323.0	1.0	4405.0	8390.0
310	3376.5	1.0	5849.0	11280.0
320	3120.1666666666665	3.0	5142.0	9816.0
330	3531.0	3.0	5702.0	10982.0
340	3568.3333333333335	4.0	4373.0	8816.0
350	3424.5	1.0	5390.0	10671.0
360	3861.5	0.0	6398.0	12189.0
370	3871.8333333333335	0.0	4755.0	8984.0
380	3486.6666666666665	3.0	6251.0	12345.0
390	3811.1666666666665	1.0	4848.0	9614.0
400	3802.3333333333335	2.0	5487.0	10872.0
410	3767.8333333333335	1.0	5484.0	10501.0
420	3786.0	0.0	6537.0	12438.0
430	3711.8333333333335	0.0	6160.0	12288.0
440	3822.0	1.0	5643.0	11156.0
450	3830.8333333333335	4.0	4813.0	9605.0
460	3780.0	1.0	5698.0	11061.0
470	3482.0	0.0	5385.0	11066.0
480	3537.1666666666665	1.0	6921.0	13244.0
490	3863.8333333333335	0.0	4749.0	9282.0
500	3992.1666666666665	1.0	6137.0	12081.0
510	3344.5	3.0	5765.0	11198.0
520	4090.6666666666665	3.0	5197.0	9947.0
530	3754.6666666666665	0.0	5644.0	10659.0
540	3680.3333333333335	1.0	4213.0	8264.0
550	3930.0	0.0	5938.0	11687.0
560	3657.5	0.0	6407.0	12427.0
570	3812.8333333333335	1.0	5308.0	10277.0
580	3780.3333333333335	1.0	5136.0	10122.0
590	3755.3333333333335	2.0	4508.0	8991.0
600	3821.1666666666665	1.0	5211.0	9988.0
610	3957.0	0.0	4434.0	9092.0
620	3893.5	0.0	5111.0	9908.0
630	3871.5	1.0	5303.0	10818.0
640	3521.1666666666665	1.0	4346.0	8159.0
650	3586.8333333333335	2.0	4327.0	8086.0
660	3778.8333333333335	0.0	5599.0	10763.0
670	3722.3333333333335	0.0	4948.0	9819.0
680	3644.1666666666665	0.0	5838.0	11200.0
690	3933.8333333333335	4.0	4830.0	9229.0
700	3623.3333333333335	1.0	5822.0	11250.0
710	4028.3333333333335	0.0	6460.0	12390.0
720	3624.5	0.0	4456.0	8520.0
730	3457.6666666666665	1.0	4526.0	8634.0
740	3983.0	1.0	5154.0	10104.0
750	3679.0	1.0	4197.0	8427.0
760	3773.8333333333335	4.0	7048.0	13743.0
770	4004.8333333333335	1.0	5294.0	10199.0
780	3619.0	2.0	5441.0	10155.0
790	3776.6666666666665	1.0	6078.0	11814.0
800	3914.0	0.0	4625.0	8629.0
