0	2134.6666666666665	0.0	0.0	0.0
10	2055.5	3.0	638.0	11654.0
20	2011.5	0.0	394.0	7978.0
30	2288.1666666666665	2.0	267.0	7448.0
40	2223.0	3.0	282.0	6916.0
50	2174.3333333333335	6.0	297.0	7886.0
60	2152.5	7.0	204.0	6576.0
70	2243.6666666666665	19.0	573.0	10589.0
80	2358.0	17.0	751.0	10705.0
90	2606.8333333333335	1.0	552.0	10045.0
100	2396.3333333333335	11.0	770.0	10129.0
110	2679.1666666666665	28.0	993.0	10650.0
120	2422.6666666666665	10.0	857.0	10487.0
130	2414.8333333333335	3.0	626.0	10002.0
140	2437.5	7.0	427.0	8874.0
150	2443.1666666666665	2.0	542.0	6076.0
160	2492.5	11.0	1139.0	7827.0
170	2341.3333333333335	0.0	728.0	4759.0
180	2445.0	0.0	831.0	8069.0
190	2387.1666666666665	41.0	1836.0	16170.0
200	2864.6666666666665	2.0	1172.0	13427.0
210	2910.3333333333335	22.0	615.0	10218.0
220	2747.6666666666665	13.0	955.0	9931.0
230	2731.0	12.0	967.0	9073.0
240	2851.3333333333335	1.0	1007.0	7617.0
250	2596.3333333333335	15.0	1222.0	8707.0
260	3247.6666666666665	4.0	1687.0	11660.0
270	2366.0	1.0	1347.0	10252.0
280	2690.3333333333335	1.0	1376.0	8518.0
290	2929.3333333333335	4.0	1682.0	10256.0
300	2815.8333333333335	2.0	1253.0	9200.0
310	3072.8333333333335	1.0	1695.0	10180.0
320	3285.3333333333335	4.0	1560.0	9816.0
330	3114.3333333333335	3.0	2214.0	14895.0
340	2822.6666666666665	0.0	1692.0	9494.0
350	3541.3333333333335	0.0	1596.0	10409.0
360	2977.0	4.0	1629.0	10484.0
370	3631.3333333333335	4.0	1829.0	10637.0
380	2993.8333333333335	0.0	1177.0	6376.0
390	3553.5	5.0	1883.0	10224.0
400	3504.1666666666665	4.0	1595.0	9842.0
410	3332.5	0.0	1546.0	9104.0
420	3421.0	1.0	1758.0	8410.0
430	3102.0	3.0	1966.0	11927.0
440	3751.5	2.0	1901.0	8819.0
450	3574.1666666666665	4.0	1851.0	10855.0
460	3505.0	1.0	1443.0	6724.0
470	3623.6666666666665	2.0	1758.0	11880.0
480	3339.0	3.0	1843.0	10677.0
490	2679.3333333333335	1.0	2093.0	11153.0
500	3493.6666666666665	1.0	1492.0	9070.0
510	3693.1666666666665	4.0	1466.0	8801.0
520	3560.6666666666665	1.0	1354.0	9575.0
530	3558.1666666666665	2.0	1190.0	8850.0
540	3853.1666666666665	2.0	1459.0	10066.0
550	3840.8333333333335	3.0	1567.0	10246.0
560	3792.3333333333335	3.0	1509.0	9044.0
570	3877.1666666666665	2.0	1326.0	9199.0
580	3476.3333333333335	4.0	1750.0	12560.0
590	3897.5	2.0	1452.0	10783.0
600	3501.1666666666665	2.0	1577.0	12136.0
610	3826.3333333333335	4.0	1329.0	9503.0
620	3986.8333333333335	0.0	1703.0	11568.0
630	4115.333333333333	5.0	1781.0	10607.0
640	3437.5	4.0	1623.0	9832.0
650	3734.0	3.0	1545.0	11802.0
660	3370.5	3.0	1641.0	10423.0
670	3776.5	5.0	1656.0	10145.0
680	3999.3333333333335	6.0	2765.0	13173.0
690	3861.6666666666665	2.0	2252.0	11039.0
700	3824.0	5.0	2702.0	11707.0
710	3879.5	1.0	1237.0	7932.0
720	3960.3333333333335	1.0	1460.0	10745.0
730	3817.1666666666665	2.0	1798.0	12067.0
740	4199.833333333333	2.0	2067.0	10074.0
750	3609.5	6.0	1905.0	9823.0
760	3845.5	10.0	2046.0	13147.0
770	3849.8333333333335	1.0	1640.0	10430.0
780	3638.3333333333335	5.0	1678.0	12035.0
790	3100.1666666666665	3.0	1513.0	9479.0
800	3689.1666666666665	2.0	1531.0	11922.0
