0	2183.5	0.0	0.0	0.0
10	2008.6666666666667	0.0	486.0	9536.0
20	2088.0	7.0	653.0	10997.0
30	2199.1666666666665	39.0	604.0	10820.0
40	2245.8333333333335	1.0	264.0	6410.0
50	2165.0	10.0	337.0	8407.0
60	2542.5	9.0	803.0	12222.0
70	2419.5	28.0	646.0	9873.0
80	2232.8333333333335	0.0	716.0	7018.0
90	2465.1666666666665	1.0	884.0	7017.0
100	2088.3333333333335	10.0	712.0	7017.0
110	2430.0	5.0	810.0	8627.0
120	2111.3333333333335	8.0	929.0	7699.0
130	2317.6666666666665	9.0	999.0	8627.0
140	2630.8333333333335	15.0	1333.0	13041.0
150	2464.3333333333335	3.0	947.0	7027.0
160	2674.5	1.0	1667.0	12894.0
170	2739.3333333333335	0.0	1093.0	9777.0
180	2549.1666666666665	2.0	881.0	7090.0
190	2246.6666666666665	5.0	1184.0	9311.0
200	2521.1666666666665	7.0	1616.0	11959.0
210	2711.0	2.0	850.0	6496.0
220	2635.3333333333335	0.0	1096.0	9516.0
230	2696.5	8.0	1475.0	10889.0
240	2685.8333333333335	5.0	1332.0	10539.0
250	3149.3333333333335	6.0	1404.0	9654.0
260	2714.5	1.0	1226.0	8407.0
270	2631.0	3.0	1181.0	8016.0
280	2599.6666666666665	3.0	1273.0	10306.0
290	3296.8333333333335	8.0	1377.0	8794.0
300	3578.0	8.0	1409.0	8236.0
310	3437.6666666666665	1.0	1177.0	7847.0
320	3160.5	0.0	1431.0	7894.0
330	3538.8333333333335	6.0	1963.0	11617.0
340	3418.1666666666665	0.0	1467.0	8888.0
350	3277.8333333333335	3.0	2264.0	13733.0
360	3494.5	2.0	1877.0	12796.0
370	3334.8333333333335	2.0	1934.0	12427.0
380	3123.5	1.0	1580.0	10334.0
390	3368.0	11.0	2468.0	13002.0
400	2948.5	4.0	1559.0	9411.0
410	3555.1666666666665	2.0	1578.0	8325.0
420	3210.3333333333335	3.0	2117.0	12018.0
430	3351.8333333333335	5.0	2142.0	12463.0
440	3415.1666666666665	1.0	2088.0	11651.0
450	3412.6666666666665	3.0	2328.0	12297.0
460	3562.1666666666665	6.0	2242.0	11931.0
470	3007.6666666666665	3.0	1946.0	11635.0
480	3947.5	3.0	1730.0	9362.0
490	3758.1666666666665	3.0	2405.0	13108.0
500	3508.1666666666665	2.0	1679.0	9211.0
510	3224.1666666666665	2.0	1577.0	8030.0
520	3457.6666666666665	1.0	1712.0	8058.0
530	4202.166666666667	3.0	2711.0	16095.0
540	3262.3333333333335	5.0	2138.0	13777.0
550	3736.5	3.0	1728.0	11991.0
560	3883.8333333333335	3.0	1764.0	9704.0
570	3879.0	10.0	1145.0	7854.0
580	3157.8333333333335	2.0	1725.0	12369.0
590	3559.6666666666665	5.0	1356.0	9227.0
600	3863.0	1.0	1242.0	8472.0
610	3913.0	4.0	1349.0	9292.0
620	3867.6666666666665	4.0	1270.0	8519.0
630	3649.0	5.0	1563.0	10897.0
640	3822.6666666666665	3.0	1230.0	9323.0
650	3799.3333333333335	2.0	1091.0	8222.0
660	3871.6666666666665	2.0	1575.0	10871.0
670	3742.5	9.0	1430.0	10356.0
680	3564.0	2.0	1603.0	9415.0
690	3821.5	5.0	1229.0	7343.0
700	3730.3333333333335	3.0	1758.0	12393.0
710	3930.3333333333335	5.0	1058.0	7821.0
720	3794.5	4.0	1421.0	10875.0
730	3739.1666666666665	3.0	1541.0	11008.0
740	3865.6666666666665	4.0	1317.0	9168.0
750	3541.8333333333335	6.0	1218.0	9617.0
760	3530.0	3.0	1257.0	9356.0
770	3564.3333333333335	2.0	1434.0	9508.0
780	3883.1666666666665	0.0	1165.0	8569.0
790	3597.3333333333335	2.0	961.0	7843.0
800	3929.6666666666665	0.0	1655.0	12993.0
