0	2183.6666666666665	0.0	0.0	0.0
10	2127.6666666666665	164.0	3400.0	7435.0
20	2245.5	355.0	4899.0	10102.0
30	2338.3333333333335	318.0	4466.0	9008.0
40	2099.8333333333335	239.0	3825.0	7659.0
50	2708.6666666666665	322.0	6588.0	13226.0
60	2098.0	395.0	5253.0	10692.0
70	2125.6666666666665	279.0	4773.0	9537.0
80	2423.5	260.0	3838.0	7624.0
90	2499.6666666666665	204.0	4022.0	8246.0
100	2544.3333333333335	419.0	4629.0	8931.0
110	2620.3333333333335	227.0	4616.0	9023.0
120	2560.5	285.0	3866.0	7880.0
130	2635.8333333333335	333.0	5593.0	10881.0
140	2774.1666666666665	273.0	4207.0	8313.0
150	2352.5	248.0	3807.0	7982.0
160	2564.0	148.0	3547.0	7056.0
170	2692.8333333333335	24.0	1053.0	7519.0
180	2898.1666666666665	0.0	0.0	9886.0
190	2773.8333333333335	0.0	0.0	8712.0
200	2528.5	0.0	0.0	8753.0
210	3204.5	0.0	0.0	11385.0
220	3371.3333333333335	0.0	0.0	9411.0
230	2349.5	0.0	0.0	10670.0
240	3349.8333333333335	0.0	0.0	10428.0
250	3142.5	0.0	0.0	10159.0
260	3710.8333333333335	0.0	0.0	10087.0
270	3211.3333333333335	0.0	0.0	10044.0
280	3583.1666666666665	0.0	0.0	9471.0
290	3421.6666666666665	0.0	0.0	8823.0
300	2995.6666666666665	0.0	0.0	8844.0
310	3250.1666666666665	0.0	0.0	10045.0
320	3277.6666666666665	0.0	0.0	9312.0
330	3206.1666666666665	0.0	0.0	12453.0
340	3147.1666666666665	0.0	0.0	11119.0
350	3154.1666666666665	0.0	0.0	10368.0
360	3593.5	0.0	0.0	9223.0
370	4084.1666666666665	0.0	0.0	9750.0
380	3246.5	0.0	0.0	12167.0
390	3401.3333333333335	0.0	0.0	9119.0
400	3710.3333333333335	0.0	0.0	8421.0
410	3579.3333333333335	0.0	0.0	7363.0
420	3345.0	0.0	0.0	11989.0
430	3318.8333333333335	0.0	0.0	8532.0
440	3451.5	0.0	0.0	10756.0
450	3384.0	0.0	0.0	10916.0
460	3379.8333333333335	0.0	0.0	10779.0
470	3263.1666666666665	0.0	0.0	12215.0
480	4000.5	0.0	0.0	12502.0
490	3873.6666666666665	0.0	0.0	10439.0
500	3847.6666666666665	0.0	0.0	9860.0
510	3810.8333333333335	0.0	0.0	10537.0
520	3708.5	0.0	0.0	11388.0
530	3445.1666666666665	0.0	0.0	6682.0
540	3931.5	0.0	0.0	10714.0
550	3708.6666666666665	0.0	0.0	7627.0
560	3841.8333333333335	0.0	0.0	10961.0
570	4169.5	0.0	0.0	10173.0
580	3467.3333333333335	0.0	0.0	10010.0
590	4035.1666666666665	0.0	0.0	14586.0
600	3783.0	0.0	0.0	14267.0
610	3829.1666666666665	0.0	0.0	9589.0
620	3444.5	0.0	0.0	8360.0
630	3632.5	0.0	0.0	9849.0
640	3813.6666666666665	0.0	0.0	11397.0
650	3919.6666666666665	0.0	0.0	12185.0
660	3691.0	0.0	0.0	9565.0
670	3921.6666666666665	0.0	0.0	9826.0
680	4058.3333333333335	0.0	0.0	11240.0
690	3708.5	0.0	0.0	7644.0
700	3697.1666666666665	0.0	0.0	8414.0
710	3827.3333333333335	0.0	0.0	11511.0
720	2992.0	0.0	0.0	11493.0
730	4024.8333333333335	0.0	0.0	10185.0
740	3858.0	0.0	0.0	10379.0
750	3802.1666666666665	0.0	0.0	12433.0
760	3863.8333333333335	0.0	0.0	12690.0
770	3749.0	0.0	0.0	11135.0
780	3865.0	0.0	0.0	11820.0
790	3813.3333333333335	0.0	0.0	7139.0
800	3517.3333333333335	0.0	0.0	8988.0
810	3769.1666666666665	0.0	0.0	10904.0
820	3660.3333333333335	0.0	0.0	9415.0
830	3954.6666666666665	0.0	0.0	10674.0
840	3900.1666666666665	0.0	0.0	9575.0
850	3716.0	0.0	0.0	11852.0
860	3963.6666666666665	0.0	0.0	9304.0
870	4182.166666666667	0.0	0.0	10449.0
880	3987.1666666666665	0.0	0.0	10824.0
890	3569.5	0.0	0.0	11296.0
900	3706.6666666666665	0.0	0.0	10832.0
910	3548.0	0.0	0.0	10347.0
920	3879.5	0.0	0.0	12163.0
930	3611.3333333333335	0.0	0.0	8026.0
940	3881.5	0.0	0.0	9197.0
950	3637.6666666666665	0.0	0.0	11304.0
960	3810.6666666666665	0.0	0.0	8161.0
970	3866.1666666666665	0.0	0.0	11238.0
980	3971.8333333333335	0.0	0.0	10255.0
990	3845.6666666666665	0.0	0.0	9679.0
1000	3622.3333333333335	0.0	0.0	8391.0
