0	2330.8333333333335	0.0	0.0	0.0
10	2204.3333333333335	235.0	4729.0	9810.0
20	2148.8333333333335	272.0	3892.0	8397.0
30	2381.8333333333335	471.0	5526.0	11759.0
40	2532.5	456.0	5137.0	10105.0
50	2675.3333333333335	281.0	5393.0	10982.0
60	2362.6666666666665	346.0	5403.0	10628.0
70	2147.8333333333335	278.0	3962.0	8310.0
80	2291.3333333333335	511.0	6025.0	12123.0
90	2552.0	350.0	4011.0	8236.0
100	2420.5	305.0	5509.0	11172.0
110	2735.3333333333335	497.0	6733.0	13237.0
120	2572.3333333333335	43.0	3478.0	6789.0
130	2414.0	278.0	5065.0	9897.0
140	2410.8333333333335	217.0	3589.0	7385.0
150	3328.5	222.0	3930.0	11611.0
160	2864.6666666666665	0.0	0.0	7184.0
170	3067.5	0.0	0.0	8169.0
180	2658.1666666666665	0.0	0.0	12059.0
190	2718.5	0.0	0.0	10110.0
200	3253.5	0.0	0.0	6519.0
210	3220.5	0.0	0.0	10110.0
220	2911.3333333333335	0.0	0.0	8710.0
230	2874.6666666666665	0.0	0.0	7293.0
240	3499.1666666666665	0.0	0.0	8172.0
250	3765.1666666666665	0.0	0.0	9558.0
260	3864.6666666666665	0.0	0.0	9797.0
270	3709.8333333333335	0.0	0.0	9361.0
280	3818.1666666666665	0.0	0.0	10671.0
290	3514.6666666666665	0.0	0.0	9534.0
300	3388.3333333333335	0.0	0.0	8881.0
310	3461.0	0.0	0.0	9372.0
320	3299.6666666666665	0.0	0.0	14503.0
330	3442.5	0.0	0.0	7642.0
340	3608.5	0.0	0.0	7007.0
350	3027.5	0.0	0.0	14078.0
360	3395.5	0.0	0.0	8965.0
370	3142.0	0.0	0.0	10831.0
380	3528.3333333333335	0.0	0.0	9273.0
390	3325.1666666666665	0.0	0.0	11331.0
400	3270.0	0.0	0.0	7441.0
410	3568.8333333333335	0.0	0.0	11352.0
420	3612.3333333333335	0.0	0.0	9950.0
430	3581.1666666666665	0.0	0.0	9847.0
440	3687.5	0.0	0.0	8314.0
450	3595.6666666666665	0.0	0.0	11798.0
460	3117.0	0.0	0.0	9352.0
470	3941.8333333333335	0.0	0.0	9177.0
480	3821.6666666666665	0.0	0.0	9161.0
490	3930.8333333333335	0.0	0.0	11040.0
500	4043.5	0.0	0.0	11536.0
510	3550.8333333333335	0.0	0.0	10094.0
520	3670.0	0.0	0.0	12942.0
530	3522.0	0.0	0.0	11157.0
540	3629.0	0.0	0.0	10176.0
550	3876.3333333333335	0.0	0.0	11335.0
560	3204.3333333333335	0.0	0.0	10173.0
570	4052.6666666666665	0.0	0.0	8490.0
580	3852.3333333333335	0.0	0.0	11179.0
590	3785.5	0.0	0.0	8779.0
600	3699.5	0.0	0.0	9581.0
610	3776.5	0.0	0.0	11785.0
620	3901.0	0.0	0.0	8572.0
630	3934.1666666666665	0.0	0.0	10982.0
640	3449.5	0.0	0.0	11782.0
650	3723.1666666666665	0.0	0.0	11347.0
660	3331.8333333333335	0.0	0.0	7774.0
670	3603.6666666666665	0.0	0.0	8505.0
680	3673.6666666666665	0.0	0.0	10338.0
690	3763.8333333333335	0.0	0.0	13266.0
700	3676.6666666666665	0.0	0.0	11406.0
710	3875.8333333333335	0.0	0.0	11458.0
720	3575.8333333333335	0.0	0.0	11938.0
730	3677.5	0.0	0.0	6706.0
740	3581.0	0.0	0.0	12241.0
750	3672.0	0.0	0.0	11890.0
760	3591.8333333333335	0.0	0.0	12163.0
770	3880.5	0.0	0.0	10481.0
780	3772.1666666666665	0.0	0.0	8556.0
790	3797.6666666666665	0.0	0.0	10981.0
800	3557.6666666666665	0.0	0.0	12045.0
810	3695.1666666666665	0.0	0.0	11629.0
820	4026.8333333333335	0.0	0.0	11310.0
830	3596.8333333333335	0.0	0.0	9632.0
840	3981.8333333333335	0.0	0.0	10523.0
850	4074.5	0.0	0.0	8607.0
860	3513.0	0.0	0.0	9337.0
870	3795.8333333333335	0.0	0.0	12179.0
880	3686.0	0.0	0.0	11163.0
890	3543.5	0.0	0.0	9330.0
900	3584.0	0.0	0.0	9895.0
910	3788.3333333333335	0.0	0.0	10824.0
920	3681.1666666666665	0.0	0.0	7398.0
930	4020.5	0.0	0.0	10239.0
940	3904.1666666666665	0.0	0.0	8057.0
950	3704.0	0.0	0.0	14198.0
960	3486.8333333333335	0.0	0.0	6613.0
970	3759.3333333333335	0.0	0.0	8856.0
980	3815.3333333333335	0.0	0.0	8939.0
990	3928.0	0.0	0.0	10893.0
1000	3663.0	0.0	0.0	7665.0
