0	699.0	0.0	0.0	0.0
10	497.6666666666667	14.0	4136.0	4136.0
20	824.0	7.0	3898.0	3898.0
30	1003.0	18.0	6162.0	6162.0
40	1505.0	7.0	5027.0	5027.0
50	1798.3333333333333	9.0	5680.0	5680.0
60	1242.3333333333333	18.0	7894.0	7894.0
70	1627.3333333333333	17.0	6708.0	6708.0
80	2167.3333333333335	26.0	8993.0	8993.0
90	1772.1666666666667	12.0	6088.0	6088.0
100	1287.6666666666667	16.0	6202.0	6202.0
110	1770.6666666666667	4.0	3677.0	3677.0
120	2095.6666666666665	25.0	10521.0	10521.0
130	1120.8333333333333	12.0	7517.0	7517.0
140	1634.0	7.0	5827.0	5827.0
150	1261.3333333333333	8.0	6367.0	6367.0
160	1819.1666666666667	12.0	5541.0	5541.0
170	1411.0	21.0	9877.0	9877.0
180	1558.3333333333333	9.0	7935.0	7935.0
190	1994.1666666666667	12.0	8353.0	8353.0
200	1807.5	34.0	10368.0	10368.0
210	1943.0	25.0	6613.0	6613.0
220	2033.6666666666667	28.0	9546.0	9546.0
230	1421.3333333333333	12.0	7647.0	7647.0
240	1802.8333333333333	18.0	9866.0	9866.0
250	1762.6666666666667	10.0	6489.0	6489.0
260	1370.3333333333333	32.0	9732.0	9732.0
270	1994.0	12.0	7324.0	7324.0
280	1740.8333333333333	24.0	8506.0	8506.0
290	1552.3333333333333	10.0	9383.0	9383.0
300	1603.6666666666667	16.0	8592.0	8592.0
310	1610.3333333333333	13.0	7252.0	7252.0
320	1708.3333333333333	10.0	10085.0	10085.0
330	2168.1666666666665	14.0	7379.0	7379.0
340	1778.6666666666667	19.0	8433.0	8433.0
350	1817.0	13.0	6562.0	6562.0
360	1662.8333333333333	35.0	9870.0	9870.0
370	1938.6666666666667	25.0	12557.0	12557.0
380	1571.6666666666667	21.0	8446.0	8446.0
390	2464.0	8.0	7773.0	7773.0
400	2521.3333333333335	24.0	10990.0	10990.0
410	2263.1666666666665	23.0	9939.0	9939.0
420	2207.6666666666665	26.0	8293.0	8293.0
430	2459.1666666666665	17.0	7508.0	7508.0
440	2584.5	34.0	9036.0	9036.0
450	2646.1666666666665	24.0	8799.0	8799.0
460	1733.6666666666667	7.0	8543.0	8543.0
470	2108.8333333333335	17.0	10087.0	10087.0
480	2061.0	22.0	8434.0	8434.0
490	2188.8333333333335	28.0	10319.0	10319.0
500	2073.6666666666665	15.0	8271.0	8271.0
510	1524.0	13.0	8489.0	8489.0
520	1678.3333333333333	27.0	9221.0	9221.0
530	1773.1666666666667	20.0	8087.0	8087.0
540	1699.6666666666667	14.0	7788.0	7788.0
550	2016.1666666666667	19.0	9332.0	9332.0
560	2067.3333333333335	19.0	10211.0	10211.0
570	2183.8333333333335	15.0	7492.0	7492.0
580	1828.5	3.0	2624.0	7083.0
590	1739.0	0.0	0.0	7143.0
600	1653.3333333333333	0.0	0.0	6867.0
610	1922.3333333333333	0.0	0.0	8227.0
620	2537.3333333333335	0.0	0.0	9796.0
630	2078.0	0.0	0.0	5864.0
640	2320.0	0.0	0.0	8020.0
650	2439.8333333333335	0.0	0.0	8590.0
660	2222.0	0.0	0.0	9902.0
670	2342.6666666666665	0.0	0.0	9256.0
680	2122.6666666666665	0.0	0.0	10432.0
690	2327.3333333333335	0.0	0.0	9592.0
700	2457.0	0.0	0.0	8465.0
710	2356.3333333333335	0.0	0.0	9023.0
720	2297.1666666666665	0.0	0.0	6898.0
730	2412.8333333333335	0.0	0.0	9749.0
740	2367.6666666666665	0.0	0.0	7636.0
750	2440.5	0.0	0.0	14346.0
760	2343.6666666666665	0.0	0.0	7490.0
770	2407.3333333333335	0.0	0.0	10202.0
780	2592.6666666666665	0.0	0.0	9613.0
790	2414.6666666666665	0.0	0.0	11065.0
800	2594.8333333333335	0.0	0.0	7857.0
810	2533.6666666666665	0.0	0.0	10108.0
820	2394.0	0.0	0.0	9309.0
830	2377.1666666666665	0.0	0.0	9153.0
840	2328.6666666666665	0.0	0.0	9258.0
850	2541.6666666666665	0.0	0.0	7564.0
860	2346.3333333333335	0.0	0.0	7631.0
870	2143.8333333333335	0.0	0.0	9287.0
880	2558.8333333333335	0.0	0.0	7975.0
890	2292.3333333333335	0.0	0.0	9678.0
900	2471.3333333333335	0.0	0.0	9157.0
910	2621.5	0.0	0.0	8074.0
920	2329.1666666666665	0.0	0.0	8739.0
930	2539.5	0.0	0.0	9624.0
940	2117.5	0.0	0.0	8817.0
950	2319.3333333333335	0.0	0.0	8269.0
960	2189.6666666666665	0.0	0.0	7670.0
970	2533.3333333333335	0.0	0.0	9227.0
980	2312.0	0.0	0.0	8399.0
990	2425.8333333333335	0.0	0.0	9370.0
1000	2391.6666666666665	0.0	0.0	8272.0
