0	2509.1666666666665	0.0	0.0	0.0
10	2628.538888888889	13.766666666666667	3635.0333333333333	8753.6
20	2599.2222222222217	13.233333333333333	3699.0333333333333	8897.633333333333
30	2683.499999999999	12.766666666666667	3776.8	8982.433333333332
40	2734.516666666667	15.633333333333333	3962.766666666667	9670.333333333334
50	2755.8944444444437	10.3	3850.1666666666665	9276.966666666667
60	2827.005555555555	13.4	4038.4	9647.933333333332
70	2874.2777777777783	12.033333333333333	4000.0666666666666	9477.2
80	2913.2888888888897	11.533333333333333	4021.5333333333333	9498.6
90	3034.6555555555556	10.566666666666666	3966.3333333333335	9242.5
100	3066.1888888888884	10.033333333333333	4087.766666666667	9424.9
110	3028.8444444444444	9.366666666666667	4244.666666666667	9799.366666666667
120	3185.8277777777766	10.833333333333334	4244.466666666666	9481.9
130	3118.1722222222224	12.333333333333334	4319.933333333333	9478.033333333333
140	3264.450000000001	8.3	4114.8	9331.033333333333
150	3238.4444444444443	10.0	4576.733333333334	10286.733333333334
160	3297.0611111111116	10.133333333333333	4573.466666666666	10222.6
170	3244.1833333333334	10.5	4354.233333333334	9640.966666666667
180	3297.7888888888897	10.2	4694.066666666667	10514.5
190	3320.21111111111	8.0	4505.666666666667	9992.233333333334
200	3325.0833333333335	9.1	4794.333333333333	10669.266666666666
210	3422.9888888888895	9.333333333333334	4681.033333333334	10473.9
220	3369.705555555556	9.833333333333334	4814.066666666667	10477.433333333332
230	3372.972222222221	9.333333333333334	4694.633333333333	10211.266666666666
240	3446.7166666666662	9.366666666666667	4736.466666666666	10172.6
250	3498.3888888888887	9.166666666666666	4633.7	10080.666666666666
260	3481.3722222222223	9.366666666666667	4731.466666666666	10303.033333333333
270	3442.9166666666665	10.033333333333333	4971.433333333333	10906.066666666668
280	3415.416666666667	9.266666666666667	4836.833333333333	10503.733333333334
290	3445.572222222223	9.133333333333333	4876.0	10824.4
300	3536.5388888888892	9.2	4854.666666666667	10595.666666666666
310	3486.005555555555	9.333333333333334	4667.233333333334	10053.633333333333
320	3579.6611111111106	9.4	4840.433333333333	10657.2
330	3626.0611111111107	10.4	4699.433333333333	10378.166666666666
340	3456.7055555555553	9.133333333333333	4608.966666666666	9897.4
350	3568.327777777777	8.633333333333333	4828.966666666666	10478.466666666667
360	3613.5888888888885	10.066666666666666	4946.333333333333	10963.4
370	3571.9444444444443	9.3	4919.033333333334	10850.566666666668
380	3590.677777777777	9.833333333333334	4661.266666666666	10011.466666666667
390	3695.377777777778	10.133333333333333	4665.7	10223.766666666666
400	3648.9277777777775	8.466666666666667	4740.533333333334	10418.733333333334
410	3591.4833333333327	10.9	4809.0	10759.433333333332
420	3653.8888888888887	9.733333333333333	4781.666666666667	10528.3
430	3677.7833333333324	10.466666666666667	4678.1	10264.5
440	3668.2	9.4	4570.0	9888.6
450	3635.25	9.966666666666667	4744.3	10217.166666666666
460	3683.3555555555554	9.6	4771.933333333333	10661.433333333332
470	3694.7888888888897	9.066666666666666	4597.466666666666	10131.566666666668
480	3619.3722222222223	10.366666666666667	4692.933333333333	10407.0
490	3733.3944444444437	11.4	4680.166666666667	10229.066666666668
500	3758.5722222222225	10.133333333333333	4424.966666666666	10052.033333333333
510	3764.55	9.9	4697.9	10518.033333333333
520	3711.0388888888892	10.3	4744.166666666667	10501.566666666668
530	3756.6222222222214	10.766666666666667	4589.233333333334	10385.566666666668
540	3710.3555555555567	9.9	4872.033333333334	10851.633333333333
550	3779.5888888888885	10.533333333333333	4537.8	10151.733333333334
560	3783.7055555555557	10.166666666666666	4509.566666666667	10228.333333333334
570	3712.066666666666	8.966666666666667	4746.4	10925.533333333333
580	3773.472222222222	11.133333333333333	4597.633333333333	10377.466666666667
590	3785.7333333333327	9.533333333333333	4675.933333333333	10698.733333333334
600	3783.2111111111108	10.5	4659.6	10442.266666666666
610	3749.972222222222	9.266666666666667	4382.366666666667	9836.333333333334
620	3750.983333333333	9.766666666666667	4588.7	10395.533333333333
630	3775.5611111111098	9.066666666666666	4576.366666666667	10235.133333333333
640	3730.050000000001	9.7	4639.033333333334	10307.733333333334
650	3761.9444444444434	11.733333333333333	4698.233333333334	10654.466666666667
660	3761.8555555555554	10.233333333333333	4330.433333333333	9757.233333333334
670	3814.844444444445	10.666666666666666	4555.8	10278.433333333332
680	3819.5111111111114	10.4	4690.966666666666	10695.933333333332
690	3805.6611111111115	10.7	4630.466666666666	10612.8
700	3765.6611111111115	9.933333333333334	4540.9	10147.166666666666
710	3746.0666666666675	8.833333333333334	4534.433333333333	10131.0
720	3770.266666666667	8.633333333333333	4416.233333333334	9988.633333333333
730	3761.361111111111	8.866666666666667	4512.7	9861.933333333332
740	3776.0500000000006	9.466666666666667	4592.933333333333	10235.9
750	3783.8611111111113	10.166666666666666	4681.066666666667	10697.266666666666
760	3740.5722222222225	10.1	4499.066666666667	10124.566666666668
770	3833.005555555556	8.7	4439.866666666667	10008.333333333334
780	3769.6944444444443	10.566666666666666	4474.2	9956.333333333334
790	3783.600000000001	10.0	4573.233333333334	10293.233333333334
800	3806.222222222222	10.766666666666667	4358.666666666667	9636.9
