0	2421.6666666666665	0.0	0.0	0.0
10	2668.6666666666665	8.0	3064.0	7593.0
20	2751.6666666666665	1.0	3807.0	9736.0
30	2575.6666666666665	10.0	5075.0	11902.0
40	2981.6666666666665	6.0	3850.0	10298.0
50	2814.1666666666665	4.0	4349.0	11157.0
60	2903.0	16.0	4080.0	9945.0
70	2632.1666666666665	22.0	4389.0	11481.0
80	3199.0	5.0	3536.0	8666.0
90	3615.5	16.0	4535.0	11393.0
100	3211.1666666666665	4.0	3337.0	7023.0
110	2821.1666666666665	7.0	4431.0	9610.0
120	2993.1666666666665	12.0	4382.0	9892.0
130	2672.5	7.0	4430.0	8513.0
140	3270.8333333333335	3.0	3452.0	7356.0
150	3213.0	6.0	4529.0	9193.0
160	3506.6666666666665	3.0	2558.0	4954.0
170	3482.3333333333335	7.0	4568.0	10753.0
180	3386.8333333333335	14.0	4631.0	10234.0
190	2579.5	8.0	4366.0	10113.0
200	3387.3333333333335	11.0	5842.0	13177.0
210	2891.1666666666665	6.0	3791.0	9705.0
220	3051.6666666666665	7.0	3673.0	7569.0
230	3659.1666666666665	5.0	4654.0	9831.0
240	3691.3333333333335	9.0	4778.0	10240.0
250	2915.8333333333335	10.0	5315.0	12011.0
260	3444.0	9.0	4386.0	8321.0
270	3457.3333333333335	10.0	5236.0	11361.0
280	3023.3333333333335	8.0	4909.0	10958.0
290	3451.8333333333335	12.0	4495.0	11648.0
300	3380.5	12.0	4592.0	11901.0
310	3574.6666666666665	16.0	3129.0	8270.0
320	3588.8333333333335	7.0	3601.0	8599.0
330	3478.5	5.0	4264.0	11203.0
340	3453.5	12.0	3368.0	8896.0
350	3591.5	3.0	3863.0	9416.0
360	3730.1666666666665	16.0	4122.0	10603.0
370	3755.5	7.0	4119.0	8541.0
380	3090.6666666666665	13.0	4571.0	9552.0
390	3452.8333333333335	11.0	4823.0	10840.0
400	3945.8333333333335	8.0	4119.0	8824.0
410	3428.3333333333335	8.0	4668.0	11512.0
420	3405.3333333333335	5.0	4211.0	8709.0
430	3348.1666666666665	8.0	5729.0	12398.0
440	3720.3333333333335	5.0	4692.0	9796.0
450	3842.0	12.0	4899.0	10045.0
460	3878.1666666666665	13.0	5456.0	12972.0
470	3809.6666666666665	19.0	4155.0	9803.0
480	3397.1666666666665	8.0	4919.0	10367.0
490	3506.8333333333335	9.0	4498.0	9799.0
500	3623.6666666666665	14.0	3648.0	8525.0
510	3766.0	11.0	4459.0	10523.0
520	3838.1666666666665	17.0	4823.0	10096.0
530	3607.0	14.0	4580.0	10382.0
540	4034.3333333333335	5.0	4850.0	10403.0
550	3818.6666666666665	6.0	5053.0	11515.0
560	3844.6666666666665	16.0	4675.0	9983.0
570	3852.3333333333335	3.0	3843.0	9564.0
580	3907.8333333333335	3.0	4269.0	9390.0
590	3931.0	12.0	4010.0	8172.0
600	3874.8333333333335	16.0	4882.0	11427.0
610	3608.3333333333335	16.0	4393.0	10352.0
620	3732.8333333333335	18.0	4180.0	10503.0
630	3931.6666666666665	11.0	4524.0	10980.0
640	3863.8333333333335	11.0	5363.0	13458.0
650	3757.1666666666665	13.0	4999.0	11722.0
660	3797.5	3.0	5061.0	11229.0
670	3864.5	8.0	3947.0	8375.0
680	3617.0	17.0	5333.0	12375.0
690	3776.3333333333335	9.0	4810.0	10739.0
700	3887.5	13.0	5547.0	13674.0
710	3751.6666666666665	10.0	4840.0	10109.0
720	3774.0	7.0	4686.0	10666.0
730	3612.0	7.0	4336.0	9258.0
740	3996.0	12.0	4331.0	9513.0
750	3819.8333333333335	5.0	5815.0	13107.0
760	3710.8333333333335	11.0	4775.0	11181.0
770	3908.6666666666665	12.0	4470.0	10113.0
780	3610.0	7.0	3439.0	8003.0
790	3722.8333333333335	7.0	5155.0	12296.0
800	3827.0	13.0	4598.0	10883.0
