0	1927.3333333333333	0.0	0.0	0.0
10	2256.8333333333335	1000.0	1000.0	10534.0
20	2266.3333333333335	0.0	0.0	7047.0
30	2418.6666666666665	0.0	0.0	6662.0
40	2378.0	0.0	0.0	8230.0
50	2239.1666666666665	0.0	0.0	9404.0
60	2464.8333333333335	0.0	0.0	7910.0
70	2291.1666666666665	0.0	0.0	8435.0
80	2601.1666666666665	0.0	0.0	11958.0
90	2658.5	0.0	0.0	11133.0
100	2414.8333333333335	0.0	0.0	7492.0
110	2599.8333333333335	0.0	0.0	8903.0
120	2681.3333333333335	0.0	0.0	11457.0
130	2850.0	0.0	0.0	6385.0
140	2841.1666666666665	0.0	0.0	7567.0
150	2599.5	0.0	0.0	8170.0
160	2587.1666666666665	0.0	0.0	10402.0
170	2662.6666666666665	0.0	0.0	8808.0
180	2928.8333333333335	0.0	0.0	9059.0
190	2645.5	0.0	0.0	8508.0
200	2637.3333333333335	0.0	0.0	9598.0
210	2747.5	0.0	0.0	8658.0
220	2773.0	0.0	0.0	7538.0
230	2869.8333333333335	0.0	0.0	7061.0
240	2941.0	0.0	0.0	9324.0
250	2999.6666666666665	0.0	0.0	8207.0
260	2731.1666666666665	0.0	0.0	6318.0
270	2849.8333333333335	0.0	0.0	9822.0
280	2762.5	0.0	0.0	9684.0
290	2707.0	0.0	0.0	9302.0
300	2522.5	0.0	0.0	11698.0
310	2458.1666666666665	0.0	0.0	7943.0
320	2695.1666666666665	0.0	0.0	8254.0
330	3021.5	0.0	0.0	7390.0
340	2647.6666666666665	0.0	0.0	8078.0
350	2811.6666666666665	0.0	0.0	10209.0
360	2727.5	0.0	0.0	9758.0
370	3015.0	0.0	0.0	10106.0
380	2954.1666666666665	0.0	0.0	10357.0
390	3109.8333333333335	0.0	0.0	5405.0
400	3408.3333333333335	0.0	0.0	6869.0
410	3279.5	0.0	0.0	8720.0
420	3127.3333333333335	0.0	0.0	9822.0
430	3245.5	0.0	0.0	7472.0
440	3250.8333333333335	0.0	0.0	10240.0
450	2949.8333333333335	0.0	0.0	8848.0
460	3574.1666666666665	0.0	0.0	7525.0
470	3176.3333333333335	0.0	0.0	11745.0
480	3347.3333333333335	0.0	0.0	8767.0
490	3269.6666666666665	0.0	0.0	10938.0
500	3183.8333333333335	0.0	0.0	8342.0
510	3882.0	0.0	0.0	7286.0
520	3826.5	0.0	0.0	9093.0
530	2866.5	0.0	0.0	10451.0
540	3183.6666666666665	0.0	0.0	12302.0
550	2866.3333333333335	0.0	0.0	11396.0
560	3581.8333333333335	0.0	0.0	8993.0
570	3470.5	0.0	0.0	7146.0
580	3429.0	0.0	0.0	11664.0
590	3409.5	0.0	0.0	7954.0
600	3588.8333333333335	0.0	0.0	10753.0
610	3537.3333333333335	0.0	0.0	10135.0
620	3484.5	0.0	0.0	13516.0
630	3164.1666666666665	0.0	0.0	10437.0
640	3485.5	0.0	0.0	12264.0
650	3793.8333333333335	0.0	0.0	13808.0
660	3457.5	0.0	0.0	13851.0
670	3617.1666666666665	0.0	0.0	11994.0
680	3414.6666666666665	0.0	0.0	12062.0
690	3290.1666666666665	0.0	0.0	11271.0
700	3295.6666666666665	0.0	0.0	8715.0
710	3984.1666666666665	0.0	0.0	8551.0
720	3757.6666666666665	0.0	0.0	10196.0
730	4043.0	0.0	0.0	8972.0
740	3830.6666666666665	0.0	0.0	10886.0
750	3520.6666666666665	0.0	0.0	11405.0
760	3841.3333333333335	0.0	0.0	14039.0
770	3761.3333333333335	0.0	0.0	9784.0
780	3790.3333333333335	0.0	0.0	9968.0
790	3961.8333333333335	0.0	0.0	5082.0
800	3563.3333333333335	0.0	0.0	7091.0
