0	2102.6666666666665	0.0	0.0	0.0
10	2154.5	1000.0	1000.0	4550.0
20	2246.0	0.0	0.0	9904.0
30	2421.6666666666665	0.0	0.0	6992.0
40	2078.6666666666665	0.0	0.0	12006.0
50	2233.6666666666665	0.0	0.0	8400.0
60	2445.0	0.0	0.0	9253.0
70	2165.3333333333335	0.0	0.0	11708.0
80	2427.3333333333335	0.0	0.0	7222.0
90	2533.3333333333335	0.0	0.0	9544.0
100	2639.1666666666665	0.0	0.0	10666.0
110	2391.0	0.0	0.0	7484.0
120	2692.8333333333335	0.0	0.0	13760.0
130	2621.3333333333335	0.0	0.0	6914.0
140	2738.6666666666665	0.0	0.0	9273.0
150	2564.5	0.0	0.0	6812.0
160	2790.5	0.0	0.0	5756.0
170	2279.3333333333335	0.0	0.0	9549.0
180	2222.5	0.0	0.0	7646.0
190	2537.1666666666665	0.0	0.0	8008.0
200	2607.0	0.0	0.0	8504.0
210	2346.6666666666665	0.0	0.0	6562.0
220	2328.0	0.0	0.0	8019.0
230	2439.3333333333335	0.0	0.0	9299.0
240	2159.0	0.0	0.0	8613.0
250	2535.1666666666665	0.0	0.0	11313.0
260	2970.1666666666665	0.0	0.0	10628.0
270	2771.6666666666665	0.0	0.0	7793.0
280	2499.3333333333335	0.0	0.0	9208.0
290	2033.6666666666667	0.0	0.0	7704.0
300	2551.8333333333335	0.0	0.0	5121.0
310	2723.8333333333335	0.0	0.0	8569.0
320	2204.1666666666665	0.0	0.0	7611.0
330	2756.8333333333335	0.0	0.0	11363.0
340	2692.1666666666665	0.0	0.0	7328.0
350	3127.0	0.0	0.0	6829.0
360	2592.3333333333335	0.0	0.0	8606.0
370	2667.6666666666665	0.0	0.0	7903.0
380	3125.3333333333335	0.0	0.0	10305.0
390	3191.1666666666665	0.0	0.0	7941.0
400	3065.6666666666665	0.0	0.0	8360.0
410	3141.8333333333335	0.0	0.0	11475.0
420	3382.6666666666665	0.0	0.0	10168.0
430	3349.3333333333335	0.0	0.0	8814.0
440	3602.0	0.0	0.0	12749.0
450	3554.3333333333335	0.0	0.0	8275.0
460	2902.1666666666665	0.0	0.0	10278.0
470	3596.6666666666665	0.0	0.0	10973.0
480	3053.1666666666665	0.0	0.0	6422.0
490	3501.1666666666665	0.0	0.0	13648.0
500	3703.1666666666665	0.0	0.0	8285.0
510	3401.0	0.0	0.0	8353.0
520	3842.8333333333335	0.0	0.0	9073.0
530	3430.3333333333335	0.0	0.0	14808.0
540	3453.5	0.0	0.0	9370.0
550	3259.0	0.0	0.0	8755.0
560	3657.1666666666665	0.0	0.0	10306.0
570	3643.8333333333335	0.0	0.0	10392.0
580	3089.8333333333335	0.0	0.0	9285.0
590	3079.3333333333335	0.0	0.0	9173.0
600	3293.0	0.0	0.0	10875.0
610	3623.5	0.0	0.0	11673.0
620	4005.1666666666665	0.0	0.0	8048.0
630	3585.8333333333335	0.0	0.0	9478.0
640	3381.0	0.0	0.0	11015.0
650	3312.3333333333335	0.0	0.0	10814.0
660	3998.8333333333335	0.0	0.0	12098.0
670	3712.0	0.0	0.0	11042.0
680	3997.3333333333335	0.0	0.0	9389.0
690	3987.8333333333335	0.0	0.0	11936.0
700	3753.1666666666665	0.0	0.0	10986.0
710	3682.5	0.0	0.0	10645.0
720	3606.3333333333335	0.0	0.0	6966.0
730	3448.5	0.0	0.0	9785.0
740	3742.5	0.0	0.0	8119.0
750	3891.3333333333335	0.0	0.0	11443.0
760	4073.0	0.0	0.0	10242.0
770	3491.1666666666665	0.0	0.0	10191.0
780	3476.8333333333335	0.0	0.0	10869.0
790	3581.6666666666665	0.0	0.0	9432.0
800	3951.5	0.0	0.0	10716.0
