0	2251.8333333333335	0.0	0.0	0.0
10	2070.6666666666665	1000.0	1000.0	5783.0
20	2325.1666666666665	0.0	0.0	8204.0
30	2061.8333333333335	0.0	0.0	9445.0
40	2238.5	0.0	0.0	10289.0
50	2534.6666666666665	0.0	0.0	8434.0
60	2320.0	0.0	0.0	8954.0
70	2512.8333333333335	0.0	0.0	9589.0
80	2519.6666666666665	0.0	0.0	9512.0
90	2537.0	0.0	0.0	9656.0
100	2197.8333333333335	0.0	0.0	7428.0
110	2524.3333333333335	0.0	0.0	13625.0
120	2588.8333333333335	0.0	0.0	8784.0
130	2718.1666666666665	0.0	0.0	10157.0
140	3019.0	0.0	0.0	9197.0
150	2599.8333333333335	0.0	0.0	9984.0
160	2360.3333333333335	0.0	0.0	7843.0
170	2428.8333333333335	0.0	0.0	6034.0
180	2884.3333333333335	0.0	0.0	9887.0
190	2705.8333333333335	0.0	0.0	9824.0
200	2460.6666666666665	0.0	0.0	9849.0
210	2389.5	0.0	0.0	8133.0
220	2462.3333333333335	0.0	0.0	8921.0
230	2456.5	0.0	0.0	8950.0
240	2459.5	0.0	0.0	8651.0
250	3122.5	0.0	0.0	10337.0
260	2596.6666666666665	0.0	0.0	11471.0
270	3039.0	0.0	0.0	8532.0
280	2601.6666666666665	0.0	0.0	7163.0
290	3524.3333333333335	0.0	0.0	9986.0
300	3214.5	0.0	0.0	10801.0
310	2985.5	0.0	0.0	9437.0
320	3514.6666666666665	0.0	0.0	9946.0
330	3434.0	0.0	0.0	10359.0
340	3520.0	0.0	0.0	15108.0
350	3847.0	0.0	0.0	10006.0
360	3895.8333333333335	0.0	0.0	10661.0
370	3275.5	0.0	0.0	10561.0
380	3776.3333333333335	0.0	0.0	8223.0
390	3239.8333333333335	0.0	0.0	11999.0
400	3234.1666666666665	0.0	0.0	11054.0
410	3906.1666666666665	0.0	0.0	11454.0
420	3523.6666666666665	0.0	0.0	12331.0
430	3402.1666666666665	0.0	0.0	10729.0
440	3781.3333333333335	0.0	0.0	10238.0
450	3391.8333333333335	0.0	0.0	11538.0
460	4241.5	0.0	0.0	10530.0
470	3392.5	0.0	0.0	10899.0
480	3454.0	0.0	0.0	9322.0
490	3495.8333333333335	0.0	0.0	11871.0
500	3903.5	0.0	0.0	10887.0
510	3492.3333333333335	0.0	0.0	9986.0
520	3619.3333333333335	0.0	0.0	10243.0
530	3708.6666666666665	0.0	0.0	10271.0
540	3297.3333333333335	0.0	0.0	6610.0
550	3304.6666666666665	0.0	0.0	14098.0
560	3338.5	0.0	0.0	9648.0
570	3674.8333333333335	0.0	0.0	8405.0
580	3252.8333333333335	0.0	0.0	9612.0
590	3356.6666666666665	0.0	0.0	8322.0
600	3383.3333333333335	0.0	0.0	9664.0
610	3849.6666666666665	0.0	0.0	8895.0
620	3456.8333333333335	0.0	0.0	11965.0
630	3550.1666666666665	0.0	0.0	11973.0
640	3869.3333333333335	0.0	0.0	11002.0
650	3261.1666666666665	0.0	0.0	11024.0
660	2926.3333333333335	0.0	0.0	12026.0
670	3971.0	0.0	0.0	10915.0
680	3750.8333333333335	0.0	0.0	8686.0
690	3765.3333333333335	0.0	0.0	8678.0
700	3867.3333333333335	0.0	0.0	9588.0
710	3721.3333333333335	0.0	0.0	11866.0
720	3673.1666666666665	0.0	0.0	10275.0
730	3432.8333333333335	0.0	0.0	9167.0
740	3703.1666666666665	0.0	0.0	9065.0
750	4045.5	0.0	0.0	8698.0
760	3814.6666666666665	0.0	0.0	10371.0
770	3725.5	0.0	0.0	9493.0
780	3570.1666666666665	0.0	0.0	8715.0
790	3766.1666666666665	0.0	0.0	9701.0
800	4036.1666666666665	0.0	0.0	11252.0
