0	2491.25	0.0	0.0	0.0
10	2402.25	664.0	9746.0	12341.0
20	2617.75	152.0	6927.0	8420.0
30	2479.0	184.0	2889.0	7142.0
40	2340.25	0.0	0.0	13459.0
50	2566.5	0.0	0.0	9268.0
60	2691.25	0.0	0.0	11585.0
70	2718.0	0.0	0.0	9578.0
80	2446.75	0.0	0.0	6974.0
90	2358.0	0.0	0.0	8987.0
100	1885.75	0.0	0.0	11489.0
110	2951.0	0.0	0.0	12475.0
120	2266.5	0.0	0.0	10362.0
130	2093.75	0.0	0.0	10395.0
140	2689.25	0.0	0.0	10732.0
150	2487.25	0.0	0.0	5176.0
160	2978.5	0.0	0.0	9267.0
170	2512.75	0.0	0.0	7688.0
180	3027.25	0.0	0.0	6199.0
190	2360.0	0.0	0.0	8539.0
200	2800.75	0.0	0.0	9377.0
210	2673.75	0.0	0.0	7495.0
220	2798.0	0.0	0.0	10437.0
230	2915.5	0.0	0.0	8802.0
240	2611.5	0.0	0.0	7879.0
250	2948.0	0.0	0.0	11936.0
260	3174.75	0.0	0.0	8032.0
270	3311.5	0.0	0.0	10309.0
280	3489.5	0.0	0.0	11141.0
290	2803.25	0.0	0.0	9886.0
300	3016.0	0.0	0.0	13017.0
310	2824.25	0.0	0.0	10151.0
320	3138.75	0.0	0.0	10501.0
330	3437.0	0.0	0.0	10964.0
340	3808.75	0.0	0.0	8372.0
350	3421.0	0.0	0.0	10604.0
360	3431.25	0.0	0.0	9097.0
370	3078.75	0.0	0.0	10951.0
380	3162.25	0.0	0.0	8524.0
390	3295.75	0.0	0.0	12460.0
400	3204.25	0.0	0.0	13706.0
410	3283.75	0.0	0.0	10709.0
420	3738.5	0.0	0.0	11074.0
430	3408.25	0.0	0.0	11539.0
440	3498.75	0.0	0.0	11642.0
450	3419.0	0.0	0.0	10040.0
460	3713.0	0.0	0.0	9415.0
470	3608.25	0.0	0.0	8511.0
480	3336.0	0.0	0.0	13389.0
490	3101.5	0.0	0.0	10291.0
500	3539.5	0.0	0.0	13015.0
510	3532.75	0.0	0.0	8791.0
520	3642.75	0.0	0.0	12240.0
530	3853.25	0.0	0.0	10370.0
540	3775.75	0.0	0.0	11902.0
550	3335.75	0.0	0.0	10199.0
560	3218.25	0.0	0.0	8697.0
570	2769.25	0.0	0.0	11416.0
580	3565.25	0.0	0.0	10719.0
590	3721.5	0.0	0.0	10104.0
600	3943.5	0.0	0.0	10993.0
610	3323.25	0.0	0.0	8929.0
620	3595.25	0.0	0.0	12729.0
630	3850.25	0.0	0.0	9181.0
640	3978.0	0.0	0.0	11319.0
650	3883.25	0.0	0.0	11208.0
660	3930.25	0.0	0.0	11670.0
670	3948.25	0.0	0.0	10060.0
680	3873.0	0.0	0.0	12218.0
690	3364.25	0.0	0.0	13299.0
700	3686.5	0.0	0.0	13269.0
710	3571.0	0.0	0.0	10495.0
720	3644.75	0.0	0.0	10325.0
730	3339.0	0.0	0.0	9539.0
740	4028.75	0.0	0.0	9775.0
750	3705.75	0.0	0.0	10620.0
760	3848.75	0.0	0.0	7770.0
770	4214.25	0.0	0.0	12665.0
780	3855.5	0.0	0.0	8508.0
790	3890.75	0.0	0.0	8416.0
800	3748.5	0.0	0.0	8780.0
