0	2151.0	0.0	0.0	0.0
10	2180.0	864.0	10552.0	14018.0
20	2403.5	136.0	2497.0	9232.0
30	2494.25	0.0	0.0	7649.0
40	1644.5	0.0	0.0	4754.0
50	2049.0	0.0	0.0	7679.0
60	2529.25	0.0	0.0	9964.0
70	2531.0	0.0	0.0	8470.0
80	2744.0	0.0	0.0	11161.0
90	2756.0	0.0	0.0	9624.0
100	2476.5	0.0	0.0	9413.0
110	2733.25	0.0	0.0	8853.0
120	2708.25	0.0	0.0	7431.0
130	2601.0	0.0	0.0	10174.0
140	2485.0	0.0	0.0	12562.0
150	2623.0	0.0	0.0	11739.0
160	2965.5	0.0	0.0	8770.0
170	2836.25	0.0	0.0	9964.0
180	2415.25	0.0	0.0	8200.0
190	2753.5	0.0	0.0	7239.0
200	2650.25	0.0	0.0	12256.0
210	2100.25	0.0	0.0	11077.0
220	2940.75	0.0	0.0	9689.0
230	2483.25	0.0	0.0	9417.0
240	2956.75	0.0	0.0	12752.0
250	3322.0	0.0	0.0	10374.0
260	3027.75	0.0	0.0	7884.0
270	3109.5	0.0	0.0	9996.0
280	3193.5	0.0	0.0	7007.0
290	3386.25	0.0	0.0	12243.0
300	3061.75	0.0	0.0	11722.0
310	3522.25	0.0	0.0	7716.0
320	3261.5	0.0	0.0	7660.0
330	2944.25	0.0	0.0	11555.0
340	3235.5	0.0	0.0	9126.0
350	3308.0	0.0	0.0	10946.0
360	3613.75	0.0	0.0	8314.0
370	3640.0	0.0	0.0	8530.0
380	3411.0	0.0	0.0	9285.0
390	3291.5	0.0	0.0	9198.0
400	3172.5	0.0	0.0	10614.0
410	3554.25	0.0	0.0	11857.0
420	3744.75	0.0	0.0	12153.0
430	3157.0	0.0	0.0	10388.0
440	3602.0	0.0	0.0	10146.0
450	3941.5	0.0	0.0	9787.0
460	3375.25	0.0	0.0	10240.0
470	3658.5	0.0	0.0	12053.0
480	3604.75	0.0	0.0	11230.0
490	3689.0	0.0	0.0	11855.0
500	3678.75	0.0	0.0	11203.0
510	3620.5	0.0	0.0	11227.0
520	3234.5	0.0	0.0	7773.0
530	4129.25	0.0	0.0	10516.0
540	3468.0	0.0	0.0	10864.0
550	3825.0	0.0	0.0	12441.0
560	3961.75	0.0	0.0	11882.0
570	3327.75	0.0	0.0	11504.0
580	3726.75	0.0	0.0	10844.0
590	3844.5	0.0	0.0	12161.0
600	3806.75	0.0	0.0	10130.0
610	3627.5	0.0	0.0	12676.0
620	3604.5	0.0	0.0	13458.0
630	4013.0	0.0	0.0	10838.0
640	3762.75	0.0	0.0	8450.0
650	3991.0	0.0	0.0	10869.0
660	3625.0	0.0	0.0	9960.0
670	3522.5	0.0	0.0	12565.0
680	3160.25	0.0	0.0	8883.0
690	4068.75	0.0	0.0	10138.0
700	3722.5	0.0	0.0	12291.0
710	3268.5	0.0	0.0	12525.0
720	3749.25	0.0	0.0	11115.0
730	3895.25	0.0	0.0	11083.0
740	3779.0	0.0	0.0	9766.0
750	3775.75	0.0	0.0	10312.0
760	3865.5	0.0	0.0	12754.0
770	4202.25	0.0	0.0	11578.0
780	3481.5	0.0	0.0	11402.0
790	3731.25	0.0	0.0	8764.0
800	3526.25	0.0	0.0	10740.0
