0	2180.75	0.0	0.0	0.0
10	2301.75	1000.0	1000.0	6519.0
20	2091.0	0.0	0.0	6161.0
30	2161.25	0.0	0.0	4804.0
40	2477.75	0.0	0.0	9769.0
50	2377.0	0.0	0.0	9110.0
60	2167.75	0.0	0.0	7884.0
70	2498.25	0.0	0.0	7313.0
80	2457.5	0.0	0.0	8658.0
90	2291.5	0.0	0.0	9703.0
100	2100.0	0.0	0.0	8320.0
110	2116.5	0.0	0.0	8401.0
120	2221.25	0.0	0.0	6972.0
130	2145.5	0.0	0.0	5770.0
140	2470.75	0.0	0.0	7587.0
150	2239.0	0.0	0.0	10926.0
160	2639.75	0.0	0.0	7198.0
170	2308.25	0.0	0.0	6758.0
180	2330.75	0.0	0.0	7937.0
190	2547.0	0.0	0.0	7305.0
200	3047.75	0.0	0.0	8231.0
210	2400.5	0.0	0.0	6233.0
220	2644.5	0.0	0.0	6491.0
230	2628.5	0.0	0.0	11896.0
240	2209.75	0.0	0.0	11486.0
250	2283.0	0.0	0.0	6236.0
260	2577.5	0.0	0.0	9679.0
270	3119.75	0.0	0.0	9167.0
280	2430.5	0.0	0.0	6230.0
290	2266.25	0.0	0.0	7012.0
300	2927.25	0.0	0.0	9672.0
310	2317.25	0.0	0.0	9332.0
320	2545.75	0.0	0.0	8904.0
330	2577.0	0.0	0.0	9515.0
340	2262.75	0.0	0.0	6228.0
350	2061.25	0.0	0.0	10480.0
360	2775.0	0.0	0.0	12155.0
370	2449.25	0.0	0.0	7231.0
380	2590.75	0.0	0.0	9492.0
390	3026.5	0.0	0.0	12790.0
400	2265.25	0.0	0.0	8992.0
410	3156.5	0.0	0.0	7455.0
420	2995.25	0.0	0.0	7359.0
430	2596.75	0.0	0.0	10340.0
440	2910.0	0.0	0.0	9072.0
450	2852.5	0.0	0.0	11711.0
460	3420.0	0.0	0.0	8938.0
470	3168.25	0.0	0.0	12497.0
480	3087.0	0.0	0.0	11438.0
490	3120.75	0.0	0.0	10760.0
500	3891.5	0.0	0.0	11343.0
510	3176.75	0.0	0.0	10827.0
520	2906.25	0.0	0.0	8990.0
530	3381.75	0.0	0.0	8631.0
540	2557.75	0.0	0.0	9802.0
550	3263.5	0.0	0.0	9678.0
560	3552.25	0.0	0.0	8376.0
570	3674.5	0.0	0.0	9825.0
580	3088.0	0.0	0.0	9089.0
590	3397.75	0.0	0.0	9503.0
600	2953.0	0.0	0.0	12040.0
610	2796.25	0.0	0.0	9152.0
620	3501.75	0.0	0.0	8753.0
630	3814.0	0.0	0.0	11159.0
640	3768.0	0.0	0.0	9210.0
650	3957.5	0.0	0.0	7165.0
660	3149.0	0.0	0.0	9829.0
670	2488.0	0.0	0.0	10349.0
680	3324.75	0.0	0.0	11121.0
690	3505.75	0.0	0.0	12069.0
700	3730.25	0.0	0.0	6589.0
710	3791.5	0.0	0.0	10990.0
720	2815.0	0.0	0.0	10921.0
730	3665.25	0.0	0.0	10102.0
740	3896.0	0.0	0.0	10264.0
750	3742.0	0.0	0.0	11153.0
760	3897.75	0.0	0.0	9411.0
770	3736.5	0.0	0.0	11556.0
780	3470.25	0.0	0.0	11301.0
790	3600.0	0.0	0.0	12258.0
800	3509.25	0.0	0.0	8159.0
