0	2693.3333333333335	0.0	0.0	0.0
10	2906.1666666666665	93.0	5711.0	11217.0
20	2353.3333333333335	43.0	4359.0	8676.0
30	2508.3333333333335	23.0	4779.0	9421.0
40	2663.8333333333335	25.0	3079.0	6148.0
50	2651.1666666666665	67.0	5874.0	11823.0
60	2421.5	29.0	3942.0	7730.0
70	2692.5	27.0	4303.0	8684.0
80	2469.8333333333335	25.0	5582.0	11276.0
90	2856.1666666666665	9.0	3974.0	7911.0
100	2679.5	21.0	5407.0	10827.0
110	2544.5	29.0	5413.0	10844.0
120	2506.8333333333335	25.0	5452.0	10835.0
130	2779.5	13.0	5882.0	11713.0
140	3120.0	27.0	4689.0	9267.0
150	2743.0	7.0	4447.0	8942.0
160	3010.1666666666665	13.0	3812.0	7670.0
170	3050.8333333333335	24.0	5371.0	10690.0
180	2905.3333333333335	10.0	6250.0	12603.0
190	3231.0	21.0	6736.0	13485.0
200	3120.8333333333335	15.0	4898.0	9697.0
210	3523.6666666666665	19.0	6193.0	12333.0
220	3416.0	16.0	4870.0	9916.0
230	3253.8333333333335	8.0	5042.0	10005.0
240	3330.5	16.0	4616.0	9166.0
250	3713.1666666666665	9.0	4452.0	8873.0
260	3667.1666666666665	18.0	5495.0	10857.0
270	3864.6666666666665	8.0	3964.0	8016.0
280	3425.1666666666665	17.0	6486.0	12817.0
290	3356.6666666666665	11.0	4487.0	8889.0
300	3671.5	8.0	3744.0	7506.0
310	2736.1666666666665	10.0	3434.0	6845.0
320	3277.8333333333335	14.0	7353.0	14676.0
330	3837.0	8.0	3493.0	12063.0
340	3095.6666666666665	0.0	0.0	6845.0
350	3422.6666666666665	0.0	0.0	11619.0
360	3222.0	0.0	0.0	11662.0
370	3628.5	0.0	0.0	7432.0
380	4063.0	0.0	0.0	9360.0
390	3786.1666666666665	0.0	0.0	8766.0
400	3188.0	0.0	0.0	8564.0
410	3587.6666666666665	0.0	0.0	7156.0
420	3845.8333333333335	0.0	0.0	10319.0
430	3745.8333333333335	0.0	0.0	9800.0
440	3759.3333333333335	0.0	0.0	10696.0
450	3954.5	0.0	0.0	10709.0
460	3354.8333333333335	0.0	0.0	11408.0
470	3877.5	0.0	0.0	10010.0
480	3700.1666666666665	0.0	0.0	12236.0
490	4036.5	0.0	0.0	9654.0
500	3690.8333333333335	0.0	0.0	10017.0
510	3866.5	0.0	0.0	7588.0
520	3535.5	0.0	0.0	11940.0
530	3347.5	0.0	0.0	10000.0
540	3734.8333333333335	0.0	0.0	12280.0
550	3570.1666666666665	0.0	0.0	10930.0
560	3636.1666666666665	0.0	0.0	9770.0
570	3672.3333333333335	0.0	0.0	10176.0
580	3948.0	0.0	0.0	12763.0
590	3493.1666666666665	0.0	0.0	9422.0
600	3521.0	0.0	0.0	7567.0
610	3993.8333333333335	0.0	0.0	11016.0
620	3682.3333333333335	0.0	0.0	10673.0
630	3705.1666666666665	0.0	0.0	12240.0
640	3859.1666666666665	0.0	0.0	9373.0
650	3605.8333333333335	0.0	0.0	12456.0
660	4118.5	0.0	0.0	9829.0
670	3553.0	0.0	0.0	8938.0
680	3538.0	0.0	0.0	8612.0
690	3681.0	0.0	0.0	11511.0
700	3815.3333333333335	0.0	0.0	9645.0
710	3767.6666666666665	0.0	0.0	12360.0
720	3848.6666666666665	0.0	0.0	8868.0
730	3861.3333333333335	0.0	0.0	10002.0
740	3672.8333333333335	0.0	0.0	10274.0
750	3489.8333333333335	0.0	0.0	10125.0
760	4080.5	0.0	0.0	10335.0
770	3724.5	0.0	0.0	8553.0
780	3448.0	0.0	0.0	9934.0
790	3544.0	0.0	0.0	10201.0
800	3511.8333333333335	0.0	0.0	11049.0
