0	2784.6666666666665	0.0	0.0	0.0
10	2678.1666666666665	75.0	4998.0	10098.0
20	2848.5	21.0	3938.0	7810.0
30	2107.6666666666665	40.0	4185.0	8397.0
40	2858.1666666666665	19.0	4027.0	8020.0
50	2214.8333333333335	67.0	5864.0	11583.0
60	2736.6666666666665	48.0	5831.0	11706.0
70	2497.5	73.0	5820.0	11566.0
80	2746.0	4.0	3229.0	6503.0
90	2777.5	42.0	5494.0	11030.0
100	2377.1666666666665	11.0	4458.0	8849.0
110	2724.3333333333335	22.0	5377.0	10803.0
120	2482.5	15.0	4772.0	9594.0
130	2599.5	36.0	5470.0	10894.0
140	3164.3333333333335	17.0	6991.0	14212.0
150	2491.0	15.0	5455.0	11025.0
160	3430.1666666666665	15.0	6093.0	12121.0
170	3678.5	12.0	5484.0	10872.0
180	3343.1666666666665	20.0	5735.0	11417.0
190	3499.6666666666665	17.0	6185.0	12408.0
200	3247.1666666666665	21.0	5890.0	11710.0
210	3362.1666666666665	8.0	5581.0	11189.0
220	3658.5	28.0	4938.0	9785.0
230	3489.1666666666665	6.0	4855.0	9791.0
240	3302.6666666666665	15.0	6744.0	13213.0
250	3466.1666666666665	20.0	6006.0	11809.0
260	3759.5	11.0	4884.0	9747.0
270	3103.1666666666665	12.0	5768.0	11567.0
280	3426.8333333333335	18.0	6519.0	12984.0
290	3682.3333333333335	13.0	5462.0	11018.0
300	3678.6666666666665	17.0	4789.0	9487.0
310	3145.1666666666665	14.0	2747.0	9887.0
320	3941.3333333333335	0.0	0.0	9439.0
330	3387.5	0.0	0.0	8361.0
340	3857.5	0.0	0.0	10313.0
350	3364.5	0.0	0.0	7550.0
360	3126.0	0.0	0.0	13335.0
370	3917.5	0.0	0.0	13403.0
380	3735.6666666666665	0.0	0.0	10851.0
390	3303.8333333333335	0.0	0.0	8046.0
400	3915.0	0.0	0.0	10128.0
410	3619.8333333333335	0.0	0.0	9253.0
420	3618.6666666666665	0.0	0.0	8384.0
430	3862.5	0.0	0.0	10855.0
440	4005.1666666666665	0.0	0.0	8249.0
450	3771.3333333333335	0.0	0.0	12542.0
460	3794.1666666666665	0.0	0.0	11068.0
470	3053.5	0.0	0.0	9336.0
480	3549.1666666666665	0.0	0.0	6872.0
490	3625.1666666666665	0.0	0.0	10750.0
500	4067.0	0.0	0.0	9905.0
510	3295.3333333333335	0.0	0.0	10365.0
520	3601.6666666666665	0.0	0.0	14208.0
530	3321.3333333333335	0.0	0.0	12780.0
540	3355.1666666666665	0.0	0.0	9929.0
550	3967.5	0.0	0.0	9421.0
560	3822.6666666666665	0.0	0.0	9952.0
570	3667.1666666666665	0.0	0.0	12511.0
580	3694.1666666666665	0.0	0.0	10138.0
590	3733.8333333333335	0.0	0.0	8926.0
600	3523.6666666666665	0.0	0.0	9483.0
610	3929.3333333333335	0.0	0.0	10703.0
620	3626.5	0.0	0.0	13601.0
630	2970.3333333333335	0.0	0.0	9769.0
640	3966.6666666666665	0.0	0.0	12152.0
650	3816.8333333333335	0.0	0.0	9493.0
660	3129.3333333333335	0.0	0.0	10002.0
670	3887.1666666666665	0.0	0.0	8523.0
680	4000.3333333333335	0.0	0.0	10855.0
690	3587.6666666666665	0.0	0.0	13470.0
700	3980.6666666666665	0.0	0.0	10800.0
710	4163.833333333333	0.0	0.0	10222.0
720	4098.833333333333	0.0	0.0	9563.0
730	3427.6666666666665	0.0	0.0	11180.0
740	3541.0	0.0	0.0	7637.0
750	3720.5	0.0	0.0	9496.0
760	3984.3333333333335	0.0	0.0	11748.0
770	4047.6666666666665	0.0	0.0	7963.0
780	3792.0	0.0	0.0	8007.0
790	3624.8333333333335	0.0	0.0	10744.0
800	3851.3333333333335	0.0	0.0	8947.0
