0	2615.0	0.0	0.0	0.0
10	2631.3333333333335	757.0	11800.0	11800.0
20	2427.6666666666665	243.0	3488.0	8953.0
30	2770.0	0.0	0.0	8637.0
40	2597.5	0.0	0.0	7204.0
50	2095.3333333333335	0.0	0.0	8057.0
60	2557.5	0.0	0.0	10966.0
70	2222.5	0.0	0.0	6933.0
80	2325.0	0.0	0.0	8802.0
90	2615.1666666666665	0.0	0.0	5828.0
100	2823.1666666666665	0.0	0.0	11135.0
110	2791.8333333333335	0.0	0.0	6981.0
120	2331.5	0.0	0.0	9618.0
130	2682.6666666666665	0.0	0.0	8235.0
140	2360.6666666666665	0.0	0.0	9298.0
150	2636.0	0.0	0.0	8977.0
160	2835.0	0.0	0.0	9788.0
170	2949.3333333333335	0.0	0.0	12127.0
180	3410.0	0.0	0.0	9131.0
190	2975.0	0.0	0.0	6549.0
200	2968.3333333333335	0.0	0.0	10582.0
210	3346.8333333333335	0.0	0.0	8712.0
220	3217.3333333333335	0.0	0.0	13334.0
230	3143.1666666666665	0.0	0.0	8862.0
240	2502.8333333333335	0.0	0.0	12323.0
250	3849.6666666666665	0.0	0.0	10320.0
260	3567.6666666666665	0.0	0.0	11182.0
270	3078.8333333333335	0.0	0.0	8827.0
280	2992.5	0.0	0.0	11792.0
290	3539.1666666666665	0.0	0.0	8769.0
300	3469.6666666666665	0.0	0.0	9987.0
310	3699.3333333333335	0.0	0.0	10591.0
320	3457.3333333333335	0.0	0.0	12864.0
330	3617.1666666666665	0.0	0.0	10791.0
340	3495.5	0.0	0.0	7009.0
350	3619.6666666666665	0.0	0.0	9295.0
360	3470.0	0.0	0.0	12115.0
370	2802.6666666666665	0.0	0.0	9464.0
380	3590.8333333333335	0.0	0.0	12355.0
390	3591.5	0.0	0.0	9842.0
400	3675.8333333333335	0.0	0.0	13354.0
410	3452.3333333333335	0.0	0.0	9486.0
420	3041.6666666666665	0.0	0.0	11881.0
430	3689.5	0.0	0.0	11428.0
440	3661.8333333333335	0.0	0.0	8313.0
450	3319.1666666666665	0.0	0.0	13766.0
460	3429.6666666666665	0.0	0.0	10682.0
470	3744.6666666666665	0.0	0.0	12332.0
480	3357.6666666666665	0.0	0.0	9007.0
490	3923.1666666666665	0.0	0.0	10152.0
500	4115.833333333333	0.0	0.0	14170.0
510	3683.5	0.0	0.0	8456.0
520	3704.0	0.0	0.0	10344.0
530	3301.0	0.0	0.0	10219.0
540	3890.0	0.0	0.0	10272.0
550	3986.3333333333335	0.0	0.0	8755.0
560	3845.3333333333335	0.0	0.0	7865.0
570	3693.6666666666665	0.0	0.0	7168.0
580	3822.0	0.0	0.0	11104.0
590	3804.6666666666665	0.0	0.0	10824.0
600	3407.6666666666665	0.0	0.0	12627.0
610	4019.3333333333335	0.0	0.0	10640.0
620	3612.8333333333335	0.0	0.0	7322.0
630	3661.6666666666665	0.0	0.0	11116.0
640	3712.1666666666665	0.0	0.0	9754.0
650	4049.3333333333335	0.0	0.0	10666.0
660	3959.5	0.0	0.0	10819.0
670	3719.5	0.0	0.0	10549.0
680	3827.1666666666665	0.0	0.0	10983.0
690	3499.1666666666665	0.0	0.0	10324.0
700	3766.8333333333335	0.0	0.0	8316.0
710	3736.0	0.0	0.0	9649.0
720	3869.3333333333335	0.0	0.0	8207.0
730	3865.8333333333335	0.0	0.0	10304.0
740	3752.1666666666665	0.0	0.0	8926.0
750	3670.5	0.0	0.0	10522.0
760	3597.0	0.0	0.0	10692.0
770	3481.8333333333335	0.0	0.0	10612.0
780	3535.8333333333335	0.0	0.0	10013.0
790	3659.8333333333335	0.0	0.0	12462.0
800	3900.8333333333335	0.0	0.0	9158.0
810	3526.3333333333335	0.0	0.0	12850.0
820	4010.1666666666665	0.0	0.0	10759.0
830	3928.8333333333335	0.0	0.0	9311.0
840	4078.6666666666665	0.0	0.0	12318.0
850	3897.3333333333335	0.0	0.0	11527.0
860	3597.5	0.0	0.0	8573.0
870	3822.5	0.0	0.0	8951.0
880	3715.1666666666665	0.0	0.0	9009.0
890	3806.8333333333335	0.0	0.0	11914.0
900	3720.8333333333335	0.0	0.0	11381.0
910	3795.8333333333335	0.0	0.0	9857.0
920	3718.6666666666665	0.0	0.0	10115.0
930	3873.3333333333335	0.0	0.0	10840.0
940	3546.3333333333335	0.0	0.0	7114.0
950	3600.1666666666665	0.0	0.0	8932.0
960	3556.1666666666665	0.0	0.0	10783.0
970	3691.8333333333335	0.0	0.0	11162.0
980	3649.8333333333335	0.0	0.0	8720.0
990	3704.6666666666665	0.0	0.0	7568.0
1000	3709.3333333333335	0.0	0.0	8404.0
