0	1654.1666666666667	0.0	0.0	0.0
10	1983.8333333333333	1000.0	2077.0	8552.0
20	1677.8333333333333	0.0	0.0	6426.0
30	1708.0	0.0	0.0	5295.0
40	1635.0	0.0	0.0	10371.0
50	1743.0	0.0	0.0	6506.0
60	1772.6666666666667	0.0	0.0	7180.0
70	1631.0	0.0	0.0	7053.0
80	1670.6666666666667	0.0	0.0	7261.0
90	1599.0	0.0	0.0	5810.0
100	1424.0	0.0	0.0	7363.0
110	1567.1666666666667	0.0	0.0	6760.0
120	1399.6666666666667	0.0	0.0	6865.0
130	1656.1666666666667	0.0	0.0	6193.0
140	1781.0	0.0	0.0	8354.0
150	1412.6666666666667	0.0	0.0	7914.0
160	1723.0	0.0	0.0	6092.0
170	1501.6666666666667	0.0	0.0	8336.0
180	1625.6666666666667	0.0	0.0	7076.0
190	1655.6666666666667	0.0	0.0	4737.0
200	1541.3333333333333	0.0	0.0	6778.0
210	1450.6666666666667	0.0	0.0	8533.0
220	1532.0	0.0	0.0	9104.0
230	1534.3333333333333	0.0	0.0	5298.0
240	1648.0	0.0	0.0	7012.0
250	1340.3333333333333	0.0	0.0	6087.0
260	1541.0	0.0	0.0	5759.0
270	1651.3333333333333	0.0	0.0	7749.0
280	1616.8333333333333	0.0	0.0	9060.0
290	1727.5	0.0	0.0	5811.0
300	1704.0	0.0	0.0	8622.0
310	1477.0	0.0	0.0	6542.0
320	1807.6666666666667	0.0	0.0	9437.0
330	1685.5	0.0	0.0	7330.0
340	1428.3333333333333	0.0	0.0	6762.0
350	1591.5	0.0	0.0	5837.0
360	1654.8333333333333	0.0	0.0	6832.0
370	1485.3333333333333	0.0	0.0	9747.0
380	1578.3333333333333	0.0	0.0	6197.0
390	1491.3333333333333	0.0	0.0	6898.0
400	1520.8333333333333	0.0	0.0	5879.0
410	1408.0	0.0	0.0	7373.0
420	1393.3333333333333	0.0	0.0	5810.0
430	1387.1666666666667	0.0	0.0	8186.0
440	1625.6666666666667	0.0	0.0	7213.0
450	1382.0	0.0	0.0	3593.0
460	1635.1666666666667	0.0	0.0	6708.0
470	1610.6666666666667	0.0	0.0	8259.0
480	1554.6666666666667	0.0	0.0	4931.0
490	1584.3333333333333	0.0	0.0	5091.0
500	1434.0	0.0	0.0	7527.0
510	1633.6666666666667	0.0	0.0	5475.0
520	1482.6666666666667	0.0	0.0	5351.0
530	1372.0	0.0	0.0	5439.0
540	1515.1666666666667	0.0	0.0	7061.0
550	1285.3333333333333	0.0	0.0	5515.0
560	1450.6666666666667	0.0	0.0	6806.0
570	1339.3333333333333	0.0	0.0	6473.0
580	1280.3333333333333	0.0	0.0	7770.0
590	1431.0	0.0	0.0	5670.0
600	1573.0	0.0	0.0	5079.0
610	1274.3333333333333	0.0	0.0	6721.0
620	1560.6666666666667	0.0	0.0	4995.0
630	1345.3333333333333	0.0	0.0	7760.0
640	1429.5	0.0	0.0	6282.0
650	1445.0	0.0	0.0	4043.0
660	1258.3333333333333	0.0	0.0	5638.0
670	1453.0	0.0	0.0	5461.0
680	1492.3333333333333	0.0	0.0	8086.0
690	1560.0	0.0	0.0	5246.0
700	1522.3333333333333	0.0	0.0	5517.0
710	1571.0	0.0	0.0	6380.0
720	1677.3333333333333	0.0	0.0	5583.0
730	1213.6666666666667	0.0	0.0	5694.0
740	1381.6666666666667	0.0	0.0	6094.0
750	1282.0	0.0	0.0	4870.0
760	1394.6666666666667	0.0	0.0	9267.0
770	1453.3333333333333	0.0	0.0	7662.0
780	1424.6666666666667	0.0	0.0	5232.0
790	1384.3333333333333	0.0	0.0	5992.0
800	1383.0	0.0	0.0	4366.0
810	1349.0	0.0	0.0	6843.0
820	1330.6666666666667	0.0	0.0	7172.0
830	1440.6666666666667	0.0	0.0	5782.0
840	1366.0	0.0	0.0	6097.0
850	1348.6666666666667	0.0	0.0	4976.0
860	1172.3333333333333	0.0	0.0	8659.0
870	1414.0	0.0	0.0	5847.0
880	1443.0	0.0	0.0	6454.0
890	1404.6666666666667	0.0	0.0	5732.0
900	1402.6666666666667	0.0	0.0	5062.0
910	1390.0	0.0	0.0	4522.0
920	1214.6666666666667	0.0	0.0	5283.0
930	1259.6666666666667	0.0	0.0	4237.0
940	1257.6666666666667	0.0	0.0	7097.0
950	1275.6666666666667	0.0	0.0	6640.0
960	1362.0	0.0	0.0	5417.0
970	1160.3333333333333	0.0	0.0	5072.0
980	1402.6666666666667	0.0	0.0	5286.0
990	1287.3333333333333	0.0	0.0	5244.0
1000	1399.6666666666667	0.0	0.0	6268.0
