0	1688.6666666666667	0.0	0.0	0.0
10	2106.0	1000.0	3058.0	8788.0
20	1985.5	0.0	0.0	7928.0
30	1919.6666666666667	0.0	0.0	6394.0
40	1955.5	0.0	0.0	8885.0
50	1997.8333333333333	0.0	0.0	7433.0
60	2051.6666666666665	0.0	0.0	7097.0
70	2011.8333333333333	0.0	0.0	9286.0
80	1993.8333333333333	0.0	0.0	10498.0
90	2068.6666666666665	0.0	0.0	7767.0
100	2080.6666666666665	0.0	0.0	7671.0
110	1962.3333333333333	0.0	0.0	9396.0
120	2160.0	0.0	0.0	9136.0
130	1997.6666666666667	0.0	0.0	7829.0
140	1691.3333333333333	0.0	0.0	8531.0
150	1531.3333333333333	0.0	0.0	5777.0
160	1787.1666666666667	0.0	0.0	8694.0
170	1641.1666666666667	0.0	0.0	6530.0
180	1622.0	0.0	0.0	7836.0
190	1366.3333333333333	0.0	0.0	8134.0
200	1860.0	0.0	0.0	6357.0
210	1777.5	0.0	0.0	6756.0
220	1768.6666666666667	0.0	0.0	8450.0
230	1675.3333333333333	0.0	0.0	5835.0
240	1603.0	0.0	0.0	4678.0
250	1426.6666666666667	0.0	0.0	7254.0
260	1623.0	0.0	0.0	6124.0
270	1618.3333333333333	0.0	0.0	7255.0
280	1613.0	0.0	0.0	7719.0
290	1466.3333333333333	0.0	0.0	7241.0
300	1450.0	0.0	0.0	7919.0
310	1618.6666666666667	0.0	0.0	6264.0
320	1537.0	0.0	0.0	6511.0
330	1586.6666666666667	0.0	0.0	7023.0
340	1441.6666666666667	0.0	0.0	5719.0
350	1538.5	0.0	0.0	5896.0
360	1397.5	0.0	0.0	7997.0
370	1389.3333333333333	0.0	0.0	4413.0
380	1472.0	0.0	0.0	6136.0
390	1382.6666666666667	0.0	0.0	5772.0
400	1303.6666666666667	0.0	0.0	6271.0
410	1585.3333333333333	0.0	0.0	5347.0
420	1322.0	0.0	0.0	5680.0
430	1302.6666666666667	0.0	0.0	6608.0
440	1392.6666666666667	0.0	0.0	6885.0
450	1422.0	0.0	0.0	5695.0
460	1401.0	0.0	0.0	7303.0
470	1362.0	0.0	0.0	6419.0
480	1427.6666666666667	0.0	0.0	5891.0
490	1377.6666666666667	0.0	0.0	7524.0
500	1570.3333333333333	0.0	0.0	4649.0
510	1391.3333333333333	0.0	0.0	5927.0
520	1458.3333333333333	0.0	0.0	6219.0
530	1525.1666666666667	0.0	0.0	6199.0
540	1254.0	0.0	0.0	6269.0
550	1539.3333333333333	0.0	0.0	5957.0
560	1465.3333333333333	0.0	0.0	7480.0
570	1316.3333333333333	0.0	0.0	6560.0
580	1323.3333333333333	0.0	0.0	5505.0
590	1348.6666666666667	0.0	0.0	5944.0
600	1225.0	0.0	0.0	5550.0
610	1350.6666666666667	0.0	0.0	6163.0
620	1431.0	0.0	0.0	7149.0
630	1474.0	0.0	0.0	6220.0
640	1343.6666666666667	0.0	0.0	5641.0
650	1461.0	0.0	0.0	6068.0
660	1321.6666666666667	0.0	0.0	6605.0
670	1507.3333333333333	0.0	0.0	5482.0
680	1478.6666666666667	0.0	0.0	4596.0
690	1321.3333333333333	0.0	0.0	5846.0
700	1371.6666666666667	0.0	0.0	5547.0
710	1259.0	0.0	0.0	5553.0
720	1364.3333333333333	0.0	0.0	6260.0
730	1380.6666666666667	0.0	0.0	5525.0
740	1169.0	0.0	0.0	5508.0
750	1192.0	0.0	0.0	5044.0
760	1330.3333333333333	0.0	0.0	5005.0
770	1293.6666666666667	0.0	0.0	5774.0
780	1376.0	0.0	0.0	4780.0
790	1324.0	0.0	0.0	5895.0
800	1444.0	0.0	0.0	5580.0
810	1456.0	0.0	0.0	5226.0
820	1440.6666666666667	0.0	0.0	6919.0
830	1318.0	0.0	0.0	5572.0
840	1292.0	0.0	0.0	5089.0
850	1333.6666666666667	0.0	0.0	4649.0
860	1246.3333333333333	0.0	0.0	7484.0
870	1262.3333333333333	0.0	0.0	6400.0
880	1233.3333333333333	0.0	0.0	6573.0
890	1370.6666666666667	0.0	0.0	5913.0
900	1148.6666666666667	0.0	0.0	4080.0
910	1357.3333333333333	0.0	0.0	6354.0
920	1369.0	0.0	0.0	5016.0
930	1329.3333333333333	0.0	0.0	4633.0
940	1265.3333333333333	0.0	0.0	4277.0
950	1195.3333333333333	0.0	0.0	5369.0
960	1137.3333333333333	0.0	0.0	3064.0
970	1313.6666666666667	0.0	0.0	5577.0
980	1270.3333333333333	0.0	0.0	6251.0
990	1244.3333333333333	0.0	0.0	5833.0
1000	1347.6666666666667	0.0	0.0	7246.0
