0	1702.6666666666667	0.0	0.0	0.0
10	2008.6666666666667	1000.0	2298.0	10240.0
20	1869.0	0.0	0.0	8701.0
30	2090.3333333333335	0.0	0.0	10769.0
40	1949.6666666666667	0.0	0.0	10034.0
50	2117.8333333333335	0.0	0.0	8812.0
60	2096.5	0.0	0.0	7552.0
70	2233.1666666666665	0.0	0.0	7681.0
80	2123.0	0.0	0.0	7535.0
90	2212.0	0.0	0.0	9089.0
100	2321.3333333333335	0.0	0.0	10712.0
110	2325.3333333333335	0.0	0.0	10373.0
120	2312.1666666666665	0.0	0.0	9674.0
130	2044.3333333333333	0.0	0.0	10938.0
140	2256.5	0.0	0.0	9326.0
150	2211.5	0.0	0.0	8549.0
160	1912.5	0.0	0.0	9411.0
170	2389.1666666666665	0.0	0.0	7509.0
180	1833.1666666666667	0.0	0.0	7191.0
190	2238.8333333333335	0.0	0.0	7573.0
200	2258.6666666666665	0.0	0.0	7844.0
210	2253.0	0.0	0.0	7012.0
220	2294.6666666666665	0.0	0.0	10614.0
230	2416.8333333333335	0.0	0.0	9430.0
240	2428.6666666666665	0.0	0.0	10036.0
250	2770.6666666666665	0.0	0.0	11293.0
260	2361.3333333333335	0.0	0.0	9042.0
270	2831.3333333333335	0.0	0.0	6159.0
280	2657.8333333333335	0.0	0.0	8881.0
290	2464.6666666666665	0.0	0.0	7646.0
300	2951.0	0.0	0.0	8471.0
310	2428.3333333333335	0.0	0.0	11475.0
320	2480.8333333333335	0.0	0.0	8691.0
330	2427.5	0.0	0.0	6454.0
340	2455.8333333333335	0.0	0.0	9041.0
350	2496.0	0.0	0.0	7957.0
360	2493.1666666666665	0.0	0.0	7368.0
370	2724.3333333333335	0.0	0.0	8799.0
380	2601.1666666666665	0.0	0.0	8011.0
390	2240.6666666666665	0.0	0.0	8086.0
400	2870.8333333333335	0.0	0.0	10346.0
410	2692.8333333333335	0.0	0.0	7321.0
420	2538.6666666666665	0.0	0.0	8919.0
430	2951.3333333333335	0.0	0.0	6775.0
440	2682.6666666666665	0.0	0.0	8907.0
450	2818.3333333333335	0.0	0.0	9468.0
460	2701.5	0.0	0.0	9597.0
470	2657.3333333333335	0.0	0.0	7845.0
480	2789.3333333333335	0.0	0.0	8541.0
490	3052.8333333333335	0.0	0.0	6616.0
500	2617.1666666666665	0.0	0.0	9863.0
510	2518.8333333333335	0.0	0.0	9620.0
520	3018.6666666666665	0.0	0.0	7156.0
530	2856.1666666666665	0.0	0.0	8524.0
540	2843.3333333333335	0.0	0.0	9540.0
550	2911.5	0.0	0.0	10314.0
560	3500.1666666666665	0.0	0.0	8502.0
570	3212.3333333333335	0.0	0.0	12671.0
580	2964.3333333333335	0.0	0.0	10333.0
590	3576.0	0.0	0.0	8818.0
600	3434.0	0.0	0.0	13419.0
610	3107.5	0.0	0.0	13911.0
620	3421.5	0.0	0.0	8386.0
630	3698.1666666666665	0.0	0.0	10768.0
640	3514.0	0.0	0.0	11173.0
650	2961.1666666666665	0.0	0.0	10323.0
660	3658.3333333333335	0.0	0.0	10199.0
670	3484.1666666666665	0.0	0.0	9414.0
680	3590.1666666666665	0.0	0.0	13182.0
690	3305.1666666666665	0.0	0.0	11897.0
700	3158.0	0.0	0.0	9219.0
710	3872.3333333333335	0.0	0.0	9246.0
720	3734.3333333333335	0.0	0.0	10740.0
730	3277.8333333333335	0.0	0.0	10848.0
740	3953.1666666666665	0.0	0.0	11253.0
750	3768.8333333333335	0.0	0.0	13740.0
760	3663.3333333333335	0.0	0.0	8895.0
770	4197.833333333333	0.0	0.0	10211.0
780	3849.1666666666665	0.0	0.0	9585.0
790	3221.3333333333335	0.0	0.0	6290.0
800	3300.3333333333335	0.0	0.0	11717.0
810	3574.1666666666665	0.0	0.0	9855.0
820	3056.1666666666665	0.0	0.0	9670.0
830	3338.0	0.0	0.0	11251.0
840	3652.1666666666665	0.0	0.0	10533.0
850	3724.0	0.0	0.0	10592.0
860	4016.0	0.0	0.0	10344.0
870	4044.8333333333335	0.0	0.0	11960.0
880	3707.8333333333335	0.0	0.0	10898.0
890	3664.6666666666665	0.0	0.0	11234.0
900	3969.3333333333335	0.0	0.0	10548.0
910	3860.1666666666665	0.0	0.0	10449.0
920	3768.6666666666665	0.0	0.0	10891.0
930	4053.8333333333335	0.0	0.0	8703.0
940	3565.3333333333335	0.0	0.0	11229.0
950	3860.3333333333335	0.0	0.0	11775.0
960	3689.8333333333335	0.0	0.0	9875.0
970	3967.0	0.0	0.0	11891.0
980	3680.6666666666665	0.0	0.0	9510.0
990	3801.0	0.0	0.0	12134.0
1000	3760.5	0.0	0.0	10166.0
