0	1693.0	0.0	0.0	0.0
10	2044.1666666666667	1000.0	2811.0	8073.0
20	1919.5	0.0	0.0	8185.0
30	2056.3333333333335	0.0	0.0	10640.0
40	2081.0	0.0	0.0	5153.0
50	2151.6666666666665	0.0	0.0	6765.0
60	1941.6666666666667	0.0	0.0	8094.0
70	2037.0	0.0	0.0	8006.0
80	1734.3333333333333	0.0	0.0	5429.0
90	1733.6666666666667	0.0	0.0	5573.0
100	1538.6666666666667	0.0	0.0	6248.0
110	1662.3333333333333	0.0	0.0	8572.0
120	1861.5	0.0	0.0	6946.0
130	1596.6666666666667	0.0	0.0	7190.0
140	1892.1666666666667	0.0	0.0	9134.0
150	1822.6666666666667	0.0	0.0	5842.0
160	1743.8333333333333	0.0	0.0	7854.0
170	1604.0	0.0	0.0	6411.0
180	1688.8333333333333	0.0	0.0	6461.0
190	1746.5	0.0	0.0	7777.0
200	1926.3333333333333	0.0	0.0	8854.0
210	1614.8333333333333	0.0	0.0	6722.0
220	1637.8333333333333	0.0	0.0	4678.0
230	1844.1666666666667	0.0	0.0	4370.0
240	1516.8333333333333	0.0	0.0	9529.0
250	1562.3333333333333	0.0	0.0	5765.0
260	1611.3333333333333	0.0	0.0	4392.0
270	1327.6666666666667	0.0	0.0	5397.0
280	1557.6666666666667	0.0	0.0	5360.0
290	1525.0	0.0	0.0	8293.0
300	1648.0	0.0	0.0	9156.0
310	1509.6666666666667	0.0	0.0	7825.0
320	1430.0	0.0	0.0	4917.0
330	1401.6666666666667	0.0	0.0	5794.0
340	1494.0	0.0	0.0	4715.0
350	1521.0	0.0	0.0	6115.0
360	1339.0	0.0	0.0	7994.0
370	1448.3333333333333	0.0	0.0	8038.0
380	1327.5	0.0	0.0	5595.0
390	1425.6666666666667	0.0	0.0	6588.0
400	1479.3333333333333	0.0	0.0	7643.0
410	1371.3333333333333	0.0	0.0	6003.0
420	1361.0	0.0	0.0	7789.0
430	1389.6666666666667	0.0	0.0	7718.0
440	1410.0	0.0	0.0	4583.0
450	1420.0	0.0	0.0	6879.0
460	1323.3333333333333	0.0	0.0	5240.0
470	1310.3333333333333	0.0	0.0	8937.0
480	1413.0	0.0	0.0	6727.0
490	1455.0	0.0	0.0	5568.0
500	1328.6666666666667	0.0	0.0	5550.0
510	1441.0	0.0	0.0	4790.0
520	1229.6666666666667	0.0	0.0	5368.0
530	1182.0	0.0	0.0	6913.0
540	1503.3333333333333	0.0	0.0	6291.0
550	1374.6666666666667	0.0	0.0	9326.0
560	1508.1666666666667	0.0	0.0	5318.0
570	1393.6666666666667	0.0	0.0	5400.0
580	1479.3333333333333	0.0	0.0	8950.0
590	1601.3333333333333	0.0	0.0	6574.0
600	1351.3333333333333	0.0	0.0	5214.0
610	1366.0	0.0	0.0	5598.0
620	1413.6666666666667	0.0	0.0	5326.0
630	1505.3333333333333	0.0	0.0	5849.0
640	1581.6666666666667	0.0	0.0	5390.0
650	1462.0	0.0	0.0	7877.0
660	1339.0	0.0	0.0	7316.0
670	1342.6666666666667	0.0	0.0	5838.0
680	1274.0	0.0	0.0	5438.0
690	1427.3333333333333	0.0	0.0	4313.0
700	1372.6666666666667	0.0	0.0	5819.0
710	1269.3333333333333	0.0	0.0	5213.0
720	1356.8333333333333	0.0	0.0	5909.0
730	1444.6666666666667	0.0	0.0	5268.0
740	1285.6666666666667	0.0	0.0	7149.0
750	1270.0	0.0	0.0	5732.0
760	1415.6666666666667	0.0	0.0	5303.0
770	1203.6666666666667	0.0	0.0	5842.0
780	1215.6666666666667	0.0	0.0	4629.0
790	1228.6666666666667	0.0	0.0	6119.0
800	1253.0	0.0	0.0	6337.0
810	1226.3333333333333	0.0	0.0	5057.0
820	1343.6666666666667	0.0	0.0	6251.0
830	1292.3333333333333	0.0	0.0	5164.0
840	1349.3333333333333	0.0	0.0	4768.0
850	1293.0	0.0	0.0	6584.0
860	1392.3333333333333	0.0	0.0	7947.0
870	1383.3333333333333	0.0	0.0	4615.0
880	1380.0	0.0	0.0	5206.0
890	1306.6666666666667	0.0	0.0	6886.0
900	1194.3333333333333	0.0	0.0	5899.0
910	1383.6666666666667	0.0	0.0	6579.0
920	1418.0	0.0	0.0	6509.0
930	1289.6666666666667	0.0	0.0	8013.0
940	1313.0	0.0	0.0	5580.0
950	1244.0	0.0	0.0	6480.0
960	1475.3333333333333	0.0	0.0	4394.0
970	1434.6666666666667	0.0	0.0	6942.0
980	1526.3333333333333	0.0	0.0	5161.0
990	1254.3333333333333	0.0	0.0	3747.0
1000	1290.6666666666667	0.0	0.0	5297.0
