0	1674.6666666666667	0.0	0.0	0.0
10	1739.0	1000.0	2046.0	8537.0
20	1884.0	0.0	0.0	8888.0
30	2020.6666666666667	0.0	0.0	9862.0
40	1990.1666666666667	0.0	0.0	7508.0
50	1855.5	0.0	0.0	11109.0
60	2050.3333333333335	0.0	0.0	8472.0
70	1941.8333333333333	0.0	0.0	4623.0
80	2051.3333333333335	0.0	0.0	8067.0
90	2240.8333333333335	0.0	0.0	6877.0
100	2253.8333333333335	0.0	0.0	10706.0
110	2132.3333333333335	0.0	0.0	7908.0
120	2132.1666666666665	0.0	0.0	6592.0
130	2137.5	0.0	0.0	6353.0
140	2408.6666666666665	0.0	0.0	10288.0
150	2068.1666666666665	0.0	0.0	7183.0
160	2317.3333333333335	0.0	0.0	10272.0
170	2417.0	0.0	0.0	8550.0
180	1871.3333333333333	0.0	0.0	4710.0
190	2001.0	0.0	0.0	9835.0
200	2515.6666666666665	0.0	0.0	8179.0
210	2375.6666666666665	0.0	0.0	9686.0
220	2421.0	0.0	0.0	8422.0
230	2390.5	0.0	0.0	10133.0
240	2431.5	0.0	0.0	10410.0
250	2661.1666666666665	0.0	0.0	7017.0
260	2430.1666666666665	0.0	0.0	7327.0
270	2284.0	0.0	0.0	10840.0
280	2187.5	0.0	0.0	10609.0
290	2238.1666666666665	0.0	0.0	9546.0
300	2319.0	0.0	0.0	5740.0
310	2358.8333333333335	0.0	0.0	8610.0
320	2697.0	0.0	0.0	6864.0
330	1957.3333333333333	0.0	0.0	11745.0
340	2317.3333333333335	0.0	0.0	7352.0
350	2295.8333333333335	0.0	0.0	6378.0
360	2360.0	0.0	0.0	7435.0
370	2508.5	0.0	0.0	7520.0
380	2662.0	0.0	0.0	6771.0
390	2135.1666666666665	0.0	0.0	8488.0
400	2503.0	0.0	0.0	7582.0
410	2111.6666666666665	0.0	0.0	7512.0
420	2410.6666666666665	0.0	0.0	8969.0
430	3082.8333333333335	0.0	0.0	7376.0
440	2412.0	0.0	0.0	11699.0
450	2606.5	0.0	0.0	10201.0
460	2823.3333333333335	0.0	0.0	8139.0
470	2938.5	0.0	0.0	8665.0
480	2783.8333333333335	0.0	0.0	13641.0
490	2954.6666666666665	0.0	0.0	7701.0
500	3182.3333333333335	0.0	0.0	6540.0
510	2920.1666666666665	0.0	0.0	5961.0
520	3115.3333333333335	0.0	0.0	8346.0
530	3235.0	0.0	0.0	6365.0
540	2691.0	0.0	0.0	9246.0
550	3329.5	0.0	0.0	9463.0
560	2712.3333333333335	0.0	0.0	9126.0
570	3481.1666666666665	0.0	0.0	9455.0
580	3374.1666666666665	0.0	0.0	8225.0
590	2797.3333333333335	0.0	0.0	8700.0
600	3084.6666666666665	0.0	0.0	9384.0
610	3240.3333333333335	0.0	0.0	8856.0
620	3034.0	0.0	0.0	8351.0
630	3474.6666666666665	0.0	0.0	9746.0
640	2856.5	0.0	0.0	9970.0
650	3245.6666666666665	0.0	0.0	9888.0
660	3782.6666666666665	0.0	0.0	10839.0
670	3761.1666666666665	0.0	0.0	8662.0
680	3320.8333333333335	0.0	0.0	10653.0
690	3689.6666666666665	0.0	0.0	10252.0
700	3651.3333333333335	0.0	0.0	11811.0
710	3548.0	0.0	0.0	10734.0
720	3742.5	0.0	0.0	11013.0
730	3466.3333333333335	0.0	0.0	9427.0
740	2997.5	0.0	0.0	10515.0
750	3631.3333333333335	0.0	0.0	13395.0
760	3450.0	0.0	0.0	10482.0
770	3089.0	0.0	0.0	9403.0
780	2683.0	0.0	0.0	10499.0
790	3465.5	0.0	0.0	9595.0
800	3617.6666666666665	0.0	0.0	11438.0
810	4101.5	0.0	0.0	11271.0
820	3758.8333333333335	0.0	0.0	10373.0
830	3365.8333333333335	0.0	0.0	11425.0
840	3878.8333333333335	0.0	0.0	7285.0
850	3977.6666666666665	0.0	0.0	9649.0
860	3561.6666666666665	0.0	0.0	9045.0
870	3996.0	0.0	0.0	10644.0
880	3730.6666666666665	0.0	0.0	10457.0
890	4198.0	0.0	0.0	10417.0
900	3689.0	0.0	0.0	8656.0
910	3563.8333333333335	0.0	0.0	9837.0
920	3445.1666666666665	0.0	0.0	11709.0
930	3643.1666666666665	0.0	0.0	8948.0
940	3922.3333333333335	0.0	0.0	8757.0
950	3976.8333333333335	0.0	0.0	6878.0
960	3573.3333333333335	0.0	0.0	11532.0
970	3559.8333333333335	0.0	0.0	11104.0
980	3173.6666666666665	0.0	0.0	9493.0
990	3847.0	0.0	0.0	11755.0
1000	3629.6666666666665	0.0	0.0	9782.0
