0	233.66666666666666	0.0	0.0	0.0
10	2019.8333333333333	813.0	4085.0	10086.0
20	2068.0	187.0	751.0	8694.0
30	1821.3333333333333	0.0	0.0	6927.0
40	2055.1666666666665	0.0	0.0	7537.0
50	1977.5	0.0	0.0	6334.0
60	1998.3333333333333	0.0	0.0	6947.0
70	2090.5	0.0	0.0	8076.0
80	2131.6666666666665	0.0	0.0	9709.0
90	2350.8333333333335	0.0	0.0	8488.0
100	2280.3333333333335	0.0	0.0	5528.0
110	2240.1666666666665	0.0	0.0	8774.0
120	2564.8333333333335	0.0	0.0	9071.0
130	2301.6666666666665	0.0	0.0	7747.0
140	2209.3333333333335	0.0	0.0	7007.0
150	2360.6666666666665	0.0	0.0	8720.0
160	2257.3333333333335	0.0	0.0	8640.0
170	2524.3333333333335	0.0	0.0	9061.0
180	1967.1666666666667	0.0	0.0	8966.0
190	2824.3333333333335	0.0	0.0	12735.0
200	2498.3333333333335	0.0	0.0	6166.0
210	2706.8333333333335	0.0	0.0	6527.0
220	2311.5	0.0	0.0	11595.0
230	2646.1666666666665	0.0	0.0	6801.0
240	2753.1666666666665	0.0	0.0	6289.0
250	2603.1666666666665	0.0	0.0	6550.0
260	2630.6666666666665	0.0	0.0	10380.0
270	2496.8333333333335	0.0	0.0	10940.0
280	2605.8333333333335	0.0	0.0	6128.0
290	2731.5	0.0	0.0	9766.0
300	2507.8333333333335	0.0	0.0	7348.0
310	2427.8333333333335	0.0	0.0	9542.0
320	2312.8333333333335	0.0	0.0	12172.0
330	3329.3333333333335	0.0	0.0	8147.0
340	2705.1666666666665	0.0	0.0	10410.0
350	3069.0	0.0	0.0	9532.0
360	2664.8333333333335	0.0	0.0	9505.0
370	2870.3333333333335	0.0	0.0	11831.0
380	3177.8333333333335	0.0	0.0	9254.0
390	3285.8333333333335	0.0	0.0	9121.0
400	3150.1666666666665	0.0	0.0	9009.0
410	3188.8333333333335	0.0	0.0	13238.0
420	3591.6666666666665	0.0	0.0	12146.0
430	3135.1666666666665	0.0	0.0	8331.0
440	3342.8333333333335	0.0	0.0	8423.0
450	3596.5	0.0	0.0	10292.0
460	3230.5	0.0	0.0	9580.0
470	3356.5	0.0	0.0	7291.0
480	3369.0	0.0	0.0	11029.0
490	3494.8333333333335	0.0	0.0	12623.0
500	4016.1666666666665	0.0	0.0	8102.0
510	3504.5	0.0	0.0	13104.0
520	3475.3333333333335	0.0	0.0	10243.0
530	3288.3333333333335	0.0	0.0	13365.0
540	3984.5	0.0	0.0	11228.0
550	3745.8333333333335	0.0	0.0	8333.0
560	3972.6666666666665	0.0	0.0	7697.0
570	4007.0	0.0	0.0	9374.0
580	3611.3333333333335	0.0	0.0	12710.0
590	3293.8333333333335	0.0	0.0	11180.0
600	3947.1666666666665	0.0	0.0	10678.0
610	3485.0	0.0	0.0	9073.0
620	3167.8333333333335	0.0	0.0	10522.0
630	3395.1666666666665	0.0	0.0	11120.0
640	3864.5	0.0	0.0	11140.0
650	3441.5	0.0	0.0	8986.0
660	3383.5	0.0	0.0	11893.0
670	3199.5	0.0	0.0	11807.0
680	3701.6666666666665	0.0	0.0	12574.0
690	3597.6666666666665	0.0	0.0	11715.0
700	3719.1666666666665	0.0	0.0	8816.0
710	3931.6666666666665	0.0	0.0	10878.0
720	3965.1666666666665	0.0	0.0	12974.0
730	3882.6666666666665	0.0	0.0	10671.0
740	3819.3333333333335	0.0	0.0	8215.0
750	3866.1666666666665	0.0	0.0	7746.0
760	3551.8333333333335	0.0	0.0	9587.0
770	3920.1666666666665	0.0	0.0	11224.0
780	3674.0	0.0	0.0	9626.0
790	3814.6666666666665	0.0	0.0	10144.0
800	3477.1666666666665	0.0	0.0	12108.0
810	3659.0	0.0	0.0	6313.0
820	3839.0	0.0	0.0	9160.0
830	3739.5	0.0	0.0	10509.0
840	3354.3333333333335	0.0	0.0	12374.0
850	4042.3333333333335	0.0	0.0	11513.0
860	3895.1666666666665	0.0	0.0	9908.0
870	3603.6666666666665	0.0	0.0	12414.0
880	3603.8333333333335	0.0	0.0	12137.0
890	4160.0	0.0	0.0	10023.0
900	3864.0	0.0	0.0	10457.0
910	3916.8333333333335	0.0	0.0	12560.0
920	3941.3333333333335	0.0	0.0	8534.0
930	3570.1666666666665	0.0	0.0	9871.0
940	3779.1666666666665	0.0	0.0	10080.0
950	3899.5	0.0	0.0	10654.0
960	3753.0	0.0	0.0	6958.0
970	3756.8333333333335	0.0	0.0	9812.0
980	3835.3333333333335	0.0	0.0	8472.0
990	3917.8333333333335	0.0	0.0	10042.0
1000	3891.0	0.0	0.0	9921.0
