0	236.0	0.0	0.0	0.0
10	1929.1666666666667	919.0	4257.0	9857.0
20	1831.1666666666667	81.0	346.0	12848.0
30	1889.0	0.0	0.0	8496.0
40	1751.3333333333333	0.0	0.0	7953.0
50	2360.6666666666665	0.0	0.0	9111.0
60	2162.0	0.0	0.0	8553.0
70	2434.6666666666665	0.0	0.0	6172.0
80	2305.3333333333335	0.0	0.0	8736.0
90	2443.0	0.0	0.0	8132.0
100	2516.8333333333335	0.0	0.0	8644.0
110	2542.1666666666665	0.0	0.0	9834.0
120	2560.6666666666665	0.0	0.0	9906.0
130	2353.6666666666665	0.0	0.0	8054.0
140	2470.5	0.0	0.0	9889.0
150	2007.5	0.0	0.0	7389.0
160	2530.0	0.0	0.0	8724.0
170	2667.0	0.0	0.0	8165.0
180	2245.0	0.0	0.0	11559.0
190	2493.6666666666665	0.0	0.0	6335.0
200	2423.8333333333335	0.0	0.0	8578.0
210	2277.3333333333335	0.0	0.0	7697.0
220	2789.8333333333335	0.0	0.0	6124.0
230	2834.8333333333335	0.0	0.0	6306.0
240	2081.5	0.0	0.0	7849.0
250	2646.0	0.0	0.0	11432.0
260	2975.8333333333335	0.0	0.0	10039.0
270	2822.1666666666665	0.0	0.0	8962.0
280	2838.8333333333335	0.0	0.0	9694.0
290	2744.5	0.0	0.0	11220.0
300	3057.0	0.0	0.0	11617.0
310	2950.0	0.0	0.0	12795.0
320	3035.5	0.0	0.0	8521.0
330	2776.6666666666665	0.0	0.0	8370.0
340	2817.6666666666665	0.0	0.0	11030.0
350	3360.0	0.0	0.0	10507.0
360	2411.6666666666665	0.0	0.0	10939.0
370	3139.3333333333335	0.0	0.0	7344.0
380	3337.5	0.0	0.0	11537.0
390	2788.8333333333335	0.0	0.0	10624.0
400	3278.6666666666665	0.0	0.0	10637.0
410	3308.8333333333335	0.0	0.0	6433.0
420	3647.6666666666665	0.0	0.0	10170.0
430	3662.1666666666665	0.0	0.0	11130.0
440	3414.8333333333335	0.0	0.0	12626.0
450	3308.0	0.0	0.0	8448.0
460	3585.8333333333335	0.0	0.0	10931.0
470	3341.6666666666665	0.0	0.0	10548.0
480	3288.3333333333335	0.0	0.0	9853.0
490	3019.6666666666665	0.0	0.0	12253.0
500	3136.5	0.0	0.0	9599.0
510	3813.5	0.0	0.0	9595.0
520	3745.8333333333335	0.0	0.0	12448.0
530	3585.6666666666665	0.0	0.0	8107.0
540	3889.8333333333335	0.0	0.0	10659.0
550	3149.1666666666665	0.0	0.0	11250.0
560	4063.1666666666665	0.0	0.0	8882.0
570	3681.3333333333335	0.0	0.0	12219.0
580	3065.8333333333335	0.0	0.0	9548.0
590	3650.1666666666665	0.0	0.0	13275.0
600	3439.0	0.0	0.0	9165.0
610	3832.1666666666665	0.0	0.0	11633.0
620	2700.8333333333335	0.0	0.0	11084.0
630	3450.1666666666665	0.0	0.0	12582.0
640	3678.3333333333335	0.0	0.0	14484.0
650	3514.6666666666665	0.0	0.0	8253.0
660	3758.1666666666665	0.0	0.0	9333.0
670	3652.1666666666665	0.0	0.0	10043.0
680	3943.5	0.0	0.0	11592.0
690	3526.5	0.0	0.0	10026.0
700	3713.1666666666665	0.0	0.0	10528.0
710	3696.8333333333335	0.0	0.0	11780.0
720	3733.0	0.0	0.0	11447.0
730	3802.6666666666665	0.0	0.0	7584.0
740	3764.5	0.0	0.0	9831.0
750	3644.1666666666665	0.0	0.0	8084.0
760	4075.8333333333335	0.0	0.0	10815.0
770	3744.6666666666665	0.0	0.0	8735.0
780	3407.6666666666665	0.0	0.0	9438.0
790	3392.5	0.0	0.0	10224.0
800	3689.3333333333335	0.0	0.0	12370.0
810	3784.8333333333335	0.0	0.0	8719.0
820	3573.6666666666665	0.0	0.0	10435.0
830	3794.1666666666665	0.0	0.0	10756.0
840	4069.0	0.0	0.0	8996.0
850	3697.0	0.0	0.0	9691.0
860	3252.3333333333335	0.0	0.0	9428.0
870	3930.1666666666665	0.0	0.0	11725.0
880	3703.1666666666665	0.0	0.0	8482.0
890	3701.6666666666665	0.0	0.0	9231.0
900	4171.333333333333	0.0	0.0	7995.0
910	3279.6666666666665	0.0	0.0	12186.0
920	3478.3333333333335	0.0	0.0	9303.0
930	3655.1666666666665	0.0	0.0	9844.0
940	3927.6666666666665	0.0	0.0	10501.0
950	3663.5	0.0	0.0	9487.0
960	3771.3333333333335	0.0	0.0	13277.0
970	3644.0	0.0	0.0	10642.0
980	3891.6666666666665	0.0	0.0	9690.0
990	3766.0	0.0	0.0	9676.0
1000	3642.0	0.0	0.0	11200.0
