0	2593.8333333333335	0.0	0.0	0.0
10	2620.3333333333335	1000.0	1000.0	12207.0
20	2572.3333333333335	0.0	0.0	6163.0
30	2587.0	0.0	0.0	9758.0
40	2590.6666666666665	0.0	0.0	10463.0
50	2556.8333333333335	0.0	0.0	8932.0
60	2484.8333333333335	0.0	0.0	7103.0
70	2777.3333333333335	0.0	0.0	6644.0
80	2468.6666666666665	0.0	0.0	8324.0
90	2710.5	0.0	0.0	9805.0
100	1974.3333333333333	0.0	0.0	9332.0
110	2251.6666666666665	0.0	0.0	7471.0
120	2254.5	0.0	0.0	9071.0
130	2403.0	0.0	0.0	10004.0
140	2279.3333333333335	0.0	0.0	8112.0
150	2665.0	0.0	0.0	9491.0
160	2686.5	0.0	0.0	10095.0
170	2175.0	0.0	0.0	9382.0
180	2693.3333333333335	0.0	0.0	8141.0
190	2455.8333333333335	0.0	0.0	11596.0
200	2603.3333333333335	0.0	0.0	7419.0
210	2471.6666666666665	0.0	0.0	9216.0
220	2666.6666666666665	0.0	0.0	9548.0
230	2569.1666666666665	0.0	0.0	6034.0
240	2887.6666666666665	0.0	0.0	10660.0
250	2411.1666666666665	0.0	0.0	11934.0
260	3005.3333333333335	0.0	0.0	11615.0
270	3058.5	0.0	0.0	8872.0
280	2920.8333333333335	0.0	0.0	10332.0
290	2717.1666666666665	0.0	0.0	10902.0
300	3192.8333333333335	0.0	0.0	11254.0
310	2835.6666666666665	0.0	0.0	9204.0
320	3148.0	0.0	0.0	13243.0
330	2800.3333333333335	0.0	0.0	8765.0
340	3218.1666666666665	0.0	0.0	10621.0
350	2984.8333333333335	0.0	0.0	11343.0
360	3436.3333333333335	0.0	0.0	10170.0
370	3458.8333333333335	0.0	0.0	9500.0
380	3513.3333333333335	0.0	0.0	9064.0
390	3347.1666666666665	0.0	0.0	12483.0
400	3438.8333333333335	0.0	0.0	10349.0
410	3890.8333333333335	0.0	0.0	9783.0
420	3710.5	0.0	0.0	11561.0
430	3419.0	0.0	0.0	9922.0
440	3064.8333333333335	0.0	0.0	10368.0
450	4005.1666666666665	0.0	0.0	12373.0
460	3357.3333333333335	0.0	0.0	10759.0
470	2820.1666666666665	0.0	0.0	10972.0
480	3560.1666666666665	0.0	0.0	9973.0
490	3506.3333333333335	0.0	0.0	11090.0
500	3615.0	0.0	0.0	9522.0
510	3925.3333333333335	0.0	0.0	11419.0
520	3616.0	0.0	0.0	9948.0
530	3045.8333333333335	0.0	0.0	8701.0
540	3904.0	0.0	0.0	11468.0
550	3915.1666666666665	0.0	0.0	7944.0
560	3700.0	0.0	0.0	9477.0
570	3739.0	0.0	0.0	7441.0
580	3557.6666666666665	0.0	0.0	7943.0
590	3711.6666666666665	0.0	0.0	9631.0
600	3431.6666666666665	0.0	0.0	10371.0
610	3490.5	0.0	0.0	10292.0
620	3596.5	0.0	0.0	9422.0
630	3884.3333333333335	0.0	0.0	10413.0
640	3924.1666666666665	0.0	0.0	8729.0
650	3956.0	0.0	0.0	10615.0
660	3966.8333333333335	0.0	0.0	11647.0
670	3454.5	0.0	0.0	9646.0
680	3441.1666666666665	0.0	0.0	9026.0
690	3952.0	0.0	0.0	11281.0
700	3823.3333333333335	0.0	0.0	8873.0
710	3810.0	0.0	0.0	11599.0
720	3435.6666666666665	0.0	0.0	12587.0
730	3689.6666666666665	0.0	0.0	9677.0
740	3606.6666666666665	0.0	0.0	10064.0
750	3265.3333333333335	0.0	0.0	12701.0
760	3913.3333333333335	0.0	0.0	11699.0
770	3923.1666666666665	0.0	0.0	8496.0
780	3499.8333333333335	0.0	0.0	10745.0
790	4148.5	0.0	0.0	10156.0
800	3658.0	0.0	0.0	9553.0
810	3793.1666666666665	0.0	0.0	11158.0
820	3834.5	0.0	0.0	11178.0
830	3784.3333333333335	0.0	0.0	11056.0
840	3971.0	0.0	0.0	9864.0
850	4041.5	0.0	0.0	10634.0
860	3809.3333333333335	0.0	0.0	10252.0
870	3886.1666666666665	0.0	0.0	9268.0
880	3954.3333333333335	0.0	0.0	6285.0
890	3685.3333333333335	0.0	0.0	10304.0
900	3947.3333333333335	0.0	0.0	9474.0
910	3813.3333333333335	0.0	0.0	7837.0
920	3878.5	0.0	0.0	11854.0
930	3954.0	0.0	0.0	8232.0
940	4060.3333333333335	0.0	0.0	10224.0
950	3463.0	0.0	0.0	12295.0
960	3678.0	0.0	0.0	10411.0
970	3434.1666666666665	0.0	0.0	12040.0
980	3601.5	0.0	0.0	11238.0
990	4040.8333333333335	0.0	0.0	11501.0
1000	3887.1666666666665	0.0	0.0	8360.0
