0	2219.6666666666665	0.0	0.0	0.0
10	2210.1666666666665	1.0	8.0	11100.0
20	2330.6666666666665	0.0	1.0	6128.0
30	2427.3333333333335	0.0	53.0	9795.0
40	2265.6666666666665	0.0	17.0	7378.0
50	2356.1666666666665	6.0	43.0	9928.0
60	2342.1666666666665	2.0	40.0	8482.0
70	2138.6666666666665	0.0	13.0	7070.0
80	2385.0	0.0	6.0	6465.0
90	2300.1666666666665	0.0	12.0	6113.0
100	2382.8333333333335	1.0	7.0	7300.0
110	2255.8333333333335	11.0	27.0	7842.0
120	2503.6666666666665	9.0	74.0	9892.0
130	2260.5	2.0	23.0	7841.0
140	2259.5	4.0	74.0	7144.0
150	2322.8333333333335	1.0	12.0	10485.0
160	2320.3333333333335	0.0	13.0	5625.0
170	2470.3333333333335	0.0	22.0	8791.0
180	2219.1666666666665	1.0	34.0	9720.0
190	2707.5	7.0	71.0	10414.0
200	2376.3333333333335	0.0	14.0	6922.0
210	2360.1666666666665	13.0	111.0	10474.0
220	2470.6666666666665	10.0	65.0	11992.0
230	2716.0	11.0	26.0	9051.0
240	2692.3333333333335	7.0	21.0	9508.0
250	2755.0	14.0	101.0	12470.0
260	2309.8333333333335	0.0	41.0	9278.0
270	2665.3333333333335	2.0	164.0	9306.0
280	2473.8333333333335	2.0	160.0	10451.0
290	2324.3333333333335	37.0	162.0	11949.0
300	3147.5	4.0	96.0	11299.0
310	3152.8333333333335	1.0	18.0	8323.0
320	2747.6666666666665	2.0	105.0	9935.0
330	2569.6666666666665	5.0	96.0	10157.0
340	2433.8333333333335	4.0	47.0	8683.0
350	3105.5	14.0	87.0	7690.0
360	2603.3333333333335	0.0	91.0	5161.0
370	2793.3333333333335	24.0	155.0	11882.0
380	2948.6666666666665	3.0	187.0	10383.0
390	2623.6666666666665	0.0	78.0	8609.0
400	2825.8333333333335	36.0	212.0	8921.0
410	2920.0	3.0	75.0	7098.0
420	3064.1666666666665	17.0	178.0	9983.0
430	2806.1666666666665	1.0	126.0	9010.0
440	2767.5	2.0	96.0	11726.0
450	3184.5	2.0	104.0	8886.0
460	3159.6666666666665	10.0	256.0	14848.0
470	3267.1666666666665	15.0	204.0	9715.0
480	3509.3333333333335	13.0	199.0	13698.0
490	3049.5	3.0	164.0	10291.0
500	3191.8333333333335	4.0	163.0	7961.0
510	3342.8333333333335	11.0	260.0	11303.0
520	3478.3333333333335	2.0	124.0	9746.0
530	3521.1666666666665	0.0	183.0	10390.0
540	3140.3333333333335	1.0	246.0	12569.0
550	3734.0	1.0	193.0	9762.0
560	3551.1666666666665	1.0	203.0	9589.0
570	3398.8333333333335	0.0	106.0	9833.0
580	3492.8333333333335	11.0	185.0	11868.0
590	3044.8333333333335	2.0	148.0	8634.0
600	2854.5	10.0	328.0	14339.0
610	3294.3333333333335	4.0	119.0	9869.0
620	3538.6666666666665	1.0	242.0	11744.0
630	3587.8333333333335	0.0	120.0	8903.0
640	3340.3333333333335	2.0	126.0	11634.0
650	3384.6666666666665	5.0	150.0	10365.0
660	3409.5	3.0	200.0	10846.0
670	4132.666666666667	4.0	152.0	8586.0
680	4051.6666666666665	17.0	145.0	10737.0
690	3209.0	0.0	131.0	9889.0
700	3589.1666666666665	0.0	61.0	9753.0
710	3478.1666666666665	0.0	160.0	12810.0
720	3330.6666666666665	2.0	160.0	11266.0
730	3687.8333333333335	3.0	139.0	11626.0
740	3569.5	3.0	63.0	8812.0
750	3881.8333333333335	7.0	178.0	11640.0
760	3968.0	13.0	183.0	10447.0
770	2864.0	0.0	188.0	11469.0
780	3367.5	14.0	107.0	9134.0
790	3936.0	0.0	177.0	10940.0
800	3387.3333333333335	1.0	236.0	10874.0
