0	1662.0	0.0	0.0	0.0
10	1693.3333333333333	0.0	0.0	8511.0
20	1552.6666666666667	0.0	0.0	7689.0
30	1502.3333333333333	0.0	0.0	7356.0
40	1710.0	0.0	0.0	7430.0
50	1647.5	0.0	0.0	7931.0
60	1734.3333333333333	0.0	0.0	6878.0
70	1623.6666666666667	0.0	0.0	9172.0
80	1609.6666666666667	0.0	0.0	7590.0
90	1635.6666666666667	0.0	0.0	6675.0
100	1669.1666666666667	0.0	0.0	4816.0
110	1569.6666666666667	0.0	0.0	7057.0
120	1539.6666666666667	0.0	0.0	7466.0
130	1616.5	0.0	0.0	8125.0
140	1519.6666666666667	0.0	0.0	9336.0
150	1534.1666666666667	0.0	0.0	8261.0
160	1541.3333333333333	0.0	0.0	6036.0
170	1642.6666666666667	0.0	0.0	7496.0
180	1463.6666666666667	0.0	0.0	6281.0
190	1599.3333333333333	0.0	0.0	9863.0
200	1514.5	0.0	0.0	7158.0
210	1245.0	0.0	0.0	7310.0
220	1440.0	0.0	0.0	7608.0
230	1414.3333333333333	0.0	0.0	7834.0
240	1277.0	0.0	0.0	4915.0
250	1414.0	0.0	0.0	6523.0
260	1438.6666666666667	0.0	0.0	6044.0
270	1334.8333333333333	0.0	0.0	4440.0
280	1456.3333333333333	0.0	0.0	8328.0
290	1373.3333333333333	0.0	0.0	6224.0
300	1150.6666666666667	0.0	0.0	5823.0
310	1420.3333333333333	0.0	0.0	7672.0
320	1144.3333333333333	0.0	0.0	4892.0
330	1299.6666666666667	0.0	0.0	5788.0
340	1286.0	0.0	0.0	6759.0
350	1280.3333333333333	0.0	0.0	5383.0
360	1312.5	0.0	0.0	3471.0
370	1396.3333333333333	0.0	0.0	5023.0
380	1249.0	0.0	0.0	7287.0
390	1442.6666666666667	0.0	0.0	5674.0
400	1325.6666666666667	0.0	0.0	4813.0
410	1404.3333333333333	0.0	0.0	7307.0
420	1337.3333333333333	0.0	0.0	4716.0
430	1506.6666666666667	0.0	0.0	5912.0
440	1323.6666666666667	0.0	0.0	3972.0
450	1169.3333333333333	0.0	0.0	4263.0
460	1356.3333333333333	0.0	0.0	6806.0
470	1323.0	0.0	0.0	6980.0
480	1277.0	0.0	0.0	4901.0
490	1272.6666666666667	0.0	0.0	6323.0
500	1334.6666666666667	0.0	0.0	5491.0
510	1254.6666666666667	0.0	0.0	4267.0
520	1367.6666666666667	0.0	0.0	7223.0
530	1282.0	0.0	0.0	4052.0
540	1261.0	0.0	0.0	5602.0
550	1294.0	0.0	0.0	4607.0
560	1324.0	0.0	0.0	4814.0
570	1322.6666666666667	0.0	0.0	4949.0
580	1271.3333333333333	0.0	0.0	8146.0
590	1352.3333333333333	0.0	0.0	5596.0
600	1268.6666666666667	0.0	0.0	5309.0
610	1448.6666666666667	0.0	0.0	5830.0
620	1324.3333333333333	0.0	0.0	6327.0
630	1444.6666666666667	0.0	0.0	5711.0
640	1338.0	0.0	0.0	6319.0
650	1352.6666666666667	0.0	0.0	6444.0
660	1507.6666666666667	0.0	0.0	6379.0
670	1314.6666666666667	0.0	0.0	4993.0
680	1195.3333333333333	0.0	0.0	7078.0
690	1258.0	0.0	0.0	6867.0
700	1313.6666666666667	0.0	0.0	5381.0
710	1211.3333333333333	0.0	0.0	4581.0
720	1271.3333333333333	0.0	0.0	8867.0
730	1372.6666666666667	0.0	0.0	6130.0
740	1346.3333333333333	0.0	0.0	6755.0
750	1337.3333333333333	0.0	0.0	4239.0
760	1236.0	0.0	0.0	6615.0
770	1362.6666666666667	0.0	0.0	6239.0
780	1239.6666666666667	0.0	0.0	4786.0
790	1251.3333333333333	0.0	0.0	5706.0
800	1153.3333333333333	0.0	0.0	5886.0
810	1436.0	0.0	0.0	5425.0
820	1300.6666666666667	0.0	0.0	5712.0
830	1258.6666666666667	0.0	0.0	5330.0
840	1359.6666666666667	0.0	0.0	5497.0
850	1282.0	0.0	0.0	6137.0
860	1241.0	0.0	0.0	3730.0
870	1319.3333333333333	0.0	0.0	5793.0
880	1418.0	0.0	0.0	6662.0
890	1282.0	0.0	0.0	4202.0
900	1180.6666666666667	0.0	0.0	4619.0
910	1300.0	0.0	0.0	6713.0
920	1150.6666666666667	0.0	0.0	5846.0
930	1260.3333333333333	0.0	0.0	5140.0
940	1281.0	0.0	0.0	5735.0
950	1186.6666666666667	0.0	0.0	4592.0
960	1170.3333333333333	0.0	0.0	4238.0
970	1179.0	0.0	0.0	4968.0
980	1200.3333333333333	0.0	0.0	5602.0
990	1283.0	0.0	0.0	6513.0
1000	1232.0	0.0	0.0	4557.0
