0	1579.0	0.0	0.0	0.0
10	1614.3333333333333	0.0	0.0	5075.0
20	1740.8333333333333	0.0	0.0	8949.0
30	1614.8333333333333	0.0	0.0	7131.0
40	1707.0	0.0	0.0	5286.0
50	1401.0	0.0	0.0	6431.0
60	1716.3333333333333	0.0	0.0	5492.0
70	1591.0	0.0	0.0	5542.0
80	1730.0	0.0	0.0	6179.0
90	1473.3333333333333	0.0	0.0	5958.0
100	1543.3333333333333	0.0	0.0	7180.0
110	1428.6666666666667	0.0	0.0	9432.0
120	1563.3333333333333	0.0	0.0	6017.0
130	1439.8333333333333	0.0	0.0	7299.0
140	1588.0	0.0	0.0	4765.0
150	1380.0	0.0	0.0	10749.0
160	1428.0	0.0	0.0	5858.0
170	1494.0	0.0	0.0	7631.0
180	1496.6666666666667	0.0	0.0	6089.0
190	1398.3333333333333	0.0	0.0	5826.0
200	1640.0	0.0	0.0	6015.0
210	1456.6666666666667	0.0	0.0	4821.0
220	1500.6666666666667	0.0	0.0	7530.0
230	1485.8333333333333	0.0	0.0	5960.0
240	1394.3333333333333	0.0	0.0	5428.0
250	1507.0	0.0	0.0	6226.0
260	1518.6666666666667	0.0	0.0	7262.0
270	1401.3333333333333	0.0	0.0	6997.0
280	1434.0	0.0	0.0	7353.0
290	1485.6666666666667	0.0	0.0	7010.0
300	1424.1666666666667	0.0	0.0	6732.0
310	1312.3333333333333	0.0	0.0	6372.0
320	1439.3333333333333	0.0	0.0	4786.0
330	1480.0	0.0	0.0	6276.0
340	1463.3333333333333	0.0	0.0	4972.0
350	1400.3333333333333	0.0	0.0	6219.0
360	1435.8333333333333	0.0	0.0	4105.0
370	1212.3333333333333	0.0	0.0	7344.0
380	1408.3333333333333	0.0	0.0	6408.0
390	1524.6666666666667	0.0	0.0	7412.0
400	1534.5	0.0	0.0	6862.0
410	1512.0	0.0	0.0	6678.0
420	1354.0	0.0	0.0	6412.0
430	1282.0	0.0	0.0	6008.0
440	1265.0	0.0	0.0	6131.0
450	1418.6666666666667	0.0	0.0	6184.0
460	1327.0	0.0	0.0	5389.0
470	1151.3333333333333	0.0	0.0	5645.0
480	1207.0	0.0	0.0	5110.0
490	1296.6666666666667	0.0	0.0	5649.0
500	1275.6666666666667	0.0	0.0	6603.0
510	1299.0	0.0	0.0	5148.0
520	1247.3333333333333	0.0	0.0	4778.0
530	1015.6666666666666	0.0	0.0	6285.0
540	1394.0	0.0	0.0	4965.0
550	1267.3333333333333	0.0	0.0	5323.0
560	1219.3333333333333	0.0	0.0	7547.0
570	1278.8333333333333	0.0	0.0	6560.0
580	1229.3333333333333	0.0	0.0	6983.0
590	1269.6666666666667	0.0	0.0	4230.0
600	1287.3333333333333	0.0	0.0	6504.0
610	1465.0	0.0	0.0	6319.0
620	1301.6666666666667	0.0	0.0	5250.0
630	1159.6666666666667	0.0	0.0	6912.0
640	1201.6666666666667	0.0	0.0	6980.0
650	1383.6666666666667	0.0	0.0	7250.0
660	1244.0	0.0	0.0	6166.0
670	1286.0	0.0	0.0	4979.0
680	1317.6666666666667	0.0	0.0	5379.0
690	1358.0	0.0	0.0	5829.0
700	1236.3333333333333	0.0	0.0	5066.0
710	1300.0	0.0	0.0	6258.0
720	1329.3333333333333	0.0	0.0	4481.0
730	1210.6666666666667	0.0	0.0	6795.0
740	1338.6666666666667	0.0	0.0	3092.0
750	1213.0	0.0	0.0	3941.0
760	1310.3333333333333	0.0	0.0	6666.0
770	1310.3333333333333	0.0	0.0	6265.0
780	1246.3333333333333	0.0	0.0	4944.0
790	1222.6666666666667	0.0	0.0	5283.0
800	1317.3333333333333	0.0	0.0	5560.0
810	1303.0	0.0	0.0	5557.0
820	1387.0	0.0	0.0	5755.0
830	1322.0	0.0	0.0	4683.0
840	1208.3333333333333	0.0	0.0	5436.0
850	1272.6666666666667	0.0	0.0	5638.0
860	1259.3333333333333	0.0	0.0	5615.0
870	1158.0	0.0	0.0	5862.0
880	1210.0	0.0	0.0	6651.0
890	1276.3333333333333	0.0	0.0	5131.0
900	1332.0	0.0	0.0	5114.0
910	1299.0	0.0	0.0	5425.0
920	1135.6666666666667	0.0	0.0	5842.0
930	1293.0	0.0	0.0	4998.0
940	1189.6666666666667	0.0	0.0	4510.0
950	1341.0	0.0	0.0	5935.0
960	1238.0	0.0	0.0	4854.0
970	1240.6666666666667	0.0	0.0	6428.0
980	1093.0	0.0	0.0	5506.0
990	1213.6666666666667	0.0	0.0	5600.0
1000	1302.0	0.0	0.0	6510.0
