0	2588.4611111111108	0.0	0.0	0.0
10	2583.8833333333337	11.666666666666666	2285.4333333333334	9035.366666666667
20	2494.633333333334	16.133333333333333	2286.3333333333335	8980.866666666667
30	2552.044444444444	15.033333333333333	2091.8	8490.666666666666
40	2522.0000000000005	14.033333333333333	2255.7	8854.433333333332
50	2511.516666666667	12.6	2106.1666666666665	8388.033333333333
60	2511.572222222222	11.533333333333333	2267.3	8858.3
70	2538.466666666667	14.333333333333334	2438.0	8765.533333333333
80	2565.655555555555	11.0	2473.4333333333334	9289.9
90	2561.4000000000005	9.066666666666666	2344.766666666667	8775.866666666667
100	2670.7500000000005	7.266666666666667	2420.0	9398.3
110	2679.005555555555	4.566666666666666	2408.1	8970.233333333334
120	2754.2888888888892	6.966666666666667	2318.1	8770.166666666666
130	2681.144444444444	4.533333333333333	2281.266666666667	8587.233333333334
140	2664.650000000001	3.7333333333333334	2366.733333333333	9158.833333333334
150	2774.433333333334	3.2	2315.7	9044.766666666666
160	2831.033333333334	0.8333333333333334	2186.5	8763.433333333332
170	2899.472222222222	1.3666666666666667	2347.8	8947.3
180	2923.0777777777785	1.2	2551.7	9909.633333333333
190	2989.638888888888	1.0666666666666667	2535.8333333333335	9795.8
200	2989.455555555554	0.4666666666666667	2381.366666666667	9527.866666666667
210	2970.8888888888887	1.2333333333333334	2407.1666666666665	9468.033333333333
220	3056.6055555555554	0.36666666666666664	2367.4333333333334	9547.866666666667
230	3040.827777777778	0.2	2332.5333333333333	9892.933333333332
240	3152.5222222222224	0.13333333333333333	2144.233333333333	9398.866666666667
250	3199.3555555555563	0.26666666666666666	2325.1	9853.566666666668
260	3288.3388888888885	0.03333333333333333	2231.9333333333334	9579.2
270	3333.783333333333	0.13333333333333333	2222.366666666667	9521.7
280	3215.772222222222	0.06666666666666667	2267.5666666666666	9850.633333333333
290	3248.0222222222224	0.26666666666666666	2423.0666666666666	10318.266666666666
300	3252.9333333333334	0.1	2278.9333333333334	9900.333333333334
310	3293.311111111111	0.0	2291.1	10418.2
320	3369.277777777778	0.03333333333333333	2314.1666666666665	10463.1
330	3338.433333333333	0.16666666666666666	2256.0666666666666	10227.533333333333
340	3444.2	0.0	2223.633333333333	10021.633333333333
350	3385.2166666666676	0.0	2243.0666666666666	10066.5
360	3365.8000000000006	0.0	2255.733333333333	10181.1
370	3462.2944444444447	0.0	2384.7	10514.5
380	3478.9388888888884	0.0	2442.633333333333	10749.3
390	3556.133333333333	0.0	2401.9666666666667	10247.333333333334
400	3496.461111111111	0.0	2365.4	10438.333333333334
410	3509.3	0.0	2275.5	10134.2
420	3509.7222222222217	0.0	2284.9333333333334	10352.933333333332
430	3490.233333333334	0.0	2242.8333333333335	10184.233333333334
440	3558.4055555555556	0.0	2336.8	10578.633333333333
450	3605.0722222222225	0.0	2119.9	9898.933333333332
460	3534.1277777777777	0.0	2201.7	10623.266666666666
470	3607.4722222222217	0.0	2193.4666666666667	10223.133333333333
480	3531.2777777777787	0.0	2219.5666666666666	10789.533333333333
490	3568.6888888888893	0.0	2099.8	10658.566666666668
500	3594.8000000000006	0.0	2057.3333333333335	10157.266666666666
510	3580.677777777778	0.0	2016.4333333333334	9829.366666666667
520	3592.6666666666665	0.0	2109.2	10250.966666666667
530	3637.2000000000003	0.0	2112.8333333333335	10033.933333333332
540	3570.038888888889	0.0	2325.9	10775.466666666667
550	3713.711111111111	0.0	2185.3	10353.4
560	3698.6833333333334	0.0	2216.4333333333334	10038.233333333334
570	3691.6166666666672	0.0	2261.9333333333334	10249.133333333333
580	3654.066666666667	0.0	2222.266666666667	10369.6
590	3672.199999999999	0.0	2203.6666666666665	10617.5
600	3674.3055555555557	0.0	2223.1666666666665	10725.9
610	3629.633333333333	0.0	2244.3333333333335	10409.1
620	3653.3666666666663	0.0	2315.266666666667	10695.5
630	3698.0166666666673	0.0	2300.766666666667	10477.233333333334
640	3711.761111111112	0.0	2253.3333333333335	10954.766666666666
650	3742.4666666666662	0.0	2150.4	10549.1
660	3803.6277777777777	0.0	2088.366666666667	10016.6
670	3665.238888888889	0.0	2205.1666666666665	10497.066666666668
680	3715.083333333333	0.0	1978.3333333333333	10226.366666666667
690	3725.344444444445	0.0	2111.766666666667	10798.8
700	3678.7722222222233	0.0	2006.6	9750.433333333332
710	3708.8888888888896	0.0	2118.0666666666666	10346.333333333334
720	3762.338888888889	0.0	2137.8	10719.233333333334
730	3749.072222222222	0.0	2040.3666666666666	10802.2
740	3767.016666666666	0.0	1875.8333333333333	9864.3
750	3778.4000000000005	0.0	1973.8666666666666	10278.333333333334
760	3783.4333333333325	0.0	1869.8333333333333	10053.8
770	3766.2722222222224	0.0	1880.0666666666666	10039.2
780	3762.350000000001	0.0	1929.0	10255.966666666667
790	3771.755555555556	0.0	1945.2	10273.433333333332
800	3788.1277777777777	0.0	2004.9	10472.0
