0	2236.3333333333335	0.0	0.0	0.0
10	2235.3333333333335	0.0	2302.0	8811.0
20	2190.1666666666665	8.0	3364.0	12325.0
30	2559.5	2.0	2379.0	9611.0
40	2317.8333333333335	30.0	4078.0	12420.0
50	2328.6666666666665	6.0	2242.0	9169.0
60	2461.1666666666665	18.0	2174.0	9058.0
70	2463.5	9.0	3575.0	11085.0
80	2692.8333333333335	20.0	4555.0	13618.0
90	2882.6666666666665	12.0	2561.0	9830.0
100	2574.1666666666665	14.0	3836.0	12702.0
110	2557.1666666666665	41.0	2713.0	11029.0
120	2562.8333333333335	20.0	2447.0	8006.0
130	2422.0	40.0	2159.0	6518.0
140	2444.0	1.0	2455.0	8874.0
150	2645.1666666666665	0.0	1321.0	4886.0
160	2802.6666666666665	1.0	1967.0	7069.0
170	2575.3333333333335	21.0	2855.0	11055.0
180	2587.3333333333335	7.0	1785.0	7568.0
190	2421.1666666666665	0.0	2471.0	7973.0
200	2491.0	1.0	2538.0	8702.0
210	2645.5	3.0	4127.0	13192.0
220	2891.5	3.0	1636.0	6458.0
230	2942.0	0.0	2223.0	6689.0
240	2888.3333333333335	0.0	3460.0	10438.0
250	3145.8333333333335	0.0	2258.0	9257.0
260	2788.3333333333335	5.0	2348.0	8535.0
270	3147.1666666666665	0.0	2952.0	11512.0
280	2960.6666666666665	0.0	1562.0	6332.0
290	2648.8333333333335	0.0	1550.0	7149.0
300	2569.3333333333335	0.0	1775.0	6679.0
310	2808.6666666666665	0.0	2346.0	10478.0
320	3414.1666666666665	0.0	1856.0	9360.0
330	3189.8333333333335	0.0	2765.0	13094.0
340	3367.6666666666665	0.0	2498.0	12096.0
350	2623.5	0.0	2702.0	12193.0
360	3707.3333333333335	0.0	2650.0	11046.0
370	3129.3333333333335	0.0	2372.0	9429.0
380	2847.0	0.0	2212.0	10069.0
390	3447.5	1.0	2266.0	11612.0
400	2996.8333333333335	0.0	1950.0	9794.0
410	3747.3333333333335	0.0	2468.0	11483.0
420	3278.1666666666665	0.0	1647.0	8485.0
430	3610.0	0.0	1993.0	9722.0
440	3491.0	0.0	1871.0	7666.0
450	3452.1666666666665	0.0	2383.0	9888.0
460	3630.6666666666665	0.0	3258.0	10588.0
470	3541.0	0.0	3429.0	10959.0
480	3483.8333333333335	0.0	3052.0	11727.0
490	3546.1666666666665	0.0	5249.0	13740.0
500	3699.6666666666665	0.0	2905.0	10001.0
510	3715.5	0.0	3566.0	13678.0
520	3696.3333333333335	0.0	1885.0	9249.0
530	3597.0	0.0	2293.0	9822.0
540	3375.1666666666665	0.0	2708.0	10709.0
550	3483.0	0.0	2898.0	10721.0
560	3607.5	0.0	3806.0	14328.0
570	3792.8333333333335	0.0	2729.0	11224.0
580	3225.6666666666665	0.0	1932.0	10500.0
590	3647.0	0.0	2635.0	8963.0
600	3813.1666666666665	0.0	3471.0	10055.0
610	3431.5	0.0	2275.0	9328.0
620	3030.0	0.0	2506.0	11631.0
630	3547.0	0.0	2134.0	8606.0
640	3070.1666666666665	0.0	2470.0	11102.0
650	3744.0	0.0	2146.0	10158.0
660	4016.5	0.0	2600.0	11431.0
670	3542.5	0.0	2446.0	9826.0
680	4002.8333333333335	0.0	1886.0	9218.0
690	3796.6666666666665	0.0	2574.0	10456.0
700	3596.6666666666665	0.0	2335.0	9867.0
710	3744.0	0.0	2598.0	9991.0
720	3918.5	0.0	2090.0	10213.0
730	3902.8333333333335	0.0	2849.0	11326.0
740	3779.1666666666665	0.0	2616.0	10883.0
750	3839.6666666666665	0.0	2300.0	9865.0
760	3747.1666666666665	0.0	2832.0	10423.0
770	3362.6666666666665	0.0	1996.0	7371.0
780	3391.8333333333335	0.0	2680.0	9975.0
790	3789.1666666666665	0.0	2225.0	10261.0
800	3914.3333333333335	0.0	2560.0	10776.0
