0	2482.6666666666665	0.0	0.0	0.0
10	2425.0	11.0	1591.0	8010.0
20	2315.1666666666665	20.0	2554.0	8654.0
30	2423.5	4.0	1922.0	7716.0
40	2322.3333333333335	12.0	1608.0	7333.0
50	2615.8333333333335	1.0	1705.0	7610.0
60	2301.3333333333335	7.0	2463.0	8613.0
70	2356.6666666666665	13.0	2894.0	10320.0
80	2519.0	16.0	2449.0	9751.0
90	2602.8333333333335	0.0	2072.0	7599.0
100	2741.1666666666665	9.0	2675.0	11694.0
110	2777.0	0.0	1778.0	7418.0
120	2928.6666666666665	6.0	1883.0	8186.0
130	2922.5	2.0	1608.0	6927.0
140	2770.1666666666665	4.0	2417.0	8243.0
150	2357.1666666666665	1.0	1370.0	6683.0
160	2875.6666666666665	0.0	2047.0	8774.0
170	2736.3333333333335	0.0	1898.0	8280.0
180	3057.8333333333335	0.0	3200.0	12259.0
190	3183.3333333333335	1.0	2302.0	8910.0
200	2966.3333333333335	0.0	2766.0	11726.0
210	3248.5	0.0	2839.0	11704.0
220	2724.6666666666665	0.0	1662.0	8035.0
230	3351.0	0.0	2646.0	10787.0
240	3262.1666666666665	0.0	2006.0	8896.0
250	3114.0	0.0	2937.0	12479.0
260	4044.6666666666665	0.0	2091.0	7146.0
270	3887.0	0.0	2928.0	12114.0
280	2800.6666666666665	0.0	1862.0	8572.0
290	3159.8333333333335	0.0	2954.0	11210.0
300	3190.5	0.0	2137.0	8908.0
310	3934.5	0.0	3044.0	10095.0
320	3556.0	0.0	3497.0	10709.0
330	3642.6666666666665	0.0	1937.0	7911.0
340	3606.8333333333335	0.0	1786.0	8593.0
350	3485.6666666666665	0.0	2061.0	8899.0
360	3555.1666666666665	0.0	2664.0	10645.0
370	3735.6666666666665	0.0	2482.0	10588.0
380	3281.3333333333335	0.0	2320.0	10329.0
390	4041.6666666666665	0.0	2173.0	8781.0
400	3609.0	0.0	2207.0	11410.0
410	3476.0	0.0	2532.0	10008.0
420	3985.1666666666665	0.0	1872.0	8466.0
430	3393.6666666666665	0.0	1885.0	7969.0
440	3400.5	0.0	2406.0	8029.0
450	3656.6666666666665	0.0	3095.0	12389.0
460	3547.0	0.0	2323.0	10182.0
470	3843.8333333333335	0.0	2553.0	9823.0
480	3781.6666666666665	0.0	2441.0	10096.0
490	3789.3333333333335	0.0	3377.0	14382.0
500	3826.5	0.0	2237.0	10571.0
510	3555.6666666666665	0.0	2291.0	10522.0
520	3317.6666666666665	0.0	2536.0	10694.0
530	3695.0	0.0	2431.0	8314.0
540	3616.0	0.0	3010.0	12129.0
550	3338.6666666666665	0.0	2440.0	13097.0
560	3539.1666666666665	0.0	2310.0	10096.0
570	3822.3333333333335	0.0	2470.0	11308.0
580	3720.1666666666665	0.0	3320.0	10871.0
590	3821.3333333333335	0.0	2918.0	12854.0
600	3878.6666666666665	0.0	1621.0	9250.0
610	4012.5	0.0	2042.0	9720.0
620	3758.1666666666665	0.0	3081.0	11939.0
630	3586.1666666666665	0.0	2761.0	10913.0
640	3846.1666666666665	0.0	2059.0	9707.0
650	3812.1666666666665	0.0	1959.0	9171.0
660	3899.6666666666665	0.0	1934.0	9012.0
670	3727.5	0.0	2135.0	8521.0
680	3214.6666666666665	0.0	2017.0	9309.0
690	3517.6666666666665	0.0	1972.0	9923.0
700	3815.6666666666665	0.0	2012.0	7907.0
710	3812.1666666666665	0.0	2724.0	12083.0
720	3703.8333333333335	0.0	1625.0	11101.0
730	3679.3333333333335	0.0	1745.0	10058.0
740	3972.8333333333335	0.0	1808.0	9511.0
750	4031.6666666666665	0.0	1652.0	8301.0
760	4133.5	0.0	2288.0	9959.0
770	3662.1666666666665	0.0	2657.0	14580.0
780	3822.8333333333335	0.0	1591.0	9822.0
790	3809.0	0.0	1291.0	10035.0
800	3689.1666666666665	0.0	927.0	9166.0
