0	1639.0	0.0	0.0	0.0
10	1789.8333333333333	409.0	4754.0	6776.0
20	1606.0	323.0	4050.0	6016.0
30	1862.3333333333333	268.0	2601.0	6640.0
40	1499.0	0.0	0.0	7734.0
50	1717.0	0.0	0.0	7510.0
60	1826.0	0.0	0.0	5326.0
70	1703.5	0.0	0.0	5591.0
80	1700.0	0.0	0.0	7506.0
90	1536.6666666666667	0.0	0.0	6685.0
100	1664.0	0.0	0.0	8113.0
110	1547.0	0.0	0.0	7760.0
120	1530.0	0.0	0.0	7246.0
130	1671.8333333333333	0.0	0.0	7079.0
140	1498.3333333333333	0.0	0.0	6747.0
150	1575.6666666666667	0.0	0.0	6540.0
160	1708.8333333333333	0.0	0.0	6919.0
170	1745.8333333333333	0.0	0.0	5819.0
180	1549.8333333333333	0.0	0.0	7602.0
190	1732.6666666666667	0.0	0.0	7838.0
200	1631.3333333333333	0.0	0.0	6048.0
210	1423.0	0.0	0.0	6783.0
220	1265.6666666666667	0.0	0.0	4860.0
230	1428.3333333333333	0.0	0.0	5954.0
240	1396.6666666666667	0.0	0.0	4726.0
250	1391.0	0.0	0.0	6912.0
260	1282.6666666666667	0.0	0.0	6792.0
270	1455.0	0.0	0.0	7123.0
280	1211.3333333333333	0.0	0.0	5098.0
290	1536.0	0.0	0.0	6609.0
300	1294.0	0.0	0.0	5947.0
310	1226.0	0.0	0.0	6632.0
320	1208.6666666666667	0.0	0.0	4878.0
330	1218.6666666666667	0.0	0.0	6984.0
340	1402.0	0.0	0.0	7061.0
350	1339.3333333333333	0.0	0.0	6547.0
360	1290.6666666666667	0.0	0.0	4501.0
370	1449.3333333333333	0.0	0.0	5287.0
380	1275.6666666666667	0.0	0.0	6005.0
390	1270.0	0.0	0.0	7470.0
400	1282.0	0.0	0.0	7319.0
410	1255.0	0.0	0.0	5916.0
420	1413.3333333333333	0.0	0.0	5889.0
430	1275.6666666666667	0.0	0.0	4323.0
440	1191.3333333333333	0.0	0.0	5136.0
450	1295.0	0.0	0.0	4540.0
460	1282.6666666666667	0.0	0.0	7522.0
470	1261.3333333333333	0.0	0.0	5735.0
480	1283.6666666666667	0.0	0.0	6874.0
490	1464.3333333333333	0.0	0.0	5892.0
500	1357.6666666666667	0.0	0.0	6111.0
510	1285.0	0.0	0.0	7259.0
520	1398.6666666666667	0.0	0.0	5229.0
530	1363.0	0.0	0.0	6527.0
540	1290.0	0.0	0.0	5699.0
550	1488.0	0.0	0.0	6503.0
560	1418.0	0.0	0.0	8156.0
570	1369.6666666666667	0.0	0.0	7079.0
580	1485.3333333333333	0.0	0.0	6056.0
590	1354.3333333333333	0.0	0.0	7341.0
600	1165.6666666666667	0.0	0.0	4784.0
610	1384.0	0.0	0.0	6067.0
620	1301.0	0.0	0.0	4748.0
630	1354.6666666666667	0.0	0.0	7407.0
640	1270.6666666666667	0.0	0.0	5002.0
650	1347.6666666666667	0.0	0.0	5479.0
660	1442.0	0.0	0.0	6525.0
670	1414.0	0.0	0.0	4576.0
680	1475.3333333333333	0.0	0.0	7011.0
690	1318.6666666666667	0.0	0.0	5166.0
700	1259.6666666666667	0.0	0.0	6451.0
710	1337.0	0.0	0.0	7704.0
720	1455.6666666666667	0.0	0.0	5661.0
730	1445.6666666666667	0.0	0.0	7692.0
740	1285.3333333333333	0.0	0.0	6486.0
750	1255.6666666666667	0.0	0.0	6671.0
760	1228.6666666666667	0.0	0.0	7340.0
770	1207.0	0.0	0.0	5483.0
780	1540.3333333333333	0.0	0.0	5719.0
790	1470.3333333333333	0.0	0.0	4492.0
800	1357.3333333333333	0.0	0.0	4084.0
810	1243.3333333333333	0.0	0.0	5668.0
820	1271.6666666666667	0.0	0.0	4865.0
830	1267.3333333333333	0.0	0.0	6466.0
840	1154.0	0.0	0.0	4249.0
850	1449.6666666666667	0.0	0.0	6406.0
860	1400.3333333333333	0.0	0.0	5965.0
870	1414.0	0.0	0.0	7191.0
880	1199.0	0.0	0.0	6854.0
890	1376.3333333333333	0.0	0.0	5296.0
900	1395.0	0.0	0.0	5274.0
910	1333.0	0.0	0.0	4902.0
920	1380.3333333333333	0.0	0.0	5200.0
930	1328.0	0.0	0.0	5139.0
940	1358.6666666666667	0.0	0.0	6011.0
950	1344.0	0.0	0.0	5770.0
960	1341.0	0.0	0.0	4820.0
970	1266.0	0.0	0.0	5877.0
980	1287.0	0.0	0.0	5864.0
990	1264.0	0.0	0.0	5223.0
1000	1202.6666666666667	0.0	0.0	6087.0
