0	2333.1666666666665	0.0	0.0	0.0
10	2200.5	94.0	5713.0	9211.0
20	2319.3333333333335	160.0	7935.0	14131.0
30	2370.1666666666665	94.0	5966.0	9002.0
40	2327.6666666666665	93.0	5821.0	8378.0
50	2270.1666666666665	108.0	5899.0	9346.0
60	2308.0	40.0	4741.0	7369.0
70	2718.6666666666665	88.0	5775.0	10434.0
80	2218.5	31.0	7636.0	14318.0
90	2842.3333333333335	142.0	7787.0	13567.0
100	2525.6666666666665	123.0	7201.0	10644.0
110	2266.5	27.0	1088.0	9416.0
120	2446.5	0.0	0.0	5010.0
130	2542.8333333333335	0.0	0.0	9479.0
140	2351.0	0.0	0.0	6730.0
150	2951.5	0.0	0.0	9574.0
160	3021.0	0.0	0.0	11139.0
170	2909.1666666666665	0.0	0.0	9596.0
180	2913.0	0.0	0.0	8843.0
190	3488.3333333333335	0.0	0.0	8927.0
200	3188.3333333333335	0.0	0.0	7755.0
210	3360.0	0.0	0.0	6699.0
220	3239.1666666666665	0.0	0.0	10497.0
230	2714.3333333333335	0.0	0.0	6046.0
240	2871.6666666666665	0.0	0.0	10069.0
250	3015.8333333333335	0.0	0.0	13946.0
260	3026.0	0.0	0.0	5495.0
270	3684.0	0.0	0.0	12854.0
280	3367.0	0.0	0.0	10722.0
290	3590.0	0.0	0.0	10919.0
300	3189.5	0.0	0.0	8252.0
310	2927.6666666666665	0.0	0.0	11764.0
320	3519.0	0.0	0.0	12525.0
330	3216.0	0.0	0.0	10453.0
340	3393.3333333333335	0.0	0.0	12512.0
350	3585.1666666666665	0.0	0.0	9439.0
360	3711.3333333333335	0.0	0.0	10585.0
370	3315.5	0.0	0.0	10404.0
380	3211.8333333333335	0.0	0.0	12645.0
390	3664.3333333333335	0.0	0.0	9710.0
400	3677.5	0.0	0.0	10394.0
410	3559.1666666666665	0.0	0.0	10809.0
420	3699.0	0.0	0.0	10226.0
430	3912.8333333333335	0.0	0.0	12920.0
440	3805.8333333333335	0.0	0.0	10520.0
450	3250.5	0.0	0.0	13752.0
460	3869.6666666666665	0.0	0.0	12854.0
470	3751.3333333333335	0.0	0.0	11501.0
480	3678.5	0.0	0.0	9208.0
490	3757.8333333333335	0.0	0.0	12206.0
500	3804.8333333333335	0.0	0.0	8770.0
510	3446.3333333333335	0.0	0.0	7746.0
520	3583.3333333333335	0.0	0.0	11692.0
530	3678.6666666666665	0.0	0.0	12633.0
540	3656.0	0.0	0.0	8552.0
550	3417.1666666666665	0.0	0.0	8325.0
560	3917.0	0.0	0.0	13700.0
570	4041.1666666666665	0.0	0.0	12704.0
580	3425.5	0.0	0.0	11898.0
590	3494.6666666666665	0.0	0.0	11108.0
600	3698.3333333333335	0.0	0.0	8421.0
610	3485.6666666666665	0.0	0.0	9373.0
620	3629.5	0.0	0.0	12185.0
630	3559.5	0.0	0.0	7675.0
640	3455.0	0.0	0.0	10709.0
650	3433.5	0.0	0.0	9955.0
660	3648.0	0.0	0.0	10548.0
670	3859.8333333333335	0.0	0.0	10285.0
680	3875.1666666666665	0.0	0.0	12875.0
690	3702.8333333333335	0.0	0.0	11320.0
700	3811.8333333333335	0.0	0.0	10093.0
710	3830.6666666666665	0.0	0.0	11867.0
720	3815.3333333333335	0.0	0.0	11364.0
730	3812.6666666666665	0.0	0.0	10200.0
740	4035.0	0.0	0.0	11943.0
750	3486.1666666666665	0.0	0.0	11065.0
760	3678.6666666666665	0.0	0.0	10530.0
770	3832.1666666666665	0.0	0.0	10497.0
780	3587.5	0.0	0.0	9100.0
790	4055.6666666666665	0.0	0.0	8938.0
800	4012.6666666666665	0.0	0.0	12382.0
