0	2456.6666666666665	0.0	0.0	0.0
10	2424.0	1000.0	1000.0	12386.0
20	2459.6666666666665	0.0	0.0	12285.0
30	2685.6666666666665	0.0	0.0	10923.0
40	2690.0	0.0	0.0	11399.0
50	2649.3333333333335	0.0	0.0	8510.0
60	2718.8333333333335	0.0	0.0	9316.0
70	2734.0	0.0	0.0	9706.0
80	2709.3333333333335	0.0	0.0	8570.0
90	2568.8333333333335	0.0	0.0	11885.0
100	2527.5	0.0	0.0	8646.0
110	2614.5	0.0	0.0	7360.0
120	2615.5	0.0	0.0	10777.0
130	2193.1666666666665	0.0	0.0	9097.0
140	2743.6666666666665	0.0	0.0	5634.0
150	2627.0	0.0	0.0	6757.0
160	2538.1666666666665	0.0	0.0	10249.0
170	2283.6666666666665	0.0	0.0	8759.0
180	2403.6666666666665	0.0	0.0	8341.0
190	2471.6666666666665	0.0	0.0	10287.0
200	2517.5	0.0	0.0	11333.0
210	2655.6666666666665	0.0	0.0	8974.0
220	3042.1666666666665	0.0	0.0	11211.0
230	2771.6666666666665	0.0	0.0	8632.0
240	2701.5	0.0	0.0	9193.0
250	2664.3333333333335	0.0	0.0	9094.0
260	2795.8333333333335	0.0	0.0	11039.0
270	2453.3333333333335	0.0	0.0	7242.0
280	2733.5	0.0	0.0	16390.0
290	3085.3333333333335	0.0	0.0	10922.0
300	3170.3333333333335	0.0	0.0	9013.0
310	3067.0	0.0	0.0	10214.0
320	3510.6666666666665	0.0	0.0	7888.0
330	3486.6666666666665	0.0	0.0	9592.0
340	3357.3333333333335	0.0	0.0	9703.0
350	3093.0	0.0	0.0	7845.0
360	3514.1666666666665	0.0	0.0	7048.0
370	2734.3333333333335	0.0	0.0	8753.0
380	3526.6666666666665	0.0	0.0	9581.0
390	2888.3333333333335	0.0	0.0	8862.0
400	3352.1666666666665	0.0	0.0	8974.0
410	3039.3333333333335	0.0	0.0	10687.0
420	3726.1666666666665	0.0	0.0	9316.0
430	3263.0	0.0	0.0	9147.0
440	3537.3333333333335	0.0	0.0	9206.0
450	3080.0	0.0	0.0	13973.0
460	3198.8333333333335	0.0	0.0	10744.0
470	3449.1666666666665	0.0	0.0	11695.0
480	3838.6666666666665	0.0	0.0	14147.0
490	3187.1666666666665	0.0	0.0	13339.0
500	3021.5	0.0	0.0	10990.0
510	2804.0	0.0	0.0	13093.0
520	3442.1666666666665	0.0	0.0	10224.0
530	3703.5	0.0	0.0	11823.0
540	3797.6666666666665	0.0	0.0	10437.0
550	3169.3333333333335	0.0	0.0	10509.0
560	3738.5	0.0	0.0	11279.0
570	3112.6666666666665	0.0	0.0	8133.0
580	3296.3333333333335	0.0	0.0	11135.0
590	3115.3333333333335	0.0	0.0	11743.0
600	3805.1666666666665	0.0	0.0	9556.0
610	3828.1666666666665	0.0	0.0	12052.0
620	3725.6666666666665	0.0	0.0	8139.0
630	3633.6666666666665	0.0	0.0	10138.0
640	3860.1666666666665	0.0	0.0	12271.0
650	3291.0	0.0	0.0	10142.0
660	3638.5	0.0	0.0	10750.0
670	3712.8333333333335	0.0	0.0	11023.0
680	3426.8333333333335	0.0	0.0	11515.0
690	3888.0	0.0	0.0	11155.0
700	3448.3333333333335	0.0	0.0	8872.0
710	4118.166666666667	0.0	0.0	8912.0
720	3951.5	0.0	0.0	10424.0
730	3875.0	0.0	0.0	9536.0
740	3860.3333333333335	0.0	0.0	12466.0
750	3743.5	0.0	0.0	9190.0
760	3928.1666666666665	0.0	0.0	10739.0
770	3606.1666666666665	0.0	0.0	11003.0
780	3878.6666666666665	0.0	0.0	7057.0
790	3337.3333333333335	0.0	0.0	9173.0
800	3736.0	0.0	0.0	12065.0
810	3704.0	0.0	0.0	7373.0
820	3729.1666666666665	0.0	0.0	11114.0
830	3809.5	0.0	0.0	12377.0
840	3981.5	0.0	0.0	8804.0
850	3735.1666666666665	0.0	0.0	8185.0
860	3894.6666666666665	0.0	0.0	13141.0
870	3836.0	0.0	0.0	11507.0
880	3677.6666666666665	0.0	0.0	8719.0
890	3612.0	0.0	0.0	10533.0
900	3970.5	0.0	0.0	10657.0
910	3919.0	0.0	0.0	10397.0
920	3955.0	0.0	0.0	13172.0
930	3768.5	0.0	0.0	12741.0
940	3773.3333333333335	0.0	0.0	10527.0
950	3857.5	0.0	0.0	8451.0
960	3784.5	0.0	0.0	9747.0
970	3643.0	0.0	0.0	5823.0
980	3489.0	0.0	0.0	7474.0
990	4070.0	0.0	0.0	8655.0
1000	4036.5	0.0	0.0	9962.0
