0	2343.0	0.0	0.0	0.0
10	2688.8333333333335	1000.0	1000.0	11156.0
20	2619.5	0.0	0.0	8418.0
30	2321.5	0.0	0.0	11042.0
40	2472.1666666666665	0.0	0.0	9079.0
50	2671.8333333333335	0.0	0.0	10505.0
60	2610.1666666666665	0.0	0.0	8780.0
70	2545.6666666666665	0.0	0.0	10376.0
80	2755.8333333333335	0.0	0.0	8455.0
90	2472.3333333333335	0.0	0.0	10071.0
100	2630.3333333333335	0.0	0.0	7962.0
110	2719.6666666666665	0.0	0.0	9244.0
120	2686.1666666666665	0.0	0.0	8204.0
130	2402.0	0.0	0.0	7456.0
140	2989.1666666666665	0.0	0.0	12598.0
150	2597.8333333333335	0.0	0.0	9663.0
160	2379.5	0.0	0.0	10127.0
170	2613.3333333333335	0.0	0.0	8906.0
180	2461.8333333333335	0.0	0.0	6593.0
190	2190.6666666666665	0.0	0.0	9147.0
200	2665.3333333333335	0.0	0.0	7290.0
210	3085.5	0.0	0.0	10210.0
220	2378.8333333333335	0.0	0.0	6807.0
230	2367.8333333333335	0.0	0.0	10562.0
240	2688.0	0.0	0.0	10634.0
250	2289.6666666666665	0.0	0.0	7498.0
260	2122.5	0.0	0.0	10740.0
270	2861.3333333333335	0.0	0.0	8808.0
280	2821.1666666666665	0.0	0.0	10633.0
290	2852.6666666666665	0.0	0.0	7924.0
300	2899.5	0.0	0.0	6421.0
310	2917.6666666666665	0.0	0.0	7895.0
320	2881.0	0.0	0.0	8153.0
330	2937.1666666666665	0.0	0.0	8927.0
340	2965.1666666666665	0.0	0.0	11212.0
350	3427.1666666666665	0.0	0.0	11482.0
360	3283.6666666666665	0.0	0.0	11181.0
370	3592.0	0.0	0.0	10537.0
380	2927.5	0.0	0.0	7836.0
390	3179.1666666666665	0.0	0.0	9907.0
400	3262.5	0.0	0.0	12234.0
410	3746.1666666666665	0.0	0.0	6141.0
420	3808.1666666666665	0.0	0.0	6969.0
430	3987.5	0.0	0.0	10813.0
440	3422.0	0.0	0.0	10094.0
450	3233.1666666666665	0.0	0.0	10165.0
460	2914.6666666666665	0.0	0.0	12188.0
470	3121.3333333333335	0.0	0.0	10441.0
480	3403.5	0.0	0.0	12253.0
490	3690.5	0.0	0.0	11277.0
500	3868.5	0.0	0.0	11069.0
510	3215.6666666666665	0.0	0.0	9767.0
520	3396.1666666666665	0.0	0.0	11344.0
530	3610.0	0.0	0.0	9409.0
540	3902.8333333333335	0.0	0.0	10515.0
550	3873.5	0.0	0.0	13403.0
560	3992.1666666666665	0.0	0.0	9937.0
570	3780.1666666666665	0.0	0.0	9053.0
580	3574.6666666666665	0.0	0.0	11282.0
590	3628.6666666666665	0.0	0.0	11557.0
600	3435.6666666666665	0.0	0.0	11005.0
610	3179.8333333333335	0.0	0.0	10433.0
620	3367.8333333333335	0.0	0.0	9255.0
630	3471.5	0.0	0.0	10350.0
640	3817.8333333333335	0.0	0.0	11304.0
650	3625.6666666666665	0.0	0.0	11410.0
660	3495.3333333333335	0.0	0.0	12008.0
670	3984.1666666666665	0.0	0.0	9195.0
680	3750.0	0.0	0.0	11028.0
690	3798.0	0.0	0.0	10722.0
700	3820.8333333333335	0.0	0.0	10305.0
710	3486.0	0.0	0.0	11144.0
720	3675.1666666666665	0.0	0.0	8441.0
730	3312.5	0.0	0.0	7474.0
740	3892.1666666666665	0.0	0.0	9411.0
750	3742.3333333333335	0.0	0.0	11179.0
760	4039.5	0.0	0.0	7466.0
770	3598.6666666666665	0.0	0.0	11077.0
780	3859.3333333333335	0.0	0.0	10389.0
790	3709.1666666666665	0.0	0.0	8665.0
800	3921.5	0.0	0.0	10537.0
810	3868.0	0.0	0.0	9567.0
820	3742.5	0.0	0.0	11364.0
830	3923.1666666666665	0.0	0.0	9333.0
840	3503.8333333333335	0.0	0.0	10582.0
850	3520.0	0.0	0.0	6865.0
860	3731.6666666666665	0.0	0.0	9438.0
870	3538.0	0.0	0.0	7750.0
880	3868.3333333333335	0.0	0.0	12251.0
890	3768.0	0.0	0.0	8464.0
900	3812.6666666666665	0.0	0.0	9119.0
910	3727.1666666666665	0.0	0.0	10119.0
920	3621.8333333333335	0.0	0.0	7290.0
930	3508.3333333333335	0.0	0.0	9819.0
940	3473.3333333333335	0.0	0.0	12309.0
950	3947.0	0.0	0.0	10242.0
960	4053.1666666666665	0.0	0.0	11931.0
970	3784.6666666666665	0.0	0.0	11718.0
980	4135.333333333333	0.0	0.0	11635.0
990	3810.0	0.0	0.0	11412.0
1000	3799.8333333333335	0.0	0.0	11404.0
