0	2600.1666666666665	0.0	0.0	0.0
10	2687.8333333333335	227.0	985.0	9994.0
20	2192.1666666666665	130.0	692.0	8568.0
30	2317.5	257.0	598.0	7202.0
40	2258.8333333333335	86.0	643.0	9086.0
50	2681.5	156.0	496.0	8861.0
60	2481.1666666666665	144.0	208.0	10352.0
70	2756.5	0.0	0.0	7208.0
80	2974.8333333333335	0.0	0.0	9567.0
90	2651.6666666666665	0.0	0.0	8837.0
100	2461.8333333333335	0.0	0.0	8169.0
110	2507.3333333333335	0.0	0.0	9749.0
120	2926.3333333333335	0.0	0.0	8334.0
130	2698.0	0.0	0.0	9132.0
140	2286.3333333333335	0.0	0.0	12995.0
150	2610.6666666666665	0.0	0.0	8107.0
160	2861.6666666666665	0.0	0.0	8546.0
170	3557.6666666666665	0.0	0.0	7663.0
180	3403.6666666666665	0.0	0.0	6177.0
190	3615.0	0.0	0.0	8679.0
200	3140.0	0.0	0.0	10457.0
210	3163.5	0.0	0.0	9479.0
220	3515.0	0.0	0.0	9684.0
230	3346.1666666666665	0.0	0.0	11785.0
240	2944.5	0.0	0.0	11113.0
250	3440.8333333333335	0.0	0.0	6331.0
260	3161.0	0.0	0.0	11376.0
270	2973.5	0.0	0.0	9686.0
280	3341.6666666666665	0.0	0.0	10554.0
290	3582.5	0.0	0.0	12330.0
300	3011.3333333333335	0.0	0.0	7835.0
310	3109.8333333333335	0.0	0.0	13257.0
320	3439.5	0.0	0.0	11175.0
330	3287.1666666666665	0.0	0.0	8813.0
340	3250.6666666666665	0.0	0.0	12255.0
350	3578.0	0.0	0.0	8333.0
360	3725.1666666666665	0.0	0.0	10789.0
370	3013.0	0.0	0.0	10315.0
380	3781.6666666666665	0.0	0.0	11402.0
390	3453.3333333333335	0.0	0.0	9280.0
400	2959.0	0.0	0.0	7150.0
410	3552.6666666666665	0.0	0.0	9981.0
420	3546.5	0.0	0.0	5776.0
430	3318.8333333333335	0.0	0.0	10982.0
440	3841.1666666666665	0.0	0.0	14770.0
450	3577.3333333333335	0.0	0.0	10569.0
460	3441.6666666666665	0.0	0.0	7015.0
470	3496.0	0.0	0.0	9620.0
480	3079.8333333333335	0.0	0.0	12200.0
490	3696.1666666666665	0.0	0.0	12323.0
500	3956.0	0.0	0.0	11698.0
510	4134.0	0.0	0.0	11233.0
520	3886.1666666666665	0.0	0.0	13234.0
530	3871.1666666666665	0.0	0.0	9494.0
540	3746.5	0.0	0.0	7999.0
550	3624.5	0.0	0.0	10189.0
560	4212.0	0.0	0.0	11868.0
570	3780.3333333333335	0.0	0.0	9507.0
580	3903.0	0.0	0.0	10681.0
590	3711.6666666666665	0.0	0.0	9369.0
600	3637.0	0.0	0.0	10993.0
610	3889.3333333333335	0.0	0.0	11196.0
620	3356.3333333333335	0.0	0.0	9525.0
630	3949.6666666666665	0.0	0.0	10035.0
640	3556.6666666666665	0.0	0.0	11068.0
650	3538.5	0.0	0.0	12306.0
660	3841.8333333333335	0.0	0.0	10942.0
670	3568.1666666666665	0.0	0.0	9919.0
680	4135.5	0.0	0.0	10078.0
690	3745.8333333333335	0.0	0.0	10490.0
700	3875.8333333333335	0.0	0.0	6351.0
710	3518.5	0.0	0.0	10587.0
720	3556.5	0.0	0.0	8049.0
730	3838.0	0.0	0.0	8617.0
740	3628.3333333333335	0.0	0.0	10107.0
750	3539.0	0.0	0.0	10762.0
760	3794.5	0.0	0.0	11112.0
770	3719.6666666666665	0.0	0.0	9224.0
780	3680.0	0.0	0.0	12218.0
790	3557.5	0.0	0.0	13496.0
800	3744.6666666666665	0.0	0.0	6977.0
810	3788.6666666666665	0.0	0.0	8461.0
820	3575.5	0.0	0.0	9210.0
830	3275.0	0.0	0.0	9240.0
840	3938.8333333333335	0.0	0.0	9419.0
850	3486.1666666666665	0.0	0.0	7088.0
860	3521.1666666666665	0.0	0.0	9338.0
870	3673.5	0.0	0.0	10809.0
880	3635.5	0.0	0.0	10029.0
890	3779.0	0.0	0.0	10999.0
900	3754.3333333333335	0.0	0.0	11740.0
910	3644.1666666666665	0.0	0.0	10073.0
920	3654.8333333333335	0.0	0.0	9220.0
930	3979.6666666666665	0.0	0.0	10560.0
940	3993.1666666666665	0.0	0.0	10734.0
950	3883.8333333333335	0.0	0.0	10441.0
960	3392.1666666666665	0.0	0.0	11817.0
970	4016.1666666666665	0.0	0.0	10258.0
980	3629.0	0.0	0.0	9329.0
990	3925.8333333333335	0.0	0.0	10535.0
1000	3675.3333333333335	0.0	0.0	9393.0
