0	3050.0	0.0	0.0	0.0
10	2837.8333333333335	1.0	7648.0	7648.0
20	2921.8333333333335	2.0	8850.0	8850.0
30	2634.8333333333335	1.0	10241.0	10241.0
40	3068.8333333333335	0.0	11140.0	11140.0
50	2886.3333333333335	2.0	10340.0	10340.0
60	2173.0	8.0	7991.0	7991.0
70	2469.1666666666665	0.0	12023.0	12023.0
80	3153.3333333333335	2.0	8361.0	8361.0
90	3258.1666666666665	1.0	10113.0	10113.0
100	3455.8333333333335	4.0	9130.0	9130.0
110	3415.8333333333335	3.0	9856.0	9856.0
120	3167.3333333333335	6.0	11906.0	11906.0
130	2886.0	4.0	8676.0	8676.0
140	3576.8333333333335	8.0	14307.0	14307.0
150	3461.8333333333335	9.0	10266.0	10266.0
160	3351.8333333333335	12.0	9861.0	9861.0
170	3048.5	8.0	12867.0	12867.0
180	3277.0	9.0	9942.0	9942.0
190	2918.6666666666665	13.0	9821.0	9821.0
200	3446.5	8.0	10258.0	10258.0
210	3510.1666666666665	9.0	10653.0	10653.0
220	3735.1666666666665	9.0	11856.0	11856.0
230	3739.1666666666665	27.0	11061.0	11061.0
240	3042.5	17.0	13134.0	13134.0
250	3832.3333333333335	22.0	12088.0	12088.0
260	3687.6666666666665	20.0	9861.0	9861.0
270	3656.5	10.0	8487.0	8487.0
280	4070.0	21.0	13487.0	13487.0
290	3891.8333333333335	21.0	10821.0	10821.0
300	3292.3333333333335	39.0	12407.0	12407.0
310	3364.5	30.0	11559.0	11559.0
320	3778.1666666666665	29.0	9112.0	9112.0
330	3557.5	31.0	10134.0	10134.0
340	3975.5	41.0	14853.0	14853.0
350	3758.5	26.0	9980.0	9980.0
360	3911.5	55.0	12403.0	12403.0
370	3673.1666666666665	39.0	12976.0	12976.0
380	3559.0	42.0	11487.0	11487.0
390	3644.1666666666665	38.0	10804.0	10804.0
400	3608.6666666666665	50.0	11916.0	11916.0
410	3858.1666666666665	50.0	11007.0	11007.0
420	3623.8333333333335	55.0	10997.0	10997.0
430	3743.6666666666665	62.0	12799.0	12799.0
440	3954.6666666666665	48.0	10301.0	10301.0
450	3709.5	60.0	12477.0	12477.0
460	3379.0	48.0	11775.0	13830.0
470	3831.1666666666665	0.0	0.0	9676.0
480	3899.6666666666665	0.0	0.0	11473.0
490	3686.0	0.0	0.0	11928.0
500	4043.3333333333335	0.0	0.0	9671.0
