0	2976.8333333333335	0.0	0.0	0.0
10	2767.8333333333335	0.0	7441.0	7441.0
20	2508.6666666666665	3.0	10611.0	10611.0
30	2763.6666666666665	0.0	11855.0	11855.0
40	2885.5	3.0	13297.0	13297.0
50	3058.8333333333335	3.0	12001.0	12001.0
60	2896.8333333333335	4.0	14081.0	14081.0
70	3377.0	9.0	11997.0	11997.0
80	3179.8333333333335	8.0	12407.0	12407.0
90	2947.0	5.0	12140.0	12140.0
100	3133.6666666666665	6.0	10514.0	10514.0
110	3516.1666666666665	6.0	11987.0	11987.0
120	3736.1666666666665	12.0	12167.0	12167.0
130	3634.6666666666665	9.0	8586.0	8586.0
140	3359.0	11.0	11382.0	11382.0
150	3347.8333333333335	14.0	10507.0	10507.0
160	3250.6666666666665	9.0	10043.0	10043.0
170	3334.8333333333335	18.0	10804.0	10804.0
180	3549.6666666666665	15.0	11644.0	11644.0
190	3406.1666666666665	16.0	8721.0	8721.0
200	2793.5	19.0	12309.0	12309.0
210	3858.6666666666665	15.0	13764.0	13764.0
220	3609.1666666666665	11.0	11460.0	11460.0
230	3860.8333333333335	19.0	8395.0	8395.0
240	3648.0	44.0	10262.0	10262.0
250	3851.0	18.0	8942.0	8942.0
260	3797.8333333333335	16.0	9863.0	9863.0
270	3963.6666666666665	23.0	10593.0	10593.0
280	3912.3333333333335	35.0	13538.0	13538.0
290	3948.8333333333335	26.0	11780.0	11780.0
300	3820.1666666666665	21.0	10963.0	10963.0
310	3749.1666666666665	25.0	11028.0	11028.0
320	3736.8333333333335	25.0	10814.0	10814.0
330	3708.1666666666665	24.0	10878.0	10878.0
340	3960.1666666666665	19.0	11256.0	11256.0
350	3777.5	14.0	9017.0	9017.0
360	3807.3333333333335	20.0	10843.0	10843.0
370	3842.3333333333335	30.0	7291.0	7291.0
380	4115.166666666667	38.0	10905.0	10905.0
390	2777.1666666666665	32.0	9259.0	9259.0
400	3667.0	44.0	12167.0	12167.0
410	3461.0	52.0	14183.0	14183.0
420	4027.3333333333335	64.0	11600.0	11600.0
430	4150.166666666667	45.0	12993.0	12993.0
440	3884.6666666666665	59.0	12629.0	12629.0
450	3803.6666666666665	51.0	12034.0	12034.0
460	4060.3333333333335	50.0	10637.0	10637.0
470	4139.333333333333	10.0	2994.0	12848.0
480	3755.5	0.0	0.0	10792.0
490	3811.6666666666665	0.0	0.0	9908.0
500	3605.0	0.0	0.0	10980.0
