0	1761.1666666666667	0.0	0.0	0.0
10	2046.6666666666667	341.0	12135.0	12135.0
20	2121.3333333333335	191.0	9662.0	9662.0
30	2070.3333333333335	188.0	14028.0	14028.0
40	2426.5	122.0	11795.0	11795.0
50	2382.3333333333335	158.0	7374.0	13521.0
60	2541.1666666666665	0.0	0.0	7884.0
70	2520.8333333333335	0.0	0.0	6651.0
80	2418.5	0.0	0.0	8958.0
90	2723.5	0.0	0.0	8477.0
100	2452.6666666666665	0.0	0.0	6697.0
110	2616.0	0.0	0.0	6789.0
120	2648.8333333333335	0.0	0.0	10116.0
130	1977.3333333333333	0.0	0.0	9250.0
140	2371.1666666666665	0.0	0.0	8086.0
150	2747.8333333333335	0.0	0.0	9814.0
160	2692.0	0.0	0.0	10213.0
170	2598.0	0.0	0.0	9030.0
180	2880.8333333333335	0.0	0.0	8091.0
190	2547.1666666666665	0.0	0.0	7314.0
200	2478.3333333333335	0.0	0.0	6626.0
210	2554.5	0.0	0.0	8484.0
220	2153.6666666666665	0.0	0.0	8511.0
230	2580.6666666666665	0.0	0.0	6785.0
240	2763.0	0.0	0.0	11313.0
250	2534.1666666666665	0.0	0.0	7402.0
260	2825.1666666666665	0.0	0.0	5030.0
270	2221.1666666666665	0.0	0.0	5511.0
280	2729.8333333333335	0.0	0.0	7844.0
290	2205.3333333333335	0.0	0.0	7999.0
300	2293.8333333333335	0.0	0.0	7694.0
310	2712.6666666666665	0.0	0.0	6560.0
320	2449.0	0.0	0.0	7168.0
330	2659.6666666666665	0.0	0.0	6613.0
340	2430.6666666666665	0.0	0.0	7277.0
350	2872.3333333333335	0.0	0.0	7852.0
360	2788.0	0.0	0.0	8115.0
370	2792.8333333333335	0.0	0.0	9871.0
380	2995.5	0.0	0.0	7493.0
390	2669.3333333333335	0.0	0.0	7857.0
400	3205.5	0.0	0.0	9294.0
410	3551.8333333333335	0.0	0.0	10116.0
420	3317.8333333333335	0.0	0.0	11843.0
430	3500.0	0.0	0.0	9296.0
440	3515.0	0.0	0.0	7885.0
450	3417.1666666666665	0.0	0.0	11467.0
460	3114.6666666666665	0.0	0.0	8333.0
470	3314.3333333333335	0.0	0.0	8426.0
480	2941.5	0.0	0.0	9371.0
490	3777.3333333333335	0.0	0.0	8884.0
500	3115.1666666666665	0.0	0.0	11599.0
510	3416.8333333333335	0.0	0.0	10952.0
520	3309.6666666666665	0.0	0.0	10856.0
530	3266.1666666666665	0.0	0.0	9492.0
540	3428.3333333333335	0.0	0.0	8212.0
550	3324.3333333333335	0.0	0.0	9052.0
560	3419.3333333333335	0.0	0.0	8938.0
570	3182.5	0.0	0.0	6860.0
580	3726.3333333333335	0.0	0.0	11683.0
590	3904.8333333333335	0.0	0.0	9268.0
600	3769.3333333333335	0.0	0.0	10952.0
610	3695.5	0.0	0.0	11424.0
620	3200.0	0.0	0.0	7153.0
630	3494.0	0.0	0.0	12080.0
640	3370.1666666666665	0.0	0.0	7822.0
650	3522.1666666666665	0.0	0.0	11218.0
660	3841.1666666666665	0.0	0.0	8853.0
670	3423.1666666666665	0.0	0.0	12267.0
680	3457.3333333333335	0.0	0.0	10210.0
690	3151.3333333333335	0.0	0.0	10868.0
700	3157.1666666666665	0.0	0.0	10544.0
710	3572.0	0.0	0.0	10562.0
720	3633.0	0.0	0.0	10326.0
730	3767.8333333333335	0.0	0.0	11648.0
740	3478.6666666666665	0.0	0.0	12171.0
750	3926.0	0.0	0.0	11959.0
760	4046.8333333333335	0.0	0.0	11554.0
770	3545.0	0.0	0.0	6640.0
780	4009.6666666666665	0.0	0.0	11345.0
790	3739.1666666666665	0.0	0.0	10368.0
800	3999.5	0.0	0.0	8965.0
810	4060.0	0.0	0.0	10990.0
820	3531.3333333333335	0.0	0.0	10516.0
830	3656.6666666666665	0.0	0.0	11944.0
840	3976.8333333333335	0.0	0.0	8262.0
850	3739.5	0.0	0.0	8426.0
860	3814.5	0.0	0.0	11068.0
870	3911.3333333333335	0.0	0.0	9813.0
880	4053.8333333333335	0.0	0.0	8321.0
890	3982.5	0.0	0.0	7941.0
900	3617.1666666666665	0.0	0.0	11498.0
910	3818.8333333333335	0.0	0.0	8932.0
920	3797.3333333333335	0.0	0.0	10026.0
930	3825.5	0.0	0.0	8331.0
940	4055.6666666666665	0.0	0.0	7631.0
950	4090.0	0.0	0.0	11799.0
960	3657.1666666666665	0.0	0.0	12061.0
970	3455.3333333333335	0.0	0.0	14143.0
980	3556.6666666666665	0.0	0.0	9112.0
990	4080.0	0.0	0.0	9826.0
1000	4082.0	0.0	0.0	11372.0
