0	2501.6666666666665	0.0	0.0	0.0
10	2474.5	2.0	10.0	10664.0
20	2647.5	1.0	10.0	11371.0
30	2936.5	1.0	13.0	12278.0
40	2736.8333333333335	1.0	53.0	7880.0
50	2872.6666666666665	9.0	83.0	8720.0
60	2613.6666666666665	0.0	71.0	11268.0
70	2543.0	0.0	108.0	10680.0
80	2232.6666666666665	0.0	80.0	10893.0
90	2680.5	6.0	144.0	11971.0
100	3051.3333333333335	1.0	25.0	13108.0
110	3205.8333333333335	1.0	48.0	6494.0
120	2764.0	0.0	98.0	9577.0
130	2691.0	0.0	45.0	10271.0
140	3212.8333333333335	0.0	18.0	8220.0
150	3158.5	0.0	2.0	9179.0
160	3269.0	0.0	145.0	6942.0
170	3331.1666666666665	3.0	129.0	10256.0
180	2923.0	1.0	128.0	10365.0
190	3456.6666666666665	0.0	89.0	11730.0
200	3030.1666666666665	2.0	88.0	10516.0
210	3417.8333333333335	2.0	67.0	6610.0
220	2618.8333333333335	0.0	95.0	11250.0
230	3176.5	0.0	62.0	9186.0
240	3105.8333333333335	2.0	85.0	13431.0
250	3099.8333333333335	0.0	74.0	9658.0
260	3303.3333333333335	0.0	152.0	12907.0
270	3856.8333333333335	0.0	81.0	9418.0
280	3311.3333333333335	0.0	75.0	9890.0
290	3131.5	0.0	258.0	12959.0
300	2660.1666666666665	0.0	200.0	14652.0
310	3242.3333333333335	4.0	169.0	7958.0
320	2969.6666666666665	0.0	139.0	10713.0
330	3557.0	0.0	117.0	7736.0
340	3213.8333333333335	1.0	129.0	11293.0
350	3440.6666666666665	1.0	54.0	10137.0
360	3554.6666666666665	0.0	64.0	9675.0
370	3062.5	0.0	122.0	8624.0
380	3624.1666666666665	1.0	123.0	10533.0
390	3741.1666666666665	0.0	81.0	13458.0
400	3481.3333333333335	0.0	135.0	11191.0
410	3413.3333333333335	1.0	59.0	9951.0
420	3438.3333333333335	2.0	118.0	11903.0
430	2857.6666666666665	1.0	178.0	11957.0
440	3809.8333333333335	1.0	169.0	14720.0
450	3982.8333333333335	0.0	68.0	10163.0
460	3780.8333333333335	0.0	110.0	9973.0
470	3947.5	1.0	115.0	10829.0
480	3929.6666666666665	0.0	106.0	9802.0
490	3286.6666666666665	0.0	159.0	9632.0
500	3540.0	1.0	133.0	11127.0
510	3338.3333333333335	0.0	133.0	12265.0
520	3973.1666666666665	0.0	87.0	8690.0
530	3883.6666666666665	0.0	35.0	8629.0
540	4035.0	0.0	102.0	7902.0
550	3355.0	0.0	105.0	9892.0
560	3754.1666666666665	0.0	162.0	11235.0
570	4043.5	0.0	120.0	12900.0
580	3864.0	0.0	122.0	8888.0
590	3792.1666666666665	0.0	119.0	13485.0
600	3588.6666666666665	3.0	100.0	11185.0
610	3751.0	0.0	79.0	6837.0
620	3972.1666666666665	1.0	78.0	9788.0
630	4081.3333333333335	0.0	176.0	10525.0
640	3769.3333333333335	0.0	114.0	9668.0
650	3778.3333333333335	0.0	126.0	12524.0
660	3857.0	0.0	93.0	7932.0
670	3909.3333333333335	1.0	117.0	9576.0
680	3644.3333333333335	2.0	156.0	10708.0
690	3620.3333333333335	1.0	58.0	9435.0
700	3777.1666666666665	0.0	73.0	9731.0
710	3678.5	0.0	43.0	11357.0
720	3547.3333333333335	0.0	123.0	12080.0
730	3961.3333333333335	0.0	89.0	10344.0
740	3681.3333333333335	1.0	90.0	7832.0
750	3947.3333333333335	0.0	96.0	8307.0
760	4051.6666666666665	0.0	29.0	12337.0
770	3570.1666666666665	1.0	165.0	10994.0
780	3876.5	0.0	69.0	10726.0
790	4088.8333333333335	2.0	51.0	8272.0
800	4083.1666666666665	0.0	83.0	9503.0
