0	2356.3333333333335	0.0	0.0	0.0
10	2043.0	1000.0	1000.0	9326.0
20	2387.0	0.0	0.0	8565.0
30	2385.8333333333335	0.0	0.0	12699.0
40	2402.1666666666665	0.0	0.0	5758.0
50	2435.5	0.0	0.0	11413.0
60	2334.3333333333335	0.0	0.0	10442.0
70	2685.1666666666665	0.0	0.0	11948.0
80	2324.5	0.0	0.0	9391.0
90	2579.1666666666665	0.0	0.0	9570.0
100	2793.0	0.0	0.0	10860.0
110	2536.8333333333335	0.0	0.0	9779.0
120	2371.6666666666665	0.0	0.0	11758.0
130	2588.3333333333335	0.0	0.0	11481.0
140	2438.0	0.0	0.0	9359.0
150	2843.1666666666665	0.0	0.0	7647.0
160	2463.6666666666665	0.0	0.0	9709.0
170	2641.0	0.0	0.0	9394.0
180	2585.3333333333335	0.0	0.0	9642.0
190	2645.8333333333335	0.0	0.0	7863.0
200	2690.5	0.0	0.0	9401.0
210	2841.8333333333335	0.0	0.0	8249.0
220	2278.1666666666665	0.0	0.0	6946.0
230	2848.3333333333335	0.0	0.0	9746.0
240	2746.5	0.0	0.0	10964.0
250	2949.1666666666665	0.0	0.0	8620.0
260	2910.8333333333335	0.0	0.0	7327.0
270	3195.5	0.0	0.0	10506.0
280	2867.6666666666665	0.0	0.0	8113.0
290	2556.1666666666665	0.0	0.0	10624.0
300	2861.6666666666665	0.0	0.0	8466.0
310	2944.8333333333335	0.0	0.0	10200.0
320	3121.8333333333335	0.0	0.0	9776.0
330	3407.5	0.0	0.0	10393.0
340	3335.5	0.0	0.0	11192.0
350	3477.5	0.0	0.0	9621.0
360	2891.1666666666665	0.0	0.0	10953.0
370	3080.0	0.0	0.0	12211.0
380	3149.8333333333335	0.0	0.0	9908.0
390	3369.0	0.0	0.0	11015.0
400	3560.1666666666665	0.0	0.0	8953.0
410	3605.5	0.0	0.0	12993.0
420	3189.3333333333335	0.0	0.0	10475.0
430	3246.0	0.0	0.0	9719.0
440	3192.0	0.0	0.0	10598.0
450	3568.3333333333335	0.0	0.0	8375.0
460	3657.8333333333335	0.0	0.0	10507.0
470	3706.6666666666665	0.0	0.0	9936.0
480	3348.5	0.0	0.0	10993.0
490	3304.1666666666665	0.0	0.0	10614.0
500	3525.8333333333335	0.0	0.0	11232.0
510	3782.6666666666665	0.0	0.0	7517.0
520	3568.3333333333335	0.0	0.0	11717.0
530	3460.3333333333335	0.0	0.0	8986.0
540	3013.5	0.0	0.0	11151.0
550	3614.5	0.0	0.0	8050.0
560	3164.1666666666665	0.0	0.0	11198.0
570	3437.0	0.0	0.0	9766.0
580	3310.3333333333335	0.0	0.0	8299.0
590	3506.8333333333335	0.0	0.0	10209.0
600	3760.6666666666665	0.0	0.0	9899.0
610	3471.6666666666665	0.0	0.0	11618.0
620	3488.8333333333335	0.0	0.0	7592.0
630	3128.5	0.0	0.0	11573.0
640	3836.1666666666665	0.0	0.0	8602.0
650	3934.5	0.0	0.0	10308.0
660	3909.1666666666665	0.0	0.0	12051.0
670	3684.3333333333335	0.0	0.0	9255.0
680	3506.3333333333335	0.0	0.0	12592.0
690	3828.1666666666665	0.0	0.0	8011.0
700	3700.6666666666665	0.0	0.0	12467.0
710	3366.8333333333335	0.0	0.0	8735.0
720	3528.1666666666665	0.0	0.0	10091.0
730	3778.3333333333335	0.0	0.0	12837.0
740	3855.1666666666665	0.0	0.0	9548.0
750	3326.6666666666665	0.0	0.0	14019.0
760	3815.8333333333335	0.0	0.0	10286.0
770	3459.1666666666665	0.0	0.0	10272.0
780	3714.0	0.0	0.0	11640.0
790	3834.6666666666665	0.0	0.0	10452.0
800	3846.0	0.0	0.0	10705.0
