0	2227.0	0.0	0.0	0.0
10	2366.6666666666665	1000.0	1000.0	9128.0
20	1980.3333333333333	0.0	0.0	5647.0
30	2306.5	0.0	0.0	11080.0
40	2383.5	0.0	0.0	8397.0
50	2458.3333333333335	0.0	0.0	10659.0
60	2370.3333333333335	0.0	0.0	6505.0
70	2453.5	0.0	0.0	8754.0
80	2533.5	0.0	0.0	7545.0
90	2371.1666666666665	0.0	0.0	8096.0
100	2484.8333333333335	0.0	0.0	7946.0
110	2188.6666666666665	0.0	0.0	6389.0
120	2597.3333333333335	0.0	0.0	11399.0
130	2166.0	0.0	0.0	8025.0
140	2287.1666666666665	0.0	0.0	7848.0
150	1919.5	0.0	0.0	7574.0
160	2337.6666666666665	0.0	0.0	6811.0
170	2286.6666666666665	0.0	0.0	7714.0
180	2370.5	0.0	0.0	6811.0
190	2279.0	0.0	0.0	8490.0
200	2476.1666666666665	0.0	0.0	9030.0
210	2572.1666666666665	0.0	0.0	8379.0
220	2541.8333333333335	0.0	0.0	5762.0
230	2041.5	0.0	0.0	7364.0
240	2359.8333333333335	0.0	0.0	7654.0
250	2665.6666666666665	0.0	0.0	9999.0
260	2354.3333333333335	0.0	0.0	8822.0
270	2687.6666666666665	0.0	0.0	8443.0
280	2378.8333333333335	0.0	0.0	5957.0
290	2249.3333333333335	0.0	0.0	11334.0
300	2629.1666666666665	0.0	0.0	8829.0
310	2275.0	0.0	0.0	12709.0
320	2434.5	0.0	0.0	8213.0
330	2283.3333333333335	0.0	0.0	8655.0
340	2505.1666666666665	0.0	0.0	7407.0
350	3210.0	0.0	0.0	9628.0
360	2301.6666666666665	0.0	0.0	9055.0
370	2658.0	0.0	0.0	9352.0
380	3209.1666666666665	0.0	0.0	7901.0
390	3318.0	0.0	0.0	8649.0
400	3102.5	0.0	0.0	13977.0
410	2770.3333333333335	0.0	0.0	9371.0
420	2902.6666666666665	0.0	0.0	12313.0
430	2764.3333333333335	0.0	0.0	15374.0
440	3745.8333333333335	0.0	0.0	8676.0
450	3291.0	0.0	0.0	9730.0
460	3453.3333333333335	0.0	0.0	11058.0
470	3721.1666666666665	0.0	0.0	11541.0
480	3512.1666666666665	0.0	0.0	12232.0
490	3540.5	0.0	0.0	8080.0
500	3212.6666666666665	0.0	0.0	9494.0
510	3973.6666666666665	0.0	0.0	9681.0
520	3618.5	0.0	0.0	10396.0
530	3851.8333333333335	0.0	0.0	13104.0
540	3093.1666666666665	0.0	0.0	13217.0
550	3430.5	0.0	0.0	10524.0
560	3920.8333333333335	0.0	0.0	12140.0
570	3563.8333333333335	0.0	0.0	11438.0
580	3231.0	0.0	0.0	10013.0
590	3227.3333333333335	0.0	0.0	9044.0
600	3554.5	0.0	0.0	7952.0
610	3934.0	0.0	0.0	10765.0
620	3692.6666666666665	0.0	0.0	9770.0
630	3838.3333333333335	0.0	0.0	11819.0
640	3507.0	0.0	0.0	8377.0
650	2979.1666666666665	0.0	0.0	11802.0
660	3937.8333333333335	0.0	0.0	12593.0
670	3830.5	0.0	0.0	10823.0
680	3806.6666666666665	0.0	0.0	9135.0
690	3601.1666666666665	0.0	0.0	13662.0
700	3559.8333333333335	0.0	0.0	10777.0
710	4187.166666666667	0.0	0.0	8547.0
720	3768.5	0.0	0.0	9033.0
730	3671.8333333333335	0.0	0.0	11662.0
740	3703.5	0.0	0.0	10067.0
750	3702.8333333333335	0.0	0.0	11514.0
760	3612.8333333333335	0.0	0.0	8086.0
770	4270.833333333333	0.0	0.0	10650.0
780	4012.0	0.0	0.0	11654.0
790	3586.1666666666665	0.0	0.0	11298.0
800	4070.6666666666665	0.0	0.0	12384.0
