0	2267.5	0.0	0.0	0.0
10	2384.0	234.0	986.0	9053.0
20	2347.3333333333335	461.0	1038.0	10428.0
30	2453.8333333333335	281.0	885.0	9060.0
40	2381.0	24.0	177.0	11474.0
50	2470.8333333333335	0.0	0.0	10854.0
60	2662.1666666666665	0.0	0.0	9589.0
70	2419.0	0.0	0.0	10400.0
80	2612.1666666666665	0.0	0.0	6597.0
90	2637.3333333333335	0.0	0.0	10436.0
100	2711.3333333333335	0.0	0.0	9175.0
110	2240.1666666666665	0.0	0.0	6648.0
120	2316.0	0.0	0.0	7745.0
130	2585.0	0.0	0.0	9971.0
140	2619.3333333333335	0.0	0.0	9547.0
150	2760.5	0.0	0.0	7819.0
160	2854.6666666666665	0.0	0.0	10041.0
170	2605.5	0.0	0.0	8319.0
180	2222.5	0.0	0.0	8202.0
190	2306.1666666666665	0.0	0.0	10693.0
200	2505.8333333333335	0.0	0.0	13112.0
210	2760.6666666666665	0.0	0.0	5967.0
220	2972.3333333333335	0.0	0.0	9366.0
230	2599.3333333333335	0.0	0.0	15155.0
240	2794.1666666666665	0.0	0.0	5601.0
250	2535.0	0.0	0.0	7816.0
260	2784.6666666666665	0.0	0.0	10085.0
270	2597.6666666666665	0.0	0.0	8131.0
280	3176.8333333333335	0.0	0.0	8875.0
290	3242.6666666666665	0.0	0.0	9623.0
300	3072.6666666666665	0.0	0.0	10262.0
310	2433.0	0.0	0.0	9536.0
320	3563.3333333333335	0.0	0.0	8501.0
330	3462.5	0.0	0.0	12156.0
340	3077.5	0.0	0.0	8214.0
350	3341.0	0.0	0.0	14440.0
360	3591.0	0.0	0.0	12302.0
370	3168.6666666666665	0.0	0.0	9645.0
380	2970.8333333333335	0.0	0.0	10301.0
390	3350.0	0.0	0.0	10472.0
400	3363.1666666666665	0.0	0.0	8291.0
410	3394.3333333333335	0.0	0.0	11632.0
420	3758.6666666666665	0.0	0.0	9854.0
430	3335.8333333333335	0.0	0.0	12585.0
440	3359.1666666666665	0.0	0.0	12574.0
450	3146.3333333333335	0.0	0.0	10919.0
460	3638.5	0.0	0.0	10461.0
470	3436.0	0.0	0.0	10043.0
480	3599.8333333333335	0.0	0.0	10296.0
490	3673.6666666666665	0.0	0.0	9293.0
500	3213.8333333333335	0.0	0.0	8243.0
510	3301.1666666666665	0.0	0.0	13291.0
520	3507.8333333333335	0.0	0.0	11364.0
530	3618.0	0.0	0.0	9738.0
540	3570.1666666666665	0.0	0.0	9110.0
550	3601.0	0.0	0.0	8269.0
560	4106.5	0.0	0.0	10587.0
570	3428.6666666666665	0.0	0.0	9164.0
580	3421.1666666666665	0.0	0.0	10307.0
590	3378.8333333333335	0.0	0.0	12195.0
600	3878.1666666666665	0.0	0.0	9077.0
610	3870.0	0.0	0.0	9678.0
620	3977.1666666666665	0.0	0.0	8917.0
630	3907.5	0.0	0.0	9735.0
640	4061.6666666666665	0.0	0.0	11706.0
650	3814.0	0.0	0.0	9448.0
660	3218.8333333333335	0.0	0.0	8780.0
670	3805.3333333333335	0.0	0.0	10845.0
680	3669.3333333333335	0.0	0.0	9285.0
690	4006.8333333333335	0.0	0.0	8812.0
700	3447.6666666666665	0.0	0.0	11884.0
710	3630.0	0.0	0.0	11194.0
720	3831.0	0.0	0.0	9800.0
730	3681.1666666666665	0.0	0.0	10499.0
740	3840.0	0.0	0.0	11404.0
750	3488.5	0.0	0.0	11074.0
760	3690.6666666666665	0.0	0.0	10570.0
770	3969.1666666666665	0.0	0.0	8363.0
780	3188.1666666666665	0.0	0.0	10162.0
790	3791.5	0.0	0.0	9559.0
800	3652.0	0.0	0.0	8284.0
