0	2093.25	0.0	0.0	0.0
10	2515.5	77.0	8271.0	8271.0
20	2315.5	135.0	10130.0	10130.0
30	2519.0	85.0	9354.0	9354.0
40	2565.25	53.0	10162.0	10162.0
50	2591.25	42.0	11385.0	11385.0
60	2520.5	48.0	11902.0	11902.0
70	2438.0	61.0	10368.0	10368.0
80	2491.0	85.0	15093.0	15093.0
90	2846.0	30.0	10888.0	10888.0
100	2622.5	41.0	13626.0	13626.0
110	3108.0	22.0	8007.0	8007.0
120	3062.5	29.0	10076.0	10076.0
130	2855.0	32.0	12170.0	12170.0
140	3215.5	5.0	8081.0	8081.0
150	2407.0	35.0	10677.0	10677.0
160	2948.75	37.0	11504.0	11504.0
170	2316.5	48.0	11767.0	11767.0
180	2951.0	16.0	10639.0	10639.0
190	3641.75	15.0	9277.0	9277.0
200	3452.0	11.0	9055.0	9055.0
210	3040.25	10.0	13181.0	13181.0
220	3071.5	22.0	10585.0	10585.0
230	3522.25	31.0	10170.0	10170.0
240	3124.75	13.0	9768.0	9768.0
250	3230.0	10.0	11129.0	11129.0
260	2801.0	7.0	1984.0	8906.0
270	3293.5	0.0	0.0	12935.0
280	3488.25	0.0	0.0	6954.0
290	3260.75	0.0	0.0	12725.0
300	3191.75	0.0	0.0	13291.0
310	3909.5	0.0	0.0	9322.0
320	3014.0	0.0	0.0	10249.0
330	3762.25	0.0	0.0	8387.0
340	3179.75	0.0	0.0	9082.0
350	2824.25	0.0	0.0	11831.0
360	3482.75	0.0	0.0	12114.0
370	2824.5	0.0	0.0	9879.0
380	3082.25	0.0	0.0	11891.0
390	3778.5	0.0	0.0	13029.0
400	4049.75	0.0	0.0	11050.0
410	4024.75	0.0	0.0	14375.0
420	3511.25	0.0	0.0	10542.0
430	3893.75	0.0	0.0	10823.0
440	3584.25	0.0	0.0	9681.0
450	3652.5	0.0	0.0	9540.0
460	3756.0	0.0	0.0	9769.0
470	3831.5	0.0	0.0	10274.0
480	3489.5	0.0	0.0	9087.0
490	3333.75	0.0	0.0	11205.0
500	3487.5	0.0	0.0	8526.0
510	3862.25	0.0	0.0	9526.0
520	3257.25	0.0	0.0	8784.0
530	3779.25	0.0	0.0	10687.0
540	4221.25	0.0	0.0	11417.0
550	3315.5	0.0	0.0	9973.0
560	3770.5	0.0	0.0	7503.0
570	4079.0	0.0	0.0	11215.0
580	3476.25	0.0	0.0	7500.0
590	3634.25	0.0	0.0	9824.0
600	3798.75	0.0	0.0	8743.0
610	4009.5	0.0	0.0	10422.0
620	3700.5	0.0	0.0	10675.0
630	3348.75	0.0	0.0	13898.0
640	3682.75	0.0	0.0	8604.0
650	3783.25	0.0	0.0	10206.0
660	3870.0	0.0	0.0	11245.0
670	4154.25	0.0	0.0	8196.0
680	3843.0	0.0	0.0	9540.0
690	3831.75	0.0	0.0	11145.0
700	3034.0	0.0	0.0	10209.0
710	3629.0	0.0	0.0	10600.0
720	3899.75	0.0	0.0	9330.0
730	3885.75	0.0	0.0	7689.0
740	3663.0	0.0	0.0	11129.0
750	3614.25	0.0	0.0	9997.0
760	3467.25	0.0	0.0	10245.0
770	3765.0	0.0	0.0	6847.0
780	3806.0	0.0	0.0	11651.0
790	3759.0	0.0	0.0	11998.0
800	4227.0	0.0	0.0	8949.0
