0	2179.0	0.0	0.0	0.0
10	2223.5	98.0	8651.0	8651.0
20	2436.0	84.0	10460.0	10460.0
30	2389.75	35.0	7776.0	7776.0
40	2490.0	56.0	11810.0	11810.0
50	2451.75	46.0	9741.0	9741.0
60	2604.75	89.0	8843.0	8843.0
70	2797.75	46.0	13061.0	13061.0
80	2861.5	19.0	6015.0	6015.0
90	2308.25	33.0	10280.0	10280.0
100	2265.75	13.0	7452.0	7452.0
110	2694.0	80.0	8827.0	8827.0
120	2459.5	22.0	7920.0	7920.0
130	2599.25	64.0	11630.0	11630.0
140	2906.0	25.0	10870.0	10870.0
150	2720.0	23.0	9608.0	9608.0
160	3260.25	19.0	11970.0	11970.0
170	2907.0	15.0	11598.0	11598.0
180	3080.5	20.0	13746.0	13746.0
190	3232.5	19.0	8799.0	8799.0
200	3341.0	16.0	14980.0	14980.0
210	2839.5	15.0	12522.0	12522.0
220	3775.0	11.0	11783.0	11783.0
230	3621.25	18.0	12151.0	12151.0
240	3866.5	28.0	12229.0	12229.0
250	3612.75	11.0	10860.0	10860.0
260	3125.25	25.0	12019.0	12019.0
270	3998.0	7.0	8642.0	8642.0
280	3957.25	16.0	10346.0	10346.0
290	3294.0	4.0	6287.0	6287.0
300	3441.75	18.0	11839.0	11839.0
310	3655.5	13.0	9363.0	9363.0
320	3295.25	12.0	7259.0	10473.0
330	3344.5	0.0	0.0	14282.0
340	3231.5	0.0	0.0	11471.0
350	3765.5	0.0	0.0	9976.0
360	3392.75	0.0	0.0	8726.0
370	3355.0	0.0	0.0	12329.0
380	3474.75	0.0	0.0	12532.0
390	3782.5	0.0	0.0	12547.0
400	3966.5	0.0	0.0	13103.0
410	3878.0	0.0	0.0	11219.0
420	3961.0	0.0	0.0	13644.0
430	3796.75	0.0	0.0	11723.0
440	3745.0	0.0	0.0	9406.0
450	3679.5	0.0	0.0	13346.0
460	3548.25	0.0	0.0	11974.0
470	3259.75	0.0	0.0	12654.0
480	3441.5	0.0	0.0	12357.0
490	3685.25	0.0	0.0	8854.0
500	3511.75	0.0	0.0	9748.0
510	3833.5	0.0	0.0	10734.0
520	4273.75	0.0	0.0	8065.0
530	3504.0	0.0	0.0	9812.0
540	3735.5	0.0	0.0	13239.0
550	3918.25	0.0	0.0	11776.0
560	3907.75	0.0	0.0	10273.0
570	4085.5	0.0	0.0	12486.0
580	3768.5	0.0	0.0	13202.0
590	3929.0	0.0	0.0	9927.0
600	3442.25	0.0	0.0	10718.0
610	3299.0	0.0	0.0	10755.0
620	3542.25	0.0	0.0	13548.0
630	3561.5	0.0	0.0	9674.0
640	3136.5	0.0	0.0	9726.0
650	3485.75	0.0	0.0	7848.0
660	3624.5	0.0	0.0	13193.0
670	3220.25	0.0	0.0	9585.0
680	3897.5	0.0	0.0	10310.0
690	3793.75	0.0	0.0	9165.0
700	3451.5	0.0	0.0	10206.0
710	3383.75	0.0	0.0	13433.0
720	3771.25	0.0	0.0	11447.0
730	3642.5	0.0	0.0	13722.0
740	3675.5	0.0	0.0	11235.0
750	4060.75	0.0	0.0	10424.0
760	3695.75	0.0	0.0	8709.0
770	3921.25	0.0	0.0	11188.0
780	3996.5	0.0	0.0	11004.0
790	3818.5	0.0	0.0	11130.0
800	3809.75	0.0	0.0	9773.0
