0	2064.0	0.0	0.0	0.0
10	2160.25	55.0	10850.0	10850.0
20	2418.75	87.0	11158.0	11158.0
30	2403.25	65.0	9439.0	9439.0
40	2169.25	47.0	10113.0	10113.0
50	1995.5	69.0	9820.0	9820.0
60	2533.25	29.0	9210.0	9210.0
70	2546.5	69.0	10585.0	10585.0
80	2331.0	75.0	11268.0	11268.0
90	2273.0	28.0	9519.0	9519.0
100	2631.25	20.0	12757.0	12757.0
110	2216.25	24.0	10363.0	10363.0
120	2319.75	25.0	10452.0	10452.0
130	2773.0	22.0	7486.0	7486.0
140	2740.25	11.0	8249.0	8249.0
150	2939.75	15.0	10378.0	10378.0
160	2791.0	18.0	8139.0	8139.0
170	3262.5	41.0	12337.0	12337.0
180	2997.5	21.0	7872.0	7872.0
190	3290.0	13.0	9255.0	9255.0
200	2784.5	22.0	13023.0	13023.0
210	2937.5	12.0	8907.0	8907.0
220	3069.0	8.0	9364.0	9364.0
230	2641.0	16.0	14732.0	14732.0
240	3282.0	31.0	13178.0	13178.0
250	3041.5	12.0	8032.0	8032.0
260	2913.5	18.0	12361.0	12361.0
270	3739.5	9.0	11839.0	11839.0
280	3253.25	14.0	11857.0	11857.0
290	3690.75	23.0	12169.0	12169.0
300	4052.75	10.0	10784.0	10784.0
310	3177.75	24.0	13050.0	13050.0
320	3673.75	14.0	11072.0	11072.0
330	3841.75	8.0	8864.0	8864.0
340	3804.75	9.0	11722.0	11722.0
350	3668.5	11.0	11047.0	11047.0
360	3504.5	18.0	8016.0	8016.0
370	3489.0	7.0	3264.0	12484.0
380	3364.0	0.0	0.0	10895.0
390	3220.75	0.0	0.0	8290.0
400	3215.0	0.0	0.0	9582.0
410	3413.25	0.0	0.0	11101.0
420	4025.25	0.0	0.0	9654.0
430	3740.75	0.0	0.0	10686.0
440	3521.75	0.0	0.0	10122.0
450	3815.75	0.0	0.0	9776.0
460	3548.75	0.0	0.0	9381.0
470	3132.0	0.0	0.0	9061.0
480	4129.0	0.0	0.0	10634.0
490	3969.0	0.0	0.0	12729.0
500	3242.5	0.0	0.0	12089.0
510	3865.0	0.0	0.0	10765.0
520	3869.0	0.0	0.0	11728.0
530	4176.25	0.0	0.0	8452.0
540	3701.75	0.0	0.0	9992.0
550	3551.5	0.0	0.0	9591.0
560	3788.25	0.0	0.0	11039.0
570	4048.0	0.0	0.0	11867.0
580	3688.75	0.0	0.0	8989.0
590	3141.5	0.0	0.0	10353.0
600	3968.5	0.0	0.0	11852.0
610	3682.0	0.0	0.0	8212.0
620	3367.0	0.0	0.0	8698.0
630	3381.5	0.0	0.0	7725.0
640	4063.0	0.0	0.0	10253.0
650	3594.5	0.0	0.0	10471.0
660	3962.5	0.0	0.0	12545.0
670	3521.25	0.0	0.0	11416.0
680	3313.25	0.0	0.0	8934.0
690	3576.0	0.0	0.0	10581.0
700	3994.5	0.0	0.0	9195.0
710	4011.0	0.0	0.0	9737.0
720	3720.5	0.0	0.0	11730.0
730	4089.0	0.0	0.0	12249.0
740	3435.0	0.0	0.0	11784.0
750	3449.0	0.0	0.0	10958.0
760	3942.5	0.0	0.0	9780.0
770	4033.5	0.0	0.0	8250.0
780	3692.5	0.0	0.0	11665.0
790	4237.25	0.0	0.0	10738.0
800	3993.75	0.0	0.0	7260.0
