0	2134.3333333333335	0.0	0.0	0.0
10	2276.0	0.0	59.0	8869.0
20	2120.8333333333335	0.0	16.0	8068.0
30	2247.5	0.0	44.0	7427.0
40	2222.3333333333335	4.0	48.0	10987.0
50	2373.5	0.0	29.0	8005.0
60	2127.5	0.0	33.0	7357.0
70	2322.0	0.0	23.0	6180.0
80	2451.8333333333335	0.0	78.0	13045.0
90	2310.3333333333335	0.0	1.0	8822.0
100	2653.3333333333335	0.0	30.0	9053.0
110	2219.0	0.0	31.0	6668.0
120	2387.3333333333335	0.0	50.0	11097.0
130	2735.6666666666665	0.0	77.0	11313.0
140	2674.1666666666665	0.0	81.0	8378.0
150	2418.6666666666665	0.0	59.0	10401.0
160	2662.3333333333335	0.0	21.0	8145.0
170	2741.6666666666665	0.0	76.0	7930.0
180	2806.8333333333335	8.0	71.0	8739.0
190	1956.5	0.0	26.0	7988.0
200	2961.3333333333335	0.0	137.0	10103.0
210	2746.8333333333335	0.0	88.0	8925.0
220	2712.1666666666665	0.0	50.0	8056.0
230	2784.8333333333335	0.0	11.0	6486.0
240	2727.3333333333335	1.0	68.0	8172.0
250	2995.6666666666665	0.0	100.0	7985.0
260	3012.1666666666665	0.0	32.0	7341.0
270	3076.1666666666665	0.0	64.0	10487.0
280	2717.5	0.0	69.0	7621.0
290	2764.0	0.0	50.0	10107.0
300	2871.6666666666665	1.0	91.0	7687.0
310	2773.6666666666665	0.0	144.0	9127.0
320	2948.5	0.0	162.0	10316.0
330	2839.6666666666665	0.0	69.0	10104.0
340	2708.5	0.0	139.0	7861.0
350	2483.6666666666665	0.0	272.0	10868.0
360	3064.8333333333335	0.0	171.0	9838.0
370	3444.8333333333335	0.0	289.0	10994.0
380	3593.6666666666665	1.0	165.0	7738.0
390	3499.6666666666665	1.0	118.0	10895.0
400	2887.6666666666665	0.0	197.0	10246.0
410	3267.5	1.0	95.0	9663.0
420	3052.8333333333335	1.0	204.0	8695.0
430	3316.8333333333335	0.0	313.0	10702.0
440	3391.0	0.0	238.0	11012.0
450	2977.8333333333335	0.0	266.0	11341.0
460	3119.0	0.0	272.0	8886.0
470	3616.6666666666665	0.0	277.0	13345.0
480	3106.8333333333335	0.0	318.0	12557.0
490	3752.8333333333335	0.0	300.0	11582.0
500	3287.0	0.0	188.0	9856.0
510	3367.1666666666665	2.0	262.0	7886.0
520	3547.8333333333335	0.0	249.0	9284.0
530	3519.1666666666665	0.0	214.0	10257.0
540	3402.5	0.0	169.0	11282.0
550	3462.0	0.0	266.0	9435.0
560	3398.5	2.0	278.0	13097.0
570	3939.5	0.0	207.0	7008.0
580	3776.1666666666665	0.0	140.0	9783.0
590	3692.5	0.0	320.0	11019.0
600	3106.5	0.0	255.0	13214.0
610	3707.1666666666665	0.0	225.0	12719.0
620	3084.3333333333335	0.0	313.0	9900.0
630	3874.3333333333335	0.0	266.0	10458.0
640	3879.5	1.0	286.0	14285.0
650	3652.0	0.0	170.0	8570.0
660	2978.6666666666665	0.0	362.0	12748.0
670	3434.6666666666665	1.0	242.0	8390.0
680	3980.3333333333335	1.0	176.0	9522.0
690	3934.1666666666665	0.0	237.0	12066.0
700	3420.0	0.0	312.0	13997.0
710	4060.0	0.0	225.0	10537.0
720	3916.0	0.0	236.0	9089.0
730	3374.8333333333335	1.0	383.0	8332.0
740	3558.3333333333335	0.0	274.0	7629.0
750	3761.6666666666665	0.0	274.0	9872.0
760	3928.1666666666665	0.0	97.0	8306.0
770	3927.5	0.0	197.0	10110.0
780	3937.1666666666665	0.0	274.0	9969.0
790	3637.1666666666665	1.0	244.0	9846.0
800	3562.6666666666665	0.0	202.0	7512.0
