0	2139.3333333333335	0.0	0.0	0.0
10	1973.3333333333333	0.0	11.0	8432.0
20	2178.1666666666665	1.0	82.0	13559.0
30	2161.6666666666665	0.0	59.0	8977.0
40	2252.5	0.0	62.0	10679.0
50	2476.5	0.0	79.0	10804.0
60	2446.8333333333335	0.0	26.0	7103.0
70	2362.0	0.0	127.0	6667.0
80	2159.6666666666665	0.0	24.0	9705.0
90	2188.3333333333335	14.0	104.0	7001.0
100	2259.5	2.0	116.0	9541.0
110	2411.8333333333335	0.0	44.0	9136.0
120	2418.1666666666665	0.0	71.0	12092.0
130	2501.6666666666665	0.0	5.0	6381.0
140	2552.8333333333335	0.0	41.0	6668.0
150	2636.5	0.0	60.0	10368.0
160	2379.6666666666665	1.0	127.0	7093.0
170	2303.3333333333335	0.0	96.0	11713.0
180	2508.1666666666665	0.0	142.0	8655.0
190	2388.3333333333335	0.0	52.0	6087.0
200	2775.3333333333335	0.0	90.0	9210.0
210	2648.1666666666665	0.0	147.0	10349.0
220	2496.8333333333335	0.0	80.0	7650.0
230	2851.3333333333335	0.0	76.0	6212.0
240	2829.1666666666665	0.0	288.0	9996.0
250	2965.0	0.0	161.0	9122.0
260	2797.6666666666665	0.0	138.0	10123.0
270	2491.6666666666665	1.0	163.0	9993.0
280	3144.3333333333335	0.0	34.0	6235.0
290	3224.6666666666665	0.0	282.0	8642.0
300	2755.0	0.0	252.0	10909.0
310	3065.3333333333335	0.0	162.0	8334.0
320	3586.6666666666665	0.0	122.0	8605.0
330	2618.3333333333335	0.0	170.0	8631.0
340	2871.1666666666665	0.0	275.0	11324.0
350	3198.8333333333335	0.0	116.0	9510.0
360	3413.8333333333335	0.0	107.0	7081.0
370	3430.5	0.0	163.0	9845.0
380	3420.1666666666665	0.0	237.0	9360.0
390	3554.3333333333335	0.0	178.0	12161.0
400	3930.5	0.0	195.0	9127.0
410	2886.3333333333335	0.0	204.0	7968.0
420	3294.0	1.0	252.0	12070.0
430	3397.5	0.0	237.0	9916.0
440	3477.3333333333335	0.0	309.0	9918.0
450	3375.8333333333335	1.0	191.0	11313.0
460	3710.8333333333335	0.0	311.0	11120.0
470	3513.0	0.0	208.0	7628.0
480	3890.5	1.0	226.0	7428.0
490	3558.1666666666665	0.0	259.0	9595.0
500	3605.5	1.0	520.0	16431.0
510	3432.1666666666665	0.0	226.0	8271.0
520	3567.1666666666665	0.0	276.0	10101.0
530	4017.8333333333335	0.0	337.0	10586.0
540	3548.6666666666665	0.0	239.0	12381.0
550	3875.1666666666665	0.0	254.0	10522.0
560	3822.5	0.0	381.0	10905.0
570	3944.8333333333335	0.0	186.0	8725.0
580	3595.3333333333335	0.0	327.0	10846.0
590	3725.3333333333335	1.0	218.0	7243.0
600	3678.3333333333335	0.0	193.0	8117.0
610	3608.5	0.0	320.0	12284.0
620	3457.8333333333335	0.0	214.0	7625.0
630	3497.3333333333335	0.0	226.0	9660.0
640	3418.0	1.0	235.0	10242.0
650	3292.5	0.0	322.0	9666.0
660	3627.6666666666665	0.0	331.0	11052.0
670	3563.0	0.0	371.0	11042.0
680	3834.3333333333335	0.0	321.0	11841.0
690	3813.0	1.0	195.0	7167.0
700	3731.3333333333335	3.0	219.0	11019.0
710	3230.3333333333335	1.0	181.0	9699.0
720	3710.6666666666665	0.0	224.0	8855.0
730	3909.6666666666665	0.0	336.0	10834.0
740	3628.3333333333335	0.0	282.0	11351.0
750	3695.3333333333335	0.0	256.0	10830.0
760	3851.1666666666665	0.0	337.0	9767.0
770	3698.1666666666665	0.0	295.0	10133.0
780	4130.333333333333	0.0	285.0	7708.0
790	4003.3333333333335	0.0	264.0	10804.0
800	3756.1666666666665	0.0	231.0	9760.0
