0	2261.25	0.0	0.0	0.0
10	2419.5	22.0	3089.0	8437.0
20	2122.0	93.0	3306.0	9747.0
30	2231.5	12.0	2685.0	9595.0
40	2484.0	41.0	2737.0	8996.0
50	2376.75	70.0	3352.0	9990.0
60	2006.75	26.0	2868.0	8090.0
70	2280.0	59.0	3365.0	8907.0
80	2614.5	36.0	2679.0	9821.0
90	2504.25	5.0	1510.0	6536.0
100	2056.5	9.0	1457.0	9838.0
110	2904.5	37.0	2470.0	11987.0
120	2312.0	30.0	2009.0	7820.0
130	2233.25	36.0	2052.0	9027.0
140	2087.5	10.0	1815.0	8650.0
150	2388.5	33.0	1827.0	8921.0
160	2571.0	34.0	2322.0	9409.0
170	2769.5	23.0	1819.0	11011.0
180	3037.0	24.0	1292.0	9732.0
190	2969.5	45.0	2819.0	10631.0
200	2901.25	30.0	2165.0	11841.0
210	3515.5	10.0	1173.0	8894.0
220	3170.25	15.0	780.0	8317.0
230	3594.75	20.0	1013.0	12521.0
240	3764.5	17.0	981.0	10786.0
250	3406.0	22.0	859.0	10608.0
260	2928.0	15.0	1614.0	9888.0
270	3460.75	36.0	3276.0	16030.0
280	3489.25	29.0	1738.0	10045.0
290	3123.5	26.0	2002.0	8839.0
300	3562.75	25.0	1916.0	11353.0
310	3306.0	20.0	2282.0	10835.0
320	3429.5	25.0	2037.0	10935.0
330	3775.75	19.0	1944.0	11336.0
340	3468.0	46.0	2246.0	9762.0
350	3288.25	0.0	0.0	10135.0
360	3360.25	0.0	0.0	14101.0
370	3800.5	0.0	0.0	8522.0
380	3216.0	0.0	0.0	10009.0
390	3734.25	0.0	0.0	10759.0
400	3636.75	0.0	0.0	11300.0
410	3434.25	0.0	0.0	12695.0
420	3555.25	0.0	0.0	10238.0
430	3230.5	0.0	0.0	10829.0
440	3866.25	0.0	0.0	15244.0
450	3138.25	0.0	0.0	11983.0
460	3307.75	0.0	0.0	12380.0
470	4017.5	0.0	0.0	12846.0
480	3686.25	0.0	0.0	10291.0
490	3648.25	0.0	0.0	9079.0
500	3589.75	0.0	0.0	11431.0
510	3216.0	0.0	0.0	12253.0
520	3534.5	0.0	0.0	7755.0
530	3917.25	0.0	0.0	11644.0
540	3967.75	0.0	0.0	9980.0
550	3675.25	0.0	0.0	11156.0
560	3919.75	0.0	0.0	11423.0
570	3421.25	0.0	0.0	10014.0
580	3971.75	0.0	0.0	11074.0
590	3534.5	0.0	0.0	12006.0
600	3500.0	0.0	0.0	10892.0
610	3697.25	0.0	0.0	9701.0
620	3869.75	0.0	0.0	16416.0
630	3701.75	0.0	0.0	10382.0
640	3908.25	0.0	0.0	9291.0
650	3795.75	0.0	0.0	10232.0
660	3936.25	0.0	0.0	11084.0
670	4053.25	0.0	0.0	9522.0
680	3625.5	0.0	0.0	11494.0
690	4033.5	0.0	0.0	10491.0
700	3801.25	0.0	0.0	9247.0
710	3688.75	0.0	0.0	11234.0
720	3697.0	0.0	0.0	12548.0
730	3450.75	0.0	0.0	9313.0
740	3662.5	0.0	0.0	11398.0
750	3920.5	0.0	0.0	11992.0
760	3944.5	0.0	0.0	9966.0
770	3725.25	0.0	0.0	9142.0
780	3943.0	0.0	0.0	10920.0
790	3879.75	0.0	0.0	9943.0
800	3502.0	0.0	0.0	10375.0
