0	2096.3333333333335	0.0	0.0	0.0
10	2201.5	60.0	1922.0	9804.0
20	2166.6666666666665	62.0	1210.0	8652.0
30	2138.1666666666665	0.0	1354.0	7203.0
40	2181.8333333333335	55.0	1096.0	7894.0
50	2299.5	55.0	1142.0	7824.0
60	2281.5	64.0	1019.0	8244.0
70	2288.0	63.0	1505.0	9186.0
80	2456.0	114.0	1408.0	9260.0
90	2219.8333333333335	51.0	2395.0	11147.0
100	2308.3333333333335	37.0	554.0	5937.0
110	2114.1666666666665	55.0	1457.0	9240.0
120	2111.0	57.0	1106.0	7344.0
130	1878.1666666666667	64.0	2310.0	9488.0
140	2103.1666666666665	79.0	1475.0	8307.0
150	2506.6666666666665	54.0	2456.0	11433.0
160	2670.3333333333335	25.0	3416.0	13379.0
170	2373.5	105.0	1165.0	7239.0
180	3031.6666666666665	0.0	0.0	9848.0
190	2835.3333333333335	0.0	0.0	9375.0
200	2031.0	0.0	0.0	6121.0
210	2539.5	0.0	0.0	10760.0
220	2508.3333333333335	0.0	0.0	7218.0
230	2304.5	0.0	0.0	8863.0
240	2158.8333333333335	0.0	0.0	7864.0
250	2460.6666666666665	0.0	0.0	6676.0
260	2172.5	0.0	0.0	7941.0
270	2642.6666666666665	0.0	0.0	8576.0
280	2890.6666666666665	0.0	0.0	8592.0
290	2345.5	0.0	0.0	9514.0
300	2805.0	0.0	0.0	8192.0
310	3058.8333333333335	0.0	0.0	12693.0
320	3302.8333333333335	0.0	0.0	8710.0
330	2602.1666666666665	0.0	0.0	9654.0
340	2979.3333333333335	0.0	0.0	11062.0
350	2642.6666666666665	0.0	0.0	9603.0
360	3294.3333333333335	0.0	0.0	11164.0
370	2708.8333333333335	0.0	0.0	11354.0
380	2793.1666666666665	0.0	0.0	7101.0
390	3123.5	0.0	0.0	9433.0
400	3310.1666666666665	0.0	0.0	11899.0
410	3177.8333333333335	0.0	0.0	9468.0
420	3130.8333333333335	0.0	0.0	8177.0
430	3017.1666666666665	0.0	0.0	9732.0
440	2817.8333333333335	0.0	0.0	10667.0
450	3547.1666666666665	0.0	0.0	9682.0
460	3375.0	0.0	0.0	8517.0
470	3387.3333333333335	0.0	0.0	11951.0
480	2780.3333333333335	0.0	0.0	7027.0
490	2855.0	0.0	0.0	8583.0
500	3335.5	0.0	0.0	9762.0
510	4038.0	0.0	0.0	7274.0
520	3304.6666666666665	0.0	0.0	14346.0
530	4045.8333333333335	0.0	0.0	11772.0
540	3234.5	0.0	0.0	13953.0
550	3538.8333333333335	0.0	0.0	11943.0
560	3484.0	0.0	0.0	12131.0
570	3168.0	0.0	0.0	9529.0
580	3285.1666666666665	0.0	0.0	10629.0
590	3691.5	0.0	0.0	8613.0
600	3362.1666666666665	0.0	0.0	15137.0
610	3507.0	0.0	0.0	9460.0
620	3848.5	0.0	0.0	10982.0
630	3749.8333333333335	0.0	0.0	10741.0
640	3536.5	0.0	0.0	7681.0
650	3527.5	0.0	0.0	10430.0
660	4032.5	0.0	0.0	9606.0
670	3713.3333333333335	0.0	0.0	8269.0
680	3757.3333333333335	0.0	0.0	8693.0
690	3610.8333333333335	0.0	0.0	9201.0
700	3768.8333333333335	0.0	0.0	9580.0
710	3871.1666666666665	0.0	0.0	9196.0
720	3490.1666666666665	0.0	0.0	9467.0
730	4193.833333333333	0.0	0.0	9692.0
740	3667.3333333333335	0.0	0.0	10984.0
750	3880.8333333333335	0.0	0.0	10434.0
760	3846.3333333333335	0.0	0.0	10836.0
770	3618.6666666666665	0.0	0.0	9595.0
780	3851.1666666666665	0.0	0.0	9659.0
790	3625.8333333333335	0.0	0.0	10177.0
800	3495.5	0.0	0.0	11748.0
810	3937.5	0.0	0.0	8653.0
820	4181.166666666667	0.0	0.0	8243.0
830	4124.0	0.0	0.0	8897.0
840	3850.8333333333335	0.0	0.0	9653.0
850	3610.3333333333335	0.0	0.0	7795.0
860	3803.3333333333335	0.0	0.0	9504.0
870	3651.5	0.0	0.0	7705.0
880	3818.6666666666665	0.0	0.0	11534.0
890	3610.3333333333335	0.0	0.0	12012.0
900	3692.6666666666665	0.0	0.0	13667.0
910	3757.0	0.0	0.0	10603.0
920	3708.3333333333335	0.0	0.0	8766.0
930	3540.6666666666665	0.0	0.0	10318.0
940	3856.1666666666665	0.0	0.0	11538.0
950	4239.333333333333	0.0	0.0	11807.0
960	3518.1666666666665	0.0	0.0	9809.0
970	4020.0	0.0	0.0	10836.0
980	3671.0	0.0	0.0	9929.0
990	3587.6666666666665	0.0	0.0	9878.0
1000	3871.1666666666665	0.0	0.0	9091.0
