0	227.0	0.0	0.0	0.0
10	1841.0	98.0	2868.0	6260.0
20	2184.5	586.0	6099.0	12018.0
30	2072.25	297.0	4790.0	10028.0
40	2184.0	19.0	1679.0	8099.0
50	2251.25	0.0	0.0	10789.0
60	2222.0	0.0	0.0	12187.0
70	2227.25	0.0	0.0	7387.0
80	2650.0	0.0	0.0	9379.0
90	2476.0	0.0	0.0	9013.0
100	2286.0	0.0	0.0	7692.0
110	2550.0	0.0	0.0	10810.0
120	2875.5	0.0	0.0	12507.0
130	2629.5	0.0	0.0	11133.0
140	2835.0	0.0	0.0	7857.0
150	2889.75	0.0	0.0	7301.0
160	2475.25	0.0	0.0	8408.0
170	2803.75	0.0	0.0	12476.0
180	2992.5	0.0	0.0	6078.0
190	2617.25	0.0	0.0	14161.0
200	2966.5	0.0	0.0	11816.0
210	3137.0	0.0	0.0	8420.0
220	2942.0	0.0	0.0	9106.0
230	2795.5	0.0	0.0	9046.0
240	2520.75	0.0	0.0	9418.0
250	2636.25	0.0	0.0	9858.0
260	2366.5	0.0	0.0	9141.0
270	2672.75	0.0	0.0	9206.0
280	2555.25	0.0	0.0	7385.0
290	2689.25	0.0	0.0	7547.0
300	3019.0	0.0	0.0	6784.0
310	3078.0	0.0	0.0	9051.0
320	3196.25	0.0	0.0	10756.0
330	2978.0	0.0	0.0	7655.0
340	3260.5	0.0	0.0	8023.0
350	3375.25	0.0	0.0	11470.0
360	2526.25	0.0	0.0	11120.0
370	3363.5	0.0	0.0	10316.0
380	3595.5	0.0	0.0	6780.0
390	2233.75	0.0	0.0	9830.0
400	2681.0	0.0	0.0	11617.0
410	3397.0	0.0	0.0	8342.0
420	3059.25	0.0	0.0	9505.0
430	3581.0	0.0	0.0	12957.0
440	3167.5	0.0	0.0	8907.0
450	3560.25	0.0	0.0	8425.0
460	3496.5	0.0	0.0	9244.0
470	3337.5	0.0	0.0	10372.0
480	3351.5	0.0	0.0	9190.0
490	3175.25	0.0	0.0	10263.0
500	3653.75	0.0	0.0	7872.0
510	3542.25	0.0	0.0	6990.0
520	3775.75	0.0	0.0	7844.0
530	3723.75	0.0	0.0	9881.0
540	3467.0	0.0	0.0	10369.0
550	3614.0	0.0	0.0	9364.0
560	3740.25	0.0	0.0	11139.0
570	3775.25	0.0	0.0	12703.0
580	3549.25	0.0	0.0	9933.0
590	3985.75	0.0	0.0	11558.0
600	3970.0	0.0	0.0	10188.0
610	2741.0	0.0	0.0	10602.0
620	4028.0	0.0	0.0	12492.0
630	3745.75	0.0	0.0	9966.0
640	3883.75	0.0	0.0	11880.0
650	4073.0	0.0	0.0	12092.0
660	4014.25	0.0	0.0	11581.0
670	3735.5	0.0	0.0	13118.0
680	3728.0	0.0	0.0	12292.0
690	3778.0	0.0	0.0	9734.0
700	4117.0	0.0	0.0	11479.0
710	3519.5	0.0	0.0	10056.0
720	3605.0	0.0	0.0	10161.0
730	3728.25	0.0	0.0	6966.0
740	4024.5	0.0	0.0	11440.0
750	3761.5	0.0	0.0	10708.0
760	3745.0	0.0	0.0	9749.0
770	3875.25	0.0	0.0	11424.0
780	4037.0	0.0	0.0	11298.0
790	3945.0	0.0	0.0	9858.0
800	3932.75	0.0	0.0	11430.0
810	3348.5	0.0	0.0	12358.0
820	3836.25	0.0	0.0	11566.0
830	3398.75	0.0	0.0	6825.0
840	3611.25	0.0	0.0	9040.0
850	3760.25	0.0	0.0	11469.0
860	3531.0	0.0	0.0	11735.0
870	3321.75	0.0	0.0	11495.0
880	4340.5	0.0	0.0	10905.0
890	3578.5	0.0	0.0	10760.0
900	3716.0	0.0	0.0	9287.0
910	3924.75	0.0	0.0	11102.0
920	3950.25	0.0	0.0	9739.0
930	3781.25	0.0	0.0	9375.0
940	4259.0	0.0	0.0	10772.0
950	3601.5	0.0	0.0	8220.0
960	3802.75	0.0	0.0	12628.0
970	3643.0	0.0	0.0	9152.0
980	3141.25	0.0	0.0	9869.0
990	3364.75	0.0	0.0	9731.0
1000	3929.25	0.0	0.0	10676.0
