0	1463.3333333333333	0.0	0.0
10	2322.1666666666665	656.0	19480.0
20	2425.6666666666665	861.0	19173.0
30	2526.6666666666665	672.0	19640.0
40	2642.8333333333335	715.0	19651.0
50	2605.0	673.0	19486.0
60	2744.5	542.0	19694.0
70	2837.5	631.0	19829.0
80	2970.1666666666665	532.0	19448.0
90	3197.6666666666665	402.0	19950.0
100	3251.1666666666665	522.0	19221.0
110	3327.5	341.0	18738.0
120	3346.6666666666665	345.0	19084.0
130	3424.3333333333335	379.0	18698.0
140	3421.0	406.0	19394.0
150	3506.3333333333335	381.0	19776.0
160	3671.8333333333335	318.0	18999.0
170	3443.8333333333335	341.0	18663.0
180	3768.8333333333335	321.0	19568.0
190	3607.0	267.0	19361.0
200	3674.8333333333335	288.0	19371.0
210	3864.1666666666665	292.0	19491.0
220	3725.1666666666665	115.0	19181.0
230	4122.333333333333	0.0	19776.0
240	4012.3333333333335	0.0	19291.0
250	4153.166666666667	0.0	19203.0
260	4040.6666666666665	0.0	20000.0
270	4165.5	0.0	19602.0
280	4100.666666666667	0.0	19397.0
290	4155.666666666667	0.0	20000.0
300	4029.3333333333335	0.0	20000.0
310	4025.5	0.0	19806.0
320	4045.8333333333335	0.0	19869.0
330	4148.666666666667	0.0	19704.0
340	4042.0	0.0	19835.0
350	4130.5	0.0	19820.0
360	4102.333333333333	0.0	19507.0
370	4122.166666666667	0.0	20000.0
380	4239.166666666667	0.0	19988.0
390	4290.166666666667	0.0	19886.0
400	4324.666666666667	0.0	20000.0
410	4248.166666666667	0.0	19802.0
420	4171.5	0.0	20000.0
430	4381.0	0.0	19998.0
440	4208.0	0.0	19992.0
450	4266.333333333333	0.0	20000.0
460	4476.666666666667	0.0	19959.0
470	4396.666666666667	0.0	20000.0
480	4381.5	0.0	19767.0
490	4353.0	0.0	19943.0
500	4385.0	0.0	20000.0
510	4279.666666666667	0.0	20000.0
520	4368.0	0.0	20000.0
530	4431.5	0.0	20000.0
540	4505.666666666667	0.0	20000.0
550	4417.166666666667	0.0	20000.0
560	4389.5	0.0	20000.0
570	4400.0	0.0	20000.0
580	4345.833333333333	0.0	20000.0
590	4381.666666666667	0.0	20000.0
600	4345.333333333333	0.0	20000.0
610	4366.666666666667	0.0	20000.0
620	4528.833333333333	0.0	19782.0
630	4414.833333333333	0.0	20000.0
640	4380.666666666667	0.0	19630.0
650	4360.833333333333	0.0	19989.0
660	4303.0	0.0	19764.0
670	4214.833333333333	0.0	20000.0
680	4252.666666666667	0.0	19984.0
690	4042.3333333333335	0.0	19887.0
700	3968.5	0.0	20000.0
710	4010.3333333333335	0.0	20000.0
720	3926.6666666666665	0.0	19837.0
730	3742.1666666666665	0.0	19460.0
740	3705.1666666666665	0.0	19752.0
750	3644.6666666666665	0.0	19984.0
760	3863.1666666666665	0.0	20000.0
770	3951.6666666666665	0.0	19943.0
780	3826.3333333333335	0.0	20000.0
790	3964.6666666666665	0.0	20000.0
800	3723.0	0.0	19653.0
810	3737.1666666666665	0.0	20000.0
820	3990.8333333333335	0.0	19669.0
830	3865.3333333333335	0.0	19639.0
840	3546.0	0.0	20000.0
850	3805.6666666666665	0.0	19322.0
860	3646.8333333333335	0.0	19332.0
870	3729.8333333333335	0.0	19165.0
880	4008.5	0.0	18911.0
890	3800.3333333333335	0.0	19726.0
900	3914.0	0.0	20000.0
910	3813.0	0.0	19628.0
920	4100.333333333333	0.0	20000.0
930	3790.0	0.0	19642.0
940	3814.3333333333335	0.0	19866.0
950	3773.6666666666665	0.0	20000.0
960	3955.1666666666665	0.0	20000.0
970	3867.5	0.0	19896.0
980	3940.3333333333335	0.0	20000.0
990	3876.3333333333335	0.0	19509.0
1000	3857.6666666666665	0.0	20000.0
