0	1470.0	0.0	0.0
10	2390.5	827.0	19692.0
20	2368.8333333333335	661.0	19635.0
30	2502.6666666666665	754.0	19788.0
40	2561.6666666666665	654.0	19945.0
50	2734.3333333333335	708.0	19324.0
60	2797.6666666666665	598.0	18941.0
70	2808.5	606.0	19392.0
80	2913.8333333333335	467.0	18497.0
90	3045.0	595.0	19281.0
100	3062.6666666666665	635.0	19956.0
110	3326.8333333333335	430.0	18816.0
120	3483.1666666666665	406.0	19062.0
130	3482.1666666666665	454.0	18943.0
140	3406.6666666666665	300.0	18519.0
150	3532.0	466.0	19704.0
160	3433.5	291.0	19473.0
170	3645.1666666666665	309.0	19570.0
180	3769.0	362.0	19240.0
190	3602.8333333333335	290.0	19175.0
200	3771.8333333333335	187.0	19437.0
210	3811.3333333333335	0.0	19654.0
220	3832.8333333333335	0.0	19884.0
230	3798.0	0.0	19264.0
240	3931.5	0.0	19461.0
250	3804.1666666666665	0.0	20000.0
260	3811.3333333333335	0.0	20000.0
270	4000.3333333333335	0.0	19666.0
280	3990.0	0.0	19928.0
290	4198.5	0.0	19806.0
300	4039.8333333333335	0.0	19632.0
310	4139.5	0.0	19705.0
320	4053.6666666666665	0.0	19904.0
330	4165.333333333333	0.0	20000.0
340	4165.333333333333	0.0	19594.0
350	4182.0	0.0	20000.0
360	4239.833333333333	0.0	19804.0
370	3934.3333333333335	0.0	19103.0
380	3618.1666666666665	0.0	19759.0
390	3674.0	0.0	20000.0
400	3557.1666666666665	0.0	19425.0
410	3505.8333333333335	0.0	20000.0
420	3717.5	0.0	19848.0
430	3632.1666666666665	0.0	19738.0
440	3732.6666666666665	0.0	19862.0
450	3544.3333333333335	0.0	20000.0
460	3579.6666666666665	0.0	19818.0
470	3554.3333333333335	0.0	19453.0
480	3696.5	0.0	19585.0
490	3593.0	0.0	19831.0
500	3578.6666666666665	0.0	19343.0
510	3518.1666666666665	0.0	19901.0
520	3646.0	0.0	19663.0
530	3448.5	0.0	20000.0
540	3751.6666666666665	0.0	19814.0
550	3502.1666666666665	0.0	19960.0
560	3536.5	0.0	20000.0
570	3473.1666666666665	0.0	19371.0
580	3602.0	0.0	19708.0
590	3681.1666666666665	0.0	19493.0
600	3776.8333333333335	0.0	19846.0
610	3690.0	0.0	20000.0
620	3450.8333333333335	0.0	20000.0
630	3634.6666666666665	0.0	19968.0
640	3606.6666666666665	0.0	18838.0
650	3608.6666666666665	0.0	19935.0
660	3697.3333333333335	0.0	19956.0
670	3487.8333333333335	0.0	20000.0
680	3664.5	0.0	19259.0
690	3802.1666666666665	0.0	19767.0
700	3889.0	0.0	19594.0
710	3731.8333333333335	0.0	19777.0
720	3659.6666666666665	0.0	20000.0
730	3507.3333333333335	0.0	19988.0
740	3691.8333333333335	0.0	20000.0
750	3683.6666666666665	0.0	19825.0
760	3686.3333333333335	0.0	19674.0
770	3875.5	0.0	19346.0
780	3683.5	0.0	19514.0
790	3733.5	0.0	20000.0
800	3673.6666666666665	0.0	19734.0
810	3473.8333333333335	0.0	19871.0
820	3873.5	0.0	20000.0
830	3656.1666666666665	0.0	20000.0
840	3696.8333333333335	0.0	20000.0
850	3733.3333333333335	0.0	19464.0
860	3768.3333333333335	0.0	20000.0
870	3715.1666666666665	0.0	20000.0
880	3702.1666666666665	0.0	20000.0
890	3598.0	0.0	20000.0
900	3735.5	0.0	19457.0
910	3835.6666666666665	0.0	19574.0
920	3960.1666666666665	0.0	19776.0
930	3832.0	0.0	20000.0
940	3811.3333333333335	0.0	19840.0
950	3617.5	0.0	20000.0
960	3687.3333333333335	0.0	19537.0
970	3762.6666666666665	0.0	19816.0
980	3677.8333333333335	0.0	20000.0
990	3806.6666666666665	0.0	19754.0
1000	3903.1666666666665	0.0	19795.0
