0	2390.6666666666665	0.0	0.0	0.0
10	2601.0	55.0	137.0	6587.0
20	2474.1666666666665	0.0	64.0	6705.0
30	2648.3333333333335	15.0	105.0	7625.0
40	2820.8333333333335	34.0	86.0	9651.0
50	2872.5	0.0	121.0	7893.0
60	2721.3333333333335	0.0	27.0	8064.0
70	2675.3333333333335	0.0	21.0	6332.0
80	2448.0	56.0	106.0	9210.0
90	2503.1666666666665	0.0	39.0	10397.0
100	2508.1666666666665	9.0	80.0	7976.0
110	2168.3333333333335	0.0	70.0	8755.0
120	2759.5	0.0	56.0	8264.0
130	2355.0	0.0	30.0	7914.0
140	2660.0	0.0	93.0	9049.0
150	2463.0	0.0	12.0	9567.0
160	2732.6666666666665	0.0	27.0	7289.0
170	2964.3333333333335	35.0	75.0	8775.0
180	2636.8333333333335	0.0	78.0	9694.0
190	2705.6666666666665	0.0	20.0	5025.0
200	2474.0	6.0	74.0	8956.0
210	2994.6666666666665	0.0	28.0	8234.0
220	3018.6666666666665	0.0	13.0	8275.0
230	3027.6666666666665	0.0	21.0	9429.0
240	2822.3333333333335	0.0	53.0	10830.0
250	3162.8333333333335	0.0	88.0	9498.0
260	3388.1666666666665	0.0	57.0	7495.0
270	3100.1666666666665	0.0	34.0	6967.0
280	3045.5	0.0	52.0	10527.0
290	3138.8333333333335	0.0	51.0	9894.0
300	2973.3333333333335	0.0	75.0	10395.0
310	3086.5	0.0	40.0	8346.0
320	3580.5	0.0	61.0	12080.0
330	3044.5	0.0	52.0	7984.0
340	3011.1666666666665	0.0	49.0	9996.0
350	3255.1666666666665	0.0	48.0	8244.0
360	3423.3333333333335	0.0	59.0	8518.0
370	3528.6666666666665	0.0	47.0	10191.0
380	2998.8333333333335	0.0	21.0	9538.0
390	3517.0	0.0	40.0	10839.0
400	3686.5	0.0	41.0	7409.0
410	3714.1666666666665	0.0	76.0	12505.0
420	3517.8333333333335	0.0	27.0	9117.0
430	3657.5	0.0	55.0	10237.0
440	3067.5	0.0	57.0	11254.0
450	3126.5	0.0	24.0	8108.0
460	2859.0	0.0	66.0	10149.0
470	3728.0	0.0	74.0	13655.0
480	3581.1666666666665	0.0	84.0	11004.0
490	3415.8333333333335	0.0	33.0	12438.0
500	3664.1666666666665	0.0	45.0	7826.0
510	3453.5	0.0	20.0	13567.0
520	3438.6666666666665	0.0	54.0	12058.0
530	3949.8333333333335	0.0	81.0	11176.0
540	3500.6666666666665	0.0	32.0	13674.0
550	3273.1666666666665	0.0	34.0	11946.0
560	4256.833333333333	0.0	33.0	13575.0
570	3731.6666666666665	0.0	39.0	8631.0
580	3660.0	0.0	31.0	13602.0
590	3403.0	0.0	27.0	10270.0
600	3855.0	0.0	106.0	9386.0
610	3850.8333333333335	0.0	53.0	11660.0
620	3621.5	0.0	62.0	11965.0
630	3039.1666666666665	0.0	65.0	11663.0
640	3557.1666666666665	0.0	93.0	7084.0
650	3508.5	0.0	44.0	11948.0
660	3640.3333333333335	0.0	26.0	11273.0
670	3642.1666666666665	0.0	86.0	11537.0
680	3768.3333333333335	0.0	62.0	13902.0
690	3654.0	0.0	101.0	10572.0
700	3616.1666666666665	0.0	31.0	9851.0
710	3659.6666666666665	0.0	76.0	14045.0
720	3788.3333333333335	0.0	84.0	9114.0
730	3846.8333333333335	0.0	106.0	11170.0
740	3878.8333333333335	0.0	68.0	10955.0
750	3899.0	0.0	16.0	11457.0
760	3349.3333333333335	0.0	16.0	8831.0
770	3783.5	0.0	52.0	10030.0
780	3216.3333333333335	0.0	65.0	10795.0
790	3124.0	0.0	249.0	7609.0
800	3761.1666666666665	0.0	167.0	10345.0
