0	2627.6666666666665	0.0	0.0	0.0
10	2533.8333333333335	13.0	142.0	7251.0
20	2835.5	0.0	125.0	10733.0
30	2631.0	2.0	61.0	7552.0
40	2777.5	10.0	68.0	8067.0
50	2723.6666666666665	12.0	96.0	7978.0
60	2624.0	2.0	47.0	10671.0
70	2707.1666666666665	0.0	91.0	9921.0
80	2877.6666666666665	0.0	49.0	10519.0
90	2440.0	0.0	47.0	11638.0
100	2951.0	2.0	33.0	6808.0
110	2522.0	0.0	54.0	11887.0
120	2758.1666666666665	0.0	47.0	8081.0
130	2687.3333333333335	0.0	65.0	9091.0
140	2819.0	0.0	34.0	5829.0
150	2956.6666666666665	0.0	61.0	8181.0
160	2842.1666666666665	0.0	13.0	9008.0
170	2761.1666666666665	0.0	93.0	10787.0
180	2370.8333333333335	0.0	35.0	11493.0
190	2736.1666666666665	0.0	23.0	10253.0
200	2695.5	10.0	51.0	8662.0
210	3077.5	0.0	48.0	7865.0
220	2643.8333333333335	0.0	31.0	11094.0
230	2799.0	0.0	58.0	10706.0
240	2905.6666666666665	0.0	35.0	7042.0
250	3174.1666666666665	0.0	31.0	9413.0
260	2913.1666666666665	0.0	36.0	6721.0
270	3046.6666666666665	0.0	43.0	8216.0
280	3182.5	0.0	49.0	7269.0
290	3036.5	0.0	54.0	8427.0
300	3006.3333333333335	0.0	25.0	8644.0
310	3292.6666666666665	0.0	36.0	8143.0
320	2975.1666666666665	0.0	52.0	10418.0
330	2970.6666666666665	0.0	50.0	13244.0
340	3570.0	0.0	39.0	8948.0
350	3168.0	0.0	73.0	8476.0
360	3387.3333333333335	0.0	37.0	11094.0
370	3363.6666666666665	0.0	68.0	9156.0
380	2923.1666666666665	0.0	47.0	11120.0
390	3289.1666666666665	0.0	68.0	12104.0
400	3342.0	0.0	49.0	10220.0
410	3184.1666666666665	0.0	67.0	7739.0
420	3547.8333333333335	0.0	30.0	10229.0
430	3726.1666666666665	0.0	14.0	11974.0
440	3765.5	0.0	47.0	11159.0
450	3554.8333333333335	0.0	79.0	12110.0
460	3622.1666666666665	0.0	34.0	14136.0
470	3268.5	0.0	45.0	12215.0
480	3210.5	0.0	78.0	9651.0
490	3954.1666666666665	0.0	47.0	8222.0
500	3787.6666666666665	0.0	54.0	7361.0
510	3367.0	0.0	49.0	12288.0
520	3420.1666666666665	0.0	73.0	9371.0
530	3578.6666666666665	0.0	90.0	9270.0
540	3659.6666666666665	0.0	91.0	15846.0
550	3707.1666666666665	0.0	68.0	10675.0
560	3309.8333333333335	0.0	30.0	10839.0
570	3366.6666666666665	0.0	35.0	8403.0
580	3416.1666666666665	0.0	88.0	8837.0
590	4000.0	0.0	43.0	11210.0
600	4055.3333333333335	0.0	41.0	11876.0
610	3323.5	0.0	12.0	11946.0
620	4070.5	0.0	43.0	10160.0
630	3913.5	0.0	15.0	9686.0
640	3930.0	0.0	70.0	10300.0
650	3722.5	0.0	57.0	9894.0
660	3715.1666666666665	0.0	86.0	12134.0
670	3750.6666666666665	0.0	40.0	9017.0
680	3874.3333333333335	0.0	82.0	11104.0
690	3519.0	0.0	24.0	9699.0
700	3506.1666666666665	0.0	55.0	9923.0
710	3641.5	0.0	44.0	8326.0
720	3843.1666666666665	0.0	39.0	8139.0
730	4038.0	0.0	53.0	11212.0
740	3830.6666666666665	0.0	96.0	10631.0
750	3847.6666666666665	0.0	49.0	8797.0
760	3828.6666666666665	0.0	82.0	9022.0
770	3773.6666666666665	0.0	45.0	9667.0
780	3610.3333333333335	0.0	43.0	10865.0
790	4178.166666666667	0.0	27.0	12449.0
800	3824.0	0.0	28.0	12313.0
