0	2174.6666666666665	0.0	0.0	0.0
10	2003.1666666666667	0.0	6774.0	6774.0
20	2177.3333333333335	0.0	7628.0	7628.0
30	2165.3333333333335	0.0	11539.0	11539.0
40	2291.6666666666665	0.0	6336.0	6336.0
50	2368.5	0.0	8400.0	8400.0
60	2549.1666666666665	0.0	8375.0	8375.0
70	2416.3333333333335	0.0	8377.0	8377.0
80	2344.6666666666665	0.0	10457.0	10457.0
90	2691.6666666666665	0.0	7943.0	7943.0
100	2796.0	0.0	6696.0	6696.0
110	2378.8333333333335	0.0	6025.0	6025.0
120	2211.0	0.0	11942.0	11942.0
130	2350.8333333333335	0.0	11633.0	11633.0
140	2267.5	0.0	8424.0	8424.0
150	2578.8333333333335	0.0	11307.0	11307.0
160	2466.6666666666665	0.0	11357.0	11357.0
170	2950.1666666666665	0.0	12719.0	12719.0
180	2703.5	0.0	11642.0	11642.0
190	2888.8333333333335	0.0	7928.0	7928.0
200	2882.5	0.0	6309.0	6309.0
210	2420.0	0.0	8370.0	8370.0
220	3340.6666666666665	0.0	10434.0	10434.0
230	2750.6666666666665	0.0	9277.0	9277.0
240	2691.8333333333335	0.0	10492.0	10492.0
250	2872.6666666666665	0.0	8344.0	8344.0
260	2709.3333333333335	0.0	10201.0	10201.0
270	2961.6666666666665	0.0	11765.0	11765.0
280	2808.0	0.0	10228.0	10228.0
290	3071.5	0.0	7162.0	7162.0
300	2839.1666666666665	0.0	10003.0	10003.0
310	2893.3333333333335	0.0	8436.0	8436.0
320	2915.5	0.0	10978.0	10978.0
330	2944.3333333333335	0.0	9479.0	9479.0
340	3546.0	0.0	9357.0	9357.0
350	2932.6666666666665	0.0	10592.0	10592.0
360	3168.1666666666665	0.0	10158.0	10158.0
370	3653.1666666666665	0.0	11526.0	11526.0
380	3329.0	0.0	9971.0	9971.0
390	3585.1666666666665	0.0	9180.0	9180.0
400	3540.6666666666665	0.0	9034.0	9034.0
410	3356.1666666666665	0.0	11472.0	11472.0
420	3320.6666666666665	0.0	12571.0	12571.0
430	3417.3333333333335	0.0	11253.0	11253.0
440	3533.5	0.0	9704.0	9704.0
450	2690.1666666666665	0.0	10429.0	10429.0
460	3932.0	0.0	9030.0	9030.0
470	3459.8333333333335	0.0	9689.0	9689.0
480	3929.0	0.0	8375.0	8375.0
490	3353.3333333333335	0.0	10232.0	10232.0
500	4022.6666666666665	0.0	8575.0	8575.0
510	3466.1666666666665	0.0	8223.0	8223.0
520	3652.8333333333335	0.0	10602.0	10602.0
530	3372.8333333333335	0.0	10755.0	10755.0
540	3509.5	0.0	10129.0	10129.0
550	3192.5	0.0	12089.0	12089.0
560	3692.0	0.0	12837.0	12837.0
570	3570.5	0.0	10163.0	10163.0
580	3155.6666666666665	0.0	13514.0	13514.0
590	3593.8333333333335	0.0	12377.0	12377.0
600	3124.3333333333335	0.0	11947.0	11947.0
610	3962.3333333333335	0.0	11785.0	11785.0
620	3983.5	0.0	15745.0	15745.0
630	3708.8333333333335	0.0	9585.0	9585.0
640	3498.1666666666665	0.0	10371.0	10371.0
650	3705.6666666666665	0.0	12388.0	12388.0
660	3572.3333333333335	0.0	12483.0	12483.0
670	3844.5	0.0	8168.0	8168.0
680	3759.8333333333335	0.0	10337.0	10337.0
690	3910.6666666666665	0.0	10626.0	10626.0
700	4005.3333333333335	0.0	10663.0	10663.0
