0	2511.8333333333335	0.0	0.0	0.0
10	2654.5	186.0	3023.0	8719.0
20	2734.1666666666665	101.0	2781.0	8504.0
30	2694.8333333333335	56.0	2320.0	7607.0
40	2201.5	28.0	2698.0	6591.0
50	2364.1666666666665	89.0	2908.0	8164.0
60	2409.6666666666665	87.0	2967.0	6972.0
70	2144.1666666666665	101.0	2948.0	6760.0
80	2351.5	68.0	3134.0	7892.0
90	2232.0	112.0	3421.0	8469.0
100	2569.8333333333335	82.0	4137.0	10501.0
110	2946.8333333333335	52.0	2889.0	6710.0
120	2825.8333333333335	38.0	2348.0	7581.0
130	3171.8333333333335	0.0	0.0	8190.0
140	2836.8333333333335	0.0	0.0	13710.0
150	3032.5	0.0	0.0	9385.0
160	2883.5	0.0	0.0	10575.0
170	2554.6666666666665	0.0	0.0	6970.0
180	3315.6666666666665	0.0	0.0	10619.0
190	2870.8333333333335	0.0	0.0	9672.0
200	3698.5	0.0	0.0	8269.0
210	3196.8333333333335	0.0	0.0	8455.0
220	3322.3333333333335	0.0	0.0	10383.0
230	3282.8333333333335	0.0	0.0	7678.0
240	3591.6666666666665	0.0	0.0	8164.0
250	2850.3333333333335	0.0	0.0	7247.0
260	3069.8333333333335	0.0	0.0	12735.0
270	3208.3333333333335	0.0	0.0	7975.0
280	2970.5	0.0	0.0	9555.0
290	3356.6666666666665	0.0	0.0	6674.0
300	3660.8333333333335	0.0	0.0	6524.0
310	3409.6666666666665	0.0	0.0	9822.0
320	2964.3333333333335	0.0	0.0	8411.0
330	3251.1666666666665	0.0	0.0	11448.0
340	3072.5	0.0	0.0	12905.0
350	3597.3333333333335	0.0	0.0	10184.0
360	3062.8333333333335	0.0	0.0	11323.0
370	3513.6666666666665	0.0	0.0	8480.0
380	3045.1666666666665	0.0	0.0	12696.0
390	3299.3333333333335	0.0	0.0	10918.0
400	3439.1666666666665	0.0	0.0	8225.0
410	3077.3333333333335	0.0	0.0	10012.0
420	3539.3333333333335	0.0	0.0	10538.0
430	3614.0	0.0	0.0	11059.0
440	3715.0	0.0	0.0	8689.0
450	3747.6666666666665	0.0	0.0	10666.0
460	2840.3333333333335	0.0	0.0	7901.0
470	3074.5	0.0	0.0	10297.0
480	3407.0	0.0	0.0	13711.0
490	3875.3333333333335	0.0	0.0	8883.0
500	3698.8333333333335	0.0	0.0	10016.0
510	3738.1666666666665	0.0	0.0	9893.0
520	3826.5	0.0	0.0	9165.0
530	3584.3333333333335	0.0	0.0	12968.0
540	3285.5	0.0	0.0	10586.0
550	3638.6666666666665	0.0	0.0	12296.0
560	3468.5	0.0	0.0	12417.0
570	3294.0	0.0	0.0	10819.0
580	3549.3333333333335	0.0	0.0	9618.0
590	3497.8333333333335	0.0	0.0	11292.0
600	3081.3333333333335	0.0	0.0	9623.0
610	3222.3333333333335	0.0	0.0	10987.0
620	3548.8333333333335	0.0	0.0	9182.0
630	3231.5	0.0	0.0	13086.0
640	3200.1666666666665	0.0	0.0	12019.0
650	3790.3333333333335	0.0	0.0	9289.0
660	3805.3333333333335	0.0	0.0	10393.0
670	3433.8333333333335	0.0	0.0	10406.0
680	3573.3333333333335	0.0	0.0	9807.0
690	3611.5	0.0	0.0	11740.0
700	3578.6666666666665	0.0	0.0	10180.0
710	3501.0	0.0	0.0	12608.0
720	3648.3333333333335	0.0	0.0	9340.0
730	3462.1666666666665	0.0	0.0	7549.0
740	3945.5	0.0	0.0	10694.0
750	3339.0	0.0	0.0	8068.0
760	3642.6666666666665	0.0	0.0	10929.0
770	3966.5	0.0	0.0	10656.0
780	3795.8333333333335	0.0	0.0	11373.0
790	3406.1666666666665	0.0	0.0	12613.0
800	3826.1666666666665	0.0	0.0	11736.0
