0	2480.6666666666665	0.0	0.0	0.0
10	2345.6666666666665	75.0	2790.0	8479.0
20	2283.1666666666665	187.0	4404.0	11419.0
30	2559.6666666666665	91.0	3503.0	8153.0
40	2357.8333333333335	83.0	4805.0	11763.0
50	2303.6666666666665	136.0	4684.0	10687.0
60	2815.1666666666665	148.0	4535.0	11656.0
70	2596.0	58.0	3966.0	10386.0
80	2737.8333333333335	169.0	5429.0	11465.0
90	2873.6666666666665	51.0	4045.0	9088.0
100	3156.6666666666665	2.0	194.0	9926.0
110	2972.0	0.0	0.0	8939.0
120	3255.6666666666665	0.0	0.0	11255.0
130	3781.8333333333335	0.0	0.0	11346.0
140	3434.1666666666665	0.0	0.0	12165.0
150	3330.5	0.0	0.0	9019.0
160	3617.3333333333335	0.0	0.0	7751.0
170	3264.8333333333335	0.0	0.0	14620.0
180	3098.6666666666665	0.0	0.0	7502.0
190	3625.3333333333335	0.0	0.0	6432.0
200	3533.6666666666665	0.0	0.0	11549.0
210	4117.166666666667	0.0	0.0	12737.0
220	3675.3333333333335	0.0	0.0	8219.0
230	2752.6666666666665	0.0	0.0	14660.0
240	3934.3333333333335	0.0	0.0	5796.0
250	3854.1666666666665	0.0	0.0	11757.0
260	3811.8333333333335	0.0	0.0	12754.0
270	3684.0	0.0	0.0	10281.0
280	3344.8333333333335	0.0	0.0	13364.0
290	3490.1666666666665	0.0	0.0	10863.0
300	3822.0	0.0	0.0	11801.0
310	3220.6666666666665	0.0	0.0	11365.0
320	4045.3333333333335	0.0	0.0	9823.0
330	3859.8333333333335	0.0	0.0	11470.0
340	3836.8333333333335	0.0	0.0	12614.0
350	3056.3333333333335	0.0	0.0	11406.0
360	3803.0	0.0	0.0	7323.0
370	3778.3333333333335	0.0	0.0	10696.0
380	3956.8333333333335	0.0	0.0	12362.0
390	3872.0	0.0	0.0	10957.0
400	3822.3333333333335	0.0	0.0	8978.0
410	3887.5	0.0	0.0	10642.0
420	3607.5	0.0	0.0	14557.0
430	3872.1666666666665	0.0	0.0	12100.0
440	3746.1666666666665	0.0	0.0	11042.0
450	3733.6666666666665	0.0	0.0	10172.0
460	3534.5	0.0	0.0	9121.0
470	3565.3333333333335	0.0	0.0	10566.0
480	3850.3333333333335	0.0	0.0	11064.0
490	3910.3333333333335	0.0	0.0	9467.0
500	3189.0	0.0	0.0	13004.0
510	4003.1666666666665	0.0	0.0	9992.0
520	4009.0	0.0	0.0	9077.0
530	3457.1666666666665	0.0	0.0	12457.0
540	3923.5	0.0	0.0	12027.0
550	3742.1666666666665	0.0	0.0	12493.0
560	3609.3333333333335	0.0	0.0	9406.0
570	3710.0	0.0	0.0	11762.0
580	3878.0	0.0	0.0	10197.0
590	3433.3333333333335	0.0	0.0	8376.0
600	3391.5	0.0	0.0	13106.0
610	4044.6666666666665	0.0	0.0	10958.0
620	3709.5	0.0	0.0	7319.0
630	3959.0	0.0	0.0	9292.0
640	3622.3333333333335	0.0	0.0	11020.0
650	3714.0	0.0	0.0	12552.0
660	3839.5	0.0	0.0	10296.0
670	3777.0	0.0	0.0	12064.0
680	4006.8333333333335	0.0	0.0	9197.0
690	3380.1666666666665	0.0	0.0	9274.0
700	3602.6666666666665	0.0	0.0	11479.0
710	3979.6666666666665	0.0	0.0	12072.0
720	4004.1666666666665	0.0	0.0	8979.0
730	3708.3333333333335	0.0	0.0	10773.0
740	3729.0	0.0	0.0	10938.0
750	3832.8333333333335	0.0	0.0	9217.0
760	3851.1666666666665	0.0	0.0	11623.0
770	3856.0	0.0	0.0	12712.0
780	3805.8333333333335	0.0	0.0	7429.0
790	3688.6666666666665	0.0	0.0	12394.0
800	3656.5	0.0	0.0	13089.0
