0	2419.5	0.0	0.0	0.0
10	2213.8333333333335	744.0	3839.0	7797.0
20	2300.1666666666665	256.0	1585.0	7463.0
30	2368.0	0.0	0.0	9114.0
40	2531.0	0.0	0.0	9298.0
50	2400.0	0.0	0.0	4445.0
60	2458.5	0.0	0.0	8239.0
70	2464.6666666666665	0.0	0.0	8952.0
80	2645.6666666666665	0.0	0.0	8621.0
90	2442.1666666666665	0.0	0.0	9244.0
100	2471.5	0.0	0.0	7215.0
110	2585.6666666666665	0.0	0.0	7356.0
120	2806.0	0.0	0.0	11317.0
130	2734.8333333333335	0.0	0.0	7084.0
140	2755.6666666666665	0.0	0.0	8209.0
150	2748.0	0.0	0.0	10226.0
160	2161.8333333333335	0.0	0.0	8292.0
170	2410.6666666666665	0.0	0.0	8831.0
180	2597.3333333333335	0.0	0.0	7263.0
190	2206.6666666666665	0.0	0.0	8462.0
200	2431.5	0.0	0.0	8362.0
210	2521.0	0.0	0.0	6481.0
220	2285.8333333333335	0.0	0.0	8684.0
230	2676.1666666666665	0.0	0.0	8736.0
240	2501.1666666666665	0.0	0.0	9310.0
250	2249.8333333333335	0.0	0.0	4806.0
260	2750.1666666666665	0.0	0.0	6505.0
270	3170.6666666666665	0.0	0.0	5906.0
280	2642.6666666666665	0.0	0.0	8695.0
290	2992.1666666666665	0.0	0.0	6213.0
300	3208.0	0.0	0.0	8260.0
310	2812.3333333333335	0.0	0.0	8129.0
320	2783.3333333333335	0.0	0.0	10798.0
330	2696.5	0.0	0.0	9658.0
340	2977.5	0.0	0.0	6664.0
350	2902.3333333333335	0.0	0.0	8544.0
360	3304.1666666666665	0.0	0.0	10030.0
370	3138.5	0.0	0.0	13442.0
380	3118.8333333333335	0.0	0.0	10431.0
390	3131.8333333333335	0.0	0.0	11826.0
400	2749.0	0.0	0.0	6521.0
410	3326.5	0.0	0.0	12423.0
420	3068.1666666666665	0.0	0.0	14153.0
430	3555.6666666666665	0.0	0.0	6597.0
440	3179.3333333333335	0.0	0.0	11448.0
450	3422.3333333333335	0.0	0.0	12098.0
460	3520.0	0.0	0.0	11097.0
470	3199.3333333333335	0.0	0.0	9616.0
480	2805.8333333333335	0.0	0.0	11882.0
490	3590.8333333333335	0.0	0.0	10459.0
500	3097.0	0.0	0.0	11624.0
510	3460.0	0.0	0.0	9540.0
520	3548.3333333333335	0.0	0.0	8854.0
530	3590.0	0.0	0.0	11991.0
540	3396.0	0.0	0.0	8121.0
550	3186.1666666666665	0.0	0.0	9655.0
560	3701.3333333333335	0.0	0.0	11520.0
570	3787.3333333333335	0.0	0.0	14178.0
580	3729.8333333333335	0.0	0.0	9240.0
590	3546.8333333333335	0.0	0.0	9709.0
600	3481.1666666666665	0.0	0.0	8688.0
610	3753.1666666666665	0.0	0.0	11735.0
620	4025.5	0.0	0.0	8837.0
630	3405.3333333333335	0.0	0.0	10691.0
640	3948.8333333333335	0.0	0.0	12088.0
650	3951.8333333333335	0.0	0.0	13217.0
660	3792.1666666666665	0.0	0.0	10460.0
670	3515.0	0.0	0.0	6938.0
680	4058.0	0.0	0.0	8307.0
690	3910.5	0.0	0.0	11829.0
700	3985.5	0.0	0.0	9945.0
710	3555.8333333333335	0.0	0.0	11408.0
720	3548.8333333333335	0.0	0.0	7768.0
730	3536.5	0.0	0.0	8800.0
740	3813.8333333333335	0.0	0.0	12482.0
750	3966.6666666666665	0.0	0.0	10000.0
760	3512.3333333333335	0.0	0.0	12077.0
770	3963.8333333333335	0.0	0.0	10833.0
780	3704.8333333333335	0.0	0.0	10604.0
790	3378.5	0.0	0.0	8751.0
800	3913.8333333333335	0.0	0.0	12715.0
