0	2589.0	0.0	0.0	0.0
10	2768.5	434.0	5932.0	11920.0
20	2845.0	143.0	4140.0	8761.0
30	2727.5	227.0	4480.0	9037.0
40	1833.25	222.0	4360.0	8629.0
50	2430.5	296.0	5043.0	10051.0
60	2530.5	226.0	4835.0	9359.0
70	2315.5	204.0	3521.0	7048.0
80	2792.0	296.0	4864.0	10012.0
90	2702.25	236.0	3635.0	7228.0
100	2563.75	366.0	4508.0	8869.0
110	2909.0	243.0	4857.0	9369.0
120	3098.0	176.0	5359.0	10473.0
130	3344.0	413.0	6511.0	12408.0
140	2851.25	319.0	6767.0	13082.0
150	3022.5	232.0	4736.0	9428.0
160	3454.25	353.0	4654.0	9058.0
170	3025.0	526.0	5815.0	11315.0
180	2827.0	409.0	5571.0	10655.0
190	2842.5	280.0	5188.0	10112.0
200	3177.75	234.0	4236.0	8242.0
210	3067.5	439.0	5890.0	11373.0
220	2942.75	97.0	5317.0	10170.0
230	3382.0	123.0	4582.0	8751.0
240	3292.25	281.0	5644.0	11028.0
250	3096.0	149.0	5168.0	9851.0
260	3762.25	136.0	4663.0	8721.0
270	3936.5	48.0	4754.0	9017.0
280	3535.75	110.0	4974.0	9167.0
290	3475.75	87.0	5445.0	10357.0
300	3648.0	120.0	5993.0	11842.0
310	3549.75	285.0	6235.0	11800.0
320	3173.25	283.0	6168.0	11792.0
330	4062.0	280.0	5282.0	10051.0
340	3657.0	35.0	4281.0	8493.0
350	3356.25	125.0	4898.0	9603.0
360	3193.25	109.0	4026.0	8031.0
370	3800.75	138.0	5212.0	10255.0
380	3781.5	111.0	4711.0	9174.0
390	3568.5	114.0	4426.0	8530.0
400	3567.5	39.0	3986.0	7398.0
410	3022.5	84.0	5132.0	10064.0
420	4112.25	135.0	5626.0	11057.0
430	3572.5	121.0	4676.0	8532.0
440	3933.0	23.0	3632.0	7179.0
450	3673.5	176.0	5558.0	10597.0
460	3590.75	59.0	4574.0	8912.0
470	3400.0	73.0	4381.0	8807.0
480	3583.5	132.0	4781.0	9324.0
490	3133.0	134.0	6896.0	13407.0
500	3968.25	50.0	6026.0	11568.0
510	4042.0	144.0	5454.0	10447.0
520	3673.75	106.0	6231.0	11818.0
530	3689.5	25.0	5765.0	11163.0
540	3740.75	99.0	4380.0	8198.0
550	3780.5	116.0	4782.0	9596.0
560	2938.25	73.0	4498.0	8668.0
570	3875.0	104.0	4300.0	8078.0
580	3934.0	84.0	6790.0	13007.0
590	3954.25	121.0	5517.0	10308.0
600	3725.75	148.0	5218.0	10353.0
610	3917.25	71.0	5086.0	9379.0
620	3307.25	142.0	5887.0	11382.0
630	3779.5	85.0	4931.0	9685.0
640	3969.5	124.0	5391.0	10360.0
650	4050.5	165.0	4760.0	9031.0
660	4044.5	67.0	6434.0	12513.0
670	3677.5	72.0	5027.0	9625.0
680	3993.25	100.0	4838.0	8967.0
690	3431.5	201.0	5526.0	10257.0
700	3805.0	51.0	5026.0	9726.0
710	3844.5	18.0	4778.0	9009.0
720	3567.5	134.0	4906.0	9197.0
730	4047.0	81.0	4848.0	9134.0
740	3988.0	107.0	5778.0	11683.0
750	3694.5	63.0	4697.0	9195.0
760	4111.75	103.0	5319.0	10315.0
770	3928.25	186.0	6873.0	12953.0
780	3680.0	39.0	5545.0	10469.0
790	3770.5	158.0	6251.0	12080.0
800	3501.75	88.0	6569.0	12147.0
