0	2545.75	0.0	0.0	0.0
10	2267.0	446.0	5165.0	10170.0
20	2129.75	731.0	7558.0	15046.0
30	2292.5	403.0	4081.0	8085.0
40	2786.75	180.0	4066.0	7882.0
50	2312.25	335.0	5135.0	10254.0
60	2095.0	473.0	5891.0	11272.0
70	2305.25	168.0	3794.0	7271.0
80	3019.25	282.0	4699.0	9304.0
90	2975.75	233.0	4454.0	8760.0
100	2357.5	286.0	3839.0	7422.0
110	2211.25	402.0	6910.0	13287.0
120	3305.5	390.0	5383.0	10274.0
130	3037.0	404.0	5649.0	10823.0
140	3331.5	229.0	5406.0	10296.0
150	3149.25	279.0	4846.0	9111.0
160	3560.75	283.0	5908.0	11650.0
170	3177.25	219.0	4894.0	9577.0
180	3621.0	315.0	5864.0	11091.0
190	3022.25	182.0	5638.0	11112.0
200	3365.5	150.0	4525.0	8848.0
210	3560.5	290.0	7257.0	13940.0
220	3179.0	194.0	5938.0	11536.0
230	2929.75	150.0	4123.0	8007.0
240	3498.0	47.0	4971.0	9217.0
250	3607.5	275.0	6474.0	12404.0
260	3745.0	54.0	5314.0	10478.0
270	3952.5	15.0	4868.0	9329.0
280	3380.25	109.0	4612.0	8923.0
290	3450.25	19.0	4723.0	9102.0
300	3499.25	174.0	5403.0	10385.0
310	3517.25	349.0	5810.0	11098.0
320	3510.5	112.0	5039.0	10074.0
330	4078.0	167.0	5540.0	10670.0
340	2867.75	231.0	5914.0	11272.0
350	3690.75	52.0	6076.0	11462.0
360	2879.75	36.0	5231.0	10464.0
370	3714.25	84.0	5248.0	10211.0
380	3608.5	174.0	4731.0	9053.0
390	3551.25	132.0	6122.0	11624.0
400	3876.75	57.0	5039.0	9707.0
410	3432.0	69.0	5567.0	11010.0
420	3558.25	137.0	6667.0	12796.0
430	4126.0	102.0	5883.0	11174.0
440	3322.0	96.0	4821.0	9273.0
450	3730.75	128.0	6121.0	11470.0
460	4157.0	173.0	5071.0	9629.0
470	4394.25	49.0	5038.0	9825.0
480	3392.0	195.0	6080.0	11459.0
490	3434.75	72.0	4951.0	9820.0
500	4001.0	147.0	5243.0	10062.0
510	3842.75	38.0	5268.0	10056.0
520	3757.75	182.0	5513.0	11026.0
530	3923.0	92.0	5196.0	10205.0
540	3698.0	50.0	4409.0	8670.0
550	4133.5	31.0	5168.0	10043.0
560	3626.25	76.0	5989.0	11715.0
570	3779.5	76.0	5858.0	11382.0
580	3817.25	71.0	5563.0	10299.0
590	3850.5	87.0	6400.0	12293.0
600	3919.25	45.0	5728.0	11010.0
610	3463.25	76.0	5840.0	11338.0
620	3788.75	69.0	6210.0	11911.0
630	3437.0	52.0	5539.0	10583.0
640	3911.0	221.0	5182.0	9861.0
650	3816.0	87.0	5918.0	11410.0
660	2877.5	61.0	3966.0	7739.0
670	3959.75	119.0	5707.0	11061.0
680	4262.75	40.0	4717.0	9095.0
690	3729.75	65.0	5997.0	11675.0
700	3707.25	111.0	4730.0	9453.0
710	3729.5	90.0	5868.0	11392.0
720	3758.75	120.0	5007.0	9743.0
730	3753.75	42.0	5510.0	10673.0
740	3937.75	130.0	5769.0	11160.0
750	3908.0	54.0	5399.0	10717.0
760	3928.75	121.0	5311.0	10265.0
770	3516.25	35.0	4727.0	8855.0
780	3577.0	18.0	4310.0	8442.0
790	3616.5	120.0	4692.0	8655.0
800	3841.5	70.0	5857.0	11179.0
