0	2401.0	0.0	0.0	0.0
10	2471.1666666666665	98.0	6210.0	10423.0
20	2422.1666666666665	131.0	6719.0	10429.0
30	2511.5	87.0	7925.0	13017.0
40	2840.5	150.0	7486.0	13037.0
50	2497.1666666666665	109.0	7392.0	11754.0
60	2684.0	118.0	8782.0	13659.0
70	2776.5	65.0	7171.0	12016.0
80	2702.8333333333335	40.0	5703.0	9540.0
90	2815.8333333333335	71.0	8520.0	13321.0
100	2779.5	74.0	8773.0	15232.0
110	3340.6666666666665	48.0	5918.0	9203.0
120	3102.1666666666665	9.0	608.0	7984.0
130	2477.5	0.0	0.0	10957.0
140	2907.1666666666665	0.0	0.0	14253.0
150	3643.1666666666665	0.0	0.0	11068.0
160	3638.0	0.0	0.0	8411.0
170	3816.6666666666665	0.0	0.0	9841.0
180	3201.6666666666665	0.0	0.0	13384.0
190	3453.3333333333335	0.0	0.0	9498.0
200	3207.8333333333335	0.0	0.0	14010.0
210	3343.0	0.0	0.0	10997.0
220	3362.6666666666665	0.0	0.0	11087.0
230	3341.3333333333335	0.0	0.0	5938.0
240	3424.6666666666665	0.0	0.0	11661.0
250	3513.5	0.0	0.0	7337.0
260	2895.5	0.0	0.0	14321.0
270	3623.5	0.0	0.0	10920.0
280	3797.3333333333335	0.0	0.0	10046.0
290	3664.3333333333335	0.0	0.0	9309.0
300	3889.3333333333335	0.0	0.0	9395.0
310	3910.3333333333335	0.0	0.0	13461.0
320	3617.6666666666665	0.0	0.0	10614.0
330	3820.8333333333335	0.0	0.0	8555.0
340	3660.3333333333335	0.0	0.0	9426.0
350	3574.5	0.0	0.0	9656.0
360	3388.6666666666665	0.0	0.0	12454.0
370	3584.6666666666665	0.0	0.0	10601.0
380	3759.0	0.0	0.0	9681.0
390	3371.0	0.0	0.0	11302.0
400	4014.5	0.0	0.0	11110.0
410	3728.1666666666665	0.0	0.0	8667.0
420	3525.0	0.0	0.0	11006.0
430	3652.5	0.0	0.0	14457.0
440	3212.1666666666665	0.0	0.0	9374.0
450	3783.0	0.0	0.0	9530.0
460	3615.8333333333335	0.0	0.0	7537.0
470	3424.6666666666665	0.0	0.0	11186.0
480	3397.6666666666665	0.0	0.0	9477.0
490	3538.6666666666665	0.0	0.0	10953.0
500	4114.166666666667	0.0	0.0	11707.0
510	3862.8333333333335	0.0	0.0	11907.0
520	3963.5	0.0	0.0	9075.0
530	3901.1666666666665	0.0	0.0	10605.0
540	3845.0	0.0	0.0	10827.0
550	4020.5	0.0	0.0	9299.0
560	3860.6666666666665	0.0	0.0	12409.0
570	3694.0	0.0	0.0	10113.0
580	3893.6666666666665	0.0	0.0	10510.0
590	3696.6666666666665	0.0	0.0	9775.0
600	3677.0	0.0	0.0	10203.0
610	3653.5	0.0	0.0	8212.0
620	3985.8333333333335	0.0	0.0	12032.0
630	3554.0	0.0	0.0	9001.0
640	3405.0	0.0	0.0	9903.0
650	3523.0	0.0	0.0	10312.0
660	3557.0	0.0	0.0	8496.0
670	3685.0	0.0	0.0	12313.0
680	3679.0	0.0	0.0	8722.0
690	3675.1666666666665	0.0	0.0	11607.0
700	3549.5	0.0	0.0	13547.0
710	4094.0	0.0	0.0	11112.0
720	4014.0	0.0	0.0	8128.0
730	3837.0	0.0	0.0	12673.0
740	3687.8333333333335	0.0	0.0	8104.0
750	3573.3333333333335	0.0	0.0	8467.0
760	4027.5	0.0	0.0	11825.0
770	3411.8333333333335	0.0	0.0	11800.0
780	3678.5	0.0	0.0	12470.0
790	3637.5	0.0	0.0	9765.0
800	3810.5	0.0	0.0	9879.0
810	3670.5	0.0	0.0	9210.0
820	3839.8333333333335	0.0	0.0	11639.0
830	4008.6666666666665	0.0	0.0	10666.0
840	3825.8333333333335	0.0	0.0	11973.0
850	3868.6666666666665	0.0	0.0	9762.0
860	3795.5	0.0	0.0	9470.0
870	3616.3333333333335	0.0	0.0	11733.0
880	3951.3333333333335	0.0	0.0	11051.0
890	3425.1666666666665	0.0	0.0	11648.0
900	3831.8333333333335	0.0	0.0	9193.0
910	3725.5	0.0	0.0	11576.0
920	3696.3333333333335	0.0	0.0	10775.0
930	3918.5	0.0	0.0	8960.0
940	3868.8333333333335	0.0	0.0	9972.0
950	3908.3333333333335	0.0	0.0	13303.0
960	3890.8333333333335	0.0	0.0	10937.0
970	3525.5	0.0	0.0	9795.0
980	3501.5	0.0	0.0	12246.0
990	3552.8333333333335	0.0	0.0	9694.0
1000	3578.0	0.0	0.0	8918.0
