0	2281.8333333333335	0.0	0.0	0.0
10	2469.6666666666665	82.0	5994.0	9331.0
20	2614.5	170.0	6259.0	11033.0
30	2617.5	105.0	5114.0	8971.0
40	2497.3333333333335	119.0	5399.0	8815.0
50	2200.1666666666665	75.0	5607.0	8933.0
60	2131.1666666666665	54.0	5030.0	8030.0
70	2272.3333333333335	55.0	6728.0	10903.0
80	2665.3333333333335	65.0	7276.0	12067.0
90	2781.1666666666665	67.0	7709.0	13268.0
100	2824.5	65.0	7619.0	12585.0
110	2929.6666666666665	43.0	7909.0	14610.0
120	2618.0	52.0	6780.0	11983.0
130	3224.0	17.0	4967.0	8841.0
140	2705.5	31.0	6207.0	10025.0
150	3043.5	0.0	0.0	10852.0
160	3495.0	0.0	0.0	11799.0
170	3557.0	0.0	0.0	12647.0
180	3336.5	0.0	0.0	12842.0
190	3162.3333333333335	0.0	0.0	9561.0
200	3577.6666666666665	0.0	0.0	11000.0
210	2808.0	0.0	0.0	10547.0
220	3164.1666666666665	0.0	0.0	9794.0
230	3221.8333333333335	0.0	0.0	8460.0
240	3372.1666666666665	0.0	0.0	10661.0
250	3590.3333333333335	0.0	0.0	7324.0
260	3736.0	0.0	0.0	11679.0
270	3061.1666666666665	0.0	0.0	12250.0
280	3701.6666666666665	0.0	0.0	13035.0
290	3521.0	0.0	0.0	9767.0
300	2891.5	0.0	0.0	10543.0
310	3456.6666666666665	0.0	0.0	9294.0
320	3781.0	0.0	0.0	8843.0
330	3816.6666666666665	0.0	0.0	12979.0
340	3335.8333333333335	0.0	0.0	9880.0
350	3338.0	0.0	0.0	10349.0
360	3874.3333333333335	0.0	0.0	10624.0
370	3686.8333333333335	0.0	0.0	7915.0
380	3659.5	0.0	0.0	10940.0
390	3871.0	0.0	0.0	11196.0
400	3680.8333333333335	0.0	0.0	8364.0
410	3821.0	0.0	0.0	12154.0
420	3738.5	0.0	0.0	9785.0
430	3535.3333333333335	0.0	0.0	11931.0
440	3423.5	0.0	0.0	11310.0
450	3298.6666666666665	0.0	0.0	11454.0
460	4170.333333333333	0.0	0.0	11102.0
470	3602.3333333333335	0.0	0.0	14047.0
480	3337.8333333333335	0.0	0.0	11778.0
490	3578.0	0.0	0.0	12747.0
500	3589.5	0.0	0.0	11261.0
510	3915.6666666666665	0.0	0.0	10695.0
520	3557.3333333333335	0.0	0.0	11292.0
530	3779.5	0.0	0.0	9641.0
540	3786.1666666666665	0.0	0.0	8725.0
550	4034.6666666666665	0.0	0.0	10700.0
560	3541.6666666666665	0.0	0.0	11100.0
570	3655.8333333333335	0.0	0.0	12516.0
580	3436.6666666666665	0.0	0.0	7538.0
590	3954.8333333333335	0.0	0.0	8676.0
600	3919.8333333333335	0.0	0.0	10724.0
610	3925.0	0.0	0.0	9828.0
620	3694.1666666666665	0.0	0.0	10924.0
630	3711.5	0.0	0.0	9446.0
640	3874.1666666666665	0.0	0.0	11108.0
650	3938.6666666666665	0.0	0.0	12506.0
660	3731.6666666666665	0.0	0.0	8705.0
670	3847.0	0.0	0.0	9982.0
680	3387.6666666666665	0.0	0.0	11629.0
690	3962.3333333333335	0.0	0.0	12265.0
700	3857.6666666666665	0.0	0.0	12197.0
710	3532.1666666666665	0.0	0.0	10350.0
720	3560.3333333333335	0.0	0.0	9890.0
730	3664.0	0.0	0.0	10215.0
740	3745.6666666666665	0.0	0.0	9492.0
750	3326.5	0.0	0.0	8629.0
760	3647.0	0.0	0.0	7190.0
770	3573.3333333333335	0.0	0.0	10371.0
780	3929.8333333333335	0.0	0.0	10419.0
790	4034.1666666666665	0.0	0.0	10630.0
800	3661.5	0.0	0.0	9942.0
810	3773.3333333333335	0.0	0.0	11728.0
820	3980.1666666666665	0.0	0.0	10896.0
830	3936.6666666666665	0.0	0.0	9441.0
840	3714.0	0.0	0.0	10022.0
850	3614.1666666666665	0.0	0.0	7548.0
860	3819.5	0.0	0.0	8105.0
870	3587.3333333333335	0.0	0.0	8084.0
880	3765.0	0.0	0.0	8985.0
890	3995.8333333333335	0.0	0.0	9824.0
900	3661.8333333333335	0.0	0.0	10103.0
910	3608.5	0.0	0.0	13435.0
920	3488.3333333333335	0.0	0.0	10322.0
930	3690.8333333333335	0.0	0.0	9308.0
940	4036.6666666666665	0.0	0.0	6279.0
950	3889.1666666666665	0.0	0.0	9674.0
960	3759.0	0.0	0.0	13339.0
970	3840.6666666666665	0.0	0.0	13183.0
980	4082.1666666666665	0.0	0.0	11488.0
990	3608.8333333333335	0.0	0.0	9973.0
1000	3832.8333333333335	0.0	0.0	12345.0
