0	1439.0	0.0	0.0	0.0
10	1487.0	1000.0	1000.0	8130.0
20	1578.1666666666667	0.0	0.0	5719.0
30	1696.3333333333333	0.0	0.0	7192.0
40	1498.0	0.0	0.0	6993.0
50	1620.0	0.0	0.0	6960.0
60	1588.6666666666667	0.0	0.0	7702.0
70	1325.3333333333333	0.0	0.0	7415.0
80	1627.8333333333333	0.0	0.0	8260.0
90	1415.6666666666667	0.0	0.0	8544.0
100	1627.6666666666667	0.0	0.0	7201.0
110	1540.6666666666667	0.0	0.0	9152.0
120	1630.8333333333333	0.0	0.0	6277.0
130	1482.6666666666667	0.0	0.0	5927.0
140	1674.0	0.0	0.0	4418.0
150	1555.0	0.0	0.0	8628.0
160	1332.0	0.0	0.0	7663.0
170	1538.5	0.0	0.0	9928.0
180	1689.0	0.0	0.0	7888.0
190	1490.6666666666667	0.0	0.0	4548.0
200	1517.6666666666667	0.0	0.0	6538.0
210	1489.1666666666667	0.0	0.0	6763.0
220	1508.6666666666667	0.0	0.0	6881.0
230	1540.0	0.0	0.0	5481.0
240	1470.6666666666667	0.0	0.0	7297.0
250	1386.0	0.0	0.0	7668.0
260	1708.8333333333333	0.0	0.0	6439.0
270	1457.6666666666667	0.0	0.0	5363.0
280	1598.0	0.0	0.0	5918.0
290	1471.3333333333333	0.0	0.0	6172.0
300	1460.0	0.0	0.0	8089.0
310	1529.0	0.0	0.0	5027.0
320	1524.0	0.0	0.0	7544.0
330	1585.3333333333333	0.0	0.0	6902.0
340	1488.0	0.0	0.0	7223.0
350	1599.0	0.0	0.0	6369.0
360	1543.3333333333333	0.0	0.0	9719.0
370	1510.8333333333333	0.0	0.0	7063.0
380	1367.3333333333333	0.0	0.0	7394.0
390	1500.0	0.0	0.0	6047.0
400	1242.6666666666667	0.0	0.0	8730.0
410	1446.3333333333333	0.0	0.0	5683.0
420	1386.3333333333333	0.0	0.0	6303.0
430	1458.3333333333333	0.0	0.0	6412.0
440	1272.3333333333333	0.0	0.0	7691.0
450	1427.6666666666667	0.0	0.0	4178.0
460	1419.0	0.0	0.0	6218.0
470	1634.0	0.0	0.0	9092.0
480	1319.0	0.0	0.0	5705.0
490	1407.0	0.0	0.0	6741.0
500	1243.3333333333333	0.0	0.0	5161.0
510	1385.6666666666667	0.0	0.0	5286.0
520	1256.6666666666667	0.0	0.0	6743.0
530	1462.3333333333333	0.0	0.0	7616.0
540	1292.0	0.0	0.0	6324.0
550	1374.0	0.0	0.0	6074.0
560	1578.8333333333333	0.0	0.0	8314.0
570	1283.0	0.0	0.0	6201.0
580	1444.3333333333333	0.0	0.0	7966.0
590	1438.1666666666667	0.0	0.0	5443.0
600	1534.6666666666667	0.0	0.0	5367.0
610	1132.3333333333333	0.0	0.0	6221.0
620	1517.6666666666667	0.0	0.0	7347.0
630	1409.0	0.0	0.0	5901.0
640	1307.3333333333333	0.0	0.0	5843.0
650	1368.3333333333333	0.0	0.0	8372.0
660	1517.3333333333333	0.0	0.0	5994.0
670	1336.6666666666667	0.0	0.0	7693.0
680	1471.3333333333333	0.0	0.0	7739.0
690	1625.0	0.0	0.0	6006.0
700	1517.3333333333333	0.0	0.0	6382.0
710	1462.0	0.0	0.0	6149.0
720	1364.6666666666667	0.0	0.0	8819.0
730	1293.6666666666667	0.0	0.0	6010.0
740	1349.3333333333333	0.0	0.0	5865.0
750	1562.3333333333333	0.0	0.0	5701.0
760	1341.0	0.0	0.0	5442.0
770	1308.0	0.0	0.0	5413.0
780	1356.6666666666667	0.0	0.0	5618.0
790	1387.3333333333333	0.0	0.0	7373.0
800	1199.0	0.0	0.0	5289.0
810	1407.0	0.0	0.0	5853.0
820	1492.0	0.0	0.0	5424.0
830	1325.3333333333333	0.0	0.0	6326.0
840	1387.0	0.0	0.0	5718.0
850	1430.3333333333333	0.0	0.0	5778.0
860	1323.0	0.0	0.0	6562.0
870	1224.3333333333333	0.0	0.0	4188.0
880	1311.6666666666667	0.0	0.0	6660.0
890	1353.3333333333333	0.0	0.0	4250.0
900	1125.0	0.0	0.0	3979.0
910	1149.3333333333333	0.0	0.0	5867.0
920	1341.3333333333333	0.0	0.0	6343.0
930	1258.3333333333333	0.0	0.0	6761.0
940	1238.6666666666667	0.0	0.0	3928.0
950	1211.3333333333333	0.0	0.0	5991.0
960	1235.3333333333333	0.0	0.0	5827.0
970	1017.0	0.0	0.0	6467.0
980	1319.0	0.0	0.0	5097.0
990	1182.3333333333333	0.0	0.0	4391.0
1000	1227.3333333333333	0.0	0.0	5805.0
