0	1412.6666666666667	0.0	0.0	0.0
10	1640.0	1000.0	1000.0	7762.0
20	1701.3333333333333	0.0	0.0	5525.0
30	1557.0	0.0	0.0	5777.0
40	1689.6666666666667	0.0	0.0	7710.0
50	1731.0	0.0	0.0	9041.0
60	1604.6666666666667	0.0	0.0	8580.0
70	1445.8333333333333	0.0	0.0	5764.0
80	1703.3333333333333	0.0	0.0	6651.0
90	1718.1666666666667	0.0	0.0	7224.0
100	1589.8333333333333	0.0	0.0	6072.0
110	1442.6666666666667	0.0	0.0	7119.0
120	1490.3333333333333	0.0	0.0	7528.0
130	1729.5	0.0	0.0	5834.0
140	1592.3333333333333	0.0	0.0	5673.0
150	1751.1666666666667	0.0	0.0	6022.0
160	1302.3333333333333	0.0	0.0	6897.0
170	1571.5	0.0	0.0	8922.0
180	1544.3333333333333	0.0	0.0	7043.0
190	1530.6666666666667	0.0	0.0	6404.0
200	1416.6666666666667	0.0	0.0	5499.0
210	1464.0	0.0	0.0	6514.0
220	1489.3333333333333	0.0	0.0	6982.0
230	1513.0	0.0	0.0	8571.0
240	1641.5	0.0	0.0	7842.0
250	1345.6666666666667	0.0	0.0	5264.0
260	1303.3333333333333	0.0	0.0	5260.0
270	1512.3333333333333	0.0	0.0	8017.0
280	1531.6666666666667	0.0	0.0	4107.0
290	1554.3333333333333	0.0	0.0	4286.0
300	1364.3333333333333	0.0	0.0	6810.0
310	1272.3333333333333	0.0	0.0	6268.0
320	1365.6666666666667	0.0	0.0	6046.0
330	1355.6666666666667	0.0	0.0	8354.0
340	1387.3333333333333	0.0	0.0	6166.0
350	1311.0	0.0	0.0	7138.0
360	1302.3333333333333	0.0	0.0	8479.0
370	1472.3333333333333	0.0	0.0	6570.0
380	1213.6666666666667	0.0	0.0	7216.0
390	1395.0	0.0	0.0	7090.0
400	1406.3333333333333	0.0	0.0	5285.0
410	1302.3333333333333	0.0	0.0	5431.0
420	1459.6666666666667	0.0	0.0	5230.0
430	1299.6666666666667	0.0	0.0	8545.0
440	1397.0	0.0	0.0	6613.0
450	1336.3333333333333	0.0	0.0	5464.0
460	1222.0	0.0	0.0	5577.0
470	1265.0	0.0	0.0	5378.0
480	1387.0	0.0	0.0	5696.0
490	1303.6666666666667	0.0	0.0	4528.0
500	1277.3333333333333	0.0	0.0	5423.0
510	1228.0	0.0	0.0	6165.0
520	1344.3333333333333	0.0	0.0	4676.0
530	1307.6666666666667	0.0	0.0	4267.0
540	1251.6666666666667	0.0	0.0	7849.0
550	1364.0	0.0	0.0	5897.0
560	1312.3333333333333	0.0	0.0	7426.0
570	1234.3333333333333	0.0	0.0	5345.0
580	1332.6666666666667	0.0	0.0	6583.0
590	1373.6666666666667	0.0	0.0	4638.0
600	1351.3333333333333	0.0	0.0	4331.0
610	1334.3333333333333	0.0	0.0	4277.0
620	1244.0	0.0	0.0	6610.0
630	1424.6666666666667	0.0	0.0	6926.0
640	1253.3333333333333	0.0	0.0	5623.0
650	1239.3333333333333	0.0	0.0	6663.0
660	1423.3333333333333	0.0	0.0	6121.0
670	1585.3333333333333	0.0	0.0	6871.0
680	1442.3333333333333	0.0	0.0	5344.0
690	1273.6666666666667	0.0	0.0	5841.0
700	1328.0	0.0	0.0	4418.0
710	1361.6666666666667	0.0	0.0	5699.0
720	1233.6666666666667	0.0	0.0	4452.0
730	1319.3333333333333	0.0	0.0	6898.0
740	1208.3333333333333	0.0	0.0	6610.0
750	1176.3333333333333	0.0	0.0	6009.0
760	1227.6666666666667	0.0	0.0	6336.0
770	1265.6666666666667	0.0	0.0	6681.0
780	1249.3333333333333	0.0	0.0	5723.0
790	1338.0	0.0	0.0	4410.0
800	1292.3333333333333	0.0	0.0	4411.0
810	1220.0	0.0	0.0	6088.0
820	1301.6666666666667	0.0	0.0	4153.0
830	1199.6666666666667	0.0	0.0	6805.0
840	1339.6666666666667	0.0	0.0	6809.0
850	1395.3333333333333	0.0	0.0	6393.0
860	1369.0	0.0	0.0	5808.0
870	1166.0	0.0	0.0	5878.0
880	1280.6666666666667	0.0	0.0	6116.0
890	1306.3333333333333	0.0	0.0	5607.0
900	1275.0	0.0	0.0	4006.0
910	1325.3333333333333	0.0	0.0	5846.0
920	1271.6666666666667	0.0	0.0	4892.0
930	1275.3333333333333	0.0	0.0	5973.0
940	1342.0	0.0	0.0	5804.0
950	1291.3333333333333	0.0	0.0	6045.0
960	1273.3333333333333	0.0	0.0	4774.0
970	1290.3333333333333	0.0	0.0	5783.0
980	1189.3333333333333	0.0	0.0	6453.0
990	1175.3333333333333	0.0	0.0	4892.0
1000	1164.0	0.0	0.0	5011.0
