0	2325.0	0.0	0.0	0.0
10	2474.0	394.0	13758.0	13758.0
20	2790.1666666666665	332.0	13480.0	13480.0
30	2672.0	274.0	6931.0	9981.0
40	2548.3333333333335	0.0	0.0	11230.0
50	2801.3333333333335	0.0	0.0	9030.0
60	3350.3333333333335	0.0	0.0	9743.0
70	3687.8333333333335	0.0	0.0	10428.0
80	3593.8333333333335	0.0	0.0	8567.0
90	3432.1666666666665	0.0	0.0	12567.0
100	3372.0	0.0	0.0	10428.0
110	3496.5	0.0	0.0	9187.0
120	3383.0	0.0	0.0	12395.0
130	3162.3333333333335	0.0	0.0	10697.0
140	3494.8333333333335	0.0	0.0	11338.0
150	2855.6666666666665	0.0	0.0	9901.0
160	3678.5	0.0	0.0	10875.0
170	3919.1666666666665	0.0	0.0	8215.0
180	3604.3333333333335	0.0	0.0	14144.0
190	3334.1666666666665	0.0	0.0	13414.0
200	3376.5	0.0	0.0	9575.0
210	3596.0	0.0	0.0	10698.0
220	3574.6666666666665	0.0	0.0	11657.0
230	3520.8333333333335	0.0	0.0	11807.0
240	3748.8333333333335	0.0	0.0	10477.0
250	3763.0	0.0	0.0	9094.0
260	3069.8333333333335	0.0	0.0	9939.0
270	3104.3333333333335	0.0	0.0	6946.0
280	3540.0	0.0	0.0	9514.0
290	3020.6666666666665	0.0	0.0	14281.0
300	3457.3333333333335	0.0	0.0	11414.0
310	3831.0	0.0	0.0	10378.0
320	3810.6666666666665	0.0	0.0	8403.0
330	3395.0	0.0	0.0	10735.0
340	3709.0	0.0	0.0	9223.0
350	3685.0	0.0	0.0	10838.0
360	3416.6666666666665	0.0	0.0	13769.0
370	3812.1666666666665	0.0	0.0	10792.0
380	3878.5	0.0	0.0	9387.0
390	3599.8333333333335	0.0	0.0	13814.0
400	3592.6666666666665	0.0	0.0	11048.0
410	4084.6666666666665	0.0	0.0	10789.0
420	3980.0	0.0	0.0	12244.0
430	3619.3333333333335	0.0	0.0	10465.0
440	3672.8333333333335	0.0	0.0	9134.0
450	3915.0	0.0	0.0	11232.0
460	3951.1666666666665	0.0	0.0	9994.0
470	3400.5	0.0	0.0	10516.0
480	3627.5	0.0	0.0	12582.0
490	3924.0	0.0	0.0	9017.0
500	3951.1666666666665	0.0	0.0	10373.0
510	3768.3333333333335	0.0	0.0	11520.0
520	3784.8333333333335	0.0	0.0	12127.0
530	3990.6666666666665	0.0	0.0	9835.0
540	3628.1666666666665	0.0	0.0	8290.0
550	3728.3333333333335	0.0	0.0	9447.0
560	3519.1666666666665	0.0	0.0	9618.0
570	3790.5	0.0	0.0	11769.0
580	3856.1666666666665	0.0	0.0	10999.0
590	3627.6666666666665	0.0	0.0	9493.0
600	3760.6666666666665	0.0	0.0	10646.0
610	3590.3333333333335	0.0	0.0	8674.0
620	3901.1666666666665	0.0	0.0	12184.0
630	3796.0	0.0	0.0	9289.0
640	3886.3333333333335	0.0	0.0	8983.0
650	4127.833333333333	0.0	0.0	10225.0
660	3798.1666666666665	0.0	0.0	8749.0
670	3988.8333333333335	0.0	0.0	7534.0
680	3628.6666666666665	0.0	0.0	12758.0
690	3570.8333333333335	0.0	0.0	8423.0
700	3820.5	0.0	0.0	12497.0
710	3866.3333333333335	0.0	0.0	13575.0
720	3858.1666666666665	0.0	0.0	13623.0
730	4043.8333333333335	0.0	0.0	10064.0
740	3998.8333333333335	0.0	0.0	8769.0
750	3917.1666666666665	0.0	0.0	9479.0
760	3922.6666666666665	0.0	0.0	9793.0
770	3661.0	0.0	0.0	12844.0
780	3897.6666666666665	0.0	0.0	9963.0
790	3432.0	0.0	0.0	9311.0
800	3885.3333333333335	0.0	0.0	9417.0
