0	284.6666666666667	0.0	0.0	0.0
10	1992.3333333333333	788.0	2283.0	7619.0
20	1925.8333333333333	212.0	450.0	7639.0
30	1843.6666666666667	0.0	0.0	9230.0
40	1587.3333333333333	0.0	0.0	6591.0
50	1898.3333333333333	0.0	0.0	8038.0
60	2074.0	0.0	0.0	9239.0
70	2451.1666666666665	0.0	0.0	7860.0
80	2260.6666666666665	0.0	0.0	10154.0
90	2355.6666666666665	0.0	0.0	8768.0
100	2447.6666666666665	0.0	0.0	10762.0
110	2812.0	0.0	0.0	8050.0
120	2341.5	0.0	0.0	7119.0
130	2408.8333333333335	0.0	0.0	7347.0
140	2670.6666666666665	0.0	0.0	6815.0
150	2427.1666666666665	0.0	0.0	8582.0
160	2742.0	0.0	0.0	8100.0
170	2476.1666666666665	0.0	0.0	9268.0
180	2610.6666666666665	0.0	0.0	8162.0
190	2664.6666666666665	0.0	0.0	9743.0
200	2585.5	0.0	0.0	9296.0
210	2759.8333333333335	0.0	0.0	6105.0
220	2296.0	0.0	0.0	8981.0
230	2463.8333333333335	0.0	0.0	8125.0
240	2453.1666666666665	0.0	0.0	9978.0
250	2395.8333333333335	0.0	0.0	9720.0
260	3050.8333333333335	0.0	0.0	7694.0
270	3033.1666666666665	0.0	0.0	11343.0
280	2913.5	0.0	0.0	10330.0
290	2664.5	0.0	0.0	10853.0
300	3291.6666666666665	0.0	0.0	9055.0
310	2999.8333333333335	0.0	0.0	8869.0
320	3493.1666666666665	0.0	0.0	8872.0
330	2588.5	0.0	0.0	12954.0
340	3071.1666666666665	0.0	0.0	12809.0
350	3034.1666666666665	0.0	0.0	9579.0
360	3644.3333333333335	0.0	0.0	7693.0
370	3546.1666666666665	0.0	0.0	10498.0
380	2931.5	0.0	0.0	9787.0
390	2943.1666666666665	0.0	0.0	8510.0
400	2961.5	0.0	0.0	10015.0
410	3214.1666666666665	0.0	0.0	8592.0
420	3601.3333333333335	0.0	0.0	13947.0
430	3352.8333333333335	0.0	0.0	10808.0
440	3399.6666666666665	0.0	0.0	10155.0
450	3420.6666666666665	0.0	0.0	8886.0
460	3717.8333333333335	0.0	0.0	8151.0
470	3299.3333333333335	0.0	0.0	9291.0
480	3503.8333333333335	0.0	0.0	9180.0
490	3314.6666666666665	0.0	0.0	7974.0
500	3216.3333333333335	0.0	0.0	10369.0
510	3600.3333333333335	0.0	0.0	7747.0
520	3979.3333333333335	0.0	0.0	11933.0
530	2837.1666666666665	0.0	0.0	9746.0
540	3393.0	0.0	0.0	11868.0
550	3593.6666666666665	0.0	0.0	8671.0
560	3710.1666666666665	0.0	0.0	10109.0
570	3588.0	0.0	0.0	8208.0
580	3482.1666666666665	0.0	0.0	7604.0
590	3199.1666666666665	0.0	0.0	11549.0
600	3461.3333333333335	0.0	0.0	10185.0
610	3616.1666666666665	0.0	0.0	12275.0
620	3475.5	0.0	0.0	13249.0
630	3312.5	0.0	0.0	9749.0
640	4062.0	0.0	0.0	11082.0
650	3331.3333333333335	0.0	0.0	8815.0
660	3269.1666666666665	0.0	0.0	9974.0
670	3710.8333333333335	0.0	0.0	10457.0
680	3756.0	0.0	0.0	12443.0
690	3890.8333333333335	0.0	0.0	13147.0
700	3121.3333333333335	0.0	0.0	7605.0
710	3681.6666666666665	0.0	0.0	12263.0
720	3681.0	0.0	0.0	7823.0
730	3826.1666666666665	0.0	0.0	10983.0
740	3907.0	0.0	0.0	7954.0
750	3818.8333333333335	0.0	0.0	11039.0
760	3665.3333333333335	0.0	0.0	12406.0
770	3789.6666666666665	0.0	0.0	11185.0
780	3599.5	0.0	0.0	10828.0
790	3865.1666666666665	0.0	0.0	11209.0
800	3916.5	0.0	0.0	9995.0
810	3706.0	0.0	0.0	8770.0
820	3903.6666666666665	0.0	0.0	10784.0
830	3909.8333333333335	0.0	0.0	12141.0
840	3292.6666666666665	0.0	0.0	10564.0
850	3574.8333333333335	0.0	0.0	12440.0
860	3817.3333333333335	0.0	0.0	9782.0
870	3764.6666666666665	0.0	0.0	10048.0
880	3859.5	0.0	0.0	10450.0
890	3584.5	0.0	0.0	12085.0
900	3772.3333333333335	0.0	0.0	8745.0
910	3570.0	0.0	0.0	12077.0
920	4002.5	0.0	0.0	9081.0
930	3959.8333333333335	0.0	0.0	10883.0
940	3833.5	0.0	0.0	10012.0
950	3764.5	0.0	0.0	11079.0
960	3800.6666666666665	0.0	0.0	8871.0
970	3751.1666666666665	0.0	0.0	9114.0
980	3715.3333333333335	0.0	0.0	13293.0
990	3796.1666666666665	0.0	0.0	12024.0
1000	3679.1666666666665	0.0	0.0	10716.0
