0	260.6666666666667	0.0	0.0	0.0
10	1642.1666666666667	667.0	2362.0	9514.0
20	1813.6666666666667	180.0	811.0	9552.0
30	2173.5	153.0	454.0	10148.0
40	2043.3333333333333	0.0	0.0	6642.0
50	2030.6666666666667	0.0	0.0	6986.0
60	2123.3333333333335	0.0	0.0	7811.0
70	2053.6666666666665	0.0	0.0	5936.0
80	2026.6666666666667	0.0	0.0	9527.0
90	2052.6666666666665	0.0	0.0	7916.0
100	2258.0	0.0	0.0	7887.0
110	2004.6666666666667	0.0	0.0	9345.0
120	2364.5	0.0	0.0	7279.0
130	2481.1666666666665	0.0	0.0	5840.0
140	2303.0	0.0	0.0	10724.0
150	2393.1666666666665	0.0	0.0	12316.0
160	2381.0	0.0	0.0	9955.0
170	2769.0	0.0	0.0	11651.0
180	2553.6666666666665	0.0	0.0	8082.0
190	2771.3333333333335	0.0	0.0	8989.0
200	2820.5	0.0	0.0	9884.0
210	2542.6666666666665	0.0	0.0	12606.0
220	2888.3333333333335	0.0	0.0	8426.0
230	2786.6666666666665	0.0	0.0	10434.0
240	2873.8333333333335	0.0	0.0	8282.0
250	2704.5	0.0	0.0	5080.0
260	2701.8333333333335	0.0	0.0	7455.0
270	2499.1666666666665	0.0	0.0	5966.0
280	2587.0	0.0	0.0	9569.0
290	2597.6666666666665	0.0	0.0	8532.0
300	2654.0	0.0	0.0	10189.0
310	2595.6666666666665	0.0	0.0	10501.0
320	2650.1666666666665	0.0	0.0	10423.0
330	2599.1666666666665	0.0	0.0	9176.0
340	2937.3333333333335	0.0	0.0	8393.0
350	2793.1666666666665	0.0	0.0	10657.0
360	2944.6666666666665	0.0	0.0	8401.0
370	3040.0	0.0	0.0	6405.0
380	3123.0	0.0	0.0	6655.0
390	3062.0	0.0	0.0	8893.0
400	2835.5	0.0	0.0	12706.0
410	2992.6666666666665	0.0	0.0	8558.0
420	3009.1666666666665	0.0	0.0	9928.0
430	2977.6666666666665	0.0	0.0	8361.0
440	3241.8333333333335	0.0	0.0	14027.0
450	3228.8333333333335	0.0	0.0	11686.0
460	3053.8333333333335	0.0	0.0	9825.0
470	3128.1666666666665	0.0	0.0	8348.0
480	3706.0	0.0	0.0	12725.0
490	2889.5	0.0	0.0	10390.0
500	3034.5	0.0	0.0	8543.0
510	3074.1666666666665	0.0	0.0	12239.0
520	3198.6666666666665	0.0	0.0	8643.0
530	3716.8333333333335	0.0	0.0	7883.0
540	3375.3333333333335	0.0	0.0	11168.0
550	3785.6666666666665	0.0	0.0	11280.0
560	3478.0	0.0	0.0	11594.0
570	3896.1666666666665	0.0	0.0	12720.0
580	3159.8333333333335	0.0	0.0	12929.0
590	3699.6666666666665	0.0	0.0	14276.0
600	3286.1666666666665	0.0	0.0	11120.0
610	3526.6666666666665	0.0	0.0	9685.0
620	3213.8333333333335	0.0	0.0	7752.0
630	3721.3333333333335	0.0	0.0	10413.0
640	4049.3333333333335	0.0	0.0	10846.0
650	3639.1666666666665	0.0	0.0	12647.0
660	3931.3333333333335	0.0	0.0	9767.0
670	3309.5	0.0	0.0	10151.0
680	3504.6666666666665	0.0	0.0	9018.0
690	3420.0	0.0	0.0	9259.0
700	3488.8333333333335	0.0	0.0	11849.0
710	3519.5	0.0	0.0	10371.0
720	3798.0	0.0	0.0	9667.0
730	3717.8333333333335	0.0	0.0	10109.0
740	3947.6666666666665	0.0	0.0	9204.0
750	3842.8333333333335	0.0	0.0	8724.0
760	3492.1666666666665	0.0	0.0	9668.0
770	3591.0	0.0	0.0	9929.0
780	3734.8333333333335	0.0	0.0	10588.0
790	3515.3333333333335	0.0	0.0	11673.0
800	3937.3333333333335	0.0	0.0	9175.0
810	3830.8333333333335	0.0	0.0	13443.0
820	3846.5	0.0	0.0	11347.0
830	3967.1666666666665	0.0	0.0	10637.0
840	3944.3333333333335	0.0	0.0	11287.0
850	3694.6666666666665	0.0	0.0	8710.0
860	3754.3333333333335	0.0	0.0	12953.0
870	3903.5	0.0	0.0	9275.0
880	4082.6666666666665	0.0	0.0	13059.0
890	4096.166666666667	0.0	0.0	9282.0
900	3721.8333333333335	0.0	0.0	10569.0
910	3833.1666666666665	0.0	0.0	8283.0
920	3913.8333333333335	0.0	0.0	10378.0
930	3894.8333333333335	0.0	0.0	9320.0
940	4123.833333333333	0.0	0.0	9906.0
950	3730.1666666666665	0.0	0.0	11495.0
960	3643.5	0.0	0.0	9150.0
970	3875.0	0.0	0.0	9985.0
980	4000.8333333333335	0.0	0.0	10153.0
990	3980.8333333333335	0.0	0.0	9887.0
1000	3526.6666666666665	0.0	0.0	12720.0
