0	239.66666666666666	0.0	0.0	0.0
10	2003.8333333333333	254.0	1911.0	7648.0
20	1894.1666666666667	590.0	1695.0	9443.0
30	1993.5	102.0	562.0	9755.0
40	1973.6666666666667	54.0	74.0	7796.0
50	2002.3333333333333	0.0	0.0	6370.0
60	2258.6666666666665	0.0	0.0	8749.0
70	2295.5	0.0	0.0	9178.0
80	2496.3333333333335	0.0	0.0	11824.0
90	2320.5	0.0	0.0	10319.0
100	2328.0	0.0	0.0	7799.0
110	2396.6666666666665	0.0	0.0	9032.0
120	2498.0	0.0	0.0	9137.0
130	2446.5	0.0	0.0	10767.0
140	2437.3333333333335	0.0	0.0	11663.0
150	2347.8333333333335	0.0	0.0	11208.0
160	2891.6666666666665	0.0	0.0	9069.0
170	2731.3333333333335	0.0	0.0	10188.0
180	2658.8333333333335	0.0	0.0	8775.0
190	2724.0	0.0	0.0	8780.0
200	3010.0	0.0	0.0	9925.0
210	2862.6666666666665	0.0	0.0	7986.0
220	2871.6666666666665	0.0	0.0	7674.0
230	2538.1666666666665	0.0	0.0	10113.0
240	2488.8333333333335	0.0	0.0	9207.0
250	2532.8333333333335	0.0	0.0	9159.0
260	2246.3333333333335	0.0	0.0	7841.0
270	2758.0	0.0	0.0	8460.0
280	2366.6666666666665	0.0	0.0	11237.0
290	2984.8333333333335	0.0	0.0	10104.0
300	2980.8333333333335	0.0	0.0	14186.0
310	2395.0	0.0	0.0	8345.0
320	2568.6666666666665	0.0	0.0	10525.0
330	2405.5	0.0	0.0	9733.0
340	2783.3333333333335	0.0	0.0	11118.0
350	3169.1666666666665	0.0	0.0	11173.0
360	3103.8333333333335	0.0	0.0	9897.0
370	3013.8333333333335	0.0	0.0	9411.0
380	2779.1666666666665	0.0	0.0	9414.0
390	2647.8333333333335	0.0	0.0	9455.0
400	3255.8333333333335	0.0	0.0	11612.0
410	3044.5	0.0	0.0	11082.0
420	3103.6666666666665	0.0	0.0	10008.0
430	3222.6666666666665	0.0	0.0	8432.0
440	2945.3333333333335	0.0	0.0	11552.0
450	2986.1666666666665	0.0	0.0	9116.0
460	3545.3333333333335	0.0	0.0	10554.0
470	3548.1666666666665	0.0	0.0	13457.0
480	3813.5	0.0	0.0	9896.0
490	3754.0	0.0	0.0	9141.0
500	3724.0	0.0	0.0	11480.0
510	2872.1666666666665	0.0	0.0	10500.0
520	3433.1666666666665	0.0	0.0	13630.0
530	3571.8333333333335	0.0	0.0	10945.0
540	3208.8333333333335	0.0	0.0	5684.0
550	3873.1666666666665	0.0	0.0	12340.0
560	3864.8333333333335	0.0	0.0	6294.0
570	3706.8333333333335	0.0	0.0	9333.0
580	3802.0	0.0	0.0	10147.0
590	3523.8333333333335	0.0	0.0	12298.0
600	3676.5	0.0	0.0	9430.0
610	3729.1666666666665	0.0	0.0	9685.0
620	3816.8333333333335	0.0	0.0	11663.0
630	3855.6666666666665	0.0	0.0	7269.0
640	4136.5	0.0	0.0	11344.0
650	3715.1666666666665	0.0	0.0	8319.0
660	3766.8333333333335	0.0	0.0	10003.0
670	3665.0	0.0	0.0	9492.0
680	3638.5	0.0	0.0	9075.0
690	3320.3333333333335	0.0	0.0	7963.0
700	3769.0	0.0	0.0	10165.0
710	3523.6666666666665	0.0	0.0	13958.0
720	3231.0	0.0	0.0	9676.0
730	3150.8333333333335	0.0	0.0	10105.0
740	3529.5	0.0	0.0	11347.0
750	3616.8333333333335	0.0	0.0	9730.0
760	3564.1666666666665	0.0	0.0	9615.0
770	3907.3333333333335	0.0	0.0	13028.0
780	3915.3333333333335	0.0	0.0	11866.0
790	3784.8333333333335	0.0	0.0	11134.0
800	3144.6666666666665	0.0	0.0	12512.0
810	3818.0	0.0	0.0	12015.0
820	3840.0	0.0	0.0	12706.0
830	4006.1666666666665	0.0	0.0	7738.0
840	3552.3333333333335	0.0	0.0	10714.0
850	3463.3333333333335	0.0	0.0	9857.0
860	3534.0	0.0	0.0	8095.0
870	3636.8333333333335	0.0	0.0	8451.0
880	3540.1666666666665	0.0	0.0	9011.0
890	3691.1666666666665	0.0	0.0	11050.0
900	3553.3333333333335	0.0	0.0	9559.0
910	3451.3333333333335	0.0	0.0	10280.0
920	3274.3333333333335	0.0	0.0	13067.0
930	3884.6666666666665	0.0	0.0	10000.0
940	3521.3333333333335	0.0	0.0	9861.0
950	3919.6666666666665	0.0	0.0	8538.0
960	3454.6666666666665	0.0	0.0	7216.0
970	3718.3333333333335	0.0	0.0	13444.0
980	3435.5	0.0	0.0	12508.0
990	3800.3333333333335	0.0	0.0	10018.0
1000	3670.5	0.0	0.0	11502.0
