0	2727.1666666666665	0.0	0.0	0.0
10	2655.3333333333335	428.0	2257.0	8665.0
20	2552.8333333333335	373.0	2793.0	9688.0
30	2446.0	199.0	938.0	8824.0
40	2615.0	0.0	0.0	9533.0
50	2396.1666666666665	0.0	0.0	8213.0
60	2438.1666666666665	0.0	0.0	5823.0
70	2420.5	0.0	0.0	6556.0
80	2546.6666666666665	0.0	0.0	8239.0
90	2635.6666666666665	0.0	0.0	6895.0
100	2491.5	0.0	0.0	8575.0
110	2665.3333333333335	0.0	0.0	6774.0
120	2850.1666666666665	0.0	0.0	11804.0
130	2658.6666666666665	0.0	0.0	8945.0
140	2283.6666666666665	0.0	0.0	7495.0
150	2731.0	0.0	0.0	10326.0
160	2681.3333333333335	0.0	0.0	6765.0
170	3016.5	0.0	0.0	9999.0
180	2503.5	0.0	0.0	11339.0
190	3029.0	0.0	0.0	8239.0
200	2785.3333333333335	0.0	0.0	12519.0
210	2972.5	0.0	0.0	10873.0
220	2776.3333333333335	0.0	0.0	10784.0
230	2830.5	0.0	0.0	9019.0
240	3295.5	0.0	0.0	6809.0
250	3348.0	0.0	0.0	9008.0
260	3499.0	0.0	0.0	10395.0
270	3263.0	0.0	0.0	9277.0
280	3331.0	0.0	0.0	10662.0
290	3663.5	0.0	0.0	9617.0
300	3107.6666666666665	0.0	0.0	8905.0
310	3178.1666666666665	0.0	0.0	10291.0
320	3028.8333333333335	0.0	0.0	9275.0
330	3920.0	0.0	0.0	11262.0
340	3135.6666666666665	0.0	0.0	9482.0
350	2800.5	0.0	0.0	10044.0
360	3704.1666666666665	0.0	0.0	10930.0
370	3450.6666666666665	0.0	0.0	7327.0
380	3276.0	0.0	0.0	12722.0
390	3730.6666666666665	0.0	0.0	9977.0
400	3384.8333333333335	0.0	0.0	11736.0
410	3411.0	0.0	0.0	10592.0
420	3245.3333333333335	0.0	0.0	12512.0
430	3691.5	0.0	0.0	11849.0
440	3513.1666666666665	0.0	0.0	9903.0
450	3983.6666666666665	0.0	0.0	11813.0
460	3857.5	0.0	0.0	11685.0
470	3281.6666666666665	0.0	0.0	10084.0
480	4017.1666666666665	0.0	0.0	9373.0
490	3955.1666666666665	0.0	0.0	8976.0
500	3921.6666666666665	0.0	0.0	7407.0
510	3776.1666666666665	0.0	0.0	8692.0
520	3683.5	0.0	0.0	13059.0
530	3688.8333333333335	0.0	0.0	8746.0
540	3787.0	0.0	0.0	10329.0
550	3986.6666666666665	0.0	0.0	13045.0
560	3710.3333333333335	0.0	0.0	11294.0
570	3809.3333333333335	0.0	0.0	11584.0
580	3713.8333333333335	0.0	0.0	9875.0
590	3858.1666666666665	0.0	0.0	10658.0
600	3923.1666666666665	0.0	0.0	11901.0
610	3861.8333333333335	0.0	0.0	11379.0
620	3805.5	0.0	0.0	11049.0
630	3372.3333333333335	0.0	0.0	10135.0
640	3965.6666666666665	0.0	0.0	10544.0
650	3932.3333333333335	0.0	0.0	11952.0
660	4002.8333333333335	0.0	0.0	12132.0
670	3787.0	0.0	0.0	10722.0
680	3850.6666666666665	0.0	0.0	12424.0
690	3902.3333333333335	0.0	0.0	10978.0
700	3881.1666666666665	0.0	0.0	11276.0
710	3906.6666666666665	0.0	0.0	8553.0
720	4014.8333333333335	0.0	0.0	7958.0
730	3788.8333333333335	0.0	0.0	10321.0
740	3964.5	0.0	0.0	13745.0
750	3879.6666666666665	0.0	0.0	10468.0
760	3921.5	0.0	0.0	12494.0
770	3774.6666666666665	0.0	0.0	11005.0
780	3765.1666666666665	0.0	0.0	8393.0
790	3795.1666666666665	0.0	0.0	11185.0
800	4123.833333333333	0.0	0.0	11416.0
