0	2546.0	0.0	0.0	0.0
10	2671.1666666666665	36.0	835.0	6215.0
20	2455.3333333333335	25.0	680.0	5258.0
30	2719.6666666666665	273.0	1196.0	6749.0
40	2789.8333333333335	588.0	1815.0	11852.0
50	2887.3333333333335	78.0	688.0	9518.0
60	2791.5	0.0	0.0	7067.0
70	3026.1666666666665	0.0	0.0	10766.0
80	2610.1666666666665	0.0	0.0	11554.0
90	2889.1666666666665	0.0	0.0	12428.0
100	3196.8333333333335	0.0	0.0	8190.0
110	2882.1666666666665	0.0	0.0	9760.0
120	2936.8333333333335	0.0	0.0	8650.0
130	2940.0	0.0	0.0	10130.0
140	3244.3333333333335	0.0	0.0	7394.0
150	3247.1666666666665	0.0	0.0	9814.0
160	2842.1666666666665	0.0	0.0	11734.0
170	3268.3333333333335	0.0	0.0	5860.0
180	2975.0	0.0	0.0	7007.0
190	2990.6666666666665	0.0	0.0	12673.0
200	2920.0	0.0	0.0	8050.0
210	2951.5	0.0	0.0	7962.0
220	3326.0	0.0	0.0	9005.0
230	3014.5	0.0	0.0	11474.0
240	3338.3333333333335	0.0	0.0	8595.0
250	2927.8333333333335	0.0	0.0	8163.0
260	3438.5	0.0	0.0	11133.0
270	3985.0	0.0	0.0	9996.0
280	3515.8333333333335	0.0	0.0	9921.0
290	3407.8333333333335	0.0	0.0	8750.0
300	3503.8333333333335	0.0	0.0	12389.0
310	3978.0	0.0	0.0	8766.0
320	3392.0	0.0	0.0	10668.0
330	3510.1666666666665	0.0	0.0	8199.0
340	3772.8333333333335	0.0	0.0	9519.0
350	2963.8333333333335	0.0	0.0	11119.0
360	3293.8333333333335	0.0	0.0	10282.0
370	3451.3333333333335	0.0	0.0	10329.0
380	3656.6666666666665	0.0	0.0	7488.0
390	3509.8333333333335	0.0	0.0	10791.0
400	3529.5	0.0	0.0	14425.0
410	3500.1666666666665	0.0	0.0	10266.0
420	4005.3333333333335	0.0	0.0	10346.0
430	3655.0	0.0	0.0	8983.0
440	3338.8333333333335	0.0	0.0	11050.0
450	3478.0	0.0	0.0	11398.0
460	3801.1666666666665	0.0	0.0	9305.0
470	3796.6666666666665	0.0	0.0	12474.0
480	3666.6666666666665	0.0	0.0	10996.0
490	3893.5	0.0	0.0	11514.0
500	3814.3333333333335	0.0	0.0	9297.0
510	3347.5	0.0	0.0	8590.0
520	4008.3333333333335	0.0	0.0	11149.0
530	3770.1666666666665	0.0	0.0	11069.0
540	3857.1666666666665	0.0	0.0	11191.0
550	3525.6666666666665	0.0	0.0	9282.0
560	2659.5	0.0	0.0	11824.0
570	3899.3333333333335	0.0	0.0	11804.0
580	3968.1666666666665	0.0	0.0	10801.0
590	3842.5	0.0	0.0	10480.0
600	3977.5	0.0	0.0	12141.0
