0	1671.3333333333333	0.0	0.0	0.0
10	1936.3333333333333	166.0	1542.0	6158.0
20	1729.3333333333333	201.0	1815.0	6889.0
30	2216.8333333333335	339.0	2362.0	9810.0
40	1695.8333333333333	283.0	2728.0	10177.0
50	2075.1666666666665	11.0	270.0	8511.0
60	1873.1666666666667	0.0	0.0	5972.0
70	2070.1666666666665	0.0	0.0	8318.0
80	2245.5	0.0	0.0	6605.0
90	2002.0	0.0	0.0	7265.0
100	1974.6666666666667	0.0	0.0	7377.0
110	2078.6666666666665	0.0	0.0	6763.0
120	2231.6666666666665	0.0	0.0	9659.0
130	2263.1666666666665	0.0	0.0	8445.0
140	2195.6666666666665	0.0	0.0	6385.0
150	2013.8333333333333	0.0	0.0	8210.0
160	1943.1666666666667	0.0	0.0	9012.0
170	1979.6666666666667	0.0	0.0	8730.0
180	2091.5	0.0	0.0	7349.0
190	2136.6666666666665	0.0	0.0	8919.0
200	1989.5	0.0	0.0	7888.0
210	2364.0	0.0	0.0	9124.0
220	2199.3333333333335	0.0	0.0	9093.0
230	1688.6666666666667	0.0	0.0	8704.0
240	2028.3333333333333	0.0	0.0	8494.0
250	2042.1666666666667	0.0	0.0	7254.0
260	2026.5	0.0	0.0	6606.0
270	1922.3333333333333	0.0	0.0	5846.0
280	2272.0	0.0	0.0	8260.0
290	1963.1666666666667	0.0	0.0	6773.0
300	2158.3333333333335	0.0	0.0	10599.0
310	2363.5	0.0	0.0	8293.0
320	2158.3333333333335	0.0	0.0	6768.0
330	2519.3333333333335	0.0	0.0	5666.0
340	2658.3333333333335	0.0	0.0	7586.0
350	2513.0	0.0	0.0	10378.0
360	2338.0	0.0	0.0	9325.0
370	2188.3333333333335	0.0	0.0	10584.0
380	2683.6666666666665	0.0	0.0	7872.0
390	2456.6666666666665	0.0	0.0	5789.0
400	2307.6666666666665	0.0	0.0	10779.0
410	2841.5	0.0	0.0	7308.0
420	1932.1666666666667	0.0	0.0	8496.0
430	2682.6666666666665	0.0	0.0	4509.0
440	2406.1666666666665	0.0	0.0	9404.0
450	2780.6666666666665	0.0	0.0	10268.0
460	2763.0	0.0	0.0	4920.0
470	2899.5	0.0	0.0	7720.0
480	2672.6666666666665	0.0	0.0	8573.0
490	2675.6666666666665	0.0	0.0	11700.0
500	2868.8333333333335	0.0	0.0	8077.0
510	2984.0	0.0	0.0	9625.0
520	2723.0	0.0	0.0	8983.0
530	2869.5	0.0	0.0	10371.0
540	2886.0	0.0	0.0	8768.0
550	2956.5	0.0	0.0	10691.0
560	3309.5	0.0	0.0	10768.0
570	2974.1666666666665	0.0	0.0	9491.0
580	3122.1666666666665	0.0	0.0	8215.0
590	3092.5	0.0	0.0	11149.0
600	3260.1666666666665	0.0	0.0	12466.0
610	3234.5	0.0	0.0	11119.0
620	3602.6666666666665	0.0	0.0	13267.0
630	3319.0	0.0	0.0	8324.0
640	3426.8333333333335	0.0	0.0	11927.0
650	3698.0	0.0	0.0	6716.0
660	3903.1666666666665	0.0	0.0	8106.0
670	3259.8333333333335	0.0	0.0	9029.0
680	3775.5	0.0	0.0	9617.0
690	3640.0	0.0	0.0	9318.0
700	3517.5	0.0	0.0	10626.0
710	3087.5	0.0	0.0	12094.0
720	3612.6666666666665	0.0	0.0	8937.0
730	3129.6666666666665	0.0	0.0	13838.0
740	3839.8333333333335	0.0	0.0	11219.0
750	3664.5	0.0	0.0	9817.0
760	2765.5	0.0	0.0	7658.0
770	3550.8333333333335	0.0	0.0	10103.0
780	3855.8333333333335	0.0	0.0	8733.0
790	3556.5	0.0	0.0	9683.0
800	3457.8333333333335	0.0	0.0	10437.0
810	4135.333333333333	0.0	0.0	14127.0
820	4047.5	0.0	0.0	12690.0
830	4045.8333333333335	0.0	0.0	11911.0
840	3592.6666666666665	0.0	0.0	13017.0
850	3074.3333333333335	0.0	0.0	9333.0
860	3430.0	0.0	0.0	11731.0
870	4080.0	0.0	0.0	9803.0
880	3661.5	0.0	0.0	10236.0
890	3779.8333333333335	0.0	0.0	9691.0
900	3937.1666666666665	0.0	0.0	6402.0
910	3969.6666666666665	0.0	0.0	10397.0
920	3941.1666666666665	0.0	0.0	9390.0
930	3825.8333333333335	0.0	0.0	10865.0
940	3527.3333333333335	0.0	0.0	8381.0
950	3436.1666666666665	0.0	0.0	10759.0
960	3564.5	0.0	0.0	9212.0
970	3667.5	0.0	0.0	8415.0
980	3723.0	0.0	0.0	8577.0
990	3947.5	0.0	0.0	9213.0
1000	3913.1666666666665	0.0	0.0	9483.0
