0	1672.0	0.0	0.0	0.0
10	1678.5	252.0	1693.0	7796.0
20	1814.0	269.0	2908.0	11868.0
30	1832.6666666666667	137.0	2257.0	9196.0
40	2255.1666666666665	248.0	2787.0	11352.0
50	2238.5	94.0	505.0	11129.0
60	2366.8333333333335	0.0	0.0	8215.0
70	2544.1666666666665	0.0	0.0	12579.0
80	2053.6666666666665	0.0	0.0	10557.0
90	2396.0	0.0	0.0	9910.0
100	2292.3333333333335	0.0	0.0	9192.0
110	2293.0	0.0	0.0	9416.0
120	2461.5	0.0	0.0	7689.0
130	2387.6666666666665	0.0	0.0	8673.0
140	2545.3333333333335	0.0	0.0	5234.0
150	2658.0	0.0	0.0	6372.0
160	2628.6666666666665	0.0	0.0	8956.0
170	2332.8333333333335	0.0	0.0	9793.0
180	2317.5	0.0	0.0	5539.0
190	2331.6666666666665	0.0	0.0	9226.0
200	2015.5	0.0	0.0	7851.0
210	2302.1666666666665	0.0	0.0	4345.0
220	2100.8333333333335	0.0	0.0	5681.0
230	2336.8333333333335	0.0	0.0	6469.0
240	2330.1666666666665	0.0	0.0	10981.0
250	2120.1666666666665	0.0	0.0	7467.0
260	2603.0	0.0	0.0	9638.0
270	2816.8333333333335	0.0	0.0	10574.0
280	2444.5	0.0	0.0	10062.0
290	2635.3333333333335	0.0	0.0	11818.0
300	2619.1666666666665	0.0	0.0	9762.0
310	3049.8333333333335	0.0	0.0	8116.0
320	2790.8333333333335	0.0	0.0	10462.0
330	3049.6666666666665	0.0	0.0	10958.0
340	2760.6666666666665	0.0	0.0	11880.0
350	2970.6666666666665	0.0	0.0	7190.0
360	3277.5	0.0	0.0	11980.0
370	3150.1666666666665	0.0	0.0	9404.0
380	3215.1666666666665	0.0	0.0	10721.0
390	2955.8333333333335	0.0	0.0	8328.0
400	3401.1666666666665	0.0	0.0	15204.0
410	3073.3333333333335	0.0	0.0	9253.0
420	3663.1666666666665	0.0	0.0	8026.0
430	3279.8333333333335	0.0	0.0	11441.0
440	3821.8333333333335	0.0	0.0	9090.0
450	3187.5	0.0	0.0	10706.0
460	3550.8333333333335	0.0	0.0	9622.0
470	3036.5	0.0	0.0	11850.0
480	3636.3333333333335	0.0	0.0	10559.0
490	3383.1666666666665	0.0	0.0	11753.0
500	3193.8333333333335	0.0	0.0	11004.0
510	3350.6666666666665	0.0	0.0	10115.0
520	3808.8333333333335	0.0	0.0	9885.0
530	3695.5	0.0	0.0	8226.0
540	3396.0	0.0	0.0	11102.0
550	3423.6666666666665	0.0	0.0	9886.0
560	3382.6666666666665	0.0	0.0	11027.0
570	3677.1666666666665	0.0	0.0	11310.0
580	3411.1666666666665	0.0	0.0	7654.0
590	3751.3333333333335	0.0	0.0	7685.0
600	3679.5	0.0	0.0	10390.0
610	3712.1666666666665	0.0	0.0	10126.0
620	3009.8333333333335	0.0	0.0	9399.0
630	3332.5	0.0	0.0	11771.0
640	3374.5	0.0	0.0	10165.0
650	3058.1666666666665	0.0	0.0	13516.0
660	3715.5	0.0	0.0	11898.0
670	3604.0	0.0	0.0	9790.0
680	3755.1666666666665	0.0	0.0	11237.0
690	4030.8333333333335	0.0	0.0	9775.0
700	3769.0	0.0	0.0	10746.0
710	3932.0	0.0	0.0	10982.0
720	3474.0	0.0	0.0	11190.0
730	3882.1666666666665	0.0	0.0	12386.0
740	3615.3333333333335	0.0	0.0	10152.0
750	3588.1666666666665	0.0	0.0	9945.0
760	3565.1666666666665	0.0	0.0	10923.0
770	3758.5	0.0	0.0	12109.0
780	3877.3333333333335	0.0	0.0	8184.0
790	4040.0	0.0	0.0	10155.0
800	3888.5	0.0	0.0	10776.0
810	3625.1666666666665	0.0	0.0	9473.0
820	3590.5	0.0	0.0	13003.0
830	3657.6666666666665	0.0	0.0	11177.0
840	3769.6666666666665	0.0	0.0	10269.0
850	3934.8333333333335	0.0	0.0	12065.0
860	3894.0	0.0	0.0	10378.0
870	3780.5	0.0	0.0	8489.0
880	3874.5	0.0	0.0	8877.0
890	3749.3333333333335	0.0	0.0	10503.0
900	3874.5	0.0	0.0	10796.0
910	3916.3333333333335	0.0	0.0	10374.0
920	3945.5	0.0	0.0	10494.0
930	3838.6666666666665	0.0	0.0	10092.0
940	3677.6666666666665	0.0	0.0	11265.0
950	3693.6666666666665	0.0	0.0	10274.0
960	3451.1666666666665	0.0	0.0	10115.0
970	3554.1666666666665	0.0	0.0	10196.0
980	3761.5	0.0	0.0	15041.0
990	3834.3333333333335	0.0	0.0	9086.0
1000	3751.6666666666665	0.0	0.0	11854.0
