0	246.0	0.0	0.0	0.0
10	1977.0	282.0	1100.0	6707.0
20	2009.25	718.0	1912.0	11917.0
30	2023.5	0.0	0.0	7684.0
40	1909.75	0.0	0.0	8904.0
50	2138.5	0.0	0.0	9359.0
60	2035.0	0.0	0.0	7560.0
70	2387.25	0.0	0.0	8056.0
80	2372.0	0.0	0.0	7205.0
90	2400.0	0.0	0.0	5982.0
100	2205.75	0.0	0.0	5440.0
110	2268.5	0.0	0.0	5871.0
120	2358.0	0.0	0.0	6640.0
130	2428.0	0.0	0.0	6197.0
140	2401.5	0.0	0.0	8190.0
150	2522.25	0.0	0.0	9268.0
160	2474.25	0.0	0.0	8082.0
170	2372.75	0.0	0.0	8594.0
180	2660.5	0.0	0.0	8525.0
190	2187.5	0.0	0.0	10051.0
200	2577.25	0.0	0.0	8593.0
210	2602.0	0.0	0.0	6486.0
220	2468.5	0.0	0.0	8173.0
230	2809.5	0.0	0.0	9273.0
240	2299.75	0.0	0.0	6812.0
250	2502.75	0.0	0.0	7700.0
260	2254.0	0.0	0.0	8685.0
270	2532.25	0.0	0.0	7785.0
280	2450.25	0.0	0.0	7664.0
290	2549.0	0.0	0.0	13002.0
300	2781.5	0.0	0.0	10662.0
310	2575.0	0.0	0.0	6618.0
320	2648.25	0.0	0.0	9342.0
330	2859.0	0.0	0.0	13267.0
340	2702.25	0.0	0.0	8586.0
350	2979.5	0.0	0.0	7792.0
360	3415.0	0.0	0.0	11967.0
370	3124.0	0.0	0.0	11072.0
380	3237.0	0.0	0.0	11808.0
390	3175.5	0.0	0.0	7125.0
400	2654.5	0.0	0.0	7089.0
410	3138.0	0.0	0.0	7940.0
420	3175.75	0.0	0.0	9094.0
430	2434.5	0.0	0.0	8397.0
440	3278.75	0.0	0.0	9427.0
450	3389.0	0.0	0.0	10860.0
460	3214.25	0.0	0.0	6670.0
470	3321.5	0.0	0.0	11453.0
480	3673.0	0.0	0.0	10054.0
490	2875.75	0.0	0.0	10243.0
500	3018.0	0.0	0.0	9928.0
510	3464.25	0.0	0.0	10045.0
520	3682.5	0.0	0.0	8652.0
530	3419.25	0.0	0.0	9343.0
540	3792.25	0.0	0.0	6543.0
550	4013.0	0.0	0.0	9238.0
560	3557.0	0.0	0.0	9781.0
570	3098.75	0.0	0.0	11507.0
580	3317.0	0.0	0.0	7173.0
590	3642.5	0.0	0.0	9844.0
600	3383.25	0.0	0.0	11917.0
610	3252.75	0.0	0.0	11113.0
620	3037.5	0.0	0.0	11313.0
630	3141.0	0.0	0.0	12271.0
640	3924.0	0.0	0.0	10655.0
650	3615.5	0.0	0.0	11893.0
660	3723.25	0.0	0.0	9485.0
670	3640.5	0.0	0.0	9842.0
680	3260.5	0.0	0.0	13206.0
690	3418.75	0.0	0.0	9350.0
700	3524.75	0.0	0.0	9278.0
710	4028.25	0.0	0.0	8641.0
720	2912.5	0.0	0.0	9297.0
730	3791.25	0.0	0.0	9222.0
740	3873.25	0.0	0.0	11677.0
750	3826.5	0.0	0.0	10168.0
760	3877.0	0.0	0.0	10222.0
770	3322.75	0.0	0.0	9926.0
780	3459.5	0.0	0.0	10026.0
790	3361.5	0.0	0.0	10688.0
800	3930.5	0.0	0.0	13239.0
810	3715.75	0.0	0.0	7329.0
820	3807.75	0.0	0.0	7168.0
830	4015.0	0.0	0.0	10154.0
840	3420.75	0.0	0.0	12253.0
850	3576.25	0.0	0.0	9291.0
860	4193.5	0.0	0.0	11397.0
870	3101.5	0.0	0.0	10722.0
880	3371.25	0.0	0.0	12401.0
890	3681.5	0.0	0.0	13142.0
900	3887.75	0.0	0.0	10018.0
910	3705.75	0.0	0.0	10217.0
920	4165.0	0.0	0.0	9473.0
930	3955.25	0.0	0.0	8429.0
940	3903.25	0.0	0.0	8920.0
950	3642.75	0.0	0.0	10661.0
960	3714.25	0.0	0.0	9693.0
970	3715.0	0.0	0.0	9122.0
980	3943.0	0.0	0.0	9533.0
990	3747.75	0.0	0.0	9299.0
1000	3952.75	0.0	0.0	10353.0
