0	236.0	0.0	0.0	0.0
10	1778.75	400.0	1102.0	8170.0
20	2175.0	461.0	1402.0	8689.0
30	2083.25	139.0	326.0	6911.0
40	2110.5	0.0	0.0	9161.0
50	2138.25	0.0	0.0	8473.0
60	2332.75	0.0	0.0	10061.0
70	2220.0	0.0	0.0	9612.0
80	2264.75	0.0	0.0	8147.0
90	2152.75	0.0	0.0	8436.0
100	2429.75	0.0	0.0	9990.0
110	2379.5	0.0	0.0	4870.0
120	2851.25	0.0	0.0	11150.0
130	2525.75	0.0	0.0	10144.0
140	2596.25	0.0	0.0	9189.0
150	2723.75	0.0	0.0	5426.0
160	2362.25	0.0	0.0	7204.0
170	2137.25	0.0	0.0	7580.0
180	2411.0	0.0	0.0	9740.0
190	2423.0	0.0	0.0	8389.0
200	2627.25	0.0	0.0	9754.0
210	2072.0	0.0	0.0	7526.0
220	2428.5	0.0	0.0	11408.0
230	2125.5	0.0	0.0	8672.0
240	2413.75	0.0	0.0	7363.0
250	2671.75	0.0	0.0	7103.0
260	2619.0	0.0	0.0	8870.0
270	2523.5	0.0	0.0	8754.0
280	2783.75	0.0	0.0	9289.0
290	2960.0	0.0	0.0	6675.0
300	2408.5	0.0	0.0	9890.0
310	3079.5	0.0	0.0	9287.0
320	2876.5	0.0	0.0	9555.0
330	2966.75	0.0	0.0	7374.0
340	3639.75	0.0	0.0	8544.0
350	2785.25	0.0	0.0	9678.0
360	3438.75	0.0	0.0	8709.0
370	3106.5	0.0	0.0	7077.0
380	3287.0	0.0	0.0	8213.0
390	2770.75	0.0	0.0	7446.0
400	3396.75	0.0	0.0	9335.0
410	3517.0	0.0	0.0	5989.0
420	3481.0	0.0	0.0	10290.0
430	3418.25	0.0	0.0	9150.0
440	3345.75	0.0	0.0	12799.0
450	3110.0	0.0	0.0	9240.0
460	3798.5	0.0	0.0	10060.0
470	2866.25	0.0	0.0	11434.0
480	3235.25	0.0	0.0	11077.0
490	3686.5	0.0	0.0	8886.0
500	2894.75	0.0	0.0	8154.0
510	3657.25	0.0	0.0	8609.0
520	3768.75	0.0	0.0	11795.0
530	3599.75	0.0	0.0	10463.0
540	3938.5	0.0	0.0	11905.0
550	2964.75	0.0	0.0	9998.0
560	3705.25	0.0	0.0	11125.0
570	3499.25	0.0	0.0	11162.0
580	3728.0	0.0	0.0	8640.0
590	3657.25	0.0	0.0	11773.0
600	3902.0	0.0	0.0	11978.0
610	3632.0	0.0	0.0	9759.0
620	3176.5	0.0	0.0	10694.0
630	3965.75	0.0	0.0	9680.0
640	3841.75	0.0	0.0	14154.0
650	4177.25	0.0	0.0	14348.0
660	3456.75	0.0	0.0	10789.0
670	3347.5	0.0	0.0	5588.0
680	3570.0	0.0	0.0	11467.0
690	3812.25	0.0	0.0	8252.0
700	3724.5	0.0	0.0	11278.0
710	3753.75	0.0	0.0	11110.0
720	3002.5	0.0	0.0	9998.0
730	2916.75	0.0	0.0	10806.0
740	3614.5	0.0	0.0	12772.0
750	3726.25	0.0	0.0	10550.0
760	3967.0	0.0	0.0	9784.0
770	3437.75	0.0	0.0	11013.0
780	3970.5	0.0	0.0	11313.0
790	3878.0	0.0	0.0	8954.0
800	4234.5	0.0	0.0	12233.0
810	3680.0	0.0	0.0	9573.0
820	3514.25	0.0	0.0	9690.0
830	3613.25	0.0	0.0	11219.0
840	3704.5	0.0	0.0	12500.0
850	4118.5	0.0	0.0	8709.0
860	3485.5	0.0	0.0	11787.0
870	3957.5	0.0	0.0	6299.0
880	3778.25	0.0	0.0	11758.0
890	3368.25	0.0	0.0	9792.0
900	4177.75	0.0	0.0	10108.0
910	3726.5	0.0	0.0	8129.0
920	3443.5	0.0	0.0	9923.0
930	3968.5	0.0	0.0	11629.0
940	3427.25	0.0	0.0	9438.0
950	3878.25	0.0	0.0	7737.0
960	3943.5	0.0	0.0	10817.0
970	3656.5	0.0	0.0	11604.0
980	3517.75	0.0	0.0	8871.0
990	4067.5	0.0	0.0	10788.0
1000	3767.0	0.0	0.0	11750.0
