0	265.0	0.0	0.0	0.0
10	2080.25	674.0	1900.0	10997.0
20	2284.0	197.0	907.0	6067.0
30	2015.5	129.0	649.0	6992.0
40	2154.0	0.0	0.0	6320.0
50	2308.0	0.0	0.0	8559.0
60	2215.0	0.0	0.0	8641.0
70	2491.25	0.0	0.0	7823.0
80	2399.0	0.0	0.0	7970.0
90	1963.0	0.0	0.0	6438.0
100	2379.5	0.0	0.0	8096.0
110	2222.75	0.0	0.0	7917.0
120	2310.25	0.0	0.0	7990.0
130	2547.5	0.0	0.0	10171.0
140	2623.25	0.0	0.0	9759.0
150	2449.25	0.0	0.0	5609.0
160	2382.75	0.0	0.0	8892.0
170	2180.75	0.0	0.0	8711.0
180	2570.75	0.0	0.0	11738.0
190	2657.5	0.0	0.0	8436.0
200	2789.25	0.0	0.0	10966.0
210	2646.0	0.0	0.0	6447.0
220	2278.75	0.0	0.0	10333.0
230	2449.5	0.0	0.0	8664.0
240	2617.0	0.0	0.0	10498.0
250	2361.5	0.0	0.0	8240.0
260	2410.25	0.0	0.0	10105.0
270	2606.25	0.0	0.0	11540.0
280	2498.5	0.0	0.0	7980.0
290	3107.0	0.0	0.0	7637.0
300	2650.75	0.0	0.0	10767.0
310	2947.5	0.0	0.0	8171.0
320	2728.0	0.0	0.0	9402.0
330	3081.75	0.0	0.0	7979.0
340	3041.25	0.0	0.0	8624.0
350	2756.75	0.0	0.0	10843.0
360	2747.5	0.0	0.0	9030.0
370	3408.75	0.0	0.0	7622.0
380	3761.25	0.0	0.0	12867.0
390	2505.25	0.0	0.0	11534.0
400	3144.5	0.0	0.0	8090.0
410	3212.25	0.0	0.0	6416.0
420	3948.25	0.0	0.0	10618.0
430	3485.5	0.0	0.0	12252.0
440	2708.25	0.0	0.0	11027.0
450	3644.5	0.0	0.0	9726.0
460	3344.25	0.0	0.0	10189.0
470	3091.25	0.0	0.0	13760.0
480	4082.25	0.0	0.0	8358.0
490	3441.75	0.0	0.0	12001.0
500	2877.75	0.0	0.0	7470.0
510	3297.5	0.0	0.0	11178.0
520	3464.75	0.0	0.0	10825.0
530	3433.5	0.0	0.0	11114.0
540	4000.25	0.0	0.0	9243.0
550	3458.75	0.0	0.0	8996.0
560	3823.0	0.0	0.0	12503.0
570	3626.0	0.0	0.0	11556.0
580	3360.0	0.0	0.0	12106.0
590	3534.75	0.0	0.0	11012.0
600	3432.0	0.0	0.0	13823.0
610	3636.5	0.0	0.0	11701.0
620	3625.5	0.0	0.0	10866.0
630	3793.25	0.0	0.0	9107.0
640	3977.5	0.0	0.0	11671.0
650	3896.5	0.0	0.0	13422.0
660	4025.75	0.0	0.0	11769.0
670	3977.5	0.0	0.0	8119.0
680	3769.25	0.0	0.0	9692.0
690	3887.75	0.0	0.0	8961.0
700	3960.75	0.0	0.0	12244.0
710	4119.25	0.0	0.0	8849.0
720	3672.25	0.0	0.0	8575.0
730	3587.0	0.0	0.0	8772.0
740	3868.0	0.0	0.0	8576.0
750	3546.0	0.0	0.0	11397.0
760	3894.25	0.0	0.0	11948.0
770	4064.0	0.0	0.0	12178.0
780	3946.75	0.0	0.0	9002.0
790	3893.5	0.0	0.0	10698.0
800	3826.5	0.0	0.0	9813.0
810	3862.25	0.0	0.0	8564.0
820	4057.5	0.0	0.0	12099.0
830	3268.0	0.0	0.0	11586.0
840	3705.5	0.0	0.0	12744.0
850	4028.75	0.0	0.0	10029.0
860	3690.0	0.0	0.0	11712.0
870	3220.0	0.0	0.0	13417.0
880	3390.0	0.0	0.0	9800.0
890	3709.25	0.0	0.0	12095.0
900	3734.25	0.0	0.0	9488.0
910	3633.0	0.0	0.0	10199.0
920	3673.75	0.0	0.0	8561.0
930	3854.5	0.0	0.0	9139.0
940	3816.0	0.0	0.0	11771.0
950	3676.0	0.0	0.0	9386.0
960	3460.75	0.0	0.0	9134.0
970	4001.25	0.0	0.0	11606.0
980	3690.5	0.0	0.0	9234.0
990	3917.75	0.0	0.0	9400.0
1000	3321.5	0.0	0.0	13747.0
