0	231.5	0.0	0.0	0.0
10	2127.75	332.0	1446.0	8422.0
20	2180.5	503.0	1582.0	8833.0
30	2224.75	165.0	614.0	9154.0
40	2315.5	0.0	0.0	9644.0
50	2399.25	0.0	0.0	8576.0
60	2413.75	0.0	0.0	11047.0
70	2648.25	0.0	0.0	8278.0
80	2437.75	0.0	0.0	6802.0
90	2369.25	0.0	0.0	11327.0
100	2400.75	0.0	0.0	6984.0
110	2480.75	0.0	0.0	10469.0
120	2473.0	0.0	0.0	10419.0
130	2612.5	0.0	0.0	8531.0
140	2816.0	0.0	0.0	9728.0
150	2597.0	0.0	0.0	5889.0
160	2548.75	0.0	0.0	10978.0
170	2902.5	0.0	0.0	10561.0
180	2689.0	0.0	0.0	8549.0
190	3093.75	0.0	0.0	10204.0
200	2760.0	0.0	0.0	10203.0
210	2831.5	0.0	0.0	11692.0
220	2430.5	0.0	0.0	9022.0
230	2736.0	0.0	0.0	6064.0
240	2772.25	0.0	0.0	10234.0
250	2597.75	0.0	0.0	7075.0
260	2755.0	0.0	0.0	6445.0
270	2650.5	0.0	0.0	7628.0
280	2874.25	0.0	0.0	15070.0
290	3081.0	0.0	0.0	6118.0
300	2767.0	0.0	0.0	11382.0
310	2874.75	0.0	0.0	6578.0
320	3167.5	0.0	0.0	14574.0
330	2778.75	0.0	0.0	10040.0
340	3088.5	0.0	0.0	8753.0
350	3235.25	0.0	0.0	8532.0
360	3601.75	0.0	0.0	12662.0
370	3567.0	0.0	0.0	8444.0
380	3064.75	0.0	0.0	10100.0
390	3010.25	0.0	0.0	10552.0
400	3216.0	0.0	0.0	9485.0
410	3136.5	0.0	0.0	6917.0
420	3095.0	0.0	0.0	8907.0
430	3232.5	0.0	0.0	8452.0
440	3697.0	0.0	0.0	7966.0
450	3672.75	0.0	0.0	10225.0
460	3045.75	0.0	0.0	11481.0
470	3767.5	0.0	0.0	7483.0
480	3536.5	0.0	0.0	13431.0
490	3080.0	0.0	0.0	11792.0
500	3710.0	0.0	0.0	9442.0
510	3543.0	0.0	0.0	12937.0
520	3730.75	0.0	0.0	8433.0
530	3390.0	0.0	0.0	12295.0
540	3376.25	0.0	0.0	11836.0
550	3719.25	0.0	0.0	10304.0
560	3812.0	0.0	0.0	9878.0
570	3955.25	0.0	0.0	12324.0
580	4115.5	0.0	0.0	11134.0
590	4069.0	0.0	0.0	7564.0
600	3650.5	0.0	0.0	9988.0
610	4115.25	0.0	0.0	10472.0
620	3929.0	0.0	0.0	11378.0
630	3275.25	0.0	0.0	11646.0
640	3988.25	0.0	0.0	9872.0
650	3899.75	0.0	0.0	11807.0
660	3679.5	0.0	0.0	9440.0
670	4032.0	0.0	0.0	11335.0
680	3672.25	0.0	0.0	9078.0
690	3953.25	0.0	0.0	7639.0
700	4079.5	0.0	0.0	11528.0
710	3179.25	0.0	0.0	11372.0
720	3203.5	0.0	0.0	6591.0
730	3090.25	0.0	0.0	7288.0
740	4123.75	0.0	0.0	11776.0
750	3918.25	0.0	0.0	9511.0
760	3983.75	0.0	0.0	9938.0
770	3908.5	0.0	0.0	12385.0
780	3954.25	0.0	0.0	14163.0
790	3771.25	0.0	0.0	11741.0
800	3834.0	0.0	0.0	11003.0
810	3690.0	0.0	0.0	8450.0
820	3648.25	0.0	0.0	9939.0
830	3648.0	0.0	0.0	11485.0
840	4107.75	0.0	0.0	11794.0
850	3722.25	0.0	0.0	11371.0
860	4375.5	0.0	0.0	10947.0
870	3543.0	0.0	0.0	10365.0
880	3878.5	0.0	0.0	12184.0
890	3640.0	0.0	0.0	9660.0
900	3802.5	0.0	0.0	12362.0
910	2773.75	0.0	0.0	10526.0
920	3965.0	0.0	0.0	11606.0
930	3908.5	0.0	0.0	12661.0
940	3836.0	0.0	0.0	9565.0
950	3634.0	0.0	0.0	11769.0
960	3807.5	0.0	0.0	9935.0
970	3887.75	0.0	0.0	11664.0
980	3890.75	0.0	0.0	12207.0
990	4135.75	0.0	0.0	8508.0
1000	3626.5	0.0	0.0	8876.0
