0	255.0	0.0	0.0	0.0
10	1845.75	0.0	0.0	6966.0
20	2012.0	1000.0	1793.0	11551.0
30	2080.75	0.0	0.0	8843.0
40	2063.0	0.0	0.0	8166.0
50	2136.5	0.0	0.0	12342.0
60	2166.75	0.0	0.0	6475.0
70	2380.25	0.0	0.0	8654.0
80	2410.5	0.0	0.0	8694.0
90	2641.0	0.0	0.0	7746.0
100	2385.5	0.0	0.0	8608.0
110	2318.0	0.0	0.0	10325.0
120	2467.0	0.0	0.0	8256.0
130	2363.0	0.0	0.0	7108.0
140	2388.5	0.0	0.0	17858.0
150	2717.25	0.0	0.0	9517.0
160	2693.75	0.0	0.0	7603.0
170	2861.5	0.0	0.0	10397.0
180	2961.25	0.0	0.0	7919.0
190	2615.75	0.0	0.0	13990.0
200	2409.5	0.0	0.0	9764.0
210	2564.0	0.0	0.0	8929.0
220	2451.0	0.0	0.0	9355.0
230	2834.0	0.0	0.0	10572.0
240	2818.5	0.0	0.0	9084.0
250	2879.0	0.0	0.0	10928.0
260	2968.75	0.0	0.0	12193.0
270	3034.5	0.0	0.0	8154.0
280	2895.0	0.0	0.0	13245.0
290	2950.75	0.0	0.0	8951.0
300	3350.0	0.0	0.0	11452.0
310	3129.5	0.0	0.0	9171.0
320	3334.75	0.0	0.0	9350.0
330	3060.5	0.0	0.0	7699.0
340	3279.5	0.0	0.0	10855.0
350	3239.25	0.0	0.0	12237.0
360	3020.25	0.0	0.0	8210.0
370	3170.0	0.0	0.0	13069.0
380	3659.75	0.0	0.0	8425.0
390	3671.75	0.0	0.0	10063.0
400	3780.5	0.0	0.0	11208.0
410	3446.0	0.0	0.0	7799.0
420	2945.75	0.0	0.0	10865.0
430	3762.75	0.0	0.0	9297.0
440	3056.75	0.0	0.0	11540.0
450	3746.5	0.0	0.0	9609.0
460	3799.75	0.0	0.0	9155.0
470	3335.25	0.0	0.0	9094.0
480	3456.0	0.0	0.0	6779.0
490	3363.75	0.0	0.0	10863.0
500	3467.25	0.0	0.0	8380.0
510	2890.25	0.0	0.0	8943.0
520	3543.0	0.0	0.0	13306.0
530	3463.5	0.0	0.0	12673.0
540	3572.75	0.0	0.0	8307.0
550	3412.5	0.0	0.0	11975.0
560	3958.0	0.0	0.0	13389.0
570	3802.0	0.0	0.0	10496.0
580	3433.75	0.0	0.0	11239.0
590	3607.5	0.0	0.0	11660.0
600	3484.25	0.0	0.0	8664.0
610	4037.0	0.0	0.0	10753.0
620	3542.75	0.0	0.0	9723.0
630	3280.0	0.0	0.0	9028.0
640	3816.75	0.0	0.0	9186.0
650	4214.5	0.0	0.0	11027.0
660	3530.0	0.0	0.0	9657.0
670	3864.0	0.0	0.0	8134.0
680	3524.0	0.0	0.0	10768.0
690	3965.0	0.0	0.0	11197.0
700	4147.0	0.0	0.0	10023.0
710	3775.25	0.0	0.0	9007.0
720	3960.75	0.0	0.0	10179.0
730	3707.25	0.0	0.0	10082.0
740	3737.0	0.0	0.0	10467.0
750	3544.5	0.0	0.0	12476.0
760	3375.5	0.0	0.0	8282.0
770	2992.75	0.0	0.0	9699.0
780	4273.0	0.0	0.0	12924.0
790	3903.25	0.0	0.0	11444.0
800	4352.75	0.0	0.0	7829.0
810	3813.25	0.0	0.0	8979.0
820	3655.0	0.0	0.0	10486.0
830	3758.25	0.0	0.0	8567.0
840	3725.25	0.0	0.0	9781.0
850	3729.5	0.0	0.0	12341.0
860	3770.0	0.0	0.0	9999.0
870	4121.75	0.0	0.0	9653.0
880	3750.75	0.0	0.0	10558.0
890	3964.5	0.0	0.0	13372.0
900	3804.0	0.0	0.0	10144.0
910	3666.75	0.0	0.0	12339.0
920	3959.5	0.0	0.0	10471.0
930	3520.75	0.0	0.0	9977.0
940	3950.5	0.0	0.0	11746.0
950	3849.75	0.0	0.0	13071.0
960	3463.25	0.0	0.0	12320.0
970	3997.75	0.0	0.0	7525.0
980	3964.25	0.0	0.0	11214.0
990	3161.5	0.0	0.0	8085.0
1000	3399.0	0.0	0.0	8725.0
