0	256.0	0.0	0.0	0.0
10	1828.25	1000.0	4564.0	10058.0
20	2139.75	0.0	0.0	9783.0
30	2035.5	0.0	0.0	6991.0
40	2079.5	0.0	0.0	11309.0
50	2368.25	0.0	0.0	9434.0
60	2299.75	0.0	0.0	6572.0
70	2631.75	0.0	0.0	12025.0
80	2632.0	0.0	0.0	9772.0
90	2637.5	0.0	0.0	11004.0
100	2364.25	0.0	0.0	8721.0
110	2536.25	0.0	0.0	12399.0
120	2769.5	0.0	0.0	8326.0
130	2680.25	0.0	0.0	10606.0
140	2508.5	0.0	0.0	12828.0
150	2827.0	0.0	0.0	8633.0
160	2711.25	0.0	0.0	6313.0
170	2870.25	0.0	0.0	6180.0
180	2509.5	0.0	0.0	10677.0
190	2470.75	0.0	0.0	6272.0
200	2721.0	0.0	0.0	9489.0
210	2560.25	0.0	0.0	7768.0
220	2684.75	0.0	0.0	10024.0
230	1999.25	0.0	0.0	8570.0
240	2517.5	0.0	0.0	5310.0
250	2235.75	0.0	0.0	7409.0
260	2430.75	0.0	0.0	10652.0
270	2668.75	0.0	0.0	7685.0
280	2695.75	0.0	0.0	6802.0
290	1986.0	0.0	0.0	7934.0
300	2537.25	0.0	0.0	12580.0
310	2592.75	0.0	0.0	6241.0
320	2749.0	0.0	0.0	8322.0
330	3018.25	0.0	0.0	9862.0
340	2774.5	0.0	0.0	8384.0
350	3350.0	0.0	0.0	8130.0
360	2589.75	0.0	0.0	11396.0
370	3100.75	0.0	0.0	6200.0
380	3438.75	0.0	0.0	7629.0
390	3154.5	0.0	0.0	12826.0
400	2865.75	0.0	0.0	11006.0
410	2587.25	0.0	0.0	9590.0
420	3401.75	0.0	0.0	9868.0
430	3762.5	0.0	0.0	11993.0
440	3290.75	0.0	0.0	11095.0
450	3278.75	0.0	0.0	11702.0
460	3091.25	0.0	0.0	12241.0
470	3474.75	0.0	0.0	10568.0
480	3364.75	0.0	0.0	13057.0
490	3499.75	0.0	0.0	10626.0
500	3696.0	0.0	0.0	8639.0
510	3813.5	0.0	0.0	8993.0
520	3683.75	0.0	0.0	12343.0
530	3480.5	0.0	0.0	11956.0
540	3980.5	0.0	0.0	10219.0
550	3411.25	0.0	0.0	12532.0
560	3629.5	0.0	0.0	11970.0
570	3668.0	0.0	0.0	13994.0
580	3593.0	0.0	0.0	8681.0
590	3392.5	0.0	0.0	12115.0
600	3348.75	0.0	0.0	13912.0
610	3168.0	0.0	0.0	10844.0
620	3968.25	0.0	0.0	8570.0
630	3556.75	0.0	0.0	8216.0
640	3166.5	0.0	0.0	10352.0
650	3174.5	0.0	0.0	11182.0
660	4106.0	0.0	0.0	13627.0
670	3850.0	0.0	0.0	12068.0
680	3749.25	0.0	0.0	12847.0
690	2992.0	0.0	0.0	9406.0
700	3426.5	0.0	0.0	9842.0
710	3482.75	0.0	0.0	12108.0
720	3856.25	0.0	0.0	13320.0
730	3763.5	0.0	0.0	13085.0
740	3798.0	0.0	0.0	9505.0
750	3734.25	0.0	0.0	9228.0
760	3918.25	0.0	0.0	11818.0
770	3983.0	0.0	0.0	10765.0
780	3588.75	0.0	0.0	13439.0
790	3815.0	0.0	0.0	11399.0
800	3557.75	0.0	0.0	9772.0
810	3752.75	0.0	0.0	10166.0
820	3663.5	0.0	0.0	11432.0
830	4019.0	0.0	0.0	10564.0
840	3694.0	0.0	0.0	11567.0
850	3952.75	0.0	0.0	8278.0
860	4087.0	0.0	0.0	12883.0
870	3599.75	0.0	0.0	9519.0
880	3798.25	0.0	0.0	10049.0
890	3750.25	0.0	0.0	9086.0
900	4155.0	0.0	0.0	7977.0
910	3790.0	0.0	0.0	13671.0
920	3878.75	0.0	0.0	10734.0
930	3734.0	0.0	0.0	13929.0
940	3664.0	0.0	0.0	8232.0
950	4414.25	0.0	0.0	10552.0
960	4022.75	0.0	0.0	11725.0
970	3803.75	0.0	0.0	13239.0
980	3526.5	0.0	0.0	13002.0
990	3701.75	0.0	0.0	7740.0
1000	3690.0	0.0	0.0	9766.0
