0	2926.5	0.0	0.0	0.0
10	2219.8333333333335	1000.0	1887.0	10576.0
20	2631.3333333333335	0.0	0.0	12031.0
30	2544.1666666666665	0.0	0.0	7906.0
40	2873.1666666666665	0.0	0.0	5658.0
50	3095.0	0.0	0.0	8349.0
60	2803.3333333333335	0.0	0.0	8509.0
70	2976.6666666666665	0.0	0.0	9190.0
80	2385.6666666666665	0.0	0.0	8888.0
90	2616.8333333333335	0.0	0.0	9400.0
100	3018.3333333333335	0.0	0.0	9116.0
110	2484.5	0.0	0.0	10203.0
120	3094.1666666666665	0.0	0.0	11787.0
130	3113.6666666666665	0.0	0.0	11729.0
140	2705.1666666666665	0.0	0.0	7233.0
150	3243.0	0.0	0.0	9112.0
160	3389.1666666666665	0.0	0.0	10200.0
170	3624.0	0.0	0.0	14565.0
180	2820.5	0.0	0.0	11991.0
190	3058.1666666666665	0.0	0.0	11873.0
200	3518.5	0.0	0.0	6778.0
210	3278.1666666666665	0.0	0.0	8532.0
220	3296.0	0.0	0.0	10563.0
230	3566.5	0.0	0.0	8102.0
240	3056.0	0.0	0.0	8657.0
250	3527.1666666666665	0.0	0.0	11225.0
260	3470.1666666666665	0.0	0.0	10522.0
270	3826.3333333333335	0.0	0.0	9495.0
280	3412.3333333333335	0.0	0.0	6896.0
290	3551.0	0.0	0.0	8768.0
300	3605.1666666666665	0.0	0.0	8136.0
310	3746.6666666666665	0.0	0.0	12608.0
320	3509.0	0.0	0.0	9634.0
330	3305.3333333333335	0.0	0.0	9895.0
340	2819.0	0.0	0.0	9762.0
350	3519.3333333333335	0.0	0.0	9491.0
360	3981.3333333333335	0.0	0.0	10219.0
370	3723.6666666666665	0.0	0.0	9353.0
380	3659.3333333333335	0.0	0.0	10360.0
390	3963.3333333333335	0.0	0.0	13898.0
400	3747.6666666666665	0.0	0.0	9894.0
410	3803.0	0.0	0.0	10384.0
420	3371.5	0.0	0.0	11176.0
430	3644.3333333333335	0.0	0.0	10576.0
440	3404.1666666666665	0.0	0.0	9126.0
450	3242.3333333333335	0.0	0.0	8134.0
460	3549.1666666666665	0.0	0.0	11802.0
470	3756.8333333333335	0.0	0.0	8621.0
480	3627.8333333333335	0.0	0.0	6678.0
490	3411.6666666666665	0.0	0.0	11285.0
500	3638.5	0.0	0.0	8514.0
510	3775.8333333333335	0.0	0.0	9043.0
520	3803.5	0.0	0.0	9434.0
530	3822.1666666666665	0.0	0.0	11349.0
540	3957.1666666666665	0.0	0.0	11843.0
550	3944.3333333333335	0.0	0.0	10522.0
560	3431.1666666666665	0.0	0.0	10833.0
570	3750.1666666666665	0.0	0.0	12354.0
580	3806.6666666666665	0.0	0.0	8088.0
590	3832.0	0.0	0.0	9853.0
600	3865.3333333333335	0.0	0.0	11176.0
610	4068.6666666666665	0.0	0.0	11140.0
620	3675.8333333333335	0.0	0.0	9551.0
630	3633.6666666666665	0.0	0.0	11374.0
640	4014.3333333333335	0.0	0.0	11528.0
650	3619.8333333333335	0.0	0.0	9695.0
660	3930.5	0.0	0.0	10147.0
670	3953.0	0.0	0.0	9132.0
680	3495.0	0.0	0.0	9067.0
690	3747.1666666666665	0.0	0.0	11129.0
700	3660.0	0.0	0.0	8295.0
710	3767.3333333333335	0.0	0.0	11819.0
720	3627.6666666666665	0.0	0.0	10698.0
730	3553.5	0.0	0.0	11388.0
740	3658.8333333333335	0.0	0.0	10422.0
750	3935.6666666666665	0.0	0.0	10983.0
760	3725.3333333333335	0.0	0.0	10159.0
770	3373.3333333333335	0.0	0.0	10165.0
780	3740.5	0.0	0.0	13236.0
790	3941.6666666666665	0.0	0.0	10973.0
800	3986.5	0.0	0.0	10244.0
