0	2535.8333333333335	0.0	0.0	0.0
10	2272.1666666666665	1000.0	1775.0	7646.0
20	2914.1666666666665	0.0	0.0	7433.0
30	3064.3333333333335	0.0	0.0	9025.0
40	2525.8333333333335	0.0	0.0	10245.0
50	3061.0	0.0	0.0	11234.0
60	2793.1666666666665	0.0	0.0	8751.0
70	2719.0	0.0	0.0	10903.0
80	3143.0	0.0	0.0	8290.0
90	3449.0	0.0	0.0	10905.0
100	3574.3333333333335	0.0	0.0	8695.0
110	3305.8333333333335	0.0	0.0	9865.0
120	3628.5	0.0	0.0	12024.0
130	3732.1666666666665	0.0	0.0	9132.0
140	3667.5	0.0	0.0	14525.0
150	3367.0	0.0	0.0	11357.0
160	3595.0	0.0	0.0	9869.0
170	3555.1666666666665	0.0	0.0	11018.0
180	3300.1666666666665	0.0	0.0	11108.0
190	3189.0	0.0	0.0	7543.0
200	3518.6666666666665	0.0	0.0	13876.0
210	3281.5	0.0	0.0	7439.0
220	3278.3333333333335	0.0	0.0	12247.0
230	3590.6666666666665	0.0	0.0	9665.0
240	3490.0	0.0	0.0	10251.0
250	3032.0	0.0	0.0	11697.0
260	3775.8333333333335	0.0	0.0	9842.0
270	3474.3333333333335	0.0	0.0	9991.0
280	3202.0	0.0	0.0	8467.0
290	3124.8333333333335	0.0	0.0	8388.0
300	3561.8333333333335	0.0	0.0	9198.0
310	3463.5	0.0	0.0	10192.0
320	3459.8333333333335	0.0	0.0	7498.0
330	3504.5	0.0	0.0	10265.0
340	3840.8333333333335	0.0	0.0	10391.0
350	3048.6666666666665	0.0	0.0	10853.0
360	3696.8333333333335	0.0	0.0	12128.0
370	4003.3333333333335	0.0	0.0	8771.0
380	3202.5	0.0	0.0	10033.0
390	3287.3333333333335	0.0	0.0	11810.0
400	3691.5	0.0	0.0	10030.0
410	3266.3333333333335	0.0	0.0	11067.0
420	3323.0	0.0	0.0	14103.0
430	3603.5	0.0	0.0	9877.0
440	3982.3333333333335	0.0	0.0	8883.0
450	3772.3333333333335	0.0	0.0	11402.0
460	3888.1666666666665	0.0	0.0	9173.0
470	3945.3333333333335	0.0	0.0	6873.0
480	3694.3333333333335	0.0	0.0	12775.0
490	3365.8333333333335	0.0	0.0	9240.0
500	3565.5	0.0	0.0	12891.0
510	3933.5	0.0	0.0	8556.0
520	3615.5	0.0	0.0	10173.0
530	3712.0	0.0	0.0	7804.0
540	3493.1666666666665	0.0	0.0	12448.0
550	3754.1666666666665	0.0	0.0	11197.0
560	3562.1666666666665	0.0	0.0	10804.0
570	3690.0	0.0	0.0	13807.0
580	3719.3333333333335	0.0	0.0	11701.0
590	3675.8333333333335	0.0	0.0	7846.0
600	3918.0	0.0	0.0	8854.0
610	3794.5	0.0	0.0	13080.0
620	3323.6666666666665	0.0	0.0	11452.0
630	4060.8333333333335	0.0	0.0	9476.0
640	3783.8333333333335	0.0	0.0	10619.0
650	3525.5	0.0	0.0	8788.0
660	3853.1666666666665	0.0	0.0	8736.0
670	3652.5	0.0	0.0	9689.0
680	3615.8333333333335	0.0	0.0	11316.0
690	3960.3333333333335	0.0	0.0	9522.0
700	3721.8333333333335	0.0	0.0	9180.0
710	3849.8333333333335	0.0	0.0	9962.0
720	3853.8333333333335	0.0	0.0	9751.0
730	3801.3333333333335	0.0	0.0	7630.0
740	3696.5	0.0	0.0	9743.0
750	3717.5	0.0	0.0	10384.0
760	3647.8333333333335	0.0	0.0	9471.0
770	4177.0	0.0	0.0	12041.0
780	3985.1666666666665	0.0	0.0	10476.0
790	3930.5	0.0	0.0	10914.0
800	3871.1666666666665	0.0	0.0	6987.0
