0	1972.3333333333333	0.0	0.0	0.0
10	2323.8333333333335	50.0	94.0	12996.0
20	2359.3333333333335	48.0	101.0	10562.0
30	2396.6666666666665	39.0	105.0	9109.0
40	2408.1666666666665	50.0	57.0	9263.0
50	2245.5	14.0	19.0	8227.0
60	2448.8333333333335	81.0	182.0	10144.0
70	2401.5	22.0	23.0	8458.0
80	2382.3333333333335	81.0	161.0	5277.0
90	2630.3333333333335	115.0	188.0	11851.0
100	1964.3333333333333	141.0	212.0	8289.0
110	2015.0	162.0	226.0	8656.0
120	2137.1666666666665	33.0	72.0	8394.0
130	2281.1666666666665	145.0	220.0	11537.0
140	2338.1666666666665	19.0	20.0	8506.0
150	2355.1666666666665	0.0	0.0	10181.0
160	2385.0	0.0	0.0	10913.0
170	2476.3333333333335	0.0	0.0	9012.0
180	2651.3333333333335	0.0	0.0	9697.0
190	2761.3333333333335	0.0	0.0	8052.0
200	2625.0	0.0	0.0	7395.0
210	2658.6666666666665	0.0	0.0	10923.0
220	3232.0	0.0	0.0	8318.0
230	2844.6666666666665	0.0	0.0	8328.0
240	3153.5	0.0	0.0	8475.0
250	3029.0	0.0	0.0	12963.0
260	2901.1666666666665	0.0	0.0	6459.0
270	2565.6666666666665	0.0	0.0	12536.0
280	2451.0	0.0	0.0	8463.0
290	2896.5	0.0	0.0	8287.0
300	3154.0	0.0	0.0	10734.0
310	3121.1666666666665	0.0	0.0	11734.0
320	2556.8333333333335	0.0	0.0	10793.0
330	3274.8333333333335	0.0	0.0	7798.0
340	2975.6666666666665	0.0	0.0	11432.0
350	3501.5	0.0	0.0	8129.0
360	3313.1666666666665	0.0	0.0	14258.0
370	3115.3333333333335	0.0	0.0	11578.0
380	2865.5	0.0	0.0	7819.0
390	3046.5	0.0	0.0	11466.0
400	3687.5	0.0	0.0	11091.0
410	3720.5	0.0	0.0	7335.0
420	3661.0	0.0	0.0	8478.0
430	3532.8333333333335	0.0	0.0	7469.0
440	3493.0	0.0	0.0	12819.0
450	3619.0	0.0	0.0	10329.0
460	3865.1666666666665	0.0	0.0	13162.0
470	3133.0	0.0	0.0	10629.0
480	3361.5	0.0	0.0	8286.0
490	3393.5	0.0	0.0	10494.0
500	3390.3333333333335	0.0	0.0	6322.0
510	3535.6666666666665	0.0	0.0	9580.0
520	2973.1666666666665	0.0	0.0	11240.0
530	3105.3333333333335	0.0	0.0	9549.0
540	3338.1666666666665	0.0	0.0	10568.0
550	3150.1666666666665	0.0	0.0	9909.0
560	3064.6666666666665	0.0	0.0	9928.0
570	3750.0	0.0	0.0	11170.0
580	3964.8333333333335	0.0	0.0	10479.0
590	3444.8333333333335	0.0	0.0	10576.0
600	3665.8333333333335	0.0	0.0	10005.0
610	3096.8333333333335	0.0	0.0	10086.0
620	2915.8333333333335	0.0	0.0	9383.0
630	3183.3333333333335	0.0	0.0	12021.0
640	3650.1666666666665	0.0	0.0	10177.0
650	3785.1666666666665	0.0	0.0	13520.0
660	3769.0	0.0	0.0	9565.0
670	3494.5	0.0	0.0	9848.0
680	3447.3333333333335	0.0	0.0	11588.0
690	3779.6666666666665	0.0	0.0	8659.0
700	3709.0	0.0	0.0	9242.0
710	3924.0	0.0	0.0	10803.0
720	3780.3333333333335	0.0	0.0	12370.0
730	3546.0	0.0	0.0	6424.0
740	3671.5	0.0	0.0	9029.0
750	3677.3333333333335	0.0	0.0	8239.0
760	3891.0	0.0	0.0	8584.0
770	3957.8333333333335	0.0	0.0	11911.0
780	3391.1666666666665	0.0	0.0	12466.0
790	3834.8333333333335	0.0	0.0	8337.0
800	4003.0	0.0	0.0	12028.0
