0	2302.0	0.0	0.0	0.0
10	2357.6666666666665	5.0	44.0	10699.0
20	2313.5	0.0	24.0	9818.0
30	2193.1666666666665	36.0	54.0	8392.0
40	2268.3333333333335	28.0	37.0	6338.0
50	2361.0	46.0	74.0	6532.0
60	2328.5	56.0	94.0	10279.0
70	2405.5	49.0	82.0	8828.0
80	2290.5	0.0	0.0	5572.0
90	2584.5	19.0	40.0	10132.0
100	2587.5	32.0	112.0	9805.0
110	2758.3333333333335	48.0	69.0	10503.0
120	2530.3333333333335	96.0	128.0	11090.0
130	2180.0	25.0	45.0	6331.0
140	2086.6666666666665	121.0	153.0	10032.0
150	2163.6666666666665	63.0	199.0	10169.0
160	2639.8333333333335	92.0	127.0	7529.0
170	2354.0	40.0	162.0	11968.0
180	2404.8333333333335	64.0	87.0	9474.0
190	2593.6666666666665	164.0	211.0	9301.0
200	2486.1666666666665	16.0	92.0	8062.0
210	2455.6666666666665	0.0	0.0	9096.0
220	2714.5	0.0	0.0	6931.0
230	2614.0	0.0	0.0	9798.0
240	2960.3333333333335	0.0	0.0	9317.0
250	2968.6666666666665	0.0	0.0	4936.0
260	2861.8333333333335	0.0	0.0	7193.0
270	3159.8333333333335	0.0	0.0	10671.0
280	2754.1666666666665	0.0	0.0	10580.0
290	3160.3333333333335	0.0	0.0	10241.0
300	2922.5	0.0	0.0	7437.0
310	3429.0	0.0	0.0	6859.0
320	2944.5	0.0	0.0	11417.0
330	3333.1666666666665	0.0	0.0	12031.0
340	3632.8333333333335	0.0	0.0	11756.0
350	2829.8333333333335	0.0	0.0	12723.0
360	2580.6666666666665	0.0	0.0	12646.0
370	3390.6666666666665	0.0	0.0	9974.0
380	3008.8333333333335	0.0	0.0	7558.0
390	3550.0	0.0	0.0	10308.0
400	3830.3333333333335	0.0	0.0	14371.0
410	3613.5	0.0	0.0	10914.0
420	3622.6666666666665	0.0	0.0	12507.0
430	3641.1666666666665	0.0	0.0	10775.0
440	3699.0	0.0	0.0	8137.0
450	3419.8333333333335	0.0	0.0	10390.0
460	3184.8333333333335	0.0	0.0	9550.0
470	3670.0	0.0	0.0	8235.0
480	3046.0	0.0	0.0	9497.0
490	3367.6666666666665	0.0	0.0	11617.0
500	3802.8333333333335	0.0	0.0	11938.0
510	3286.0	0.0	0.0	8575.0
520	3594.8333333333335	0.0	0.0	8481.0
530	2791.8333333333335	0.0	0.0	8239.0
540	3841.5	0.0	0.0	8478.0
550	3894.0	0.0	0.0	10804.0
560	2833.0	0.0	0.0	10466.0
570	3184.3333333333335	0.0	0.0	7811.0
580	3432.1666666666665	0.0	0.0	9293.0
590	3638.3333333333335	0.0	0.0	9961.0
600	3687.8333333333335	0.0	0.0	6768.0
610	3823.5	0.0	0.0	11829.0
620	3527.0	0.0	0.0	9730.0
630	3639.6666666666665	0.0	0.0	10988.0
640	3672.6666666666665	0.0	0.0	10285.0
650	3865.6666666666665	0.0	0.0	10897.0
660	3167.1666666666665	0.0	0.0	11347.0
670	3477.8333333333335	0.0	0.0	11623.0
680	3534.1666666666665	0.0	0.0	11109.0
690	3864.8333333333335	0.0	0.0	11059.0
700	3738.3333333333335	0.0	0.0	12255.0
710	4092.3333333333335	0.0	0.0	10509.0
720	3680.6666666666665	0.0	0.0	11660.0
730	3839.0	0.0	0.0	8751.0
740	3737.8333333333335	0.0	0.0	8801.0
750	3810.6666666666665	0.0	0.0	9686.0
760	3730.3333333333335	0.0	0.0	7486.0
770	3988.8333333333335	0.0	0.0	12359.0
780	3990.1666666666665	0.0	0.0	8293.0
790	3832.6666666666665	0.0	0.0	8914.0
800	3917.1666666666665	0.0	0.0	12703.0
