0	2104.1666666666665	0.0	0.0	0.0
10	2474.0	20.0	36.0	9788.0
20	2318.1666666666665	63.0	104.0	9843.0
30	2124.3333333333335	53.0	64.0	7684.0
40	2430.6666666666665	4.0	27.0	7212.0
50	2337.1666666666665	0.0	9.0	8178.0
60	2480.3333333333335	79.0	119.0	7739.0
70	2515.1666666666665	64.0	122.0	12015.0
80	2523.8333333333335	0.0	0.0	4872.0
90	2806.3333333333335	43.0	55.0	8936.0
100	2819.0	22.0	42.0	10771.0
110	2514.0	78.0	107.0	7594.0
120	2138.0	52.0	75.0	8653.0
130	2417.1666666666665	35.0	46.0	7782.0
140	2598.8333333333335	106.0	173.0	10723.0
150	2494.6666666666665	50.0	68.0	8680.0
160	2641.3333333333335	34.0	84.0	11556.0
170	2850.8333333333335	41.0	126.0	10677.0
180	2969.0	75.0	111.0	7390.0
190	2975.1666666666665	27.0	82.0	11327.0
200	2278.5	107.0	184.0	9912.0
210	2538.3333333333335	47.0	61.0	11138.0
220	2919.5	0.0	0.0	11077.0
230	2769.0	0.0	0.0	9850.0
240	2378.6666666666665	0.0	0.0	6112.0
250	2901.8333333333335	0.0	0.0	9101.0
260	2755.8333333333335	0.0	0.0	8966.0
270	3014.1666666666665	0.0	0.0	7824.0
280	3084.3333333333335	0.0	0.0	9697.0
290	3444.3333333333335	0.0	0.0	8437.0
300	2975.6666666666665	0.0	0.0	11666.0
310	3120.0	0.0	0.0	7949.0
320	3339.5	0.0	0.0	8921.0
330	3022.6666666666665	0.0	0.0	10241.0
340	3052.8333333333335	0.0	0.0	7605.0
350	2532.5	0.0	0.0	6552.0
360	3118.0	0.0	0.0	9879.0
370	3564.8333333333335	0.0	0.0	11658.0
380	3181.0	0.0	0.0	9246.0
390	3483.8333333333335	0.0	0.0	7674.0
400	3594.3333333333335	0.0	0.0	11339.0
410	3080.6666666666665	0.0	0.0	11706.0
420	3286.0	0.0	0.0	13121.0
430	3043.0	0.0	0.0	12081.0
440	2937.3333333333335	0.0	0.0	9780.0
450	3707.5	0.0	0.0	8644.0
460	3814.1666666666665	0.0	0.0	7419.0
470	3451.6666666666665	0.0	0.0	10728.0
480	3586.5	0.0	0.0	8963.0
490	3212.1666666666665	0.0	0.0	10169.0
500	3454.1666666666665	0.0	0.0	9906.0
510	3856.6666666666665	0.0	0.0	11596.0
520	3389.5	0.0	0.0	10923.0
530	3475.3333333333335	0.0	0.0	9617.0
540	3284.8333333333335	0.0	0.0	9909.0
550	3566.5	0.0	0.0	12134.0
560	3267.5	0.0	0.0	10497.0
570	3824.6666666666665	0.0	0.0	10546.0
580	3816.6666666666665	0.0	0.0	12254.0
590	4275.5	0.0	0.0	7583.0
600	3769.1666666666665	0.0	0.0	12382.0
610	3562.6666666666665	0.0	0.0	12150.0
620	3690.6666666666665	0.0	0.0	9669.0
630	3810.1666666666665	0.0	0.0	12450.0
640	3510.6666666666665	0.0	0.0	7729.0
650	3825.0	0.0	0.0	9336.0
660	4057.5	0.0	0.0	10112.0
670	3761.5	0.0	0.0	12500.0
680	3747.3333333333335	0.0	0.0	11809.0
690	3821.5	0.0	0.0	15301.0
700	4154.666666666667	0.0	0.0	10888.0
710	3007.6666666666665	0.0	0.0	11510.0
720	3909.8333333333335	0.0	0.0	11566.0
730	3566.0	0.0	0.0	11384.0
740	3496.1666666666665	0.0	0.0	9853.0
750	3455.6666666666665	0.0	0.0	10469.0
760	3644.0	0.0	0.0	8334.0
770	3781.5	0.0	0.0	11710.0
780	4277.0	0.0	0.0	9737.0
790	3723.6666666666665	0.0	0.0	11136.0
800	3986.1666666666665	0.0	0.0	9919.0
