0	2301.8333333333335	0.0	0.0	0.0
10	2232.0	1.0	9.0	8275.0
20	2298.1666666666665	0.0	34.0	9343.0
30	2476.6666666666665	7.0	8.0	7943.0
40	2520.5	28.0	34.0	8794.0
50	2562.6666666666665	22.0	54.0	9026.0
60	2243.8333333333335	29.0	52.0	5648.0
70	2496.1666666666665	132.0	145.0	10627.0
80	2563.1666666666665	105.0	124.0	7692.0
90	2687.8333333333335	41.0	54.0	7158.0
100	2537.6666666666665	48.0	63.0	9085.0
110	2583.8333333333335	99.0	151.0	8346.0
120	2633.1666666666665	61.0	124.0	10443.0
130	2556.1666666666665	101.0	136.0	10059.0
140	2766.8333333333335	95.0	131.0	9459.0
150	2689.8333333333335	22.0	49.0	8475.0
160	3030.1666666666665	0.0	9.0	8318.0
170	2954.6666666666665	25.0	53.0	8472.0
180	2635.8333333333335	51.0	118.0	8136.0
190	2750.6666666666665	112.0	148.0	9690.0
200	2276.6666666666665	21.0	25.0	8590.0
210	2651.3333333333335	0.0	0.0	8287.0
220	2307.5	0.0	0.0	10714.0
230	2694.8333333333335	0.0	0.0	5965.0
240	2214.5	0.0	0.0	7164.0
250	2710.6666666666665	0.0	0.0	7998.0
260	2328.8333333333335	0.0	0.0	6788.0
270	2838.6666666666665	0.0	0.0	8450.0
280	2630.1666666666665	0.0	0.0	9400.0
290	2919.6666666666665	0.0	0.0	7259.0
300	3031.5	0.0	0.0	11723.0
310	2528.8333333333335	0.0	0.0	7419.0
320	2584.3333333333335	0.0	0.0	8687.0
330	2903.5	0.0	0.0	8397.0
340	3123.3333333333335	0.0	0.0	7152.0
350	2752.3333333333335	0.0	0.0	7997.0
360	2958.1666666666665	0.0	0.0	8617.0
370	3050.0	0.0	0.0	12354.0
380	3047.8333333333335	0.0	0.0	8931.0
390	2865.5	0.0	0.0	5972.0
400	2898.5	0.0	0.0	9200.0
410	2597.8333333333335	0.0	0.0	10105.0
420	3138.8333333333335	0.0	0.0	12628.0
430	2917.6666666666665	0.0	0.0	11329.0
440	3071.8333333333335	0.0	0.0	9588.0
450	2998.1666666666665	0.0	0.0	11212.0
460	2908.3333333333335	0.0	0.0	10953.0
470	3502.0	0.0	0.0	8972.0
480	2805.6666666666665	0.0	0.0	7842.0
490	2627.6666666666665	0.0	0.0	10398.0
500	3628.8333333333335	0.0	0.0	9172.0
510	3276.1666666666665	0.0	0.0	13709.0
520	3232.6666666666665	0.0	0.0	11390.0
530	3455.3333333333335	0.0	0.0	9133.0
540	3164.5	0.0	0.0	9989.0
550	3778.3333333333335	0.0	0.0	7516.0
560	3811.6666666666665	0.0	0.0	11153.0
570	3615.0	0.0	0.0	9444.0
580	3152.8333333333335	0.0	0.0	13450.0
590	3550.5	0.0	0.0	12511.0
600	3924.8333333333335	0.0	0.0	9178.0
610	3570.3333333333335	0.0	0.0	9023.0
620	3543.1666666666665	0.0	0.0	12570.0
630	3329.1666666666665	0.0	0.0	12639.0
640	3485.5	0.0	0.0	9230.0
650	3474.6666666666665	0.0	0.0	10465.0
660	3540.8333333333335	0.0	0.0	12177.0
670	3517.0	0.0	0.0	10823.0
680	3267.6666666666665	0.0	0.0	9567.0
690	3244.0	0.0	0.0	12720.0
700	3798.6666666666665	0.0	0.0	11344.0
710	3267.3333333333335	0.0	0.0	8709.0
720	3771.3333333333335	0.0	0.0	7833.0
730	3903.5	0.0	0.0	11252.0
740	3628.3333333333335	0.0	0.0	7932.0
750	3656.0	0.0	0.0	10377.0
760	3689.0	0.0	0.0	10179.0
770	3956.1666666666665	0.0	0.0	12079.0
780	3883.1666666666665	0.0	0.0	11225.0
790	3654.8333333333335	0.0	0.0	10926.0
800	3624.3333333333335	0.0	0.0	10632.0
