0	2422.0	0.0	0.0	0.0
10	2585.0	101.0	9827.0	9827.0
20	2776.0	159.0	12309.0	12309.0
30	2181.0	198.0	8929.0	8929.0
40	2455.75	201.0	11282.0	11282.0
50	2200.5	259.0	7260.0	7260.0
60	2223.75	82.0	4442.0	9001.0
70	3045.75	0.0	0.0	8075.0
80	3109.75	0.0	0.0	9983.0
90	3142.25	0.0	0.0	10422.0
100	2769.75	0.0	0.0	11817.0
110	2652.75	0.0	0.0	9219.0
120	3050.0	0.0	0.0	10464.0
130	2830.75	0.0	0.0	10683.0
140	3215.75	0.0	0.0	10566.0
150	2627.75	0.0	0.0	10448.0
160	3815.0	0.0	0.0	10933.0
170	2931.75	0.0	0.0	9883.0
180	3585.75	0.0	0.0	8991.0
190	3526.75	0.0	0.0	9934.0
200	3696.5	0.0	0.0	10153.0
210	3179.75	0.0	0.0	10543.0
220	3130.5	0.0	0.0	8415.0
230	3411.25	0.0	0.0	8236.0
240	3421.0	0.0	0.0	9389.0
250	3806.0	0.0	0.0	13263.0
260	3880.75	0.0	0.0	10196.0
270	2977.5	0.0	0.0	11037.0
280	2511.25	0.0	0.0	9386.0
290	4030.75	0.0	0.0	9471.0
300	3187.5	0.0	0.0	8550.0
310	3052.75	0.0	0.0	10334.0
320	3845.0	0.0	0.0	12223.0
330	3465.5	0.0	0.0	9253.0
340	3235.0	0.0	0.0	9892.0
350	3988.0	0.0	0.0	8236.0
360	3508.0	0.0	0.0	10339.0
370	3439.5	0.0	0.0	9910.0
380	3939.0	0.0	0.0	7329.0
390	2711.75	0.0	0.0	10187.0
400	3196.25	0.0	0.0	10716.0
410	3764.5	0.0	0.0	12378.0
420	3231.75	0.0	0.0	10207.0
430	4012.25	0.0	0.0	9911.0
440	3819.0	0.0	0.0	11231.0
450	3602.0	0.0	0.0	13122.0
460	4192.0	0.0	0.0	9391.0
470	3919.0	0.0	0.0	9148.0
480	3874.0	0.0	0.0	9985.0
490	3975.0	0.0	0.0	10051.0
500	3202.0	0.0	0.0	12412.0
510	3525.5	0.0	0.0	10259.0
520	3364.75	0.0	0.0	12194.0
530	3823.75	0.0	0.0	10698.0
540	2778.25	0.0	0.0	12107.0
550	4061.5	0.0	0.0	12321.0
560	3935.25	0.0	0.0	9657.0
570	2980.75	0.0	0.0	9587.0
580	4170.0	0.0	0.0	11031.0
590	3779.5	0.0	0.0	8936.0
600	3822.0	0.0	0.0	12189.0
610	3623.5	0.0	0.0	13980.0
620	3810.0	0.0	0.0	8210.0
630	3815.0	0.0	0.0	12066.0
640	3860.25	0.0	0.0	11333.0
650	4050.75	0.0	0.0	12090.0
660	3410.75	0.0	0.0	10752.0
670	4116.5	0.0	0.0	10037.0
680	3822.75	0.0	0.0	11172.0
690	3629.75	0.0	0.0	10552.0
700	3547.5	0.0	0.0	12127.0
710	3289.5	0.0	0.0	8712.0
720	4055.0	0.0	0.0	12681.0
730	4110.0	0.0	0.0	9572.0
740	3443.25	0.0	0.0	9773.0
750	3625.25	0.0	0.0	9092.0
760	3915.5	0.0	0.0	11790.0
770	3448.75	0.0	0.0	9331.0
780	3709.0	0.0	0.0	9626.0
790	3422.5	0.0	0.0	9529.0
800	3795.75	0.0	0.0	11012.0
