0	2637.0	0.0	0.0	0.0
10	2532.5	106.0	8431.0	8431.0
20	2388.5	129.0	6837.0	6837.0
30	2180.25	192.0	9202.0	9202.0
40	2764.75	463.0	11804.0	11804.0
50	2743.25	110.0	2958.0	8354.0
60	2716.25	0.0	0.0	9424.0
70	2619.0	0.0	0.0	9871.0
80	2498.75	0.0	0.0	8639.0
90	2060.25	0.0	0.0	7557.0
100	2251.5	0.0	0.0	6369.0
110	2741.75	0.0	0.0	8965.0
120	3169.75	0.0	0.0	8775.0
130	2700.25	0.0	0.0	6856.0
140	2713.75	0.0	0.0	11125.0
150	2726.75	0.0	0.0	7653.0
160	2179.25	0.0	0.0	12975.0
170	2483.5	0.0	0.0	9705.0
180	3312.5	0.0	0.0	6513.0
190	2805.0	0.0	0.0	9401.0
200	3288.25	0.0	0.0	9580.0
210	2863.0	0.0	0.0	9528.0
220	3075.25	0.0	0.0	9943.0
230	3283.75	0.0	0.0	12108.0
240	3215.75	0.0	0.0	10927.0
250	3553.5	0.0	0.0	9004.0
260	3189.5	0.0	0.0	9851.0
270	3651.0	0.0	0.0	11112.0
280	3466.0	0.0	0.0	12224.0
290	3664.25	0.0	0.0	9752.0
300	3863.5	0.0	0.0	11864.0
310	2863.0	0.0	0.0	11374.0
320	3494.0	0.0	0.0	11358.0
330	3436.75	0.0	0.0	8537.0
340	3772.25	0.0	0.0	12666.0
350	3686.25	0.0	0.0	12223.0
360	3788.5	0.0	0.0	11025.0
370	2927.5	0.0	0.0	9705.0
380	3401.75	0.0	0.0	11375.0
390	3880.75	0.0	0.0	10144.0
400	3275.0	0.0	0.0	11336.0
410	3937.0	0.0	0.0	14439.0
420	4032.75	0.0	0.0	7575.0
430	4004.25	0.0	0.0	8653.0
440	3969.0	0.0	0.0	12069.0
450	4024.25	0.0	0.0	11430.0
460	3605.75	0.0	0.0	10525.0
470	3473.0	0.0	0.0	8945.0
480	3500.0	0.0	0.0	15108.0
490	3345.25	0.0	0.0	9523.0
500	4064.25	0.0	0.0	10528.0
510	3960.75	0.0	0.0	11230.0
520	3831.5	0.0	0.0	9942.0
530	3683.5	0.0	0.0	9738.0
540	3719.0	0.0	0.0	9576.0
550	3758.0	0.0	0.0	11965.0
560	4013.75	0.0	0.0	11413.0
570	3520.25	0.0	0.0	9869.0
580	3475.75	0.0	0.0	11056.0
590	3631.75	0.0	0.0	9669.0
600	3751.25	0.0	0.0	9829.0
610	3519.25	0.0	0.0	8677.0
620	3856.5	0.0	0.0	8214.0
630	3962.25	0.0	0.0	11337.0
640	3947.75	0.0	0.0	6522.0
650	3806.5	0.0	0.0	8810.0
660	3293.0	0.0	0.0	10645.0
670	4084.5	0.0	0.0	8672.0
680	3811.5	0.0	0.0	10527.0
690	3515.75	0.0	0.0	13413.0
700	3423.25	0.0	0.0	9915.0
710	3727.0	0.0	0.0	10643.0
720	3629.25	0.0	0.0	9435.0
730	4072.5	0.0	0.0	13439.0
740	3541.0	0.0	0.0	10991.0
750	3276.25	0.0	0.0	10186.0
760	3647.5	0.0	0.0	11017.0
770	3715.0	0.0	0.0	9204.0
780	3906.75	0.0	0.0	11842.0
790	3749.5	0.0	0.0	9611.0
800	3709.5	0.0	0.0	11311.0
