0	260.6666666666667	0.0	0.0	0.0
10	1551.1666666666667	611.0	2859.0	11146.0
20	1934.6666666666667	171.0	749.0	8806.0
30	2137.1666666666665	199.0	746.0	9211.0
40	1738.3333333333333	19.0	126.0	5790.0
50	2135.3333333333335	0.0	0.0	6555.0
60	2206.8333333333335	0.0	0.0	8378.0
70	2188.0	0.0	0.0	8632.0
80	2298.6666666666665	0.0	0.0	8407.0
90	2294.8333333333335	0.0	0.0	9507.0
100	2307.8333333333335	0.0	0.0	6082.0
110	2466.0	0.0	0.0	7614.0
120	2472.3333333333335	0.0	0.0	6771.0
130	2533.6666666666665	0.0	0.0	9488.0
140	2568.3333333333335	0.0	0.0	9904.0
150	2358.0	0.0	0.0	6839.0
160	2218.1666666666665	0.0	0.0	8165.0
170	1748.0	0.0	0.0	8590.0
180	2437.5	0.0	0.0	10385.0
190	2714.8333333333335	0.0	0.0	11211.0
200	2469.5	0.0	0.0	9503.0
210	2329.5	0.0	0.0	9789.0
220	2451.8333333333335	0.0	0.0	9893.0
230	2334.5	0.0	0.0	6217.0
240	2524.3333333333335	0.0	0.0	6273.0
250	2443.6666666666665	0.0	0.0	6040.0
260	2530.5	0.0	0.0	9064.0
270	2710.1666666666665	0.0	0.0	9231.0
280	2959.1666666666665	0.0	0.0	8625.0
290	2513.1666666666665	0.0	0.0	10742.0
300	2819.5	0.0	0.0	6811.0
310	3063.0	0.0	0.0	7813.0
320	2444.1666666666665	0.0	0.0	8918.0
330	2374.8333333333335	0.0	0.0	11294.0
340	2865.8333333333335	0.0	0.0	10277.0
350	2976.3333333333335	0.0	0.0	12135.0
360	2751.0	0.0	0.0	9270.0
370	2942.3333333333335	0.0	0.0	14291.0
380	2970.0	0.0	0.0	9424.0
390	3562.0	0.0	0.0	8041.0
400	3449.1666666666665	0.0	0.0	10608.0
410	3323.0	0.0	0.0	10812.0
420	3577.1666666666665	0.0	0.0	11354.0
430	3455.0	0.0	0.0	11539.0
440	3454.0	0.0	0.0	11516.0
450	3094.3333333333335	0.0	0.0	12882.0
460	3666.0	0.0	0.0	12215.0
470	3571.5	0.0	0.0	10516.0
480	3408.1666666666665	0.0	0.0	9682.0
490	2923.1666666666665	0.0	0.0	10232.0
500	3110.6666666666665	0.0	0.0	10765.0
510	3125.1666666666665	0.0	0.0	8961.0
520	3608.5	0.0	0.0	11024.0
530	3391.0	0.0	0.0	11101.0
540	3447.3333333333335	0.0	0.0	6530.0
550	3319.5	0.0	0.0	10662.0
560	3410.8333333333335	0.0	0.0	10577.0
570	3655.3333333333335	0.0	0.0	13801.0
580	3260.5	0.0	0.0	10634.0
590	3567.8333333333335	0.0	0.0	10717.0
600	3738.6666666666665	0.0	0.0	8646.0
610	3914.0	0.0	0.0	10252.0
620	4076.0	0.0	0.0	12180.0
630	3318.1666666666665	0.0	0.0	11850.0
640	3540.5	0.0	0.0	12461.0
650	3916.1666666666665	0.0	0.0	11280.0
660	3742.1666666666665	0.0	0.0	10772.0
670	3505.5	0.0	0.0	8260.0
680	3686.3333333333335	0.0	0.0	9408.0
690	3751.3333333333335	0.0	0.0	12952.0
700	3570.5	0.0	0.0	9004.0
710	4221.666666666667	0.0	0.0	12075.0
720	3726.1666666666665	0.0	0.0	10526.0
730	3750.1666666666665	0.0	0.0	10551.0
740	3787.8333333333335	0.0	0.0	12641.0
750	3906.1666666666665	0.0	0.0	12092.0
760	3888.8333333333335	0.0	0.0	9726.0
770	3745.1666666666665	0.0	0.0	11148.0
780	3650.0	0.0	0.0	10075.0
790	3622.5	0.0	0.0	12028.0
800	3552.1666666666665	0.0	0.0	13001.0
810	3606.1666666666665	0.0	0.0	7828.0
820	3680.3333333333335	0.0	0.0	10706.0
830	3813.8333333333335	0.0	0.0	11694.0
840	4100.833333333333	0.0	0.0	12292.0
850	4079.1666666666665	0.0	0.0	9752.0
860	3785.3333333333335	0.0	0.0	12858.0
870	3827.6666666666665	0.0	0.0	10589.0
880	3817.6666666666665	0.0	0.0	10770.0
890	3223.8333333333335	0.0	0.0	13053.0
900	3478.1666666666665	0.0	0.0	12410.0
910	3658.5	0.0	0.0	10074.0
920	3568.5	0.0	0.0	12024.0
930	4002.6666666666665	0.0	0.0	9629.0
940	3875.5	0.0	0.0	10378.0
950	3765.0	0.0	0.0	11293.0
960	3475.6666666666665	0.0	0.0	7842.0
970	3952.3333333333335	0.0	0.0	8639.0
980	3748.3333333333335	0.0	0.0	10070.0
990	3703.8333333333335	0.0	0.0	10675.0
1000	3915.6666666666665	0.0	0.0	8776.0
