0	262.0	0.0	0.0	0.0
10	2040.1666666666667	248.0	1847.0	7534.0
20	1949.3333333333333	192.0	759.0	8407.0
30	2147.0	191.0	788.0	9355.0
40	2317.6666666666665	207.0	720.0	9525.0
50	2104.5	35.0	220.0	6675.0
60	2120.6666666666665	127.0	721.0	12375.0
70	2464.8333333333335	0.0	0.0	10075.0
80	2340.1666666666665	0.0	0.0	7736.0
90	2357.5	0.0	0.0	8497.0
100	2583.8333333333335	0.0	0.0	9129.0
110	2413.8333333333335	0.0	0.0	8680.0
120	2598.6666666666665	0.0	0.0	10159.0
130	2214.1666666666665	0.0	0.0	10872.0
140	2480.3333333333335	0.0	0.0	9689.0
150	2413.3333333333335	0.0	0.0	7201.0
160	2539.3333333333335	0.0	0.0	7525.0
170	2343.1666666666665	0.0	0.0	6047.0
180	2485.1666666666665	0.0	0.0	6245.0
190	2474.0	0.0	0.0	8174.0
200	2278.8333333333335	0.0	0.0	9869.0
210	2355.1666666666665	0.0	0.0	10094.0
220	2625.8333333333335	0.0	0.0	10477.0
230	2395.8333333333335	0.0	0.0	7521.0
240	2479.6666666666665	0.0	0.0	9096.0
250	2479.8333333333335	0.0	0.0	5514.0
260	2527.0	0.0	0.0	9908.0
270	2600.3333333333335	0.0	0.0	8867.0
280	3143.5	0.0	0.0	7766.0
290	2486.3333333333335	0.0	0.0	7781.0
300	2442.8333333333335	0.0	0.0	10733.0
310	2797.5	0.0	0.0	8877.0
320	2629.6666666666665	0.0	0.0	6672.0
330	3097.3333333333335	0.0	0.0	13299.0
340	2959.8333333333335	0.0	0.0	7521.0
350	2776.1666666666665	0.0	0.0	9415.0
360	2911.6666666666665	0.0	0.0	11201.0
370	2905.0	0.0	0.0	6313.0
380	2771.0	0.0	0.0	12521.0
390	3017.6666666666665	0.0	0.0	9014.0
400	3344.8333333333335	0.0	0.0	8122.0
410	3301.6666666666665	0.0	0.0	12671.0
420	3212.8333333333335	0.0	0.0	10361.0
430	3781.6666666666665	0.0	0.0	9226.0
440	3633.6666666666665	0.0	0.0	5843.0
450	3103.6666666666665	0.0	0.0	15637.0
460	3358.0	0.0	0.0	10722.0
470	3912.1666666666665	0.0	0.0	8318.0
480	3427.6666666666665	0.0	0.0	11762.0
490	3584.3333333333335	0.0	0.0	9323.0
500	3208.6666666666665	0.0	0.0	9714.0
510	3295.8333333333335	0.0	0.0	10348.0
520	3403.0	0.0	0.0	9717.0
530	3767.5	0.0	0.0	8779.0
540	3593.0	0.0	0.0	10628.0
550	3544.6666666666665	0.0	0.0	9512.0
560	3090.1666666666665	0.0	0.0	10470.0
570	3721.3333333333335	0.0	0.0	12020.0
580	3625.8333333333335	0.0	0.0	11768.0
590	3579.3333333333335	0.0	0.0	10260.0
600	3950.1666666666665	0.0	0.0	10841.0
610	3870.3333333333335	0.0	0.0	10593.0
620	3717.3333333333335	0.0	0.0	10145.0
630	3623.3333333333335	0.0	0.0	11818.0
640	3309.1666666666665	0.0	0.0	13438.0
650	3439.0	0.0	0.0	12060.0
660	3802.0	0.0	0.0	9469.0
670	2779.8333333333335	0.0	0.0	10125.0
680	3708.8333333333335	0.0	0.0	8877.0
690	3797.3333333333335	0.0	0.0	9864.0
700	3297.0	0.0	0.0	9537.0
710	3636.1666666666665	0.0	0.0	10612.0
720	3968.0	0.0	0.0	11080.0
730	3549.8333333333335	0.0	0.0	12115.0
740	3729.0	0.0	0.0	12994.0
750	3625.1666666666665	0.0	0.0	10345.0
760	3854.0	0.0	0.0	11081.0
770	4018.3333333333335	0.0	0.0	9105.0
780	3667.1666666666665	0.0	0.0	10383.0
790	3827.3333333333335	0.0	0.0	9658.0
800	3765.1666666666665	0.0	0.0	8639.0
810	3911.3333333333335	0.0	0.0	11501.0
820	3390.1666666666665	0.0	0.0	7867.0
830	3889.0	0.0	0.0	11663.0
840	3484.3333333333335	0.0	0.0	11541.0
850	3895.5	0.0	0.0	10088.0
860	3748.3333333333335	0.0	0.0	7269.0
870	3765.0	0.0	0.0	8323.0
880	3632.8333333333335	0.0	0.0	9491.0
890	3966.6666666666665	0.0	0.0	10563.0
900	3053.5	0.0	0.0	9094.0
910	3628.1666666666665	0.0	0.0	10739.0
920	3760.3333333333335	0.0	0.0	11697.0
930	3826.3333333333335	0.0	0.0	10976.0
940	3241.0	0.0	0.0	9758.0
950	3802.3333333333335	0.0	0.0	11689.0
960	3410.6666666666665	0.0	0.0	10859.0
970	3705.1666666666665	0.0	0.0	8534.0
980	3706.8333333333335	0.0	0.0	11382.0
990	3257.5	0.0	0.0	9242.0
1000	3833.3333333333335	0.0	0.0	9077.0
