0	2380.3333333333335	0.0	0.0	0.0
10	2606.6666666666665	1000.0	2422.0	8836.0
20	2315.1666666666665	0.0	0.0	10740.0
30	2797.3333333333335	0.0	0.0	9968.0
40	2690.0	0.0	0.0	9286.0
50	2774.1666666666665	0.0	0.0	9420.0
60	2785.5	0.0	0.0	7603.0
70	2463.0	0.0	0.0	9239.0
80	2928.0	0.0	0.0	7658.0
90	2985.5	0.0	0.0	9283.0
100	2986.0	0.0	0.0	10278.0
110	2911.0	0.0	0.0	11325.0
120	3605.3333333333335	0.0	0.0	9881.0
130	3443.6666666666665	0.0	0.0	8204.0
140	3273.1666666666665	0.0	0.0	9781.0
150	2862.3333333333335	0.0	0.0	12170.0
160	3087.5	0.0	0.0	7627.0
170	3183.3333333333335	0.0	0.0	8936.0
180	3540.0	0.0	0.0	10274.0
190	3635.8333333333335	0.0	0.0	8974.0
200	3538.0	0.0	0.0	9832.0
210	3210.8333333333335	0.0	0.0	8485.0
220	3448.8333333333335	0.0	0.0	12613.0
230	3153.5	0.0	0.0	8629.0
240	3383.3333333333335	0.0	0.0	10208.0
250	3537.6666666666665	0.0	0.0	13262.0
260	3450.5	0.0	0.0	13601.0
270	4032.8333333333335	0.0	0.0	8777.0
280	3470.8333333333335	0.0	0.0	12621.0
290	3102.6666666666665	0.0	0.0	13750.0
300	3306.5	0.0	0.0	7961.0
310	3150.0	0.0	0.0	13326.0
320	3374.5	0.0	0.0	9734.0
330	3697.1666666666665	0.0	0.0	9636.0
340	3789.8333333333335	0.0	0.0	10711.0
350	3675.5	0.0	0.0	13782.0
360	3340.0	0.0	0.0	10627.0
370	3516.6666666666665	0.0	0.0	8519.0
380	3185.5	0.0	0.0	11334.0
390	3772.1666666666665	0.0	0.0	10398.0
400	3833.6666666666665	0.0	0.0	11736.0
410	3203.6666666666665	0.0	0.0	7519.0
420	3666.6666666666665	0.0	0.0	9347.0
430	3745.3333333333335	0.0	0.0	8934.0
440	3663.6666666666665	0.0	0.0	6627.0
450	4021.6666666666665	0.0	0.0	10567.0
460	3799.5	0.0	0.0	10040.0
470	3749.3333333333335	0.0	0.0	10276.0
480	3659.3333333333335	0.0	0.0	12901.0
490	3863.5	0.0	0.0	13408.0
500	4014.0	0.0	0.0	8135.0
510	3535.6666666666665	0.0	0.0	8331.0
520	3341.0	0.0	0.0	10638.0
530	3688.0	0.0	0.0	11578.0
540	3551.1666666666665	0.0	0.0	8433.0
550	3507.6666666666665	0.0	0.0	12089.0
560	3535.8333333333335	0.0	0.0	9390.0
570	4002.8333333333335	0.0	0.0	11633.0
580	3828.6666666666665	0.0	0.0	7948.0
590	3536.1666666666665	0.0	0.0	7299.0
600	3627.5	0.0	0.0	11571.0
610	3825.6666666666665	0.0	0.0	9801.0
620	3818.6666666666665	0.0	0.0	12136.0
630	3810.5	0.0	0.0	9087.0
640	3891.1666666666665	0.0	0.0	12216.0
650	3995.1666666666665	0.0	0.0	7602.0
660	3757.5	0.0	0.0	11704.0
670	3663.3333333333335	0.0	0.0	11713.0
680	3752.5	0.0	0.0	8642.0
690	3694.6666666666665	0.0	0.0	10502.0
700	3858.6666666666665	0.0	0.0	9782.0
710	3472.1666666666665	0.0	0.0	11950.0
720	3722.3333333333335	0.0	0.0	7447.0
730	4032.8333333333335	0.0	0.0	8628.0
740	3894.3333333333335	0.0	0.0	13376.0
750	4152.5	0.0	0.0	12032.0
760	3716.5	0.0	0.0	10818.0
770	3253.5	0.0	0.0	13704.0
780	3810.0	0.0	0.0	10220.0
790	3838.8333333333335	0.0	0.0	8857.0
800	4027.5	0.0	0.0	9644.0
