0	2709.1666666666665	0.0	0.0	0.0
10	2102.8333333333335	2.0	929.0	6111.0
20	2766.0	17.0	1212.0	9320.0
30	2542.8333333333335	2.0	1340.0	10347.0
40	2866.1666666666665	26.0	1710.0	12136.0
50	2624.3333333333335	4.0	1818.0	13464.0
60	2763.5	0.0	768.0	6579.0
70	2707.3333333333335	0.0	1462.0	10902.0
80	2199.6666666666665	11.0	1464.0	10694.0
90	2167.8333333333335	11.0	1222.0	8298.0
100	2922.5	0.0	775.0	5444.0
110	2342.1666666666665	1.0	1161.0	8184.0
120	2554.8333333333335	4.0	1473.0	11134.0
130	2885.5	0.0	1219.0	9171.0
140	2861.3333333333335	8.0	1269.0	8947.0
150	3066.0	0.0	1217.0	9153.0
160	2911.8333333333335	1.0	1090.0	8719.0
170	2726.5	8.0	1578.0	11573.0
180	2608.1666666666665	2.0	1386.0	9142.0
190	2912.8333333333335	0.0	1136.0	8717.0
200	2703.6666666666665	0.0	912.0	7377.0
210	2843.8333333333335	0.0	1632.0	12383.0
220	2945.6666666666665	0.0	1076.0	9706.0
230	3099.6666666666665	0.0	1386.0	9854.0
240	3147.8333333333335	0.0	1060.0	7419.0
250	2965.6666666666665	0.0	933.0	6159.0
260	3482.8333333333335	0.0	1239.0	10778.0
270	3272.1666666666665	0.0	1060.0	7954.0
280	3205.5	0.0	1285.0	10843.0
290	3497.3333333333335	0.0	1700.0	12224.0
300	3319.3333333333335	0.0	1245.0	9086.0
310	3465.1666666666665	0.0	1369.0	10804.0
320	3720.5	0.0	1121.0	8395.0
330	3454.6666666666665	1.0	1095.0	7254.0
340	2870.8333333333335	0.0	1407.0	10562.0
350	3777.8333333333335	0.0	1439.0	10711.0
360	3570.1666666666665	0.0	1372.0	9388.0
370	3853.1666666666665	0.0	1402.0	10565.0
380	3336.1666666666665	0.0	1248.0	8259.0
390	3782.6666666666665	0.0	1434.0	10823.0
400	3347.1666666666665	0.0	1500.0	11708.0
410	3463.0	0.0	1325.0	9161.0
420	3935.6666666666665	0.0	1602.0	10393.0
430	3700.3333333333335	0.0	1976.0	13696.0
440	3016.0	0.0	1632.0	10849.0
450	3689.1666666666665	0.0	1510.0	10884.0
460	3550.1666666666665	0.0	1667.0	10498.0
470	3690.3333333333335	0.0	2004.0	14144.0
480	3561.0	0.0	1912.0	13319.0
490	3964.5	0.0	1765.0	12760.0
500	4121.833333333333	0.0	1544.0	9299.0
510	3690.0	0.0	1761.0	11701.0
520	3415.6666666666665	0.0	1560.0	9865.0
530	3846.6666666666665	0.0	1634.0	9882.0
540	3827.6666666666665	0.0	1533.0	9246.0
550	3834.8333333333335	0.0	1503.0	9296.0
560	3877.3333333333335	0.0	1941.0	12484.0
570	4131.833333333333	0.0	1363.0	10106.0
580	3880.8333333333335	0.0	1477.0	10805.0
590	4094.0	0.0	1511.0	10250.0
600	3632.0	0.0	1171.0	7632.0
610	3987.3333333333335	0.0	1762.0	11160.0
620	3996.0	0.0	1722.0	9755.0
630	3607.5	0.0	1719.0	11457.0
640	3712.5	0.0	1471.0	9272.0
650	3524.0	0.0	1271.0	8434.0
660	3705.6666666666665	0.0	1608.0	10646.0
670	3431.0	0.0	1637.0	12041.0
680	3871.1666666666665	0.0	1402.0	9413.0
690	3277.1666666666665	0.0	1572.0	10568.0
700	3591.1666666666665	0.0	1206.0	8588.0
710	3757.0	0.0	1435.0	9336.0
720	3514.5	0.0	1486.0	10640.0
730	4104.0	0.0	1439.0	8348.0
740	3499.0	0.0	1068.0	7860.0
750	3917.6666666666665	0.0	1485.0	9690.0
760	3801.6666666666665	0.0	1195.0	7673.0
770	3381.3333333333335	0.0	1971.0	13165.0
780	3810.8333333333335	0.0	1489.0	10460.0
790	3662.5	0.0	1517.0	10277.0
800	3509.5	0.0	1915.0	12086.0
