0	1484.6666666666667	0.0	0.0	0.0
10	1636.3333333333333	77.0	817.0	7238.0
20	1749.3333333333333	61.0	1270.0	9509.0
30	2053.3333333333335	162.0	1919.0	11467.0
40	2022.5	94.0	1240.0	10285.0
50	1956.1666666666667	5.0	819.0	7212.0
60	2191.0	39.0	1487.0	10740.0
70	2185.0	37.0	1081.0	7955.0
80	2104.5	88.0	1260.0	9226.0
90	2394.3333333333335	67.0	1393.0	10948.0
100	2380.0	16.0	1092.0	7959.0
110	2112.0	33.0	984.0	8239.0
120	1875.5	38.0	976.0	6491.0
130	1836.5	44.0	905.0	5664.0
140	2197.5	83.0	1476.0	10313.0
150	2274.5	52.0	1445.0	10096.0
160	2298.5	33.0	1104.0	6805.0
170	2086.6666666666665	42.0	1069.0	7889.0
180	2242.1666666666665	29.0	1457.0	10783.0
190	2272.8333333333335	0.0	0.0	6184.0
200	2220.5	0.0	0.0	7998.0
210	2407.8333333333335	0.0	0.0	9517.0
220	2004.6666666666667	0.0	0.0	9895.0
230	2328.8333333333335	0.0	0.0	7496.0
240	2150.6666666666665	0.0	0.0	7834.0
250	2428.6666666666665	0.0	0.0	7442.0
260	2816.1666666666665	0.0	0.0	6452.0
270	2571.8333333333335	0.0	0.0	7652.0
280	2385.6666666666665	0.0	0.0	6793.0
290	2612.0	0.0	0.0	5486.0
300	2563.1666666666665	0.0	0.0	7163.0
310	2768.6666666666665	0.0	0.0	8487.0
320	2618.3333333333335	0.0	0.0	8442.0
330	2661.8333333333335	0.0	0.0	7501.0
340	2786.8333333333335	0.0	0.0	11328.0
350	2489.5	0.0	0.0	7276.0
360	2732.3333333333335	0.0	0.0	7192.0
370	2782.1666666666665	0.0	0.0	7848.0
380	3083.0	0.0	0.0	12319.0
390	3346.3333333333335	0.0	0.0	12860.0
400	3185.8333333333335	0.0	0.0	7842.0
410	3133.6666666666665	0.0	0.0	10832.0
420	3224.8333333333335	0.0	0.0	8097.0
430	2958.3333333333335	0.0	0.0	6444.0
440	3125.3333333333335	0.0	0.0	10156.0
450	3043.1666666666665	0.0	0.0	10142.0
460	3258.1666666666665	0.0	0.0	9099.0
470	3451.0	0.0	0.0	12506.0
480	3205.6666666666665	0.0	0.0	14143.0
490	3513.5	0.0	0.0	8299.0
500	2992.6666666666665	0.0	0.0	9971.0
510	3600.1666666666665	0.0	0.0	9183.0
520	3022.1666666666665	0.0	0.0	8741.0
530	3736.5	0.0	0.0	10535.0
540	3198.3333333333335	0.0	0.0	11494.0
550	3061.8333333333335	0.0	0.0	10040.0
560	3464.1666666666665	0.0	0.0	11564.0
570	3499.8333333333335	0.0	0.0	10781.0
580	3207.1666666666665	0.0	0.0	10342.0
590	3349.3333333333335	0.0	0.0	11732.0
600	3319.8333333333335	0.0	0.0	9646.0
610	3838.6666666666665	0.0	0.0	9223.0
620	3669.6666666666665	0.0	0.0	11356.0
630	3705.6666666666665	0.0	0.0	12509.0
640	2911.6666666666665	0.0	0.0	11044.0
650	3674.3333333333335	0.0	0.0	10518.0
660	3209.6666666666665	0.0	0.0	9083.0
670	3725.1666666666665	0.0	0.0	7133.0
680	3863.5	0.0	0.0	8448.0
690	3448.1666666666665	0.0	0.0	10739.0
700	3461.8333333333335	0.0	0.0	12310.0
710	3658.0	0.0	0.0	10549.0
720	3626.5	0.0	0.0	12032.0
730	3823.1666666666665	0.0	0.0	8833.0
740	4070.8333333333335	0.0	0.0	9642.0
750	3755.3333333333335	0.0	0.0	8282.0
760	3681.8333333333335	0.0	0.0	11560.0
770	3399.8333333333335	0.0	0.0	9311.0
780	3774.0	0.0	0.0	10180.0
790	3537.3333333333335	0.0	0.0	7448.0
800	3558.5	0.0	0.0	10137.0
810	4018.1666666666665	0.0	0.0	10606.0
820	3809.5	0.0	0.0	10531.0
830	3479.3333333333335	0.0	0.0	11675.0
840	3777.0	0.0	0.0	9907.0
850	3561.5	0.0	0.0	13030.0
860	3539.6666666666665	0.0	0.0	10337.0
870	3635.5	0.0	0.0	11624.0
880	4000.6666666666665	0.0	0.0	10599.0
890	4048.1666666666665	0.0	0.0	13851.0
900	3630.0	0.0	0.0	11998.0
910	3831.3333333333335	0.0	0.0	11166.0
920	3950.0	0.0	0.0	12314.0
930	3846.8333333333335	0.0	0.0	11232.0
940	3871.8333333333335	0.0	0.0	8443.0
950	3931.6666666666665	0.0	0.0	6955.0
960	3669.6666666666665	0.0	0.0	9860.0
970	3781.8333333333335	0.0	0.0	9925.0
980	3952.0	0.0	0.0	11800.0
990	3609.5	0.0	0.0	10546.0
1000	3882.8333333333335	0.0	0.0	8477.0
