0	1524.1666666666667	0.0	0.0	0.0
10	1756.5	165.0	951.0	8034.0
20	2014.1666666666667	150.0	1208.0	8927.0
30	1725.3333333333333	79.0	827.0	6220.0
40	1954.8333333333333	40.0	869.0	7008.0
50	2163.0	98.0	1610.0	10588.0
60	2252.1666666666665	37.0	1265.0	9410.0
70	2220.0	35.0	1376.0	9121.0
80	2087.1666666666665	8.0	913.0	7970.0
90	2172.0	20.0	875.0	6909.0
100	2214.1666666666665	53.0	1663.0	11392.0
110	2090.5	80.0	1368.0	8481.0
120	2138.3333333333335	26.0	1214.0	8088.0
130	2406.5	38.0	1128.0	8296.0
140	2548.0	29.0	1291.0	9131.0
150	2290.6666666666665	9.0	978.0	6794.0
160	2162.8333333333335	69.0	1790.0	13073.0
170	2586.0	37.0	1685.0	10903.0
180	2691.0	27.0	870.0	11169.0
190	1979.1666666666667	0.0	0.0	7459.0
200	2406.0	0.0	0.0	7192.0
210	2345.0	0.0	0.0	10696.0
220	2563.6666666666665	0.0	0.0	6728.0
230	2376.5	0.0	0.0	7503.0
240	2654.5	0.0	0.0	9240.0
250	2458.5	0.0	0.0	9196.0
260	2565.0	0.0	0.0	9887.0
270	2291.0	0.0	0.0	8567.0
280	2969.1666666666665	0.0	0.0	8157.0
290	2451.3333333333335	0.0	0.0	7824.0
300	3016.3333333333335	0.0	0.0	7958.0
310	3229.5	0.0	0.0	11469.0
320	3017.1666666666665	0.0	0.0	9948.0
330	3051.8333333333335	0.0	0.0	12432.0
340	2673.5	0.0	0.0	10994.0
350	2976.0	0.0	0.0	10167.0
360	2718.6666666666665	0.0	0.0	9922.0
370	3352.0	0.0	0.0	7777.0
380	2894.0	0.0	0.0	7374.0
390	3178.0	0.0	0.0	11579.0
400	2985.0	0.0	0.0	10514.0
410	2955.8333333333335	0.0	0.0	10162.0
420	3280.8333333333335	0.0	0.0	12025.0
430	3210.8333333333335	0.0	0.0	10908.0
440	3313.0	0.0	0.0	11708.0
450	3441.1666666666665	0.0	0.0	8925.0
460	3508.6666666666665	0.0	0.0	10845.0
470	3113.6666666666665	0.0	0.0	11706.0
480	3257.8333333333335	0.0	0.0	8057.0
490	3729.5	0.0	0.0	9926.0
500	3233.5	0.0	0.0	7231.0
510	3296.1666666666665	0.0	0.0	11233.0
520	3507.0	0.0	0.0	11506.0
530	3654.0	0.0	0.0	8867.0
540	3584.8333333333335	0.0	0.0	8793.0
550	3269.0	0.0	0.0	10259.0
560	3040.0	0.0	0.0	7454.0
570	3442.8333333333335	0.0	0.0	9413.0
580	3274.5	0.0	0.0	9161.0
590	3406.8333333333335	0.0	0.0	9889.0
600	3638.3333333333335	0.0	0.0	5822.0
610	3431.0	0.0	0.0	12818.0
620	3263.6666666666665	0.0	0.0	9513.0
630	3531.5	0.0	0.0	8932.0
640	3830.3333333333335	0.0	0.0	11040.0
650	3580.8333333333335	0.0	0.0	10968.0
660	3523.0	0.0	0.0	11987.0
670	3952.1666666666665	0.0	0.0	9694.0
680	3544.1666666666665	0.0	0.0	13900.0
690	3517.8333333333335	0.0	0.0	11161.0
700	3564.6666666666665	0.0	0.0	11319.0
710	3210.0	0.0	0.0	12867.0
720	3571.1666666666665	0.0	0.0	9609.0
730	3606.1666666666665	0.0	0.0	10028.0
740	3956.1666666666665	0.0	0.0	11670.0
750	3524.6666666666665	0.0	0.0	10615.0
760	3918.6666666666665	0.0	0.0	9538.0
770	3635.0	0.0	0.0	9710.0
780	3561.5	0.0	0.0	12824.0
790	3946.8333333333335	0.0	0.0	10220.0
800	3715.3333333333335	0.0	0.0	8917.0
810	3835.5	0.0	0.0	10592.0
820	3854.0	0.0	0.0	11560.0
830	3738.3333333333335	0.0	0.0	8367.0
840	3695.5	0.0	0.0	11018.0
850	3738.1666666666665	0.0	0.0	8739.0
860	3721.6666666666665	0.0	0.0	8612.0
870	3740.0	0.0	0.0	9668.0
880	3571.3333333333335	0.0	0.0	8681.0
890	3748.6666666666665	0.0	0.0	10592.0
900	3654.0	0.0	0.0	9124.0
910	3501.5	0.0	0.0	9398.0
920	3627.5	0.0	0.0	10422.0
930	3634.8333333333335	0.0	0.0	9871.0
940	3982.8333333333335	0.0	0.0	7302.0
950	3587.3333333333335	0.0	0.0	8470.0
960	3908.5	0.0	0.0	10695.0
970	3508.8333333333335	0.0	0.0	11355.0
980	3776.0	0.0	0.0	11678.0
990	3740.3333333333335	0.0	0.0	11540.0
1000	3806.5	0.0	0.0	10236.0
