0	2548.5	0.0	0.0	0.0
10	2731.6666666666665	498.0	9713.0	9713.0
20	2838.3333333333335	502.0	6769.0	7580.0
30	3019.1666666666665	0.0	0.0	13323.0
40	2746.6666666666665	0.0	0.0	8649.0
50	2876.0	0.0	0.0	9197.0
60	2535.0	0.0	0.0	7983.0
70	3232.3333333333335	0.0	0.0	11076.0
80	2600.1666666666665	0.0	0.0	10984.0
90	2868.5	0.0	0.0	8544.0
100	3069.8333333333335	0.0	0.0	12765.0
110	3361.0	0.0	0.0	7803.0
120	3087.0	0.0	0.0	13277.0
130	3080.0	0.0	0.0	9879.0
140	3300.1666666666665	0.0	0.0	8143.0
150	3193.0	0.0	0.0	9792.0
160	2618.0	0.0	0.0	10985.0
170	3353.8333333333335	0.0	0.0	10050.0
180	3063.0	0.0	0.0	10251.0
190	3275.0	0.0	0.0	7613.0
200	3696.0	0.0	0.0	7479.0
210	3324.8333333333335	0.0	0.0	11469.0
220	3693.8333333333335	0.0	0.0	9759.0
230	3134.8333333333335	0.0	0.0	7698.0
240	3710.5	0.0	0.0	11748.0
250	3801.6666666666665	0.0	0.0	9428.0
260	3550.1666666666665	0.0	0.0	8770.0
270	3781.8333333333335	0.0	0.0	11214.0
280	3286.0	0.0	0.0	9718.0
290	3658.5	0.0	0.0	8986.0
300	3744.1666666666665	0.0	0.0	10713.0
310	3710.5	0.0	0.0	10128.0
320	4084.5	0.0	0.0	9351.0
330	3390.1666666666665	0.0	0.0	11288.0
340	3346.8333333333335	0.0	0.0	5347.0
350	3383.0	0.0	0.0	9378.0
360	3711.5	0.0	0.0	11066.0
370	3951.5	0.0	0.0	8638.0
380	3814.3333333333335	0.0	0.0	9353.0
390	3567.0	0.0	0.0	9863.0
400	3931.6666666666665	0.0	0.0	11298.0
410	3551.8333333333335	0.0	0.0	8190.0
420	3162.1666666666665	0.0	0.0	9861.0
430	3769.3333333333335	0.0	0.0	8611.0
440	3392.6666666666665	0.0	0.0	10948.0
450	3943.8333333333335	0.0	0.0	9845.0
460	3541.1666666666665	0.0	0.0	10600.0
470	4088.8333333333335	0.0	0.0	13583.0
480	3664.3333333333335	0.0	0.0	10207.0
490	3407.0	0.0	0.0	9849.0
500	3830.1666666666665	0.0	0.0	11867.0
510	3741.1666666666665	0.0	0.0	10838.0
520	3796.8333333333335	0.0	0.0	9916.0
530	3995.6666666666665	0.0	0.0	12074.0
540	3749.0	0.0	0.0	11670.0
550	3708.5	0.0	0.0	13553.0
560	4015.0	0.0	0.0	12183.0
570	4140.833333333333	0.0	0.0	9586.0
580	4056.6666666666665	0.0	0.0	11474.0
590	3566.1666666666665	0.0	0.0	12688.0
600	4090.0	0.0	0.0	9753.0
