0	2477.3333333333335	0.0	0.0	0.0
10	2699.1666666666665	1000.0	10939.0	13226.0
20	2773.3333333333335	0.0	0.0	7168.0
30	2621.5	0.0	0.0	7494.0
40	3221.8333333333335	0.0	0.0	8012.0
50	3233.8333333333335	0.0	0.0	7529.0
60	3194.5	0.0	0.0	8049.0
70	3286.3333333333335	0.0	0.0	10710.0
80	2794.3333333333335	0.0	0.0	8668.0
90	2920.1666666666665	0.0	0.0	7776.0
100	3574.3333333333335	0.0	0.0	8916.0
110	3425.8333333333335	0.0	0.0	12084.0
120	3418.0	0.0	0.0	10783.0
130	3574.1666666666665	0.0	0.0	9455.0
140	3417.6666666666665	0.0	0.0	8508.0
150	3599.1666666666665	0.0	0.0	11848.0
160	2854.8333333333335	0.0	0.0	11916.0
170	3228.1666666666665	0.0	0.0	11158.0
180	3612.3333333333335	0.0	0.0	14046.0
190	3507.8333333333335	0.0	0.0	9961.0
200	3461.0	0.0	0.0	9495.0
210	3426.0	0.0	0.0	11530.0
220	3413.0	0.0	0.0	9424.0
230	3078.3333333333335	0.0	0.0	9174.0
240	3720.5	0.0	0.0	10522.0
250	2888.8333333333335	0.0	0.0	8364.0
260	3433.6666666666665	0.0	0.0	12018.0
270	3322.6666666666665	0.0	0.0	8915.0
280	3538.1666666666665	0.0	0.0	9386.0
290	3482.8333333333335	0.0	0.0	9063.0
300	3532.1666666666665	0.0	0.0	10346.0
310	3114.1666666666665	0.0	0.0	10813.0
320	3952.6666666666665	0.0	0.0	10134.0
330	3311.5	0.0	0.0	8506.0
340	3360.6666666666665	0.0	0.0	8083.0
350	3784.8333333333335	0.0	0.0	11567.0
360	3571.0	0.0	0.0	12152.0
370	3718.0	0.0	0.0	9292.0
380	3473.0	0.0	0.0	11039.0
390	3744.5	0.0	0.0	12963.0
400	3929.6666666666665	0.0	0.0	13068.0
410	4049.3333333333335	0.0	0.0	9291.0
420	3479.0	0.0	0.0	9495.0
430	4223.833333333333	0.0	0.0	9633.0
440	4025.0	0.0	0.0	7015.0
450	3622.1666666666665	0.0	0.0	11139.0
460	3955.3333333333335	0.0	0.0	10147.0
470	3834.5	0.0	0.0	11609.0
480	3633.6666666666665	0.0	0.0	11011.0
490	3716.0	0.0	0.0	9588.0
500	3744.6666666666665	0.0	0.0	11769.0
510	3794.6666666666665	0.0	0.0	8736.0
520	3785.5	0.0	0.0	10437.0
530	3105.8333333333335	0.0	0.0	9489.0
540	4018.5	0.0	0.0	11466.0
550	3781.6666666666665	0.0	0.0	11732.0
560	3448.8333333333335	0.0	0.0	11350.0
570	3394.5	0.0	0.0	8542.0
580	3737.8333333333335	0.0	0.0	8892.0
590	3786.8333333333335	0.0	0.0	9996.0
600	3882.3333333333335	0.0	0.0	12390.0
