0	2406.1666666666665	0.0	0.0	0.0
10	2166.3333333333335	359.0	4625.0	9463.0
20	2871.8333333333335	138.0	4362.0	8990.0
30	2722.5	297.0	4516.0	9198.0
40	2406.0	206.0	1789.0	10189.0
50	2972.8333333333335	0.0	0.0	10516.0
60	2356.5	0.0	0.0	9648.0
70	2966.8333333333335	0.0	0.0	11603.0
80	2983.8333333333335	0.0	0.0	10303.0
90	2912.6666666666665	0.0	0.0	8639.0
100	2602.6666666666665	0.0	0.0	8409.0
110	2309.3333333333335	0.0	0.0	9114.0
120	2853.3333333333335	0.0	0.0	7723.0
130	2797.5	0.0	0.0	9794.0
140	2695.1666666666665	0.0	0.0	7620.0
150	2994.1666666666665	0.0	0.0	11078.0
160	2998.0	0.0	0.0	11521.0
170	2794.6666666666665	0.0	0.0	11738.0
180	3101.3333333333335	0.0	0.0	5570.0
190	3231.0	0.0	0.0	8018.0
200	3084.0	0.0	0.0	11189.0
210	3191.6666666666665	0.0	0.0	8829.0
220	3219.1666666666665	0.0	0.0	6992.0
230	3128.3333333333335	0.0	0.0	8388.0
240	3617.0	0.0	0.0	8678.0
250	3684.1666666666665	0.0	0.0	12294.0
260	3476.8333333333335	0.0	0.0	11027.0
270	3343.3333333333335	0.0	0.0	9941.0
280	3312.6666666666665	0.0	0.0	10533.0
290	3383.5	0.0	0.0	11229.0
300	3622.5	0.0	0.0	7001.0
310	2928.0	0.0	0.0	9951.0
320	3267.8333333333335	0.0	0.0	6962.0
330	3357.0	0.0	0.0	10525.0
340	3056.1666666666665	0.0	0.0	13949.0
350	3282.8333333333335	0.0	0.0	8818.0
360	3419.1666666666665	0.0	0.0	8942.0
370	3414.8333333333335	0.0	0.0	10223.0
380	3695.6666666666665	0.0	0.0	10557.0
390	3437.1666666666665	0.0	0.0	9235.0
400	3839.3333333333335	0.0	0.0	10751.0
410	3390.1666666666665	0.0	0.0	8319.0
420	3782.0	0.0	0.0	11467.0
430	3526.8333333333335	0.0	0.0	10728.0
440	3855.5	0.0	0.0	12660.0
450	3749.8333333333335	0.0	0.0	14268.0
460	3152.1666666666665	0.0	0.0	8809.0
470	3827.5	0.0	0.0	9688.0
480	4046.6666666666665	0.0	0.0	12720.0
490	3534.3333333333335	0.0	0.0	8567.0
500	3541.6666666666665	0.0	0.0	10216.0
510	3502.1666666666665	0.0	0.0	8647.0
520	3549.5	0.0	0.0	9114.0
530	4035.6666666666665	0.0	0.0	11673.0
540	3296.6666666666665	0.0	0.0	8861.0
550	3480.0	0.0	0.0	13422.0
560	3666.0	0.0	0.0	11075.0
570	3777.0	0.0	0.0	11655.0
580	3976.0	0.0	0.0	10937.0
590	3828.6666666666665	0.0	0.0	10018.0
600	3650.1666666666665	0.0	0.0	8305.0
610	3834.1666666666665	0.0	0.0	9629.0
620	3708.0	0.0	0.0	9950.0
630	3938.5	0.0	0.0	8770.0
640	4091.1666666666665	0.0	0.0	10481.0
650	3720.3333333333335	0.0	0.0	12461.0
660	3810.6666666666665	0.0	0.0	11923.0
670	3571.1666666666665	0.0	0.0	9793.0
680	3878.8333333333335	0.0	0.0	11024.0
690	3638.1666666666665	0.0	0.0	13624.0
700	3410.1666666666665	0.0	0.0	13592.0
710	3711.1666666666665	0.0	0.0	9915.0
720	3481.8333333333335	0.0	0.0	13023.0
730	3706.3333333333335	0.0	0.0	9186.0
740	3845.3333333333335	0.0	0.0	9834.0
750	4092.1666666666665	0.0	0.0	6193.0
760	3864.0	0.0	0.0	10105.0
770	3769.6666666666665	0.0	0.0	10805.0
780	3758.3333333333335	0.0	0.0	12221.0
790	3849.8333333333335	0.0	0.0	10000.0
800	3298.1666666666665	0.0	0.0	9824.0
