0	2498.8333333333335	0.0	0.0	0.0
10	2679.5	1000.0	2682.0	11205.0
20	3003.6666666666665	0.0	0.0	7060.0
30	2365.8333333333335	0.0	0.0	9119.0
40	2860.5	0.0	0.0	6628.0
50	2627.1666666666665	0.0	0.0	8593.0
60	2499.6666666666665	0.0	0.0	7188.0
70	2942.6666666666665	0.0	0.0	9403.0
80	2780.3333333333335	0.0	0.0	8652.0
90	2741.3333333333335	0.0	0.0	7646.0
100	3006.5	0.0	0.0	8476.0
110	2906.5	0.0	0.0	11250.0
120	2795.3333333333335	0.0	0.0	8731.0
130	2584.3333333333335	0.0	0.0	9411.0
140	2901.5	0.0	0.0	11124.0
150	3764.1666666666665	0.0	0.0	10412.0
160	3424.5	0.0	0.0	9320.0
170	3734.8333333333335	0.0	0.0	8145.0
180	3524.1666666666665	0.0	0.0	9053.0
190	2858.6666666666665	0.0	0.0	11496.0
200	3635.3333333333335	0.0	0.0	12062.0
210	3330.3333333333335	0.0	0.0	10303.0
220	3208.1666666666665	0.0	0.0	12481.0
230	3526.3333333333335	0.0	0.0	8237.0
240	3107.5	0.0	0.0	11215.0
250	3819.5	0.0	0.0	10299.0
260	3821.5	0.0	0.0	7622.0
270	3472.5	0.0	0.0	11710.0
280	3362.3333333333335	0.0	0.0	10761.0
290	3444.0	0.0	0.0	12024.0
300	3943.1666666666665	0.0	0.0	6673.0
310	3514.6666666666665	0.0	0.0	9709.0
320	3101.6666666666665	0.0	0.0	12481.0
330	3437.5	0.0	0.0	9791.0
340	3970.1666666666665	0.0	0.0	9817.0
350	3645.5	0.0	0.0	10211.0
360	3901.5	0.0	0.0	9663.0
370	3884.1666666666665	0.0	0.0	9272.0
380	3774.1666666666665	0.0	0.0	10489.0
390	3576.6666666666665	0.0	0.0	7315.0
400	3492.8333333333335	0.0	0.0	7775.0
410	3590.1666666666665	0.0	0.0	10903.0
420	3553.0	0.0	0.0	11404.0
430	3643.5	0.0	0.0	10239.0
440	3607.1666666666665	0.0	0.0	8717.0
450	3198.1666666666665	0.0	0.0	12087.0
460	3423.5	0.0	0.0	8109.0
470	3780.1666666666665	0.0	0.0	9280.0
480	3721.5	0.0	0.0	9253.0
490	3944.3333333333335	0.0	0.0	11801.0
500	3489.0	0.0	0.0	7889.0
510	3463.0	0.0	0.0	10017.0
520	3693.5	0.0	0.0	11121.0
530	3798.5	0.0	0.0	10852.0
540	3627.8333333333335	0.0	0.0	7411.0
550	3873.6666666666665	0.0	0.0	9284.0
560	4016.3333333333335	0.0	0.0	10422.0
570	3797.5	0.0	0.0	9527.0
580	3801.0	0.0	0.0	12110.0
590	3886.0	0.0	0.0	8903.0
600	3670.1666666666665	0.0	0.0	9091.0
