0	2138.0	0.0	0.0	0.0
10	2235.5	1000.0	1000.0	8908.0
20	2352.5	0.0	0.0	8653.0
30	2455.25	0.0	0.0	6543.0
40	2280.5	0.0	0.0	7152.0
50	2463.75	0.0	0.0	7141.0
60	2201.25	0.0	0.0	7679.0
70	2453.25	0.0	0.0	7386.0
80	2122.25	0.0	0.0	7638.0
90	2209.5	0.0	0.0	6855.0
100	2510.75	0.0	0.0	10641.0
110	2668.25	0.0	0.0	10979.0
120	2483.75	0.0	0.0	11824.0
130	2936.0	0.0	0.0	8643.0
140	2391.5	0.0	0.0	10824.0
150	2465.5	0.0	0.0	6315.0
160	2646.75	0.0	0.0	9246.0
170	2143.25	0.0	0.0	9291.0
180	2043.0	0.0	0.0	9645.0
190	2235.5	0.0	0.0	10147.0
200	2827.25	0.0	0.0	7356.0
210	2655.5	0.0	0.0	9303.0
220	2370.0	0.0	0.0	8253.0
230	2755.0	0.0	0.0	7665.0
240	2228.75	0.0	0.0	7258.0
250	2549.5	0.0	0.0	9430.0
260	2471.5	0.0	0.0	9570.0
270	2466.75	0.0	0.0	8636.0
280	2890.0	0.0	0.0	9084.0
290	3184.5	0.0	0.0	8694.0
300	2780.25	0.0	0.0	9918.0
310	2748.75	0.0	0.0	10936.0
320	3312.75	0.0	0.0	9635.0
330	3357.5	0.0	0.0	8845.0
340	3155.25	0.0	0.0	6752.0
350	3554.0	0.0	0.0	8175.0
360	3171.25	0.0	0.0	13193.0
370	3283.5	0.0	0.0	13529.0
380	3309.25	0.0	0.0	10751.0
390	3576.0	0.0	0.0	8861.0
400	2852.75	0.0	0.0	10673.0
410	3187.25	0.0	0.0	10186.0
420	3486.75	0.0	0.0	11221.0
430	3235.5	0.0	0.0	8231.0
440	3394.75	0.0	0.0	10014.0
450	2877.75	0.0	0.0	10780.0
460	3480.25	0.0	0.0	11861.0
470	3565.75	0.0	0.0	7973.0
480	3136.5	0.0	0.0	10651.0
490	3584.75	0.0	0.0	12768.0
500	3484.5	0.0	0.0	8777.0
510	3777.0	0.0	0.0	8551.0
520	3291.75	0.0	0.0	12379.0
530	3437.5	0.0	0.0	8799.0
540	3649.0	0.0	0.0	8783.0
550	3277.0	0.0	0.0	9921.0
560	3358.75	0.0	0.0	14454.0
570	3804.0	0.0	0.0	12248.0
580	4100.75	0.0	0.0	12777.0
590	3464.75	0.0	0.0	10921.0
600	3308.5	0.0	0.0	10436.0
610	3865.25	0.0	0.0	12912.0
620	3967.5	0.0	0.0	10239.0
630	4129.5	0.0	0.0	6601.0
640	2993.75	0.0	0.0	11651.0
650	3665.0	0.0	0.0	12826.0
660	3723.75	0.0	0.0	11730.0
670	3442.5	0.0	0.0	10355.0
680	3907.5	0.0	0.0	9303.0
690	3673.0	0.0	0.0	10783.0
700	3805.5	0.0	0.0	7865.0
710	3546.25	0.0	0.0	12323.0
720	3811.5	0.0	0.0	11425.0
730	3897.25	0.0	0.0	8456.0
740	3776.75	0.0	0.0	10285.0
750	3783.0	0.0	0.0	8968.0
760	3922.75	0.0	0.0	8533.0
770	3434.0	0.0	0.0	9562.0
780	4076.0	0.0	0.0	12625.0
790	3379.5	0.0	0.0	12284.0
800	3523.0	0.0	0.0	9057.0
