0	2176.0	0.0	0.0	0.0
10	2444.5	1000.0	1000.0	12478.0
20	2333.75	0.0	0.0	8628.0
30	2355.0	0.0	0.0	8762.0
40	2435.5	0.0	0.0	10826.0
50	2140.5	0.0	0.0	9582.0
60	2541.25	0.0	0.0	8590.0
70	2351.0	0.0	0.0	10075.0
80	2383.5	0.0	0.0	10601.0
90	2378.5	0.0	0.0	6592.0
100	2669.25	0.0	0.0	7414.0
110	2237.5	0.0	0.0	7630.0
120	2527.75	0.0	0.0	10144.0
130	2315.25	0.0	0.0	6280.0
140	2152.75	0.0	0.0	6617.0
150	2131.0	0.0	0.0	9607.0
160	2024.75	0.0	0.0	8218.0
170	2138.25	0.0	0.0	10013.0
180	1923.75	0.0	0.0	5105.0
190	2837.0	0.0	0.0	6882.0
200	2398.25	0.0	0.0	9845.0
210	2663.75	0.0	0.0	8107.0
220	2151.0	0.0	0.0	6132.0
230	2089.5	0.0	0.0	5962.0
240	2684.0	0.0	0.0	8230.0
250	2281.0	0.0	0.0	7779.0
260	2705.75	0.0	0.0	9353.0
270	2530.0	0.0	0.0	13684.0
280	2490.75	0.0	0.0	9735.0
290	2791.25	0.0	0.0	6676.0
300	2502.25	0.0	0.0	10940.0
310	2741.75	0.0	0.0	4572.0
320	2748.0	0.0	0.0	8598.0
330	2445.5	0.0	0.0	11935.0
340	2092.25	0.0	0.0	6066.0
350	2562.75	0.0	0.0	11215.0
360	3270.25	0.0	0.0	10959.0
370	2918.0	0.0	0.0	8892.0
380	2689.25	0.0	0.0	7365.0
390	2968.25	0.0	0.0	11584.0
400	3190.75	0.0	0.0	8158.0
410	3285.75	0.0	0.0	7922.0
420	3312.0	0.0	0.0	6452.0
430	2801.25	0.0	0.0	8435.0
440	3440.5	0.0	0.0	8823.0
450	3014.25	0.0	0.0	4075.0
460	3261.0	0.0	0.0	9375.0
470	3266.0	0.0	0.0	9016.0
480	3523.25	0.0	0.0	10700.0
490	3583.75	0.0	0.0	8159.0
500	3377.5	0.0	0.0	10546.0
510	3160.25	0.0	0.0	9850.0
520	3571.0	0.0	0.0	10829.0
530	4174.5	0.0	0.0	11071.0
540	3796.5	0.0	0.0	9565.0
550	3402.75	0.0	0.0	8329.0
560	3408.75	0.0	0.0	12119.0
570	2354.75	0.0	0.0	6764.0
580	3363.75	0.0	0.0	11102.0
590	3705.5	0.0	0.0	8080.0
600	3345.0	0.0	0.0	12252.0
610	2714.0	0.0	0.0	10223.0
620	3561.75	0.0	0.0	8466.0
630	3887.75	0.0	0.0	10385.0
640	3366.75	0.0	0.0	8786.0
650	3641.25	0.0	0.0	13148.0
660	3983.25	0.0	0.0	10837.0
670	3428.5	0.0	0.0	9341.0
680	4206.25	0.0	0.0	11530.0
690	3455.25	0.0	0.0	9578.0
700	3894.25	0.0	0.0	9573.0
710	3571.75	0.0	0.0	10758.0
720	3860.75	0.0	0.0	10085.0
730	3864.0	0.0	0.0	9095.0
740	4106.25	0.0	0.0	13065.0
750	3976.75	0.0	0.0	7551.0
760	3580.5	0.0	0.0	10600.0
770	3139.75	0.0	0.0	12140.0
780	3735.75	0.0	0.0	10104.0
790	3757.75	0.0	0.0	8675.0
800	3720.75	0.0	0.0	9614.0
