0	1737.3333333333333	0.0	0.0	0.0
10	1942.3333333333333	674.0	7930.0	10879.0
20	1990.6666666666667	326.0	4020.0	9536.0
30	2192.8333333333335	0.0	0.0	9324.0
40	2021.6666666666667	0.0	0.0	7519.0
50	1889.6666666666667	0.0	0.0	6100.0
60	2253.0	0.0	0.0	10516.0
70	2181.0	0.0	0.0	6569.0
80	2032.3333333333333	0.0	0.0	10300.0
90	2108.6666666666665	0.0	0.0	6162.0
100	2326.0	0.0	0.0	7509.0
110	2295.8333333333335	0.0	0.0	5229.0
120	2180.0	0.0	0.0	9534.0
130	2126.1666666666665	0.0	0.0	8142.0
140	2413.0	0.0	0.0	10342.0
150	2011.6666666666667	0.0	0.0	8127.0
160	2333.6666666666665	0.0	0.0	9012.0
170	2182.8333333333335	0.0	0.0	6215.0
180	2106.8333333333335	0.0	0.0	9786.0
190	2271.8333333333335	0.0	0.0	9905.0
200	2328.5	0.0	0.0	9122.0
210	2258.8333333333335	0.0	0.0	6041.0
220	2537.0	0.0	0.0	10971.0
230	2404.8333333333335	0.0	0.0	8212.0
240	2510.8333333333335	0.0	0.0	7936.0
250	2424.3333333333335	0.0	0.0	7109.0
260	2785.3333333333335	0.0	0.0	9176.0
270	2585.8333333333335	0.0	0.0	7179.0
280	2671.0	0.0	0.0	5968.0
290	2656.0	0.0	0.0	7798.0
300	2821.1666666666665	0.0	0.0	9632.0
310	2829.3333333333335	0.0	0.0	9398.0
320	2904.6666666666665	0.0	0.0	7215.0
330	2336.8333333333335	0.0	0.0	10397.0
340	2968.1666666666665	0.0	0.0	6117.0
350	3185.3333333333335	0.0	0.0	9059.0
360	2806.3333333333335	0.0	0.0	7281.0
370	2835.5	0.0	0.0	10506.0
380	3107.3333333333335	0.0	0.0	10809.0
390	3132.5	0.0	0.0	10305.0
400	3141.6666666666665	0.0	0.0	9209.0
410	3225.0	0.0	0.0	8768.0
420	3053.8333333333335	0.0	0.0	9705.0
430	3110.0	0.0	0.0	10072.0
440	3640.6666666666665	0.0	0.0	7386.0
450	3690.8333333333335	0.0	0.0	9873.0
460	2800.1666666666665	0.0	0.0	10800.0
470	3437.8333333333335	0.0	0.0	11210.0
480	2877.6666666666665	0.0	0.0	9132.0
490	3253.3333333333335	0.0	0.0	9496.0
500	3674.5	0.0	0.0	11005.0
510	3895.5	0.0	0.0	11541.0
520	2872.6666666666665	0.0	0.0	8705.0
530	3378.1666666666665	0.0	0.0	10240.0
540	3604.5	0.0	0.0	7786.0
550	3479.6666666666665	0.0	0.0	11908.0
560	4025.8333333333335	0.0	0.0	8162.0
570	3393.6666666666665	0.0	0.0	15659.0
580	3609.5	0.0	0.0	9061.0
590	3068.3333333333335	0.0	0.0	8226.0
600	3425.1666666666665	0.0	0.0	12079.0
610	3617.5	0.0	0.0	10930.0
620	3577.1666666666665	0.0	0.0	11456.0
630	3375.0	0.0	0.0	11509.0
640	3083.1666666666665	0.0	0.0	12710.0
650	3268.8333333333335	0.0	0.0	9610.0
660	3634.1666666666665	0.0	0.0	11886.0
670	3178.6666666666665	0.0	0.0	10075.0
680	3875.3333333333335	0.0	0.0	9892.0
690	3796.0	0.0	0.0	12531.0
700	3374.0	0.0	0.0	9448.0
710	3923.3333333333335	0.0	0.0	9906.0
720	3735.0	0.0	0.0	12311.0
730	3522.0	0.0	0.0	12128.0
740	3025.5	0.0	0.0	8553.0
750	4383.833333333333	0.0	0.0	11099.0
760	3474.5	0.0	0.0	12342.0
770	3740.6666666666665	0.0	0.0	10986.0
780	3248.0	0.0	0.0	8468.0
790	3419.8333333333335	0.0	0.0	13183.0
800	3972.6666666666665	0.0	0.0	10530.0
810	3733.5	0.0	0.0	10853.0
820	3995.8333333333335	0.0	0.0	8683.0
830	3585.3333333333335	0.0	0.0	10495.0
840	3513.5	0.0	0.0	7329.0
850	3492.6666666666665	0.0	0.0	11492.0
860	3265.3333333333335	0.0	0.0	10669.0
870	3671.6666666666665	0.0	0.0	10092.0
880	3682.1666666666665	0.0	0.0	3789.0
890	3771.1666666666665	0.0	0.0	8286.0
900	3513.6666666666665	0.0	0.0	6281.0
910	3830.5	0.0	0.0	8475.0
920	3789.0	0.0	0.0	9864.0
930	3774.8333333333335	0.0	0.0	10290.0
940	3706.1666666666665	0.0	0.0	10063.0
950	3871.3333333333335	0.0	0.0	12316.0
960	3805.3333333333335	0.0	0.0	8494.0
970	3860.6666666666665	0.0	0.0	12188.0
980	3866.0	0.0	0.0	11001.0
990	3610.1666666666665	0.0	0.0	6071.0
1000	3958.6666666666665	0.0	0.0	9850.0
