0	1535.3333333333333	0.0	0.0	0.0
10	1937.8333333333333	587.0	6785.0	9794.0
20	1800.6666666666667	413.0	4184.0	10172.0
30	2161.0	0.0	0.0	8966.0
40	2013.5	0.0	0.0	7493.0
50	2175.3333333333335	0.0	0.0	8484.0
60	2383.5	0.0	0.0	13224.0
70	2333.1666666666665	0.0	0.0	5468.0
80	2301.0	0.0	0.0	8733.0
90	2115.1666666666665	0.0	0.0	6997.0
100	1943.5	0.0	0.0	9390.0
110	2285.5	0.0	0.0	6493.0
120	2172.1666666666665	0.0	0.0	6429.0
130	2102.8333333333335	0.0	0.0	10033.0
140	2415.0	0.0	0.0	4962.0
150	2302.0	0.0	0.0	9252.0
160	2233.3333333333335	0.0	0.0	8372.0
170	2439.6666666666665	0.0	0.0	9560.0
180	2505.1666666666665	0.0	0.0	8553.0
190	2439.6666666666665	0.0	0.0	9042.0
200	2465.0	0.0	0.0	10298.0
210	2174.3333333333335	0.0	0.0	10225.0
220	2198.0	0.0	0.0	8051.0
230	2296.6666666666665	0.0	0.0	9239.0
240	2493.5	0.0	0.0	7877.0
250	2560.6666666666665	0.0	0.0	11928.0
260	2231.1666666666665	0.0	0.0	11756.0
270	2850.0	0.0	0.0	5600.0
280	3213.3333333333335	0.0	0.0	8942.0
290	3238.6666666666665	0.0	0.0	8634.0
300	3205.0	0.0	0.0	10619.0
310	3940.0	0.0	0.0	8916.0
320	3175.0	0.0	0.0	13169.0
330	3509.1666666666665	0.0	0.0	8078.0
340	2956.3333333333335	0.0	0.0	6952.0
350	3140.3333333333335	0.0	0.0	8928.0
360	3049.5	0.0	0.0	7847.0
370	3635.5	0.0	0.0	9468.0
380	3510.1666666666665	0.0	0.0	11132.0
390	3538.1666666666665	0.0	0.0	9875.0
400	3346.3333333333335	0.0	0.0	9509.0
410	3012.3333333333335	0.0	0.0	10386.0
420	3204.5	0.0	0.0	10408.0
430	3560.6666666666665	0.0	0.0	10514.0
440	3359.6666666666665	0.0	0.0	10607.0
450	3318.0	0.0	0.0	12648.0
460	3732.5	0.0	0.0	9494.0
470	3372.3333333333335	0.0	0.0	10369.0
480	3545.5	0.0	0.0	8292.0
490	3609.1666666666665	0.0	0.0	11086.0
500	3720.8333333333335	0.0	0.0	9658.0
510	3388.3333333333335	0.0	0.0	9337.0
520	3457.8333333333335	0.0	0.0	8146.0
530	3826.0	0.0	0.0	8685.0
540	3349.0	0.0	0.0	8875.0
550	3402.0	0.0	0.0	8269.0
560	3555.1666666666665	0.0	0.0	8170.0
570	3498.1666666666665	0.0	0.0	7413.0
580	2899.1666666666665	0.0	0.0	9905.0
590	3165.8333333333335	0.0	0.0	11523.0
600	2895.0	0.0	0.0	10867.0
610	3608.0	0.0	0.0	10402.0
620	3610.1666666666665	0.0	0.0	9767.0
630	3493.3333333333335	0.0	0.0	10711.0
640	3232.0	0.0	0.0	9375.0
650	3448.1666666666665	0.0	0.0	10110.0
660	3909.6666666666665	0.0	0.0	13345.0
670	3217.5	0.0	0.0	8623.0
680	3305.3333333333335	0.0	0.0	7850.0
690	3658.6666666666665	0.0	0.0	14036.0
700	3540.8333333333335	0.0	0.0	10780.0
710	2922.8333333333335	0.0	0.0	7916.0
720	3654.6666666666665	0.0	0.0	10699.0
730	3578.0	0.0	0.0	10741.0
740	3785.6666666666665	0.0	0.0	8180.0
750	3918.1666666666665	0.0	0.0	10420.0
760	3635.0	0.0	0.0	9459.0
770	3903.0	0.0	0.0	7814.0
780	3624.0	0.0	0.0	12224.0
790	3717.3333333333335	0.0	0.0	9492.0
800	3698.6666666666665	0.0	0.0	11641.0
810	3844.8333333333335	0.0	0.0	9664.0
820	3568.3333333333335	0.0	0.0	6000.0
830	3841.8333333333335	0.0	0.0	8006.0
840	3474.6666666666665	0.0	0.0	12088.0
850	3560.8333333333335	0.0	0.0	11782.0
860	3757.3333333333335	0.0	0.0	7159.0
870	3841.8333333333335	0.0	0.0	9747.0
880	3789.0	0.0	0.0	7930.0
890	3866.0	0.0	0.0	11508.0
900	3826.6666666666665	0.0	0.0	11223.0
910	3971.8333333333335	0.0	0.0	9624.0
920	3584.8333333333335	0.0	0.0	11338.0
930	4055.0	0.0	0.0	8848.0
940	3846.0	0.0	0.0	11210.0
950	3918.8333333333335	0.0	0.0	13349.0
960	3930.5	0.0	0.0	8764.0
970	3871.3333333333335	0.0	0.0	13402.0
980	3944.0	0.0	0.0	12046.0
990	3571.6666666666665	0.0	0.0	5796.0
1000	3868.5	0.0	0.0	9566.0
