0	1507.5	0.0	0.0	0.0
10	1564.0	0.0	223.0	5492.0
20	1591.3333333333333	88.0	809.0	8265.0
30	1765.6666666666667	157.0	1590.0	8988.0
40	1809.3333333333333	1.0	804.0	7735.0
50	1801.5	31.0	326.0	6298.0
60	1667.6666666666667	39.0	908.0	6978.0
70	1726.8333333333333	13.0	1083.0	8356.0
80	1698.3333333333333	1.0	228.0	5506.0
90	1400.3333333333333	6.0	457.0	6110.0
100	1728.6666666666667	57.0	705.0	6986.0
110	1509.6666666666667	3.0	484.0	5888.0
120	1493.6666666666667	1.0	532.0	8122.0
130	1458.6666666666667	0.0	142.0	4306.0
140	1426.6666666666667	3.0	672.0	5179.0
150	1463.6666666666667	9.0	581.0	6095.0
160	1549.0	22.0	643.0	5714.0
170	1366.3333333333333	2.0	280.0	3968.0
180	1513.3333333333333	6.0	781.0	5348.0
190	1515.6666666666667	53.0	738.0	7533.0
200	1579.0	1.0	207.0	4874.0
210	1393.6666666666667	0.0	120.0	5272.0
220	1517.6666666666667	0.0	239.0	4262.0
230	1693.0	4.0	467.0	6747.0
240	1585.0	2.0	302.0	7195.0
250	1394.6666666666667	10.0	384.0	7342.0
260	1362.0	77.0	772.0	5636.0
270	1676.3333333333333	8.0	716.0	7114.0
280	1361.6666666666667	8.0	778.0	7573.0
290	1539.3333333333333	9.0	762.0	8197.0
300	1442.0	11.0	294.0	7662.0
310	1458.0	8.0	372.0	4532.0
320	1333.5	5.0	333.0	5216.0
330	1418.0	3.0	624.0	5922.0
340	1297.6666666666667	13.0	313.0	5761.0
350	1479.6666666666667	4.0	466.0	6611.0
360	1366.0	1.0	784.0	8074.0
370	1543.0	20.0	570.0	5995.0
380	1421.6666666666667	57.0	799.0	6789.0
390	1413.0	6.0	300.0	6690.0
400	1257.3333333333333	18.0	621.0	5823.0
410	1348.3333333333333	31.0	205.0	4152.0
420	1418.3333333333333	10.0	1031.0	6762.0
430	1437.3333333333333	1.0	331.0	4478.0
440	1611.6666666666667	1.0	343.0	5555.0
450	1342.3333333333333	61.0	764.0	6507.0
460	1461.6666666666667	8.0	728.0	6163.0
470	1437.3333333333333	31.0	832.0	7052.0
480	1618.0	6.0	552.0	6918.0
490	1380.6666666666667	2.0	405.0	5441.0
500	1343.3333333333333	0.0	813.0	7522.0
510	1331.0	3.0	775.0	7216.0
520	1441.3333333333333	1.0	166.0	5372.0
530	1377.6666666666667	0.0	198.0	7119.0
540	1349.6666666666667	2.0	762.0	7802.0
550	1505.6666666666667	18.0	311.0	5445.0
560	1298.3333333333333	0.0	67.0	4181.0
570	1234.0	33.0	763.0	5875.0
580	1286.0	0.0	491.0	6344.0
590	1584.0	3.0	720.0	8053.0
600	1259.0	0.0	126.0	5183.0
610	1324.6666666666667	0.0	203.0	4246.0
620	1394.3333333333333	2.0	462.0	6349.0
630	1268.0	0.0	192.0	5123.0
640	1213.3333333333333	4.0	430.0	5059.0
650	1447.6666666666667	1.0	152.0	5641.0
660	1382.3333333333333	0.0	155.0	5036.0
670	1353.0	1.0	429.0	5799.0
680	1254.6666666666667	24.0	338.0	5252.0
690	1352.8333333333333	0.0	0.0	6534.0
700	1439.3333333333333	0.0	0.0	5815.0
710	1412.0	0.0	0.0	5853.0
720	1513.0	0.0	0.0	5528.0
730	1194.0	0.0	0.0	6321.0
740	1255.6666666666667	0.0	0.0	4544.0
750	1236.3333333333333	0.0	0.0	5107.0
760	1345.0	0.0	0.0	6095.0
770	1466.0	0.0	0.0	5702.0
780	1315.3333333333333	0.0	0.0	6793.0
790	1383.3333333333333	0.0	0.0	4784.0
800	1023.6666666666666	0.0	0.0	4076.0
810	1095.3333333333333	0.0	0.0	6725.0
820	1263.6666666666667	0.0	0.0	5372.0
830	1259.6666666666667	0.0	0.0	4368.0
840	1334.3333333333333	0.0	0.0	5942.0
850	1139.0	0.0	0.0	5063.0
860	1340.3333333333333	0.0	0.0	4893.0
870	1168.0	0.0	0.0	5679.0
880	1194.6666666666667	0.0	0.0	4187.0
890	1307.0	0.0	0.0	6264.0
900	1326.3333333333333	0.0	0.0	4599.0
910	1289.3333333333333	0.0	0.0	6901.0
920	1106.0	0.0	0.0	5354.0
930	1143.0	0.0	0.0	7367.0
940	1427.6666666666667	0.0	0.0	5546.0
950	1255.6666666666667	0.0	0.0	3974.0
960	1310.0	0.0	0.0	6309.0
970	1171.6666666666667	0.0	0.0	5481.0
980	1412.0	0.0	0.0	5244.0
990	1294.0	0.0	0.0	4226.0
1000	1091.0	0.0	0.0	4570.0
