0	1689.5	0.0	0.0	0.0
10	1701.1666666666667	2.0	502.0	6924.0
20	1666.0	5.0	461.0	5665.0
30	1338.3333333333333	28.0	633.0	6334.0
40	1398.3333333333333	20.0	321.0	5565.0
50	1536.3333333333333	13.0	443.0	4794.0
60	1491.3333333333333	1.0	212.0	5931.0
70	1621.1666666666667	71.0	895.0	5937.0
80	1526.3333333333333	21.0	679.0	6574.0
90	1496.3333333333333	61.0	1187.0	8281.0
100	1720.3333333333333	71.0	1124.0	8501.0
110	1633.3333333333333	30.0	765.0	7861.0
120	1324.0	29.0	464.0	5649.0
130	1550.6666666666667	30.0	1097.0	7047.0
140	1770.1666666666667	36.0	815.0	7207.0
150	1762.3333333333333	70.0	908.0	6651.0
160	1642.5	95.0	1146.0	7335.0
170	1629.6666666666667	57.0	588.0	5760.0
180	1691.0	0.0	309.0	4749.0
190	1438.0	40.0	392.0	5215.0
200	1579.0	8.0	433.0	4800.0
210	1733.8333333333333	52.0	991.0	7945.0
220	1383.6666666666667	25.0	1050.0	9138.0
230	1419.0	6.0	780.0	6271.0
240	1680.1666666666667	36.0	1177.0	8244.0
250	1569.3333333333333	4.0	436.0	4809.0
260	1674.6666666666667	14.0	1122.0	6642.0
270	1666.0	1.0	454.0	7024.0
280	1571.5	21.0	545.0	5649.0
290	1788.3333333333333	26.0	1426.0	9656.0
300	1873.8333333333333	13.0	1434.0	6995.0
310	1708.8333333333333	36.0	1556.0	7328.0
320	1523.6666666666667	1.0	292.0	6124.0
330	1780.0	21.0	1587.0	7201.0
340	1865.6666666666667	0.0	225.0	3629.0
350	1902.8333333333333	12.0	881.0	7076.0
360	1797.3333333333333	3.0	456.0	4421.0
370	1834.3333333333333	7.0	666.0	7710.0
380	1618.6666666666667	34.0	731.0	8835.0
390	1998.1666666666667	0.0	0.0	7585.0
400	1624.3333333333333	0.0	0.0	5834.0
410	1875.0	0.0	0.0	8196.0
420	1669.0	0.0	0.0	6546.0
430	1725.3333333333333	0.0	0.0	6281.0
440	1663.6666666666667	0.0	0.0	7016.0
450	1860.6666666666667	0.0	0.0	6146.0
460	1719.5	0.0	0.0	6497.0
470	1768.6666666666667	0.0	0.0	8132.0
480	1628.1666666666667	0.0	0.0	8521.0
490	1675.3333333333333	0.0	0.0	6043.0
500	1779.8333333333333	0.0	0.0	7253.0
510	1882.3333333333333	0.0	0.0	7485.0
520	1686.8333333333333	0.0	0.0	7839.0
530	1856.6666666666667	0.0	0.0	5801.0
540	2526.6666666666665	0.0	0.0	7553.0
550	2317.6666666666665	0.0	0.0	8065.0
560	2272.0	0.0	0.0	6094.0
570	2360.1666666666665	0.0	0.0	6539.0
580	2148.3333333333335	0.0	0.0	5900.0
590	1944.3333333333333	0.0	0.0	8736.0
600	1945.3333333333333	0.0	0.0	10072.0
610	2167.3333333333335	0.0	0.0	11139.0
620	2416.3333333333335	0.0	0.0	8037.0
630	2706.8333333333335	0.0	0.0	6406.0
640	2652.8333333333335	0.0	0.0	6403.0
650	2497.0	0.0	0.0	10158.0
660	2614.6666666666665	0.0	0.0	8359.0
670	2861.1666666666665	0.0	0.0	7183.0
680	2679.3333333333335	0.0	0.0	8442.0
690	2545.8333333333335	0.0	0.0	7392.0
700	2445.6666666666665	0.0	0.0	9492.0
710	2818.8333333333335	0.0	0.0	9770.0
720	3303.1666666666665	0.0	0.0	8496.0
730	2538.5	0.0	0.0	10996.0
740	2557.1666666666665	0.0	0.0	6842.0
750	2764.6666666666665	0.0	0.0	8969.0
760	3491.1666666666665	0.0	0.0	5250.0
770	2659.1666666666665	0.0	0.0	11699.0
780	2888.6666666666665	0.0	0.0	7478.0
790	3372.1666666666665	0.0	0.0	11933.0
800	3020.5	0.0	0.0	10587.0
810	3188.0	0.0	0.0	8070.0
820	3238.8333333333335	0.0	0.0	10655.0
830	3427.6666666666665	0.0	0.0	8534.0
840	2906.3333333333335	0.0	0.0	10376.0
850	3047.3333333333335	0.0	0.0	6926.0
860	3468.5	0.0	0.0	11633.0
870	3647.8333333333335	0.0	0.0	8185.0
880	3565.5	0.0	0.0	10846.0
890	3311.1666666666665	0.0	0.0	9174.0
900	3462.8333333333335	0.0	0.0	12563.0
910	3355.6666666666665	0.0	0.0	10796.0
920	3410.5	0.0	0.0	10613.0
930	3810.5	0.0	0.0	10965.0
940	3562.8333333333335	0.0	0.0	9815.0
950	3220.1666666666665	0.0	0.0	8430.0
960	3276.8333333333335	0.0	0.0	12537.0
970	3372.3333333333335	0.0	0.0	10451.0
980	3576.0	0.0	0.0	14547.0
990	3667.1666666666665	0.0	0.0	12337.0
1000	3915.1666666666665	0.0	0.0	11766.0
