0	2499.8333333333335	0.0	0.0	0.0
10	2575.5	119.0	10055.0	10055.0
20	2739.8333333333335	71.0	8840.0	8840.0
30	3053.1666666666665	89.0	10713.0	10713.0
40	3239.1666666666665	124.0	11101.0	11101.0
50	2827.8333333333335	38.0	6034.0	6034.0
60	2685.1666666666665	65.0	6777.0	6777.0
70	2874.5	153.0	13778.0	13778.0
80	3543.8333333333335	46.0	8038.0	8038.0
90	3060.5	101.0	13661.0	13661.0
100	3638.5	60.0	10076.0	10076.0
110	2504.3333333333335	54.0	8246.0	8246.0
120	3292.6666666666665	67.0	12361.0	12361.0
130	3465.5	13.0	2270.0	13280.0
140	3212.8333333333335	0.0	0.0	10678.0
150	3323.8333333333335	0.0	0.0	8584.0
160	3293.3333333333335	0.0	0.0	10365.0
170	3315.6666666666665	0.0	0.0	9473.0
180	3512.8333333333335	0.0	0.0	10138.0
190	3419.1666666666665	0.0	0.0	11388.0
200	3701.0	0.0	0.0	10621.0
210	3410.6666666666665	0.0	0.0	8885.0
220	3425.3333333333335	0.0	0.0	13213.0
230	3408.0	0.0	0.0	11152.0
240	3151.1666666666665	0.0	0.0	10959.0
250	3673.0	0.0	0.0	10286.0
260	3096.5	0.0	0.0	12916.0
270	3103.0	0.0	0.0	11280.0
280	3872.5	0.0	0.0	8843.0
290	2988.3333333333335	0.0	0.0	13887.0
300	3544.5	0.0	0.0	8917.0
310	3352.8333333333335	0.0	0.0	13739.0
320	3279.8333333333335	0.0	0.0	13447.0
330	3959.8333333333335	0.0	0.0	9339.0
340	3155.1666666666665	0.0	0.0	8473.0
350	3996.0	0.0	0.0	14906.0
360	3806.8333333333335	0.0	0.0	11769.0
370	3840.1666666666665	0.0	0.0	10120.0
380	3913.8333333333335	0.0	0.0	11040.0
390	3448.6666666666665	0.0	0.0	9878.0
400	3373.6666666666665	0.0	0.0	11228.0
410	3700.8333333333335	0.0	0.0	11152.0
420	3693.8333333333335	0.0	0.0	9846.0
430	3479.8333333333335	0.0	0.0	12404.0
440	4000.6666666666665	0.0	0.0	10202.0
450	4046.3333333333335	0.0	0.0	8574.0
460	3338.5	0.0	0.0	9975.0
470	3613.3333333333335	0.0	0.0	10434.0
480	3839.3333333333335	0.0	0.0	8865.0
490	3862.8333333333335	0.0	0.0	14189.0
500	3967.6666666666665	0.0	0.0	9586.0
510	3706.0	0.0	0.0	10089.0
520	3768.5	0.0	0.0	10313.0
530	3964.8333333333335	0.0	0.0	8160.0
540	3476.1666666666665	0.0	0.0	9574.0
550	3814.1666666666665	0.0	0.0	13377.0
560	3845.8333333333335	0.0	0.0	10030.0
570	4048.6666666666665	0.0	0.0	8916.0
580	3769.0	0.0	0.0	10532.0
590	3884.0	0.0	0.0	8684.0
600	3674.0	0.0	0.0	10594.0
