0	2671.1666666666665	0.0	0.0	0.0
10	2542.3333333333335	62.0	8690.0	8690.0
20	2502.1666666666665	114.0	12368.0	12368.0
30	2583.5	128.0	11097.0	11097.0
40	2945.1666666666665	65.0	8699.0	8699.0
50	2480.5	123.0	10130.0	10130.0
60	3053.0	97.0	10640.0	10640.0
70	3402.3333333333335	138.0	15581.0	15581.0
80	3158.0	51.0	9113.0	9113.0
90	2671.0	94.0	11697.0	11697.0
100	3220.3333333333335	52.0	8613.0	8613.0
110	2911.8333333333335	76.0	12859.0	15350.0
120	3618.0	0.0	0.0	8526.0
130	3091.1666666666665	0.0	0.0	9005.0
140	3871.0	0.0	0.0	8897.0
150	3744.1666666666665	0.0	0.0	13479.0
160	3184.3333333333335	0.0	0.0	11376.0
170	3234.8333333333335	0.0	0.0	13765.0
180	3194.1666666666665	0.0	0.0	10586.0
190	3554.1666666666665	0.0	0.0	7994.0
200	3435.0	0.0	0.0	11109.0
210	3940.1666666666665	0.0	0.0	11382.0
220	3281.5	0.0	0.0	10717.0
230	3670.6666666666665	0.0	0.0	9098.0
240	3617.1666666666665	0.0	0.0	11187.0
250	3102.3333333333335	0.0	0.0	8814.0
260	3268.5	0.0	0.0	9620.0
270	3424.8333333333335	0.0	0.0	10555.0
280	3711.0	0.0	0.0	12998.0
290	3903.8333333333335	0.0	0.0	9063.0
300	3883.5	0.0	0.0	10589.0
310	3727.8333333333335	0.0	0.0	10086.0
320	3865.8333333333335	0.0	0.0	10862.0
330	3813.8333333333335	0.0	0.0	11322.0
340	4203.0	0.0	0.0	11611.0
350	3679.3333333333335	0.0	0.0	9860.0
360	3972.5	0.0	0.0	13340.0
370	3798.8333333333335	0.0	0.0	10650.0
380	3774.1666666666665	0.0	0.0	11203.0
390	3682.6666666666665	0.0	0.0	14210.0
400	3855.1666666666665	0.0	0.0	9099.0
410	3509.5	0.0	0.0	12138.0
420	3689.8333333333335	0.0	0.0	10667.0
430	3739.0	0.0	0.0	7846.0
440	3843.6666666666665	0.0	0.0	11438.0
450	3956.1666666666665	0.0	0.0	12034.0
460	3827.0	0.0	0.0	10229.0
470	3945.8333333333335	0.0	0.0	13647.0
480	3720.1666666666665	0.0	0.0	7639.0
490	3720.6666666666665	0.0	0.0	10003.0
500	3664.1666666666665	0.0	0.0	6946.0
510	3446.8333333333335	0.0	0.0	10072.0
520	3902.5	0.0	0.0	9936.0
530	3685.0	0.0	0.0	9149.0
540	3787.5	0.0	0.0	6844.0
550	3898.3333333333335	0.0	0.0	8311.0
560	3713.6666666666665	0.0	0.0	11493.0
570	3920.5	0.0	0.0	10298.0
580	3794.3333333333335	0.0	0.0	9236.0
590	3584.6666666666665	0.0	0.0	9716.0
600	3804.0	0.0	0.0	9523.0
