0	2505.5	0.0	0.0	0.0
10	2538.0	216.0	706.0	8721.0
20	2228.8333333333335	206.0	742.0	11332.0
30	2221.1666666666665	416.0	1352.0	12389.0
40	2313.3333333333335	83.0	727.0	8677.0
50	2535.3333333333335	79.0	200.0	10850.0
60	2550.1666666666665	0.0	0.0	7224.0
70	2455.0	0.0	0.0	8553.0
80	2789.8333333333335	0.0	0.0	11606.0
90	2643.8333333333335	0.0	0.0	7403.0
100	2515.6666666666665	0.0	0.0	8092.0
110	2797.1666666666665	0.0	0.0	7662.0
120	2809.1666666666665	0.0	0.0	7873.0
130	2122.0	0.0	0.0	9647.0
140	3209.6666666666665	0.0	0.0	7405.0
150	3234.1666666666665	0.0	0.0	9848.0
160	2407.1666666666665	0.0	0.0	11696.0
170	2509.6666666666665	0.0	0.0	9904.0
180	3160.3333333333335	0.0	0.0	10442.0
190	3086.0	0.0	0.0	9842.0
200	3354.0	0.0	0.0	9626.0
210	3565.1666666666665	0.0	0.0	8667.0
220	3348.3333333333335	0.0	0.0	11033.0
230	3340.3333333333335	0.0	0.0	10716.0
240	3248.8333333333335	0.0	0.0	9973.0
250	3440.1666666666665	0.0	0.0	8549.0
260	3309.3333333333335	0.0	0.0	7351.0
270	3636.8333333333335	0.0	0.0	8253.0
280	3781.1666666666665	0.0	0.0	11181.0
290	3475.1666666666665	0.0	0.0	11175.0
300	2881.0	0.0	0.0	10813.0
310	3570.8333333333335	0.0	0.0	8349.0
320	3165.5	0.0	0.0	9621.0
330	3293.8333333333335	0.0	0.0	11345.0
340	3377.0	0.0	0.0	8535.0
350	3553.6666666666665	0.0	0.0	10607.0
360	3171.0	0.0	0.0	10010.0
370	3412.6666666666665	0.0	0.0	10646.0
380	3459.1666666666665	0.0	0.0	7592.0
390	3256.0	0.0	0.0	12157.0
400	3616.8333333333335	0.0	0.0	9804.0
410	3686.3333333333335	0.0	0.0	9134.0
420	3285.8333333333335	0.0	0.0	13112.0
430	3861.1666666666665	0.0	0.0	12232.0
440	3728.5	0.0	0.0	10435.0
450	4294.5	0.0	0.0	8731.0
460	3621.0	0.0	0.0	8454.0
470	3182.3333333333335	0.0	0.0	9923.0
480	3492.5	0.0	0.0	10089.0
490	4041.3333333333335	0.0	0.0	9613.0
500	3739.8333333333335	0.0	0.0	11022.0
510	3983.0	0.0	0.0	9157.0
520	3788.5	0.0	0.0	10583.0
530	3600.6666666666665	0.0	0.0	8709.0
540	3753.8333333333335	0.0	0.0	9940.0
550	3593.1666666666665	0.0	0.0	13256.0
560	3526.1666666666665	0.0	0.0	9688.0
570	3296.1666666666665	0.0	0.0	10384.0
580	3718.1666666666665	0.0	0.0	11915.0
590	3800.8333333333335	0.0	0.0	10703.0
600	3696.1666666666665	0.0	0.0	13534.0
610	3709.0	0.0	0.0	9529.0
620	3954.1666666666665	0.0	0.0	7106.0
630	3471.5	0.0	0.0	12490.0
640	3877.3333333333335	0.0	0.0	11893.0
650	3844.8333333333335	0.0	0.0	8711.0
660	3587.1666666666665	0.0	0.0	10493.0
670	3263.3333333333335	0.0	0.0	10146.0
680	3805.6666666666665	0.0	0.0	9812.0
690	3826.5	0.0	0.0	9114.0
700	3658.3333333333335	0.0	0.0	11437.0
710	3662.3333333333335	0.0	0.0	9867.0
720	3942.6666666666665	0.0	0.0	10375.0
730	3870.8333333333335	0.0	0.0	10328.0
740	4196.0	0.0	0.0	12535.0
750	3744.8333333333335	0.0	0.0	8318.0
760	3763.3333333333335	0.0	0.0	10803.0
770	3627.6666666666665	0.0	0.0	10198.0
780	3846.6666666666665	0.0	0.0	9533.0
790	3620.3333333333335	0.0	0.0	8736.0
800	3945.5	0.0	0.0	13078.0
