0	2545.0	0.0	0.0	0.0
10	2696.1666666666665	149.0	704.0	9149.0
20	2447.8333333333335	183.0	550.0	9203.0
30	2952.1666666666665	26.0	144.0	5577.0
40	2754.3333333333335	163.0	716.0	12037.0
50	2568.3333333333335	199.0	773.0	11472.0
60	2765.8333333333335	33.0	440.0	9274.0
70	2554.6666666666665	247.0	529.0	9206.0
80	2945.3333333333335	0.0	0.0	7988.0
90	2766.5	0.0	0.0	6970.0
100	2583.5	0.0	0.0	8641.0
110	3076.0	0.0	0.0	8715.0
120	2737.5	0.0	0.0	7912.0
130	2524.6666666666665	0.0	0.0	8271.0
140	2656.1666666666665	0.0	0.0	10285.0
150	2735.0	0.0	0.0	10360.0
160	3055.5	0.0	0.0	12103.0
170	2764.1666666666665	0.0	0.0	10250.0
180	3020.6666666666665	0.0	0.0	11675.0
190	2911.6666666666665	0.0	0.0	7066.0
200	3318.1666666666665	0.0	0.0	12430.0
210	3049.8333333333335	0.0	0.0	9383.0
220	3542.8333333333335	0.0	0.0	12350.0
230	3538.6666666666665	0.0	0.0	13264.0
240	3752.8333333333335	0.0	0.0	12474.0
250	3446.1666666666665	0.0	0.0	11684.0
260	2881.3333333333335	0.0	0.0	11805.0
270	3671.6666666666665	0.0	0.0	10353.0
280	3602.6666666666665	0.0	0.0	9008.0
290	2941.6666666666665	0.0	0.0	9750.0
300	3503.1666666666665	0.0	0.0	10855.0
310	3575.1666666666665	0.0	0.0	13899.0
320	3575.1666666666665	0.0	0.0	11379.0
330	2989.6666666666665	0.0	0.0	11539.0
340	3692.3333333333335	0.0	0.0	7506.0
350	2971.3333333333335	0.0	0.0	9666.0
360	3517.5	0.0	0.0	8517.0
370	3528.1666666666665	0.0	0.0	7932.0
380	3232.3333333333335	0.0	0.0	9622.0
390	3680.6666666666665	0.0	0.0	8859.0
400	3251.8333333333335	0.0	0.0	11260.0
410	3489.3333333333335	0.0	0.0	9828.0
420	3899.3333333333335	0.0	0.0	11575.0
430	3470.8333333333335	0.0	0.0	10899.0
440	3623.5	0.0	0.0	7893.0
450	3579.3333333333335	0.0	0.0	10652.0
460	3891.3333333333335	0.0	0.0	9656.0
470	4009.8333333333335	0.0	0.0	7942.0
480	3739.8333333333335	0.0	0.0	12420.0
490	3369.5	0.0	0.0	12746.0
500	3794.6666666666665	0.0	0.0	11919.0
510	3844.5	0.0	0.0	9243.0
520	3759.1666666666665	0.0	0.0	8994.0
530	3573.5	0.0	0.0	9553.0
540	3676.0	0.0	0.0	10424.0
550	4294.5	0.0	0.0	12809.0
560	3857.1666666666665	0.0	0.0	8258.0
570	3539.1666666666665	0.0	0.0	10490.0
580	4037.1666666666665	0.0	0.0	9297.0
590	4018.0	0.0	0.0	7930.0
600	3513.0	0.0	0.0	11205.0
610	4025.1666666666665	0.0	0.0	10776.0
620	3431.8333333333335	0.0	0.0	12060.0
630	3100.6666666666665	0.0	0.0	10824.0
640	3960.6666666666665	0.0	0.0	13768.0
650	3993.8333333333335	0.0	0.0	12432.0
660	3830.6666666666665	0.0	0.0	11309.0
670	3897.5	0.0	0.0	8768.0
680	3658.0	0.0	0.0	8956.0
690	3896.6666666666665	0.0	0.0	10946.0
700	3848.3333333333335	0.0	0.0	10330.0
710	3857.5	0.0	0.0	9421.0
720	3831.5	0.0	0.0	10135.0
730	3392.6666666666665	0.0	0.0	11472.0
740	3976.1666666666665	0.0	0.0	13612.0
750	3848.5	0.0	0.0	13406.0
760	3867.1666666666665	0.0	0.0	12631.0
770	3735.1666666666665	0.0	0.0	10577.0
780	3648.6666666666665	0.0	0.0	9374.0
790	3968.0	0.0	0.0	11031.0
800	3761.3333333333335	0.0	0.0	10399.0
