0	2702.0	0.0	0.0	0.0
10	2282.5	4.0	96.0	7132.0
20	3036.25	13.0	700.0	10690.0
30	2469.25	11.0	423.0	8348.0
40	2246.0	3.0	169.0	9322.0
50	2243.5	17.0	390.0	9305.0
60	2318.75	4.0	235.0	11870.0
70	3007.25	2.0	136.0	9549.0
80	2944.0	9.0	473.0	14871.0
90	2958.75	1.0	155.0	9899.0
100	2905.25	2.0	128.0	8722.0
110	2859.0	2.0	18.0	8057.0
120	2549.25	2.0	86.0	7782.0
130	2823.75	1.0	140.0	9502.0
140	3246.5	4.0	125.0	10049.0
150	2872.5	1.0	17.0	7439.0
160	3081.0	11.0	88.0	8363.0
170	2962.0	1.0	223.0	9357.0
180	2991.5	2.0	146.0	7625.0
190	3216.75	2.0	92.0	9242.0
200	2566.0	3.0	221.0	10797.0
210	2990.5	8.0	240.0	11510.0
220	3129.5	8.0	252.0	8554.0
230	2647.25	13.0	377.0	12568.0
240	2776.25	4.0	144.0	7610.0
250	3201.75	13.0	363.0	8976.0
260	3478.0	2.0	133.0	8410.0
270	3074.0	5.0	396.0	8393.0
280	2947.5	14.0	694.0	10110.0
290	3660.5	20.0	745.0	11889.0
300	3507.75	9.0	777.0	10801.0
310	3338.0	18.0	904.0	14355.0
320	3347.5	8.0	615.0	9582.0
330	3258.0	15.0	1088.0	10633.0
340	2926.5	33.0	1254.0	9434.0
350	3680.5	26.0	1129.0	12238.0
360	3139.0	20.0	768.0	11054.0
370	3372.0	25.0	1176.0	12275.0
380	3817.75	23.0	1217.0	12856.0
390	3377.25	29.0	1606.0	13116.0
400	3462.75	23.0	1001.0	9147.0
410	3695.75	44.0	1942.0	11324.0
420	3324.0	27.0	1314.0	10311.0
430	4173.75	23.0	1327.0	11308.0
440	3415.75	32.0	1883.0	10723.0
450	3869.5	34.0	1659.0	11402.0
460	3819.75	24.0	1955.0	11820.0
470	3278.5	37.0	2109.0	11647.0
480	4173.25	27.0	2090.0	11574.0
490	3760.25	29.0	2204.0	12540.0
500	3578.0	40.0	1963.0	7948.0
510	4040.5	33.0	2294.0	11176.0
520	3590.75	30.0	2370.0	9331.0
530	4000.25	28.0	2413.0	8203.0
540	3607.75	37.0	2594.0	9754.0
550	3682.0	43.0	3933.0	13784.0
560	3653.0	33.0	2326.0	9424.0
570	3954.0	28.0	2600.0	9966.0
580	3469.75	29.0	2181.0	8872.0
590	4095.5	11.0	1631.0	10116.0
600	3844.25	0.0	0.0	11559.0
610	3876.75	0.0	0.0	9314.0
620	3713.75	0.0	0.0	12110.0
630	3842.25	0.0	0.0	9704.0
640	3670.75	0.0	0.0	10717.0
650	3304.0	0.0	0.0	8832.0
660	3150.0	0.0	0.0	8852.0
670	3307.0	0.0	0.0	9849.0
680	3570.0	0.0	0.0	10823.0
690	3879.0	0.0	0.0	11774.0
700	3922.75	0.0	0.0	11429.0
710	3739.5	0.0	0.0	11885.0
720	4141.25	0.0	0.0	8818.0
730	3723.5	0.0	0.0	10925.0
740	3866.5	0.0	0.0	10495.0
750	3585.75	0.0	0.0	9814.0
760	3526.25	0.0	0.0	12119.0
770	3522.75	0.0	0.0	9303.0
780	3842.25	0.0	0.0	10834.0
790	3853.5	0.0	0.0	10348.0
800	4036.0	0.0	0.0	11159.0
