0	2865.8333333333335	0.0	0.0	0.0
10	2777.0	0.0	42.0	8644.0
20	2985.3333333333335	0.0	18.0	7760.0
30	2546.0	0.0	33.0	9956.0
40	2743.5	0.0	13.0	9144.0
50	2802.8333333333335	0.0	5.0	9612.0
60	2466.6666666666665	0.0	2.0	8363.0
70	2897.3333333333335	0.0	13.0	10863.0
80	3224.6666666666665	0.0	60.0	8131.0
90	3246.5	1.0	14.0	10527.0
100	3319.3333333333335	0.0	11.0	8325.0
110	3307.5	0.0	29.0	11492.0
120	3177.6666666666665	0.0	61.0	10207.0
130	3069.1666666666665	0.0	41.0	10712.0
140	3234.0	0.0	54.0	8895.0
150	3489.0	1.0	34.0	11968.0
160	2970.5	0.0	10.0	9160.0
170	3546.8333333333335	1.0	52.0	9466.0
180	3120.0	0.0	15.0	8644.0
190	3602.1666666666665	0.0	43.0	11312.0
200	3861.0	0.0	36.0	7427.0
210	3810.1666666666665	0.0	30.0	9502.0
220	3473.1666666666665	0.0	37.0	11107.0
230	3547.6666666666665	0.0	57.0	12127.0
240	3487.5	0.0	18.0	7883.0
250	2961.1666666666665	0.0	29.0	11278.0
260	3363.0	0.0	81.0	13892.0
270	3612.0	0.0	23.0	9062.0
280	3235.8333333333335	0.0	41.0	9725.0
290	3216.3333333333335	0.0	41.0	11572.0
300	3424.8333333333335	0.0	78.0	11907.0
310	2943.8333333333335	0.0	20.0	10733.0
320	3798.0	0.0	29.0	9895.0
330	3856.5	0.0	18.0	8588.0
340	3891.8333333333335	0.0	19.0	7847.0
350	3733.6666666666665	0.0	49.0	9037.0
360	3138.3333333333335	0.0	62.0	8659.0
370	2908.5	0.0	101.0	10844.0
380	3220.8333333333335	0.0	3.0	10309.0
390	3652.6666666666665	1.0	53.0	10467.0
400	3651.5	0.0	50.0	11055.0
410	3947.8333333333335	0.0	43.0	12632.0
420	3808.5	0.0	14.0	8621.0
430	3893.6666666666665	0.0	96.0	11614.0
440	3880.6666666666665	2.0	93.0	11514.0
450	3830.6666666666665	0.0	14.0	13031.0
460	3945.8333333333335	0.0	22.0	12882.0
470	3747.3333333333335	0.0	59.0	10759.0
480	3704.3333333333335	0.0	39.0	8477.0
490	3605.1666666666665	0.0	58.0	11968.0
500	3459.8333333333335	0.0	39.0	10821.0
510	3765.1666666666665	0.0	100.0	12766.0
520	3761.8333333333335	0.0	32.0	11995.0
530	3563.5	0.0	69.0	11941.0
540	3557.8333333333335	0.0	7.0	13420.0
550	4153.333333333333	0.0	73.0	11642.0
560	3757.6666666666665	0.0	62.0	7424.0
570	3848.1666666666665	0.0	45.0	8874.0
580	3661.8333333333335	0.0	85.0	10998.0
590	3721.6666666666665	0.0	30.0	7335.0
600	3790.3333333333335	0.0	44.0	11138.0
