0	2551.8333333333335	0.0	0.0	0.0
10	2663.6666666666665	0.0	15.0	7034.0
20	2542.8333333333335	0.0	14.0	10171.0
30	2412.0	1.0	7.0	10009.0
40	2794.3333333333335	0.0	16.0	8552.0
50	2924.0	0.0	1.0	8404.0
60	2869.8333333333335	0.0	44.0	8142.0
70	3265.1666666666665	0.0	33.0	7901.0
80	3255.6666666666665	0.0	68.0	8018.0
90	2901.5	0.0	51.0	7430.0
100	2560.6666666666665	0.0	45.0	8575.0
110	2954.0	0.0	19.0	8954.0
120	3232.1666666666665	0.0	42.0	8499.0
130	3806.5	0.0	17.0	11529.0
140	3520.8333333333335	0.0	47.0	9845.0
150	3147.1666666666665	0.0	47.0	11855.0
160	3392.3333333333335	2.0	113.0	9495.0
170	3089.1666666666665	0.0	32.0	8750.0
180	3889.1666666666665	0.0	7.0	7259.0
190	3571.8333333333335	0.0	21.0	10881.0
200	3621.6666666666665	0.0	59.0	12193.0
210	3283.1666666666665	0.0	111.0	10909.0
220	3421.8333333333335	1.0	40.0	10747.0
230	3882.8333333333335	0.0	17.0	7873.0
240	3554.1666666666665	0.0	75.0	11242.0
250	3417.8333333333335	0.0	29.0	7964.0
260	3650.5	0.0	38.0	12602.0
270	3073.1666666666665	0.0	30.0	11475.0
280	3254.0	0.0	116.0	11446.0
290	2772.5	1.0	25.0	12255.0
300	3793.6666666666665	0.0	7.0	6976.0
310	3436.0	0.0	6.0	10822.0
320	3421.6666666666665	0.0	42.0	10621.0
330	3422.0	0.0	27.0	7805.0
340	3366.6666666666665	0.0	48.0	9093.0
350	4146.666666666667	0.0	48.0	10731.0
360	3499.3333333333335	0.0	42.0	8698.0
370	3889.6666666666665	0.0	90.0	13308.0
380	3460.6666666666665	1.0	76.0	12001.0
390	3691.3333333333335	0.0	147.0	11594.0
400	3856.6666666666665	0.0	62.0	11361.0
410	3704.8333333333335	0.0	45.0	11216.0
420	3855.8333333333335	0.0	63.0	8723.0
430	3823.5	0.0	15.0	11851.0
440	3680.8333333333335	0.0	105.0	12164.0
450	3679.6666666666665	0.0	19.0	13212.0
460	3838.3333333333335	0.0	25.0	11475.0
470	3667.5	0.0	24.0	11949.0
480	3659.8333333333335	0.0	54.0	11585.0
490	3627.3333333333335	0.0	50.0	10470.0
500	3642.3333333333335	0.0	4.0	7525.0
510	3744.1666666666665	1.0	78.0	13776.0
520	3855.5	0.0	87.0	11618.0
530	3679.0	0.0	79.0	9604.0
540	3495.0	0.0	60.0	10077.0
550	3868.1666666666665	0.0	32.0	8848.0
560	3694.0	0.0	65.0	10309.0
570	3815.0	0.0	73.0	12292.0
580	3705.3333333333335	1.0	100.0	8764.0
590	3870.0	0.0	32.0	11158.0
600	3943.0	1.0	44.0	9317.0
