0	2502.3333333333335	0.0	0.0	0.0
10	2432.1666666666665	843.0	4179.0	12603.0
20	2583.0	157.0	545.0	5778.0
30	2556.8333333333335	0.0	0.0	11568.0
40	2510.8333333333335	0.0	0.0	5926.0
50	2575.5	0.0	0.0	9622.0
60	2646.3333333333335	0.0	0.0	10605.0
70	2665.6666666666665	0.0	0.0	11108.0
80	2506.6666666666665	0.0	0.0	8463.0
90	2583.3333333333335	0.0	0.0	8732.0
100	2541.6666666666665	0.0	0.0	7639.0
110	2739.3333333333335	0.0	0.0	9647.0
120	2720.3333333333335	0.0	0.0	11629.0
130	2914.0	0.0	0.0	9102.0
140	2737.0	0.0	0.0	8915.0
150	2967.5	0.0	0.0	10768.0
160	2827.5	0.0	0.0	12842.0
170	2712.0	0.0	0.0	5955.0
180	2524.1666666666665	0.0	0.0	10455.0
190	2606.3333333333335	0.0	0.0	7709.0
200	2558.0	0.0	0.0	9040.0
210	2572.3333333333335	0.0	0.0	9982.0
220	2920.5	0.0	0.0	10111.0
230	2385.8333333333335	0.0	0.0	7676.0
240	2538.8333333333335	0.0	0.0	7131.0
250	3303.0	0.0	0.0	12081.0
260	2863.8333333333335	0.0	0.0	10139.0
270	2821.8333333333335	0.0	0.0	12823.0
280	2508.5	0.0	0.0	11122.0
290	3098.8333333333335	0.0	0.0	9881.0
300	3129.8333333333335	0.0	0.0	8046.0
310	3319.5	0.0	0.0	9244.0
320	3023.1666666666665	0.0	0.0	9838.0
330	3038.8333333333335	0.0	0.0	13595.0
340	3587.3333333333335	0.0	0.0	10579.0
350	3433.3333333333335	0.0	0.0	10295.0
360	3303.8333333333335	0.0	0.0	9332.0
370	2924.3333333333335	0.0	0.0	12308.0
380	3312.5	0.0	0.0	12144.0
390	3602.3333333333335	0.0	0.0	7929.0
400	3144.5	0.0	0.0	8886.0
410	2891.0	0.0	0.0	10895.0
420	3332.5	0.0	0.0	11775.0
430	3733.5	0.0	0.0	9506.0
440	3676.6666666666665	0.0	0.0	10408.0
450	3719.1666666666665	0.0	0.0	10424.0
460	2934.6666666666665	0.0	0.0	10516.0
470	3370.6666666666665	0.0	0.0	13893.0
480	3488.8333333333335	0.0	0.0	11816.0
490	3771.6666666666665	0.0	0.0	11183.0
500	3718.0	0.0	0.0	9493.0
510	3865.3333333333335	0.0	0.0	10904.0
520	3629.3333333333335	0.0	0.0	8862.0
530	3575.6666666666665	0.0	0.0	9864.0
540	3928.6666666666665	0.0	0.0	12915.0
550	3457.6666666666665	0.0	0.0	8911.0
560	3792.0	0.0	0.0	9840.0
570	3537.8333333333335	0.0	0.0	12039.0
580	3976.6666666666665	0.0	0.0	12683.0
590	3658.1666666666665	0.0	0.0	13186.0
600	3959.8333333333335	0.0	0.0	9045.0
610	3658.1666666666665	0.0	0.0	10012.0
620	3489.6666666666665	0.0	0.0	9209.0
630	3502.8333333333335	0.0	0.0	8315.0
640	3645.5	0.0	0.0	8204.0
650	3604.6666666666665	0.0	0.0	9528.0
660	4309.0	0.0	0.0	8412.0
670	3674.0	0.0	0.0	9441.0
680	3830.3333333333335	0.0	0.0	11456.0
690	3797.8333333333335	0.0	0.0	11532.0
700	3398.3333333333335	0.0	0.0	12213.0
710	3736.3333333333335	0.0	0.0	8654.0
720	3677.6666666666665	0.0	0.0	10490.0
730	4053.5	0.0	0.0	10366.0
740	3802.5	0.0	0.0	14757.0
750	3779.0	0.0	0.0	11318.0
760	3444.3333333333335	0.0	0.0	10330.0
770	3925.8333333333335	0.0	0.0	7699.0
780	3981.5	0.0	0.0	7886.0
790	3530.0	0.0	0.0	11242.0
800	3781.6666666666665	0.0	0.0	11404.0
810	3700.6666666666665	0.0	0.0	10170.0
820	3862.0	0.0	0.0	9293.0
830	3664.3333333333335	0.0	0.0	9961.0
840	3776.6666666666665	0.0	0.0	7175.0
850	3659.8333333333335	0.0	0.0	9972.0
860	3761.6666666666665	0.0	0.0	11116.0
870	3558.3333333333335	0.0	0.0	8941.0
880	3754.5	0.0	0.0	11663.0
890	3694.5	0.0	0.0	8647.0
900	3848.6666666666665	0.0	0.0	9578.0
910	3564.1666666666665	0.0	0.0	8803.0
920	3960.5	0.0	0.0	9056.0
930	3744.8333333333335	0.0	0.0	7892.0
940	3917.6666666666665	0.0	0.0	9349.0
950	3582.6666666666665	0.0	0.0	9400.0
960	3507.5	0.0	0.0	11123.0
970	3631.6666666666665	0.0	0.0	11468.0
980	3894.1666666666665	0.0	0.0	6974.0
990	3597.8333333333335	0.0	0.0	13786.0
1000	3804.0	0.0	0.0	11760.0
