0	2570.6666666666665	0.0	0.0	0.0
10	2568.0	813.0	4520.0	13333.0
20	2573.6666666666665	187.0	1050.0	8078.0
30	2789.5	0.0	0.0	10712.0
40	2649.0	0.0	0.0	12302.0
50	2760.6666666666665	0.0	0.0	9307.0
60	2729.0	0.0	0.0	6861.0
70	2392.3333333333335	0.0	0.0	12228.0
80	2096.1666666666665	0.0	0.0	11107.0
90	2547.1666666666665	0.0	0.0	7883.0
100	2837.3333333333335	0.0	0.0	9996.0
110	2629.6666666666665	0.0	0.0	9007.0
120	2419.5	0.0	0.0	8228.0
130	2549.6666666666665	0.0	0.0	8403.0
140	2707.0	0.0	0.0	9033.0
150	2764.1666666666665	0.0	0.0	11024.0
160	2373.8333333333335	0.0	0.0	10239.0
170	2648.5	0.0	0.0	10278.0
180	2437.0	0.0	0.0	9554.0
190	3114.8333333333335	0.0	0.0	8110.0
200	2918.3333333333335	0.0	0.0	8591.0
210	2529.0	0.0	0.0	6612.0
220	2816.8333333333335	0.0	0.0	12552.0
230	2747.1666666666665	0.0	0.0	12666.0
240	2893.0	0.0	0.0	5674.0
250	3132.5	0.0	0.0	12644.0
260	2703.3333333333335	0.0	0.0	9278.0
270	2865.5	0.0	0.0	10067.0
280	3179.0	0.0	0.0	9595.0
290	3127.3333333333335	0.0	0.0	13594.0
300	2968.1666666666665	0.0	0.0	9105.0
310	3070.1666666666665	0.0	0.0	10908.0
320	3621.6666666666665	0.0	0.0	12148.0
330	3259.5	0.0	0.0	7670.0
340	3435.0	0.0	0.0	9003.0
350	3834.8333333333335	0.0	0.0	9414.0
360	3255.0	0.0	0.0	10997.0
370	3891.6666666666665	0.0	0.0	13160.0
380	3342.5	0.0	0.0	9311.0
390	3906.8333333333335	0.0	0.0	9628.0
400	3852.3333333333335	0.0	0.0	11016.0
410	2993.0	0.0	0.0	11124.0
420	3838.1666666666665	0.0	0.0	9177.0
430	2991.1666666666665	0.0	0.0	9932.0
440	3462.1666666666665	0.0	0.0	9129.0
450	3198.8333333333335	0.0	0.0	12408.0
460	3415.5	0.0	0.0	10081.0
470	3394.1666666666665	0.0	0.0	9467.0
480	3419.8333333333335	0.0	0.0	12444.0
490	3582.3333333333335	0.0	0.0	8489.0
500	3838.5	0.0	0.0	12303.0
510	3701.3333333333335	0.0	0.0	9747.0
520	3785.6666666666665	0.0	0.0	11282.0
530	3440.8333333333335	0.0	0.0	7422.0
540	3759.0	0.0	0.0	11331.0
550	3462.8333333333335	0.0	0.0	9710.0
560	3788.5	0.0	0.0	10481.0
570	3797.8333333333335	0.0	0.0	8979.0
580	3493.8333333333335	0.0	0.0	11003.0
590	3791.5	0.0	0.0	11562.0
600	3629.6666666666665	0.0	0.0	11969.0
610	3914.5	0.0	0.0	8667.0
620	3553.6666666666665	0.0	0.0	10023.0
630	3669.8333333333335	0.0	0.0	10631.0
640	3871.0	0.0	0.0	9581.0
650	3738.6666666666665	0.0	0.0	12396.0
660	4183.333333333333	0.0	0.0	13083.0
670	3850.5	0.0	0.0	13436.0
680	3730.5	0.0	0.0	10152.0
690	3926.3333333333335	0.0	0.0	10277.0
700	3719.5	0.0	0.0	7730.0
710	3737.3333333333335	0.0	0.0	11836.0
720	3946.3333333333335	0.0	0.0	11720.0
730	3767.0	0.0	0.0	8717.0
740	3468.6666666666665	0.0	0.0	10535.0
750	3329.5	0.0	0.0	9629.0
760	3493.6666666666665	0.0	0.0	10971.0
770	3407.5	0.0	0.0	9293.0
780	3718.3333333333335	0.0	0.0	9952.0
790	3717.6666666666665	0.0	0.0	13093.0
800	3492.0	0.0	0.0	10691.0
810	3848.1666666666665	0.0	0.0	10386.0
820	3844.5	0.0	0.0	10870.0
830	3716.0	0.0	0.0	10451.0
840	3859.3333333333335	0.0	0.0	12874.0
850	3822.8333333333335	0.0	0.0	10926.0
860	3670.6666666666665	0.0	0.0	12876.0
870	3674.1666666666665	0.0	0.0	9153.0
880	4019.5	0.0	0.0	11132.0
890	3475.1666666666665	0.0	0.0	10707.0
900	3860.8333333333335	0.0	0.0	10948.0
910	3767.0	0.0	0.0	10386.0
920	3432.1666666666665	0.0	0.0	8421.0
930	3966.6666666666665	0.0	0.0	8611.0
940	4125.5	0.0	0.0	9211.0
950	3890.3333333333335	0.0	0.0	9657.0
960	3650.0	0.0	0.0	9355.0
970	3576.5	0.0	0.0	11923.0
980	3709.8333333333335	0.0	0.0	10740.0
990	3820.3333333333335	0.0	0.0	6903.0
1000	3797.3333333333335	0.0	0.0	9875.0
