0	281.6666666666667	0.0	0.0
10	1882.1666666666667	78.0	10364.0
20	2096.8333333333335	47.0	11108.0
30	1897.5	84.0	8899.0
40	1932.1666666666667	51.0	8001.0
50	1837.1666666666667	18.0	7361.0
60	2075.8333333333335	25.0	10364.0
70	2437.0	53.0	9757.0
80	2362.1666666666665	61.0	11679.0
90	2395.3333333333335	19.0	6959.0
100	2626.0	36.0	10610.0
110	2681.0	64.0	11609.0
120	2387.8333333333335	34.0	10693.0
130	2459.1666666666665	13.0	8260.0
140	1978.3333333333333	51.0	9469.0
150	2299.3333333333335	57.0	10163.0
160	2819.5	11.0	5902.0
170	2509.5	12.0	5801.0
180	2629.6666666666665	21.0	9933.0
190	2511.5	24.0	9993.0
200	2709.8333333333335	34.0	9689.0
210	2915.5	28.0	10102.0
220	3179.1666666666665	25.0	11795.0
230	2938.6666666666665	19.0	13687.0
240	2367.8333333333335	11.0	7999.0
250	2751.0	11.0	9339.0
260	3059.3333333333335	28.0	9446.0
270	3048.3333333333335	24.0	12978.0
280	2970.5	15.0	9454.0
290	3036.3333333333335	9.0	9188.0
300	2961.1666666666665	16.0	7350.0
310	3656.5	18.0	8629.0
320	3387.1666666666665	15.0	11612.0
330	3679.0	22.0	8945.0
340	3344.8333333333335	23.0	11665.0
350	3266.1666666666665	15.0	9787.0
360	3125.5	32.0	14110.0
370	3567.0	21.0	14237.0
380	2875.3333333333335	11.0	7688.0
390	3335.6666666666665	7.0	11403.0
400	3228.0	18.0	11367.0
410	3602.1666666666665	14.0	11369.0
420	3740.3333333333335	7.0	8914.0
430	3357.1666666666665	23.0	14375.0
440	3474.3333333333335	17.0	11908.0
450	3453.6666666666665	8.0	9392.0
460	3658.6666666666665	8.0	10340.0
470	3578.6666666666665	15.0	12007.0
480	3364.5	15.0	13043.0
490	3773.6666666666665	7.0	9247.0
500	3730.8333333333335	23.0	11284.0
510	3848.3333333333335	24.0	10885.0
520	3660.8333333333335	11.0	11367.0
530	3624.3333333333335	11.0	9793.0
540	3739.1666666666665	17.0	11282.0
550	3826.3333333333335	18.0	9658.0
560	3514.3333333333335	16.0	11293.0
570	3889.1666666666665	16.0	12480.0
580	3727.1666666666665	14.0	10105.0
590	3632.5	15.0	9925.0
600	3167.1666666666665	16.0	11675.0
610	3600.0	9.0	10259.0
620	3775.3333333333335	17.0	11530.0
630	3879.5	12.0	9153.0
640	3975.0	19.0	11663.0
650	3680.8333333333335	16.0	7797.0
660	3465.6666666666665	18.0	11718.0
670	3987.0	10.0	11499.0
680	3672.0	18.0	11354.0
690	3758.6666666666665	16.0	10110.0
700	3858.0	20.0	11372.0
710	3980.3333333333335	13.0	9345.0
720	4026.8333333333335	14.0	10360.0
730	3781.0	11.0	12689.0
740	3351.5	19.0	13356.0
750	3394.6666666666665	20.0	11004.0
760	3749.8333333333335	25.0	10803.0
770	3859.0	22.0	10466.0
780	4226.333333333333	11.0	9734.0
790	3786.8333333333335	11.0	11160.0
800	3761.5	15.0	9769.0
810	3833.6666666666665	12.0	11252.0
820	3742.3333333333335	11.0	10151.0
830	3731.3333333333335	12.0	9627.0
840	3914.1666666666665	25.0	11931.0
850	3607.8333333333335	16.0	8448.0
860	3455.1666666666665	13.0	11359.0
870	4228.666666666667	22.0	10016.0
880	3722.1666666666665	20.0	9191.0
890	3447.1666666666665	22.0	10250.0
900	3833.8333333333335	19.0	12330.0
910	3870.0	19.0	11658.0
920	3691.8333333333335	11.0	10420.0
930	4051.1666666666665	18.0	12232.0
940	3815.6666666666665	8.0	12324.0
950	3900.3333333333335	0.0	9199.0
960	3471.1666666666665	0.0	9850.0
970	3656.0	0.0	11832.0
980	3565.6666666666665	0.0	12698.0
990	3815.3333333333335	0.0	7146.0
1000	4156.0	0.0	8584.0
