0	2171.25	0.0	0.0	0.0
10	2206.75	1000.0	4750.0	10321.0
20	2270.25	0.0	0.0	10919.0
30	2163.5	0.0	0.0	8608.0
40	2418.25	0.0	0.0	9708.0
50	2362.0	0.0	0.0	7186.0
60	2472.5	0.0	0.0	8245.0
70	2590.5	0.0	0.0	10039.0
80	2501.25	0.0	0.0	8662.0
90	2584.75	0.0	0.0	6660.0
100	2495.75	0.0	0.0	10313.0
110	2754.75	0.0	0.0	9303.0
120	2261.75	0.0	0.0	8593.0
130	2973.5	0.0	0.0	8101.0
140	2669.25	0.0	0.0	6622.0
150	2853.75	0.0	0.0	6373.0
160	2558.0	0.0	0.0	8842.0
170	2453.75	0.0	0.0	9950.0
180	2266.25	0.0	0.0	5777.0
190	1908.75	0.0	0.0	7789.0
200	2297.5	0.0	0.0	11386.0
210	2339.75	0.0	0.0	9512.0
220	2362.75	0.0	0.0	7558.0
230	2519.75	0.0	0.0	8665.0
240	2048.0	0.0	0.0	8036.0
250	2739.0	0.0	0.0	7125.0
260	2890.0	0.0	0.0	7222.0
270	2915.5	0.0	0.0	8105.0
280	2512.5	0.0	0.0	10511.0
290	2395.0	0.0	0.0	9621.0
300	2952.0	0.0	0.0	9686.0
310	2823.5	0.0	0.0	9778.0
320	2574.5	0.0	0.0	10864.0
330	2739.25	0.0	0.0	7063.0
340	2833.5	0.0	0.0	7898.0
350	2744.5	0.0	0.0	11650.0
360	2906.5	0.0	0.0	10451.0
370	2600.75	0.0	0.0	10045.0
380	3578.75	0.0	0.0	12476.0
390	2881.75	0.0	0.0	5912.0
400	2774.75	0.0	0.0	7873.0
410	3432.5	0.0	0.0	12716.0
420	2836.25	0.0	0.0	9260.0
430	3027.5	0.0	0.0	11230.0
440	3282.0	0.0	0.0	12379.0
450	3284.0	0.0	0.0	10617.0
460	3260.5	0.0	0.0	9459.0
470	2528.5	0.0	0.0	7984.0
480	2965.25	0.0	0.0	7831.0
490	2737.5	0.0	0.0	12668.0
500	3516.5	0.0	0.0	8800.0
510	3048.25	0.0	0.0	12221.0
520	3081.5	0.0	0.0	12094.0
530	3578.25	0.0	0.0	12114.0
540	3694.5	0.0	0.0	11175.0
550	3358.75	0.0	0.0	9782.0
560	3664.25	0.0	0.0	8970.0
570	3700.0	0.0	0.0	8980.0
580	3511.0	0.0	0.0	10189.0
590	2728.25	0.0	0.0	13812.0
600	3491.0	0.0	0.0	9756.0
610	3721.25	0.0	0.0	8135.0
620	2898.0	0.0	0.0	11588.0
630	3791.0	0.0	0.0	8600.0
640	3709.25	0.0	0.0	10861.0
650	3942.25	0.0	0.0	11172.0
660	3318.75	0.0	0.0	9917.0
670	3520.5	0.0	0.0	9527.0
680	3217.0	0.0	0.0	11171.0
690	3789.25	0.0	0.0	8465.0
700	3959.0	0.0	0.0	9749.0
710	3391.75	0.0	0.0	9750.0
720	3389.75	0.0	0.0	10005.0
730	3612.0	0.0	0.0	12550.0
740	3849.0	0.0	0.0	9609.0
750	3818.25	0.0	0.0	11047.0
760	3900.25	0.0	0.0	8193.0
770	3552.5	0.0	0.0	9974.0
780	3718.0	0.0	0.0	8672.0
790	3785.25	0.0	0.0	8816.0
800	4280.25	0.0	0.0	9936.0
