0	2158.5	0.0	0.0	0.0
10	2410.0	1000.0	4277.0	11853.0
20	2388.75	0.0	0.0	6807.0
30	2428.0	0.0	0.0	8125.0
40	2630.75	0.0	0.0	11999.0
50	2054.75	0.0	0.0	10513.0
60	2250.75	0.0	0.0	8941.0
70	2471.75	0.0	0.0	7296.0
80	2203.25	0.0	0.0	10992.0
90	2323.25	0.0	0.0	8595.0
100	1949.0	0.0	0.0	9659.0
110	2390.75	0.0	0.0	8302.0
120	2448.25	0.0	0.0	8394.0
130	2505.25	0.0	0.0	8565.0
140	2439.75	0.0	0.0	7638.0
150	2965.25	0.0	0.0	8837.0
160	2775.75	0.0	0.0	10012.0
170	2895.0	0.0	0.0	8713.0
180	2438.5	0.0	0.0	7901.0
190	2421.75	0.0	0.0	6769.0
200	2087.75	0.0	0.0	10131.0
210	2598.75	0.0	0.0	11446.0
220	2699.5	0.0	0.0	7343.0
230	2718.75	0.0	0.0	5700.0
240	2596.0	0.0	0.0	5587.0
250	2911.75	0.0	0.0	11221.0
260	2663.75	0.0	0.0	12410.0
270	2767.5	0.0	0.0	8458.0
280	2832.5	0.0	0.0	7813.0
290	2956.25	0.0	0.0	11716.0
300	3038.5	0.0	0.0	8565.0
310	3172.5	0.0	0.0	12137.0
320	2803.0	0.0	0.0	11868.0
330	2974.0	0.0	0.0	11615.0
340	3262.5	0.0	0.0	9798.0
350	2878.0	0.0	0.0	10568.0
360	3188.25	0.0	0.0	7919.0
370	3219.0	0.0	0.0	10171.0
380	3111.5	0.0	0.0	12867.0
390	3277.75	0.0	0.0	13351.0
400	3416.75	0.0	0.0	12295.0
410	3772.5	0.0	0.0	11583.0
420	3335.0	0.0	0.0	8168.0
430	3523.75	0.0	0.0	9145.0
440	3955.0	0.0	0.0	9327.0
450	3605.0	0.0	0.0	11140.0
460	3124.25	0.0	0.0	6811.0
470	3592.75	0.0	0.0	12385.0
480	3220.75	0.0	0.0	7408.0
490	3318.25	0.0	0.0	9087.0
500	3614.0	0.0	0.0	8987.0
510	2982.75	0.0	0.0	7568.0
520	3709.75	0.0	0.0	11073.0
530	3885.0	0.0	0.0	6757.0
540	2857.0	0.0	0.0	11106.0
550	3400.0	0.0	0.0	8655.0
560	4015.0	0.0	0.0	13259.0
570	3219.5	0.0	0.0	9138.0
580	3295.0	0.0	0.0	11580.0
590	3384.5	0.0	0.0	10853.0
600	3762.0	0.0	0.0	8261.0
610	3607.25	0.0	0.0	12433.0
620	3612.75	0.0	0.0	12036.0
630	3922.5	0.0	0.0	10504.0
640	3113.0	0.0	0.0	13385.0
650	4061.0	0.0	0.0	11922.0
660	3265.75	0.0	0.0	8915.0
670	3824.5	0.0	0.0	10218.0
680	3798.75	0.0	0.0	10737.0
690	3687.5	0.0	0.0	11006.0
700	3355.75	0.0	0.0	11001.0
710	4025.25	0.0	0.0	10083.0
720	3832.0	0.0	0.0	11279.0
730	3235.0	0.0	0.0	11564.0
740	3626.75	0.0	0.0	8539.0
750	3860.5	0.0	0.0	13491.0
760	4180.0	0.0	0.0	10395.0
770	2902.75	0.0	0.0	12730.0
780	3570.5	0.0	0.0	9191.0
790	4011.75	0.0	0.0	9325.0
800	3747.5	0.0	0.0	10045.0
