0	2226.5	0.0	0.0	0.0
10	2186.25	1000.0	4518.0	14386.0
20	2353.25	0.0	0.0	6095.0
30	2311.25	0.0	0.0	9462.0
40	2409.0	0.0	0.0	7309.0
50	2420.0	0.0	0.0	8273.0
60	2472.75	0.0	0.0	8937.0
70	1899.5	0.0	0.0	6103.0
80	2246.25	0.0	0.0	7400.0
90	1793.5	0.0	0.0	8870.0
100	1914.75	0.0	0.0	8720.0
110	2105.75	0.0	0.0	6541.0
120	2340.25	0.0	0.0	7299.0
130	2158.25	0.0	0.0	9686.0
140	2131.5	0.0	0.0	9214.0
150	2273.75	0.0	0.0	11395.0
160	2676.75	0.0	0.0	8102.0
170	2623.0	0.0	0.0	6690.0
180	2583.75	0.0	0.0	7090.0
190	2567.25	0.0	0.0	7085.0
200	2269.0	0.0	0.0	10588.0
210	2694.75	0.0	0.0	11972.0
220	2719.75	0.0	0.0	9982.0
230	2733.5	0.0	0.0	9902.0
240	2377.75	0.0	0.0	7693.0
250	2769.5	0.0	0.0	10935.0
260	2712.5	0.0	0.0	10801.0
270	2941.25	0.0	0.0	7568.0
280	3161.5	0.0	0.0	9764.0
290	2667.0	0.0	0.0	9140.0
300	2678.5	0.0	0.0	9125.0
310	2885.25	0.0	0.0	9749.0
320	3088.25	0.0	0.0	9277.0
330	3260.0	0.0	0.0	10135.0
340	3116.5	0.0	0.0	8303.0
350	2830.75	0.0	0.0	7946.0
360	3019.0	0.0	0.0	9461.0
370	3530.0	0.0	0.0	12672.0
380	3709.0	0.0	0.0	10710.0
390	2639.75	0.0	0.0	11743.0
400	3412.5	0.0	0.0	8173.0
410	2995.5	0.0	0.0	12215.0
420	3370.25	0.0	0.0	13135.0
430	3341.25	0.0	0.0	9321.0
440	3479.75	0.0	0.0	8108.0
450	3576.75	0.0	0.0	9772.0
460	2644.25	0.0	0.0	10517.0
470	3292.25	0.0	0.0	5952.0
480	2988.0	0.0	0.0	10812.0
490	3200.5	0.0	0.0	12023.0
500	3572.25	0.0	0.0	8438.0
510	4158.5	0.0	0.0	9220.0
520	3705.25	0.0	0.0	10765.0
530	3863.0	0.0	0.0	10584.0
540	2876.5	0.0	0.0	7758.0
550	3211.75	0.0	0.0	9600.0
560	3130.5	0.0	0.0	10379.0
570	3519.5	0.0	0.0	11059.0
580	3738.75	0.0	0.0	12940.0
590	3331.25	0.0	0.0	10787.0
600	3050.0	0.0	0.0	12345.0
610	3583.25	0.0	0.0	10299.0
620	3292.75	0.0	0.0	9611.0
630	3428.25	0.0	0.0	11145.0
640	3411.0	0.0	0.0	11065.0
650	3459.25	0.0	0.0	13084.0
660	3568.25	0.0	0.0	12012.0
670	3587.25	0.0	0.0	9915.0
680	3801.75	0.0	0.0	10518.0
690	3462.75	0.0	0.0	7587.0
700	3436.75	0.0	0.0	7589.0
710	3866.5	0.0	0.0	11676.0
720	3792.25	0.0	0.0	11121.0
730	3961.25	0.0	0.0	12098.0
740	3299.0	0.0	0.0	9341.0
750	3681.75	0.0	0.0	7105.0
760	3541.25	0.0	0.0	10492.0
770	3732.0	0.0	0.0	9045.0
780	3814.25	0.0	0.0	12107.0
790	3955.0	0.0	0.0	6878.0
800	4021.5	0.0	0.0	10703.0
