0	2476.3333333333335	0.0	0.0	0.0
10	2768.3333333333335	1000.0	1000.0	10029.0
20	2649.8333333333335	0.0	0.0	9614.0
30	2534.1666666666665	0.0	0.0	7795.0
40	2406.1666666666665	0.0	0.0	9816.0
50	2275.6666666666665	0.0	0.0	12781.0
60	2510.3333333333335	0.0	0.0	8093.0
70	2341.3333333333335	0.0	0.0	9415.0
80	2345.1666666666665	0.0	0.0	10068.0
90	2688.8333333333335	0.0	0.0	9772.0
100	2701.5	0.0	0.0	11731.0
110	2983.6666666666665	0.0	0.0	11292.0
120	2682.1666666666665	0.0	0.0	14392.0
130	2769.5	0.0	0.0	10572.0
140	3081.6666666666665	0.0	0.0	8577.0
150	2908.1666666666665	0.0	0.0	7932.0
160	2861.5	0.0	0.0	10310.0
170	2638.8333333333335	0.0	0.0	12685.0
180	3282.0	0.0	0.0	11336.0
190	2702.5	0.0	0.0	6400.0
200	2668.3333333333335	0.0	0.0	10328.0
210	3044.5	0.0	0.0	9274.0
220	2842.1666666666665	0.0	0.0	12309.0
230	3017.5	0.0	0.0	11214.0
240	2963.0	0.0	0.0	11909.0
250	3025.5	0.0	0.0	10837.0
260	3179.5	0.0	0.0	8631.0
270	3345.3333333333335	0.0	0.0	9379.0
280	3405.8333333333335	0.0	0.0	13218.0
290	3434.1666666666665	0.0	0.0	9010.0
300	3534.0	0.0	0.0	10794.0
310	3775.6666666666665	0.0	0.0	12037.0
320	3522.5	0.0	0.0	10045.0
330	3302.0	0.0	0.0	11153.0
340	3385.0	0.0	0.0	10530.0
350	3309.3333333333335	0.0	0.0	9499.0
360	3138.1666666666665	0.0	0.0	12134.0
370	3163.8333333333335	0.0	0.0	10754.0
380	3273.8333333333335	0.0	0.0	11976.0
390	3310.1666666666665	0.0	0.0	11430.0
400	3103.8333333333335	0.0	0.0	11814.0
410	3800.5	0.0	0.0	13219.0
420	3950.0	0.0	0.0	9704.0
430	4090.0	0.0	0.0	10760.0
440	3819.1666666666665	0.0	0.0	11344.0
450	3516.0	0.0	0.0	8974.0
460	3432.6666666666665	0.0	0.0	9681.0
470	3940.0	0.0	0.0	9946.0
480	3677.8333333333335	0.0	0.0	8080.0
490	3628.0	0.0	0.0	8942.0
500	2983.1666666666665	0.0	0.0	10391.0
510	3978.8333333333335	0.0	0.0	11269.0
520	3468.5	0.0	0.0	10034.0
530	4117.5	0.0	0.0	11329.0
540	3991.5	0.0	0.0	8750.0
550	4100.333333333333	0.0	0.0	9703.0
560	2687.1666666666665	0.0	0.0	9277.0
570	3786.8333333333335	0.0	0.0	8454.0
580	3967.0	0.0	0.0	11686.0
590	3241.5	0.0	0.0	10449.0
600	3146.6666666666665	0.0	0.0	10400.0
610	3761.1666666666665	0.0	0.0	9728.0
620	3970.0	0.0	0.0	13348.0
630	3980.6666666666665	0.0	0.0	9379.0
640	3904.5	0.0	0.0	9468.0
650	3582.1666666666665	0.0	0.0	12633.0
660	3645.5	0.0	0.0	11263.0
670	3605.0	0.0	0.0	11017.0
680	3616.5	0.0	0.0	11102.0
690	3303.1666666666665	0.0	0.0	7660.0
700	3677.5	0.0	0.0	9427.0
710	3650.3333333333335	0.0	0.0	10801.0
720	3490.1666666666665	0.0	0.0	10204.0
730	3563.6666666666665	0.0	0.0	12008.0
740	3624.0	0.0	0.0	9821.0
750	4031.6666666666665	0.0	0.0	10734.0
760	4006.0	0.0	0.0	10383.0
770	3747.0	0.0	0.0	9932.0
780	3908.1666666666665	0.0	0.0	11642.0
790	4014.1666666666665	0.0	0.0	8915.0
800	3572.0	0.0	0.0	9488.0
