0	2784.5	0.0	0.0	0.0
10	2270.6666666666665	1000.0	1000.0	8871.0
20	1873.5	0.0	0.0	8347.0
30	2284.5	0.0	0.0	11596.0
40	2253.3333333333335	0.0	0.0	13151.0
50	2296.3333333333335	0.0	0.0	10575.0
60	2711.0	0.0	0.0	10693.0
70	2329.5	0.0	0.0	9956.0
80	2715.3333333333335	0.0	0.0	10422.0
90	2767.6666666666665	0.0	0.0	8456.0
100	2977.3333333333335	0.0	0.0	10387.0
110	2721.3333333333335	0.0	0.0	10116.0
120	2621.5	0.0	0.0	7255.0
130	2988.5	0.0	0.0	8650.0
140	2568.8333333333335	0.0	0.0	8953.0
150	2999.8333333333335	0.0	0.0	8419.0
160	3008.0	0.0	0.0	8398.0
170	3511.5	0.0	0.0	8832.0
180	3174.3333333333335	0.0	0.0	8905.0
190	2847.8333333333335	0.0	0.0	12217.0
200	3509.6666666666665	0.0	0.0	9287.0
210	2993.0	0.0	0.0	12888.0
220	3371.0	0.0	0.0	8033.0
230	3213.1666666666665	0.0	0.0	10782.0
240	3310.5	0.0	0.0	12874.0
250	3574.3333333333335	0.0	0.0	9737.0
260	3145.0	0.0	0.0	14357.0
270	3389.8333333333335	0.0	0.0	12038.0
280	3683.1666666666665	0.0	0.0	9617.0
290	3280.3333333333335	0.0	0.0	12961.0
300	3431.3333333333335	0.0	0.0	8824.0
310	3272.3333333333335	0.0	0.0	9289.0
320	3742.3333333333335	0.0	0.0	10860.0
330	3684.6666666666665	0.0	0.0	10070.0
340	3726.3333333333335	0.0	0.0	10657.0
350	3378.1666666666665	0.0	0.0	11250.0
360	3791.0	0.0	0.0	10772.0
370	3792.3333333333335	0.0	0.0	15118.0
380	3767.3333333333335	0.0	0.0	11867.0
390	3791.6666666666665	0.0	0.0	10479.0
400	3578.3333333333335	0.0	0.0	10005.0
410	3166.3333333333335	0.0	0.0	9534.0
420	4073.3333333333335	0.0	0.0	13592.0
430	3613.5	0.0	0.0	10979.0
440	3392.5	0.0	0.0	11022.0
450	3738.5	0.0	0.0	8978.0
460	3483.3333333333335	0.0	0.0	10467.0
470	3142.0	0.0	0.0	10626.0
480	3489.1666666666665	0.0	0.0	13873.0
490	3524.5	0.0	0.0	8937.0
500	3676.0	0.0	0.0	9948.0
510	3662.6666666666665	0.0	0.0	10574.0
520	4332.333333333333	0.0	0.0	9683.0
530	3848.5	0.0	0.0	9546.0
540	3581.5	0.0	0.0	8966.0
550	3910.6666666666665	0.0	0.0	9248.0
560	3184.8333333333335	0.0	0.0	11656.0
570	3677.5	0.0	0.0	9545.0
580	2773.0	0.0	0.0	10663.0
590	3592.1666666666665	0.0	0.0	12698.0
600	3362.5	0.0	0.0	7304.0
610	3600.1666666666665	0.0	0.0	11373.0
620	3529.8333333333335	0.0	0.0	7925.0
630	3776.1666666666665	0.0	0.0	9906.0
640	3771.3333333333335	0.0	0.0	13276.0
650	3889.8333333333335	0.0	0.0	12230.0
660	3648.8333333333335	0.0	0.0	10417.0
670	3658.5	0.0	0.0	9620.0
680	4037.6666666666665	0.0	0.0	9525.0
690	3634.3333333333335	0.0	0.0	11495.0
700	3850.8333333333335	0.0	0.0	8649.0
710	3564.5	0.0	0.0	11103.0
720	3640.6666666666665	0.0	0.0	7678.0
730	3784.1666666666665	0.0	0.0	10534.0
740	3515.8333333333335	0.0	0.0	9727.0
750	3611.6666666666665	0.0	0.0	9672.0
760	3569.3333333333335	0.0	0.0	8536.0
770	3693.5	0.0	0.0	12826.0
780	4058.0	0.0	0.0	9539.0
790	3882.3333333333335	0.0	0.0	9374.0
800	3542.1666666666665	0.0	0.0	9288.0
