0	2734.3333333333335	0.0	0.0	0.0
10	2566.1666666666665	1000.0	1000.0	12017.0
20	2666.3333333333335	0.0	0.0	8981.0
30	2647.3333333333335	0.0	0.0	8039.0
40	2699.3333333333335	0.0	0.0	11458.0
50	2155.0	0.0	0.0	6716.0
60	2417.0	0.0	0.0	6560.0
70	2626.0	0.0	0.0	6512.0
80	2364.8333333333335	0.0	0.0	8948.0
90	2649.0	0.0	0.0	6569.0
100	2662.0	0.0	0.0	8637.0
110	2296.0	0.0	0.0	10390.0
120	2479.8333333333335	0.0	0.0	8786.0
130	2554.3333333333335	0.0	0.0	7707.0
140	2883.5	0.0	0.0	9618.0
150	2583.1666666666665	0.0	0.0	10377.0
160	2213.0	0.0	0.0	8835.0
170	3045.0	0.0	0.0	7161.0
180	2841.6666666666665	0.0	0.0	10690.0
190	3156.8333333333335	0.0	0.0	8546.0
200	3072.1666666666665	0.0	0.0	11838.0
210	3095.3333333333335	0.0	0.0	6862.0
220	3115.8333333333335	0.0	0.0	9344.0
230	3341.1666666666665	0.0	0.0	10030.0
240	3284.1666666666665	0.0	0.0	9724.0
250	3545.1666666666665	0.0	0.0	12196.0
260	3457.3333333333335	0.0	0.0	6623.0
270	3279.0	0.0	0.0	12427.0
280	3256.3333333333335	0.0	0.0	8132.0
290	3216.6666666666665	0.0	0.0	10982.0
300	3498.3333333333335	0.0	0.0	9776.0
310	3412.0	0.0	0.0	10252.0
320	3698.1666666666665	0.0	0.0	10533.0
330	3524.3333333333335	0.0	0.0	10760.0
340	3670.3333333333335	0.0	0.0	12801.0
350	3032.3333333333335	0.0	0.0	12269.0
360	3280.6666666666665	0.0	0.0	10167.0
370	3643.6666666666665	0.0	0.0	11446.0
380	3846.1666666666665	0.0	0.0	12150.0
390	3266.1666666666665	0.0	0.0	11948.0
400	3971.8333333333335	0.0	0.0	12155.0
410	3408.0	0.0	0.0	11342.0
420	3635.1666666666665	0.0	0.0	8772.0
430	3269.5	0.0	0.0	6092.0
440	3494.1666666666665	0.0	0.0	9688.0
450	3590.5	0.0	0.0	13173.0
460	3173.6666666666665	0.0	0.0	12219.0
470	3695.0	0.0	0.0	12303.0
480	3658.1666666666665	0.0	0.0	13452.0
490	4092.1666666666665	0.0	0.0	10096.0
500	3918.0	0.0	0.0	12258.0
510	3484.8333333333335	0.0	0.0	11952.0
520	3924.5	0.0	0.0	9735.0
530	3431.8333333333335	0.0	0.0	9744.0
540	3602.1666666666665	0.0	0.0	10385.0
550	3352.5	0.0	0.0	9579.0
560	3595.5	0.0	0.0	9036.0
570	3733.6666666666665	0.0	0.0	10067.0
580	3937.5	0.0	0.0	9683.0
590	3676.0	0.0	0.0	9260.0
600	3946.0	0.0	0.0	8696.0
610	3604.1666666666665	0.0	0.0	9771.0
620	3766.0	0.0	0.0	10543.0
630	3512.5	0.0	0.0	11147.0
640	3994.8333333333335	0.0	0.0	10300.0
650	3732.3333333333335	0.0	0.0	7931.0
660	3622.5	0.0	0.0	10149.0
670	3905.6666666666665	0.0	0.0	8273.0
680	3684.6666666666665	0.0	0.0	9339.0
690	3719.3333333333335	0.0	0.0	10461.0
700	3685.6666666666665	0.0	0.0	11526.0
710	3792.0	0.0	0.0	12762.0
720	3881.0	0.0	0.0	7706.0
730	3683.8333333333335	0.0	0.0	9379.0
740	3731.5	0.0	0.0	10286.0
750	3611.3333333333335	0.0	0.0	10631.0
760	3946.0	0.0	0.0	8842.0
770	3678.1666666666665	0.0	0.0	12439.0
780	4144.666666666667	0.0	0.0	12666.0
790	3994.0	0.0	0.0	10982.0
800	3901.5	0.0	0.0	9764.0
