0	2321.0	0.0	0.0	0.0
10	2743.3333333333335	1000.0	1000.0	6944.0
20	2674.6666666666665	0.0	0.0	11732.0
30	2381.3333333333335	0.0	0.0	7243.0
40	2298.8333333333335	0.0	0.0	7394.0
50	2468.0	0.0	0.0	6891.0
60	2698.0	0.0	0.0	7174.0
70	2204.8333333333335	0.0	0.0	11269.0
80	2268.3333333333335	0.0	0.0	9436.0
90	2670.3333333333335	0.0	0.0	10517.0
100	2894.0	0.0	0.0	10180.0
110	2606.6666666666665	0.0	0.0	9146.0
120	2594.6666666666665	0.0	0.0	5987.0
130	2680.3333333333335	0.0	0.0	10169.0
140	2581.8333333333335	0.0	0.0	11450.0
150	2719.1666666666665	0.0	0.0	8494.0
160	2994.3333333333335	0.0	0.0	10573.0
170	2923.1666666666665	0.0	0.0	13086.0
180	2759.0	0.0	0.0	9126.0
190	3155.0	0.0	0.0	13200.0
200	3076.0	0.0	0.0	11480.0
210	2809.1666666666665	0.0	0.0	9490.0
220	2949.3333333333335	0.0	0.0	10388.0
230	3189.6666666666665	0.0	0.0	7085.0
240	3138.5	0.0	0.0	9040.0
250	3431.6666666666665	0.0	0.0	10135.0
260	3535.8333333333335	0.0	0.0	9226.0
270	2781.1666666666665	0.0	0.0	11347.0
280	3173.8333333333335	0.0	0.0	10963.0
290	3089.1666666666665	0.0	0.0	9718.0
300	2974.0	0.0	0.0	14150.0
310	3462.3333333333335	0.0	0.0	10044.0
320	3339.1666666666665	0.0	0.0	9266.0
330	3798.0	0.0	0.0	8510.0
340	3807.5	0.0	0.0	11374.0
350	3477.8333333333335	0.0	0.0	10576.0
360	3441.6666666666665	0.0	0.0	10737.0
370	3053.6666666666665	0.0	0.0	8311.0
380	3653.0	0.0	0.0	12006.0
390	3587.1666666666665	0.0	0.0	12126.0
400	3774.3333333333335	0.0	0.0	12929.0
410	3619.6666666666665	0.0	0.0	9628.0
420	3429.0	0.0	0.0	8447.0
430	3292.0	0.0	0.0	9025.0
440	3606.8333333333335	0.0	0.0	10142.0
450	3791.8333333333335	0.0	0.0	7781.0
460	3877.6666666666665	0.0	0.0	10591.0
470	3496.0	0.0	0.0	11780.0
480	3682.8333333333335	0.0	0.0	12233.0
490	3606.3333333333335	0.0	0.0	13754.0
500	3782.0	0.0	0.0	10008.0
510	3761.6666666666665	0.0	0.0	12184.0
520	3674.5	0.0	0.0	11584.0
530	3518.8333333333335	0.0	0.0	7421.0
540	3470.3333333333335	0.0	0.0	10927.0
550	3907.5	0.0	0.0	9087.0
560	3658.3333333333335	0.0	0.0	9453.0
570	3570.0	0.0	0.0	10024.0
580	3695.6666666666665	0.0	0.0	12525.0
590	3858.1666666666665	0.0	0.0	9358.0
600	3471.6666666666665	0.0	0.0	10123.0
610	3457.0	0.0	0.0	8166.0
620	3344.6666666666665	0.0	0.0	11211.0
630	3711.0	0.0	0.0	9228.0
640	2980.5	0.0	0.0	9586.0
650	3409.0	0.0	0.0	7439.0
660	3907.3333333333335	0.0	0.0	11672.0
670	3865.5	0.0	0.0	10531.0
680	3963.6666666666665	0.0	0.0	11974.0
690	3573.1666666666665	0.0	0.0	8801.0
700	3798.3333333333335	0.0	0.0	11527.0
710	3635.1666666666665	0.0	0.0	7133.0
720	4070.5	0.0	0.0	10411.0
730	3964.1666666666665	0.0	0.0	10503.0
740	3896.5	0.0	0.0	10575.0
750	3795.0	0.0	0.0	10177.0
760	3958.3333333333335	0.0	0.0	7119.0
770	3733.6666666666665	0.0	0.0	8203.0
780	3553.1666666666665	0.0	0.0	11925.0
790	3568.3333333333335	0.0	0.0	10158.0
800	3549.5	0.0	0.0	7430.0
