0	2167.8333333333335	0.0	0.0	0.0
10	2003.1666666666667	687.0	7220.0	7220.0
20	2148.3333333333335	313.0	3066.0	7885.0
30	2177.6666666666665	0.0	0.0	8944.0
40	1974.3333333333333	0.0	0.0	9467.0
50	2173.5	0.0	0.0	9978.0
60	2041.3333333333333	0.0	0.0	8528.0
70	2246.1666666666665	0.0	0.0	11085.0
80	2204.3333333333335	0.0	0.0	14223.0
90	2362.1666666666665	0.0	0.0	7711.0
100	2265.0	0.0	0.0	7493.0
110	2629.0	0.0	0.0	11342.0
120	2599.3333333333335	0.0	0.0	8766.0
130	2628.0	0.0	0.0	9682.0
140	2383.8333333333335	0.0	0.0	8763.0
150	2824.3333333333335	0.0	0.0	9720.0
160	2650.0	0.0	0.0	9190.0
170	2496.6666666666665	0.0	0.0	6332.0
180	2457.6666666666665	0.0	0.0	11970.0
190	2871.8333333333335	0.0	0.0	9323.0
200	2997.5	0.0	0.0	8228.0
210	2659.6666666666665	0.0	0.0	10804.0
220	2673.0	0.0	0.0	10741.0
230	3041.8333333333335	0.0	0.0	9612.0
240	2464.6666666666665	0.0	0.0	8576.0
250	2559.3333333333335	0.0	0.0	7784.0
260	2528.5	0.0	0.0	8731.0
270	3085.8333333333335	0.0	0.0	9786.0
280	3021.1666666666665	0.0	0.0	9461.0
290	3316.3333333333335	0.0	0.0	9520.0
300	3013.0	0.0	0.0	10147.0
310	3542.6666666666665	0.0	0.0	5314.0
320	3572.3333333333335	0.0	0.0	10319.0
330	3088.6666666666665	0.0	0.0	12508.0
340	3347.5	0.0	0.0	9354.0
350	3407.8333333333335	0.0	0.0	8088.0
360	3385.5	0.0	0.0	11338.0
370	3452.8333333333335	0.0	0.0	6755.0
380	3460.6666666666665	0.0	0.0	8563.0
390	3613.1666666666665	0.0	0.0	10171.0
400	3755.0	0.0	0.0	12156.0
410	3148.1666666666665	0.0	0.0	8978.0
420	3085.8333333333335	0.0	0.0	9649.0
430	2977.6666666666665	0.0	0.0	9636.0
440	2827.3333333333335	0.0	0.0	12707.0
450	3259.8333333333335	0.0	0.0	6253.0
460	3799.1666666666665	0.0	0.0	14213.0
470	3353.1666666666665	0.0	0.0	11655.0
480	3987.8333333333335	0.0	0.0	7794.0
490	3539.0	0.0	0.0	10007.0
500	3180.3333333333335	0.0	0.0	9336.0
510	3585.3333333333335	0.0	0.0	9978.0
520	3482.0	0.0	0.0	11908.0
530	3743.0	0.0	0.0	11176.0
540	3517.8333333333335	0.0	0.0	11103.0
550	2994.8333333333335	0.0	0.0	12143.0
560	4133.5	0.0	0.0	11285.0
570	3971.5	0.0	0.0	14740.0
580	3185.1666666666665	0.0	0.0	11942.0
590	3768.0	0.0	0.0	9755.0
600	3231.8333333333335	0.0	0.0	9661.0
610	3660.0	0.0	0.0	8990.0
620	3760.1666666666665	0.0	0.0	10101.0
630	3562.3333333333335	0.0	0.0	9572.0
640	3837.0	0.0	0.0	11242.0
650	3314.0	0.0	0.0	10417.0
660	3868.1666666666665	0.0	0.0	10056.0
670	3707.8333333333335	0.0	0.0	8790.0
680	3758.8333333333335	0.0	0.0	8427.0
690	3976.0	0.0	0.0	12673.0
700	3712.3333333333335	0.0	0.0	12897.0
