0	2147.6666666666665	0.0	0.0	0.0
10	2071.8333333333335	1000.0	9030.0	11926.0
20	2134.5	0.0	0.0	6825.0
30	2080.1666666666665	0.0	0.0	10758.0
40	2563.0	0.0	0.0	7855.0
50	2321.0	0.0	0.0	8022.0
60	2465.5	0.0	0.0	8122.0
70	2142.5	0.0	0.0	11658.0
80	2188.1666666666665	0.0	0.0	9735.0
90	2390.1666666666665	0.0	0.0	9395.0
100	2694.8333333333335	0.0	0.0	10427.0
110	2772.1666666666665	0.0	0.0	9444.0
120	2528.1666666666665	0.0	0.0	7878.0
130	2722.1666666666665	0.0	0.0	6440.0
140	2340.5	0.0	0.0	9967.0
150	2324.1666666666665	0.0	0.0	8182.0
160	3031.8333333333335	0.0	0.0	13706.0
170	2965.6666666666665	0.0	0.0	11632.0
180	3221.3333333333335	0.0	0.0	6905.0
190	3233.5	0.0	0.0	11357.0
200	3296.8333333333335	0.0	0.0	9929.0
210	2589.0	0.0	0.0	9536.0
220	2789.6666666666665	0.0	0.0	9140.0
230	3090.1666666666665	0.0	0.0	9907.0
240	2944.3333333333335	0.0	0.0	9679.0
250	2993.1666666666665	0.0	0.0	9128.0
260	3431.5	0.0	0.0	10615.0
270	3072.6666666666665	0.0	0.0	10612.0
280	2933.6666666666665	0.0	0.0	6384.0
290	2824.3333333333335	0.0	0.0	10987.0
300	3066.1666666666665	0.0	0.0	8822.0
310	3155.1666666666665	0.0	0.0	9149.0
320	3056.1666666666665	0.0	0.0	8873.0
330	3052.5	0.0	0.0	8137.0
340	3407.6666666666665	0.0	0.0	11921.0
350	3548.8333333333335	0.0	0.0	10256.0
360	3239.5	0.0	0.0	8956.0
370	3027.5	0.0	0.0	11731.0
380	3008.5	0.0	0.0	10244.0
390	3465.1666666666665	0.0	0.0	13202.0
400	3400.1666666666665	0.0	0.0	9003.0
410	3590.5	0.0	0.0	11435.0
420	3569.0	0.0	0.0	8104.0
430	3553.6666666666665	0.0	0.0	8643.0
440	3667.6666666666665	0.0	0.0	8702.0
450	3459.5	0.0	0.0	11663.0
460	3458.5	0.0	0.0	11791.0
470	3652.5	0.0	0.0	11062.0
480	3066.8333333333335	0.0	0.0	10564.0
490	3154.8333333333335	0.0	0.0	8503.0
500	3890.8333333333335	0.0	0.0	10620.0
510	3502.3333333333335	0.0	0.0	8248.0
520	4010.0	0.0	0.0	12656.0
530	3697.3333333333335	0.0	0.0	8492.0
540	3384.3333333333335	0.0	0.0	12622.0
550	3698.1666666666665	0.0	0.0	11652.0
560	3131.5	0.0	0.0	9641.0
570	3747.3333333333335	0.0	0.0	11593.0
580	3413.0	0.0	0.0	10833.0
590	3641.1666666666665	0.0	0.0	11606.0
600	3766.6666666666665	0.0	0.0	12207.0
610	3696.6666666666665	0.0	0.0	10381.0
620	3460.8333333333335	0.0	0.0	11400.0
630	3922.1666666666665	0.0	0.0	9484.0
640	3848.3333333333335	0.0	0.0	13602.0
650	3927.8333333333335	0.0	0.0	13498.0
660	3765.6666666666665	0.0	0.0	9305.0
670	3647.0	0.0	0.0	9387.0
680	3253.0	0.0	0.0	10254.0
690	3598.5	0.0	0.0	13951.0
700	3665.6666666666665	0.0	0.0	10404.0
