0	2218.5	0.0	0.0	0.0
10	2305.0	105.0	6289.0	12106.0
20	2237.5	146.0	5115.0	9301.0
30	2031.75	119.0	6213.0	13972.0
40	1650.0	64.0	4190.0	8564.0
50	2221.75	77.0	6512.0	13749.0
60	2738.75	126.0	6310.0	12970.0
70	2371.0	74.0	5475.0	11668.0
80	2298.5	49.0	5690.0	11158.0
90	2584.0	54.0	5131.0	10389.0
100	2770.75	46.0	6373.0	13108.0
110	2640.25	42.0	6260.0	12266.0
120	3230.75	26.0	4515.0	10452.0
130	3425.5	36.0	6754.0	15894.0
140	3020.0	35.0	5865.0	11806.0
150	2995.0	1.0	140.0	11498.0
160	3276.75	0.0	0.0	9168.0
170	3339.5	0.0	0.0	9771.0
180	3236.25	0.0	0.0	11975.0
190	2635.5	0.0	0.0	13032.0
200	3364.0	0.0	0.0	9699.0
210	2859.0	0.0	0.0	9547.0
220	3187.0	0.0	0.0	9859.0
230	3329.75	0.0	0.0	9042.0
240	3256.0	0.0	0.0	12455.0
250	3766.25	0.0	0.0	9138.0
260	3486.0	0.0	0.0	8299.0
270	3391.25	0.0	0.0	13231.0
280	3323.0	0.0	0.0	9110.0
290	2929.25	0.0	0.0	11082.0
300	3149.25	0.0	0.0	12614.0
310	3564.0	0.0	0.0	11189.0
320	3714.0	0.0	0.0	9118.0
330	3788.5	0.0	0.0	10350.0
340	4060.0	0.0	0.0	11086.0
350	3425.75	0.0	0.0	9324.0
360	3806.25	0.0	0.0	10867.0
370	3538.25	0.0	0.0	9821.0
380	3851.25	0.0	0.0	9929.0
390	3179.0	0.0	0.0	12513.0
400	3222.5	0.0	0.0	9852.0
410	3109.0	0.0	0.0	10497.0
420	4074.0	0.0	0.0	12018.0
430	4114.0	0.0	0.0	10395.0
440	3887.5	0.0	0.0	11272.0
450	3354.0	0.0	0.0	9872.0
460	3657.25	0.0	0.0	13139.0
470	3611.5	0.0	0.0	14041.0
480	3531.25	0.0	0.0	11577.0
490	3577.5	0.0	0.0	9173.0
500	3730.75	0.0	0.0	10308.0
510	3818.75	0.0	0.0	11283.0
520	4206.0	0.0	0.0	12166.0
530	4118.0	0.0	0.0	12314.0
540	3748.25	0.0	0.0	10204.0
550	3923.25	0.0	0.0	10119.0
560	3779.0	0.0	0.0	10816.0
570	3790.0	0.0	0.0	12430.0
580	3303.25	0.0	0.0	11389.0
590	3446.75	0.0	0.0	10810.0
600	3639.75	0.0	0.0	10608.0
610	3849.5	0.0	0.0	10199.0
620	3921.25	0.0	0.0	10331.0
630	3128.25	0.0	0.0	12047.0
640	3750.75	0.0	0.0	10159.0
650	3503.75	0.0	0.0	9530.0
660	3783.25	0.0	0.0	12742.0
670	4076.75	0.0	0.0	8780.0
680	3736.5	0.0	0.0	9918.0
690	3735.25	0.0	0.0	9102.0
700	3905.0	0.0	0.0	8922.0
710	3640.0	0.0	0.0	9349.0
720	3890.5	0.0	0.0	9619.0
730	3992.75	0.0	0.0	13018.0
740	4020.75	0.0	0.0	9584.0
750	4174.0	0.0	0.0	13290.0
760	4048.75	0.0	0.0	10931.0
770	3814.5	0.0	0.0	9607.0
780	3561.75	0.0	0.0	8639.0
790	4071.0	0.0	0.0	11090.0
800	4054.0	0.0	0.0	11390.0
