0	2151.5	0.0	0.0	0.0
10	2020.0	132.0	6081.0	10954.0
20	2132.0	53.0	4602.0	9066.0
30	2034.5	84.0	4984.0	9664.0
40	2015.75	183.0	6051.0	10820.0
50	1989.0	35.0	5034.0	8717.0
60	2631.0	94.0	6721.0	13674.0
70	2653.0	77.0	4998.0	9971.0
80	2092.0	52.0	4144.0	8126.0
90	2828.75	139.0	7393.0	15201.0
100	2342.5	48.0	3744.0	7255.0
110	2228.75	60.0	4709.0	10370.0
120	2953.75	43.0	2092.0	10027.0
130	2708.0	0.0	0.0	9736.0
140	2945.5	0.0	0.0	8906.0
150	3423.25	0.0	0.0	8025.0
160	3052.75	0.0	0.0	10526.0
170	3551.0	0.0	0.0	9532.0
180	2836.0	0.0	0.0	9396.0
190	3456.75	0.0	0.0	12831.0
200	2186.5	0.0	0.0	11170.0
210	2999.5	0.0	0.0	12419.0
220	3048.75	0.0	0.0	10727.0
230	3106.5	0.0	0.0	10391.0
240	3510.0	0.0	0.0	6932.0
250	3435.0	0.0	0.0	10415.0
260	3526.25	0.0	0.0	13421.0
270	3259.5	0.0	0.0	11374.0
280	3671.75	0.0	0.0	6562.0
290	3376.25	0.0	0.0	10293.0
300	3072.75	0.0	0.0	13788.0
310	3399.75	0.0	0.0	12126.0
320	3399.0	0.0	0.0	11444.0
330	3045.75	0.0	0.0	10113.0
340	4268.0	0.0	0.0	10431.0
350	3448.0	0.0	0.0	7945.0
360	3925.25	0.0	0.0	12885.0
370	3512.75	0.0	0.0	10370.0
380	3744.0	0.0	0.0	11702.0
390	2689.75	0.0	0.0	8549.0
400	3231.5	0.0	0.0	6485.0
410	3196.0	0.0	0.0	8682.0
420	3857.5	0.0	0.0	10193.0
430	4017.75	0.0	0.0	12569.0
440	3974.0	0.0	0.0	8531.0
450	3693.5	0.0	0.0	11171.0
460	4024.5	0.0	0.0	8909.0
470	3484.5	0.0	0.0	13682.0
480	3773.25	0.0	0.0	14933.0
490	3555.5	0.0	0.0	10709.0
500	3368.0	0.0	0.0	8721.0
510	3801.25	0.0	0.0	9083.0
520	3381.75	0.0	0.0	11498.0
530	3594.5	0.0	0.0	7262.0
540	3821.25	0.0	0.0	9518.0
550	2996.75	0.0	0.0	9271.0
560	3578.75	0.0	0.0	9469.0
570	3600.75	0.0	0.0	9915.0
580	3221.25	0.0	0.0	8515.0
590	3128.25	0.0	0.0	10473.0
600	3705.75	0.0	0.0	7146.0
610	3897.75	0.0	0.0	10012.0
620	3713.5	0.0	0.0	10500.0
630	3650.25	0.0	0.0	9856.0
640	3886.0	0.0	0.0	11176.0
650	3767.25	0.0	0.0	9235.0
660	3981.0	0.0	0.0	9790.0
670	3682.75	0.0	0.0	9991.0
680	3434.75	0.0	0.0	10543.0
690	3165.5	0.0	0.0	10196.0
700	4069.75	0.0	0.0	7532.0
710	3702.0	0.0	0.0	8400.0
720	3253.5	0.0	0.0	10615.0
730	3963.5	0.0	0.0	12815.0
740	3966.0	0.0	0.0	11015.0
750	3949.5	0.0	0.0	8758.0
760	3562.0	0.0	0.0	8741.0
770	3949.75	0.0	0.0	9833.0
780	3527.25	0.0	0.0	15288.0
790	3946.0	0.0	0.0	10154.0
800	3882.5	0.0	0.0	10307.0
