0	2103.0	0.0	0.0	0.0
10	2360.8333333333335	0.0	0.0	10448.0
20	2243.0	0.0	0.0	8295.0
30	2223.8333333333335	0.0	0.0	8490.0
40	2335.3333333333335	0.0	0.0	7035.0
50	2059.0	0.0	0.0	8400.0
60	2348.5	0.0	0.0	8112.0
70	2223.0	0.0	0.0	13247.0
80	2481.5	0.0	0.0	9869.0
90	2431.3333333333335	0.0	0.0	6180.0
100	2514.6666666666665	0.0	0.0	9357.0
110	2647.0	0.0	0.0	9945.0
120	2478.0	0.0	0.0	8745.0
130	2573.3333333333335	0.0	0.0	8417.0
140	2715.6666666666665	0.0	0.0	7627.0
150	2795.8333333333335	0.0	0.0	8490.0
160	2862.8333333333335	0.0	0.0	9593.0
170	2655.6666666666665	0.0	0.0	5467.0
180	2699.8333333333335	0.0	0.0	6704.0
190	2038.5	0.0	0.0	6486.0
200	2442.0	0.0	0.0	7087.0
210	2316.8333333333335	0.0	0.0	5899.0
220	2637.8333333333335	0.0	0.0	8483.0
230	2336.1666666666665	0.0	0.0	7802.0
240	2296.8333333333335	0.0	0.0	7678.0
250	2635.8333333333335	0.0	0.0	10332.0
260	2700.8333333333335	0.0	0.0	8605.0
270	2222.0	0.0	0.0	12774.0
280	2792.1666666666665	0.0	0.0	11801.0
290	2515.8333333333335	0.0	0.0	7703.0
300	2935.0	0.0	0.0	12551.0
310	2605.5	0.0	0.0	6034.0
320	2699.0	0.0	0.0	9615.0
330	2505.1666666666665	0.0	0.0	8488.0
340	2486.1666666666665	0.0	0.0	5976.0
350	2540.1666666666665	0.0	0.0	9512.0
360	2804.5	0.0	0.0	9679.0
370	2762.1666666666665	0.0	0.0	10574.0
380	2831.6666666666665	0.0	0.0	6721.0
390	2575.1666666666665	0.0	0.0	7016.0
400	3206.5	0.0	0.0	9909.0
410	2822.1666666666665	0.0	0.0	10638.0
420	2988.5	0.0	0.0	9200.0
430	3145.8333333333335	0.0	0.0	8510.0
440	3134.5	0.0	0.0	11154.0
450	3043.5	0.0	0.0	8923.0
460	2978.5	0.0	0.0	9853.0
470	3322.3333333333335	0.0	0.0	10468.0
480	3392.5	0.0	0.0	6043.0
490	3123.3333333333335	0.0	0.0	9312.0
500	2445.5	0.0	0.0	6416.0
510	3133.1666666666665	0.0	0.0	8736.0
520	3525.1666666666665	0.0	0.0	9758.0
530	3061.0	0.0	0.0	7037.0
540	2864.0	0.0	0.0	11714.0
550	3279.8333333333335	0.0	0.0	11605.0
560	3384.6666666666665	0.0	0.0	8703.0
570	3651.6666666666665	0.0	0.0	8757.0
580	3490.1666666666665	0.0	0.0	9963.0
590	3932.0	0.0	0.0	9017.0
600	3599.6666666666665	0.0	0.0	10825.0
610	3365.6666666666665	0.0	0.0	10092.0
620	3714.5	0.0	0.0	9534.0
630	3532.6666666666665	0.0	0.0	8626.0
640	3628.6666666666665	0.0	0.0	8069.0
650	3792.8333333333335	0.0	0.0	9123.0
660	3451.1666666666665	0.0	0.0	12519.0
670	3563.5	0.0	0.0	10136.0
680	3543.1666666666665	0.0	0.0	10919.0
690	3943.0	0.0	0.0	10739.0
700	3578.1666666666665	0.0	0.0	11416.0
710	3639.0	0.0	0.0	12069.0
720	3985.8333333333335	0.0	0.0	11884.0
730	3781.6666666666665	0.0	0.0	10442.0
740	3916.1666666666665	0.0	0.0	10626.0
750	3885.6666666666665	0.0	0.0	8528.0
760	3875.5	0.0	0.0	9351.0
770	3607.5	0.0	0.0	9846.0
780	3758.6666666666665	0.0	0.0	10455.0
790	3340.0	0.0	0.0	12665.0
800	3933.8333333333335	0.0	0.0	9473.0
