0	2052.25	0.0	0.0	0.0
10	2028.5	109.0	4141.0	8517.0
20	2296.75	195.0	3760.0	7779.0
30	2251.75	197.0	3517.0	7367.0
40	2091.0	306.0	3389.0	7095.0
50	2342.25	412.0	4589.0	9113.0
60	2126.75	197.0	3103.0	6467.0
70	1916.25	329.0	5455.0	11049.0
80	1929.0	265.0	4535.0	9331.0
90	2367.5	260.0	4249.0	8230.0
100	2244.75	562.0	7049.0	14097.0
110	2345.25	366.0	4026.0	7792.0
120	2294.75	452.0	4967.0	9783.0
130	2423.5	251.0	3786.0	7011.0
140	3089.25	371.0	5459.0	10651.0
150	2433.0	270.0	3935.0	7609.0
160	2685.5	591.0	5965.0	11345.0
170	2755.25	698.0	6440.0	12232.0
180	3098.0	510.0	7614.0	14607.0
190	3116.25	403.0	5823.0	11353.0
200	2805.5	165.0	4665.0	9189.0
210	3247.0	200.0	5130.0	9809.0
220	3128.5	549.0	7031.0	13186.0
230	3330.25	540.0	6467.0	12280.0
240	3553.0	283.0	5882.0	11198.0
250	2809.5	195.0	4324.0	8287.0
260	3259.0	274.0	5699.0	11118.0
270	3508.75	176.0	4520.0	8897.0
280	3720.75	176.0	5234.0	10069.0
290	3532.25	201.0	5496.0	10884.0
300	3195.75	245.0	6828.0	13137.0
310	3580.5	287.0	5818.0	11516.0
320	3534.0	180.0	6214.0	11885.0
330	4128.5	94.0	4163.0	7904.0
340	3177.5	115.0	3617.0	6939.0
350	2379.75	53.0	7245.0	13926.0
360	3609.75	78.0	4051.0	7916.0
370	3616.25	67.0	5679.0	10777.0
380	3177.75	161.0	5401.0	10121.0
390	3459.5	4.0	4682.0	8885.0
400	3235.75	58.0	6006.0	11474.0
410	3679.0	77.0	7134.0	13907.0
420	3602.25	117.0	5106.0	9775.0
430	3283.75	107.0	5699.0	10625.0
440	3351.5	103.0	4982.0	9380.0
450	3780.5	37.0	5686.0	10501.0
460	4042.0	116.0	5659.0	10726.0
470	3784.75	103.0	6493.0	12179.0
480	3291.0	146.0	6352.0	11520.0
490	3751.5	16.0	7154.0	13495.0
500	3205.25	109.0	6016.0	11920.0
510	4041.25	58.0	5366.0	10415.0
520	3797.25	108.0	5407.0	10517.0
530	3449.75	156.0	5414.0	10411.0
540	3856.25	18.0	5154.0	9936.0
550	4034.25	48.0	4427.0	8467.0
560	3324.5	57.0	4278.0	8081.0
570	4403.75	29.0	6201.0	12189.0
580	3902.5	119.0	7531.0	14284.0
590	3463.25	75.0	6107.0	11646.0
600	3541.5	114.0	4285.0	8344.0
610	4144.5	138.0	5081.0	9721.0
620	3524.25	53.0	5032.0	9698.0
630	3442.25	16.0	5038.0	10018.0
640	3809.75	46.0	4320.0	8417.0
650	3506.0	53.0	4661.0	9125.0
660	3720.5	137.0	5910.0	11436.0
670	3424.0	123.0	6715.0	13058.0
680	3548.25	33.0	5438.0	10335.0
690	3897.5	39.0	4724.0	9334.0
700	3620.75	58.0	5169.0	9958.0
710	3992.75	58.0	4774.0	9190.0
720	3614.5	61.0	4600.0	8835.0
730	3392.25	45.0	5174.0	9975.0
740	3747.25	6.0	5169.0	10257.0
750	3760.75	54.0	4400.0	8350.0
760	3687.25	62.0	6028.0	11762.0
770	3883.5	288.0	4851.0	9268.0
780	4059.25	24.0	4952.0	9694.0
790	3211.5	46.0	5995.0	11582.0
800	3947.0	30.0	4581.0	9137.0
