0	2256.0	0.0	0.0	0.0
10	2187.25	465.0	4883.0	9974.0
20	2227.75	222.0	3624.0	7845.0
30	2085.5	244.0	4600.0	9929.0
40	2609.5	505.0	7800.0	15596.0
50	2708.5	452.0	6426.0	13242.0
60	2323.25	539.0	5398.0	10667.0
70	2346.75	238.0	4847.0	9892.0
80	2507.0	291.0	3459.0	7333.0
90	2398.75	220.0	4277.0	8666.0
100	2134.0	375.0	4961.0	9802.0
110	2976.75	270.0	4175.0	8096.0
120	2584.5	260.0	4224.0	7981.0
130	2578.0	521.0	5521.0	11020.0
140	2887.0	479.0	4770.0	9348.0
150	3059.0	194.0	3394.0	6398.0
160	3577.25	517.0	6046.0	11414.0
170	2843.25	407.0	4444.0	8023.0
180	3120.5	462.0	4815.0	8629.0
190	3518.0	142.0	4468.0	8817.0
200	3509.75	437.0	6166.0	11607.0
210	3660.25	370.0	7426.0	14015.0
220	3482.75	478.0	4900.0	9157.0
230	3323.75	356.0	6834.0	13134.0
240	3014.25	165.0	4734.0	9008.0
250	3294.25	166.0	4597.0	8787.0
260	2924.75	190.0	6389.0	11979.0
270	3331.5	229.0	6486.0	12296.0
280	3113.75	204.0	5438.0	10529.0
290	2754.0	111.0	7025.0	13147.0
300	3470.25	122.0	4541.0	8500.0
310	3408.75	189.0	5972.0	11742.0
320	3596.0	139.0	5028.0	9438.0
330	3444.5	106.0	4805.0	8912.0
340	3030.0	119.0	5449.0	10615.0
350	3868.0	154.0	5462.0	10289.0
360	3797.25	77.0	5075.0	9712.0
370	3814.0	144.0	5451.0	10335.0
380	3509.0	81.0	5262.0	9968.0
390	3251.0	156.0	5626.0	10616.0
400	4125.5	70.0	5434.0	10685.0
410	4089.0	119.0	5113.0	9726.0
420	3077.5	141.0	5849.0	11141.0
430	3713.5	59.0	5227.0	9761.0
440	3507.75	23.0	5161.0	9602.0
450	3814.25	101.0	6726.0	12774.0
460	3469.25	7.0	5089.0	10058.0
470	3773.0	50.0	5620.0	11088.0
480	3418.5	160.0	4142.0	7676.0
490	4138.25	247.0	4653.0	8620.0
500	3782.5	76.0	6473.0	12697.0
510	3989.75	169.0	4886.0	9151.0
520	4336.5	85.0	4345.0	8794.0
530	3450.5	106.0	6101.0	11826.0
540	4115.0	113.0	5234.0	9960.0
550	3747.0	66.0	5525.0	10483.0
560	4191.0	72.0	5759.0	11266.0
570	3905.0	206.0	5531.0	10837.0
580	3663.0	53.0	4615.0	9107.0
590	3940.0	124.0	6523.0	12347.0
600	3591.5	77.0	6044.0	11661.0
610	3730.5	207.0	5687.0	10868.0
620	3911.0	13.0	5246.0	10196.0
630	4016.0	5.0	5221.0	10018.0
640	3711.0	78.0	5841.0	11574.0
650	3861.75	48.0	4784.0	9060.0
660	3882.5	79.0	5263.0	10424.0
670	3828.5	125.0	5428.0	10213.0
680	3331.25	81.0	4854.0	9393.0
690	3729.25	11.0	4988.0	10025.0
700	3629.0	162.0	5985.0	10927.0
710	3657.0	75.0	4162.0	8245.0
720	3251.5	56.0	5527.0	10739.0
730	3496.0	72.0	4023.0	7955.0
740	3633.25	36.0	4846.0	9265.0
750	4173.75	58.0	5772.0	11523.0
760	3642.75	119.0	3983.0	7872.0
770	3643.5	137.0	6046.0	11662.0
780	3024.25	33.0	6166.0	11716.0
790	3656.75	87.0	6101.0	12108.0
800	3806.5	176.0	5525.0	10844.0
