0	2081.25	0.0	0.0	0.0
10	2340.75	164.0	3413.0	7221.0
20	2175.5	191.0	2680.0	5907.0
30	2415.0	336.0	5082.0	10544.0
40	2091.75	510.0	6073.0	12444.0
50	2699.0	320.0	4685.0	9070.0
60	2049.0	233.0	4323.0	8980.0
70	2234.25	136.0	2935.0	6045.0
80	2374.25	403.0	5403.0	10523.0
90	2451.25	374.0	5679.0	11243.0
100	2304.0	412.0	4391.0	8790.0
110	2304.0	222.0	5053.0	9804.0
120	2138.5	69.0	3841.0	7920.0
130	2769.5	144.0	3306.0	6825.0
140	2650.25	279.0	3772.0	7510.0
150	2645.75	214.0	3817.0	7512.0
160	2207.0	143.0	3265.0	6807.0
170	2600.75	164.0	3549.0	7233.0
180	2786.25	449.0	5295.0	10221.0
190	2699.75	305.0	4488.0	8661.0
200	2951.0	277.0	4191.0	8255.0
210	3028.5	383.0	6593.0	12628.0
220	3038.25	460.0	5533.0	10833.0
230	2736.0	487.0	6445.0	12144.0
240	3157.75	221.0	4088.0	7946.0
250	3055.5	118.0	5034.0	9759.0
260	3138.0	246.0	5958.0	11624.0
270	2998.25	467.0	5938.0	11361.0
280	2876.25	216.0	3648.0	7070.0
290	3216.0	204.0	5065.0	10232.0
300	3607.75	350.0	5346.0	10344.0
310	2433.75	343.0	5162.0	9885.0
320	3269.5	252.0	5919.0	11127.0
330	3509.5	260.0	5672.0	11003.0
340	2960.5	209.0	6017.0	11514.0
350	3457.75	134.0	4148.0	8041.0
360	3454.5	136.0	5251.0	10353.0
370	3015.25	197.0	5104.0	10038.0
380	3792.5	119.0	3920.0	7337.0
390	3562.75	133.0	5018.0	9646.0
400	4053.0	24.0	5020.0	9589.0
410	3374.75	37.0	4937.0	9624.0
420	3601.0	82.0	4967.0	9587.0
430	3634.0	118.0	5631.0	10618.0
440	3120.25	52.0	4592.0	8757.0
450	3801.75	62.0	5552.0	10611.0
460	3431.25	192.0	6129.0	11947.0
470	3609.0	141.0	4365.0	8519.0
480	2987.25	96.0	5254.0	10140.0
490	3542.75	32.0	4680.0	9124.0
500	4050.25	92.0	6002.0	11203.0
510	3704.75	73.0	4590.0	8979.0
520	3338.25	30.0	4775.0	9129.0
530	3393.75	19.0	4920.0	9974.0
540	3692.25	100.0	6221.0	11581.0
550	4227.0	29.0	4204.0	8181.0
560	3925.5	97.0	6710.0	12638.0
570	3740.25	33.0	5872.0	11396.0
580	3646.75	92.0	7016.0	13352.0
590	3777.5	78.0	4412.0	8819.0
600	3679.0	175.0	5519.0	10602.0
610	3004.25	33.0	5691.0	10964.0
620	3763.75	83.0	6128.0	11823.0
630	3924.25	103.0	3936.0	7623.0
640	3713.75	153.0	4636.0	8770.0
650	3647.75	144.0	5598.0	10693.0
660	3985.25	44.0	4214.0	8234.0
670	3601.0	46.0	4101.0	8127.0
680	3625.25	117.0	5501.0	10779.0
690	3769.25	56.0	5988.0	11624.0
700	3725.75	37.0	5739.0	11194.0
710	3696.75	36.0	4429.0	8765.0
720	3754.75	110.0	5422.0	10304.0
730	3914.25	134.0	5613.0	11127.0
740	3412.75	58.0	5524.0	10781.0
750	3692.0	102.0	5318.0	10367.0
760	3736.0	37.0	5148.0	10197.0
770	3710.0	43.0	4152.0	8241.0
780	4227.25	79.0	5485.0	10746.0
790	3565.0	145.0	5720.0	10778.0
800	3978.0	100.0	4451.0	8452.0
