0	264.0	0.0	0.0	0.0
10	1921.5	498.0	1517.0	9013.0
20	1727.25	321.0	1319.0	8335.0
30	1763.0	181.0	535.0	12978.0
40	1985.5	0.0	0.0	7671.0
50	2244.5	0.0	0.0	4620.0
60	2442.5	0.0	0.0	9974.0
70	2485.5	0.0	0.0	8619.0
80	2190.25	0.0	0.0	7878.0
90	2440.25	0.0	0.0	10500.0
100	2710.0	0.0	0.0	12149.0
110	2594.75	0.0	0.0	7902.0
120	2685.5	0.0	0.0	10696.0
130	2863.0	0.0	0.0	11395.0
140	2967.5	0.0	0.0	9920.0
150	2665.5	0.0	0.0	11612.0
160	2882.5	0.0	0.0	11851.0
170	2773.5	0.0	0.0	8397.0
180	2585.5	0.0	0.0	8315.0
190	2466.0	0.0	0.0	6799.0
200	2644.0	0.0	0.0	7994.0
210	2516.5	0.0	0.0	7107.0
220	2458.0	0.0	0.0	9022.0
230	2291.0	0.0	0.0	6757.0
240	2872.25	0.0	0.0	10852.0
250	2725.0	0.0	0.0	8572.0
260	2604.5	0.0	0.0	9508.0
270	2697.75	0.0	0.0	11499.0
280	2424.25	0.0	0.0	11174.0
290	2462.75	0.0	0.0	8208.0
300	2386.75	0.0	0.0	10926.0
310	2450.5	0.0	0.0	10019.0
320	3084.25	0.0	0.0	7065.0
330	3111.5	0.0	0.0	12356.0
340	2136.0	0.0	0.0	7698.0
350	3372.5	0.0	0.0	8167.0
360	2659.75	0.0	0.0	11850.0
370	3079.25	0.0	0.0	8779.0
380	3137.0	0.0	0.0	10179.0
390	3169.25	0.0	0.0	7174.0
400	3213.25	0.0	0.0	10359.0
410	3318.75	0.0	0.0	11006.0
420	3525.0	0.0	0.0	9996.0
430	3391.0	0.0	0.0	12798.0
440	3032.0	0.0	0.0	11345.0
450	2343.25	0.0	0.0	10592.0
460	3404.5	0.0	0.0	8809.0
470	3469.75	0.0	0.0	10646.0
480	3684.5	0.0	0.0	9949.0
490	3120.75	0.0	0.0	7298.0
500	3732.5	0.0	0.0	10081.0
510	3248.25	0.0	0.0	13263.0
520	3273.75	0.0	0.0	15421.0
530	3432.5	0.0	0.0	12833.0
540	3473.5	0.0	0.0	15015.0
550	3521.0	0.0	0.0	10844.0
560	3882.0	0.0	0.0	12950.0
570	3301.75	0.0	0.0	11161.0
580	3278.75	0.0	0.0	12150.0
590	4065.5	0.0	0.0	10248.0
600	3556.0	0.0	0.0	9032.0
610	3538.5	0.0	0.0	8507.0
620	3541.25	0.0	0.0	9565.0
630	3899.25	0.0	0.0	10375.0
640	3509.25	0.0	0.0	9663.0
650	3773.0	0.0	0.0	10689.0
660	3052.5	0.0	0.0	13878.0
670	3681.25	0.0	0.0	8656.0
680	3925.0	0.0	0.0	14458.0
690	3109.5	0.0	0.0	9922.0
700	3759.25	0.0	0.0	10323.0
710	4018.75	0.0	0.0	8274.0
720	3932.25	0.0	0.0	9322.0
730	3731.25	0.0	0.0	9920.0
740	3870.75	0.0	0.0	12721.0
750	3772.0	0.0	0.0	10241.0
760	4133.5	0.0	0.0	9377.0
770	3689.0	0.0	0.0	9747.0
780	3500.5	0.0	0.0	9566.0
790	3377.5	0.0	0.0	12135.0
800	3370.25	0.0	0.0	8132.0
810	3384.0	0.0	0.0	9271.0
820	3615.0	0.0	0.0	11624.0
830	3291.5	0.0	0.0	9644.0
840	3799.25	0.0	0.0	10065.0
850	3965.0	0.0	0.0	10610.0
860	4124.5	0.0	0.0	11336.0
870	3568.75	0.0	0.0	9570.0
880	3784.5	0.0	0.0	11809.0
890	3722.5	0.0	0.0	9423.0
900	3573.25	0.0	0.0	10704.0
910	3828.5	0.0	0.0	8398.0
920	3531.75	0.0	0.0	9561.0
930	4137.5	0.0	0.0	12812.0
940	3918.5	0.0	0.0	9067.0
950	4147.25	0.0	0.0	9940.0
960	3620.5	0.0	0.0	11780.0
970	4041.0	0.0	0.0	11793.0
980	3686.0	0.0	0.0	8030.0
990	3281.0	0.0	0.0	12306.0
1000	3564.0	0.0	0.0	9270.0
