0	259.0	0.0	0.0	0.0
10	2061.25	352.0	1254.0	8807.0
20	2317.25	648.0	1560.0	12060.0
30	2310.75	0.0	0.0	10311.0
40	2070.25	0.0	0.0	8585.0
50	2221.0	0.0	0.0	9951.0
60	2026.0	0.0	0.0	10083.0
70	2497.0	0.0	0.0	5328.0
80	2345.5	0.0	0.0	9717.0
90	2601.0	0.0	0.0	10509.0
100	2704.0	0.0	0.0	5990.0
110	2740.0	0.0	0.0	5945.0
120	2097.5	0.0	0.0	8148.0
130	2530.75	0.0	0.0	9411.0
140	2288.25	0.0	0.0	7659.0
150	2733.5	0.0	0.0	8867.0
160	2245.5	0.0	0.0	7389.0
170	2236.25	0.0	0.0	7809.0
180	1959.5	0.0	0.0	8322.0
190	2337.0	0.0	0.0	7782.0
200	2473.5	0.0	0.0	7872.0
210	2197.0	0.0	0.0	8939.0
220	2516.75	0.0	0.0	6609.0
230	2005.0	0.0	0.0	9885.0
240	2377.75	0.0	0.0	7572.0
250	2564.5	0.0	0.0	9985.0
260	2787.75	0.0	0.0	9297.0
270	2638.0	0.0	0.0	10200.0
280	2881.25	0.0	0.0	9838.0
290	2857.5	0.0	0.0	10682.0
300	2913.75	0.0	0.0	9572.0
310	2312.75	0.0	0.0	11737.0
320	2931.75	0.0	0.0	7865.0
330	2855.75	0.0	0.0	8941.0
340	2902.0	0.0	0.0	7811.0
350	2465.5	0.0	0.0	12159.0
360	2727.0	0.0	0.0	7936.0
370	2285.75	0.0	0.0	8333.0
380	2980.75	0.0	0.0	7454.0
390	2895.75	0.0	0.0	8038.0
400	2895.25	0.0	0.0	11532.0
410	3035.25	0.0	0.0	10361.0
420	2959.5	0.0	0.0	8602.0
430	3465.25	0.0	0.0	11684.0
440	3224.5	0.0	0.0	11505.0
450	3257.25	0.0	0.0	11742.0
460	3259.25	0.0	0.0	10532.0
470	3251.0	0.0	0.0	10043.0
480	3116.25	0.0	0.0	10802.0
490	3408.75	0.0	0.0	10888.0
500	3596.25	0.0	0.0	12840.0
510	3186.0	0.0	0.0	10534.0
520	3531.0	0.0	0.0	12807.0
530	3430.0	0.0	0.0	8850.0
540	3025.25	0.0	0.0	13904.0
550	3549.5	0.0	0.0	10763.0
560	2868.75	0.0	0.0	8292.0
570	3273.75	0.0	0.0	11206.0
580	3123.0	0.0	0.0	13521.0
590	3434.25	0.0	0.0	9757.0
600	3424.25	0.0	0.0	10415.0
610	3366.25	0.0	0.0	12619.0
620	3433.75	0.0	0.0	9776.0
630	3859.5	0.0	0.0	10788.0
640	3484.5	0.0	0.0	11014.0
650	3719.5	0.0	0.0	8018.0
660	3822.75	0.0	0.0	10755.0
670	3442.5	0.0	0.0	9824.0
680	3434.25	0.0	0.0	11958.0
690	3759.75	0.0	0.0	8558.0
700	3962.5	0.0	0.0	10451.0
710	3712.5	0.0	0.0	8348.0
720	3675.75	0.0	0.0	10152.0
730	3768.25	0.0	0.0	11620.0
740	3688.0	0.0	0.0	10571.0
750	3753.25	0.0	0.0	11560.0
760	3560.5	0.0	0.0	8941.0
770	3757.25	0.0	0.0	9064.0
780	3631.0	0.0	0.0	10038.0
790	3651.0	0.0	0.0	9362.0
800	4151.0	0.0	0.0	10045.0
810	3966.0	0.0	0.0	11763.0
820	3766.0	0.0	0.0	9695.0
830	3837.25	0.0	0.0	9771.0
840	3841.25	0.0	0.0	10442.0
850	3498.5	0.0	0.0	9545.0
860	3834.75	0.0	0.0	9427.0
870	3929.75	0.0	0.0	10739.0
880	3704.25	0.0	0.0	8270.0
890	4046.5	0.0	0.0	9004.0
900	4058.75	0.0	0.0	11186.0
910	3688.5	0.0	0.0	12143.0
920	3812.75	0.0	0.0	9563.0
930	3620.5	0.0	0.0	11342.0
940	3529.0	0.0	0.0	8878.0
950	3914.75	0.0	0.0	7628.0
960	3680.25	0.0	0.0	12757.0
970	3984.25	0.0	0.0	11721.0
980	3980.5	0.0	0.0	7617.0
990	3656.0	0.0	0.0	7675.0
1000	3850.75	0.0	0.0	8324.0
