0	247.0	0.0	0.0	0.0
10	2041.25	896.0	2328.0	12639.0
20	1986.25	104.0	272.0	5970.0
30	1738.75	0.0	0.0	6490.0
40	1888.5	0.0	0.0	12540.0
50	2076.75	0.0	0.0	8276.0
60	1920.5	0.0	0.0	8571.0
70	2305.75	0.0	0.0	10837.0
80	2243.5	0.0	0.0	9368.0
90	2407.25	0.0	0.0	10426.0
100	2330.25	0.0	0.0	8369.0
110	2340.25	0.0	0.0	9413.0
120	2536.25	0.0	0.0	8581.0
130	2349.25	0.0	0.0	8554.0
140	2282.0	0.0	0.0	11045.0
150	2967.0	0.0	0.0	10827.0
160	2654.75	0.0	0.0	9090.0
170	2602.75	0.0	0.0	10438.0
180	2947.75	0.0	0.0	12564.0
190	2888.25	0.0	0.0	13520.0
200	2568.0	0.0	0.0	6060.0
210	2892.5	0.0	0.0	9709.0
220	2532.75	0.0	0.0	7870.0
230	2748.0	0.0	0.0	6326.0
240	3102.75	0.0	0.0	6381.0
250	2392.0	0.0	0.0	10233.0
260	2311.5	0.0	0.0	9440.0
270	2639.0	0.0	0.0	7952.0
280	3263.75	0.0	0.0	7259.0
290	2996.5	0.0	0.0	8203.0
300	2668.5	0.0	0.0	15302.0
310	3066.0	0.0	0.0	8948.0
320	2876.25	0.0	0.0	11608.0
330	2949.75	0.0	0.0	11018.0
340	3295.75	0.0	0.0	9662.0
350	3103.5	0.0	0.0	10236.0
360	3251.5	0.0	0.0	8660.0
370	3369.5	0.0	0.0	9100.0
380	2925.75	0.0	0.0	7679.0
390	3231.0	0.0	0.0	8214.0
400	3414.5	0.0	0.0	7663.0
410	3643.25	0.0	0.0	9139.0
420	3523.75	0.0	0.0	14525.0
430	2726.5	0.0	0.0	10676.0
440	3038.75	0.0	0.0	11253.0
450	3723.75	0.0	0.0	13807.0
460	3632.5	0.0	0.0	11121.0
470	3364.5	0.0	0.0	11666.0
480	3871.25	0.0	0.0	9223.0
490	3968.5	0.0	0.0	11701.0
500	2833.0	0.0	0.0	12430.0
510	3408.25	0.0	0.0	10160.0
520	3623.25	0.0	0.0	10718.0
530	3353.0	0.0	0.0	11609.0
540	3838.0	0.0	0.0	9200.0
550	3142.25	0.0	0.0	11199.0
560	3688.5	0.0	0.0	12262.0
570	3243.0	0.0	0.0	10248.0
580	3830.25	0.0	0.0	10518.0
590	4212.25	0.0	0.0	11963.0
600	3115.75	0.0	0.0	10603.0
610	3889.0	0.0	0.0	11779.0
620	3786.25	0.0	0.0	12483.0
630	3090.75	0.0	0.0	9890.0
640	4104.25	0.0	0.0	10267.0
650	3406.0	0.0	0.0	9838.0
660	3816.75	0.0	0.0	8174.0
670	3675.5	0.0	0.0	10075.0
680	3692.25	0.0	0.0	10962.0
690	3726.0	0.0	0.0	11421.0
700	3719.5	0.0	0.0	10512.0
710	3474.75	0.0	0.0	11787.0
720	3645.5	0.0	0.0	10986.0
730	4036.0	0.0	0.0	8803.0
740	3673.0	0.0	0.0	9415.0
750	3590.75	0.0	0.0	11391.0
760	3657.25	0.0	0.0	9303.0
770	3483.0	0.0	0.0	8051.0
780	3658.25	0.0	0.0	10021.0
790	3389.75	0.0	0.0	12148.0
800	3177.25	0.0	0.0	8625.0
810	3868.0	0.0	0.0	12236.0
820	3918.0	0.0	0.0	10936.0
830	3262.25	0.0	0.0	11570.0
840	3606.75	0.0	0.0	10124.0
850	3826.5	0.0	0.0	8211.0
860	3708.5	0.0	0.0	12115.0
870	3694.25	0.0	0.0	10557.0
880	4030.75	0.0	0.0	7576.0
890	2768.25	0.0	0.0	10129.0
900	3400.75	0.0	0.0	9450.0
910	3692.5	0.0	0.0	13191.0
920	3829.0	0.0	0.0	7773.0
930	3543.0	0.0	0.0	9140.0
940	3464.25	0.0	0.0	11747.0
950	4128.5	0.0	0.0	10569.0
960	3812.75	0.0	0.0	12948.0
970	3662.25	0.0	0.0	11680.0
980	3905.5	0.0	0.0	8917.0
990	3409.0	0.0	0.0	11944.0
1000	3850.75	0.0	0.0	9912.0
