0	2521.3333333333335	0.0	0.0	0.0
10	2604.5	1000.0	1000.0	8890.0
20	2564.6666666666665	0.0	0.0	8957.0
30	2980.6666666666665	0.0	0.0	7551.0
40	2408.8333333333335	0.0	0.0	10371.0
50	2480.0	0.0	0.0	10020.0
60	3174.1666666666665	0.0	0.0	9000.0
70	3006.3333333333335	0.0	0.0	11475.0
80	2888.3333333333335	0.0	0.0	10194.0
90	2963.3333333333335	0.0	0.0	11166.0
100	2820.3333333333335	0.0	0.0	10570.0
110	2960.1666666666665	0.0	0.0	7556.0
120	2934.3333333333335	0.0	0.0	9311.0
130	3165.8333333333335	0.0	0.0	5789.0
140	3681.5	0.0	0.0	10228.0
150	3586.0	0.0	0.0	8985.0
160	3399.8333333333335	0.0	0.0	9581.0
170	3364.3333333333335	0.0	0.0	9750.0
180	3388.5	0.0	0.0	14604.0
190	3582.3333333333335	0.0	0.0	9235.0
200	3368.6666666666665	0.0	0.0	12627.0
210	3509.3333333333335	0.0	0.0	9137.0
220	3230.6666666666665	0.0	0.0	10634.0
230	3609.3333333333335	0.0	0.0	9740.0
240	2966.8333333333335	0.0	0.0	12138.0
250	3679.0	0.0	0.0	8308.0
260	4009.8333333333335	0.0	0.0	9511.0
270	3622.8333333333335	0.0	0.0	9077.0
280	3870.1666666666665	0.0	0.0	9607.0
290	3255.3333333333335	0.0	0.0	11658.0
300	3526.3333333333335	0.0	0.0	11361.0
310	3400.3333333333335	0.0	0.0	11022.0
320	3488.3333333333335	0.0	0.0	7526.0
330	3317.6666666666665	0.0	0.0	9439.0
340	3069.3333333333335	0.0	0.0	12713.0
350	3619.3333333333335	0.0	0.0	10148.0
360	3559.1666666666665	0.0	0.0	8306.0
370	3565.1666666666665	0.0	0.0	10974.0
380	3822.1666666666665	0.0	0.0	15084.0
390	4038.3333333333335	0.0	0.0	14127.0
400	4010.5	0.0	0.0	11216.0
410	3837.3333333333335	0.0	0.0	9665.0
420	3908.5	0.0	0.0	12321.0
430	3752.5	0.0	0.0	8800.0
440	3811.3333333333335	0.0	0.0	8452.0
450	3080.5	0.0	0.0	11049.0
460	3309.5	0.0	0.0	14253.0
470	3631.5	0.0	0.0	9698.0
480	3426.3333333333335	0.0	0.0	11006.0
490	3393.5	0.0	0.0	13514.0
500	3508.0	0.0	0.0	10133.0
510	3688.8333333333335	0.0	0.0	10019.0
520	3454.3333333333335	0.0	0.0	9521.0
530	3701.1666666666665	0.0	0.0	13019.0
540	3738.5	0.0	0.0	7484.0
550	3844.5	0.0	0.0	9042.0
560	3883.5	0.0	0.0	8978.0
570	3528.3333333333335	0.0	0.0	12852.0
580	3724.0	0.0	0.0	10487.0
590	3677.3333333333335	0.0	0.0	7807.0
600	3811.0	0.0	0.0	12718.0
610	3676.0	0.0	0.0	9273.0
620	3823.0	0.0	0.0	8292.0
630	3833.6666666666665	0.0	0.0	9936.0
640	3719.6666666666665	0.0	0.0	10195.0
650	4062.8333333333335	0.0	0.0	10341.0
660	3731.1666666666665	0.0	0.0	13268.0
670	3764.8333333333335	0.0	0.0	9693.0
680	3729.1666666666665	0.0	0.0	9789.0
690	3600.6666666666665	0.0	0.0	10038.0
700	3571.1666666666665	0.0	0.0	8724.0
710	4190.0	0.0	0.0	7964.0
720	3523.5	0.0	0.0	11516.0
730	3783.8333333333335	0.0	0.0	10305.0
740	4005.6666666666665	0.0	0.0	11332.0
750	3892.0	0.0	0.0	12511.0
760	3772.8333333333335	0.0	0.0	7394.0
770	3636.0	0.0	0.0	9908.0
780	3784.3333333333335	0.0	0.0	9397.0
790	3630.3333333333335	0.0	0.0	8677.0
800	3572.5	0.0	0.0	11151.0
