0	2549.0	0.0	0.0	0.0
10	2501.8333333333335	1000.0	1000.0	12096.0
20	2509.0	0.0	0.0	11810.0
30	2688.6666666666665	0.0	0.0	7905.0
40	2710.3333333333335	0.0	0.0	9796.0
50	3071.5	0.0	0.0	8009.0
60	2940.3333333333335	0.0	0.0	9356.0
70	2910.8333333333335	0.0	0.0	7448.0
80	2954.8333333333335	0.0	0.0	7547.0
90	2813.3333333333335	0.0	0.0	12599.0
100	2907.5	0.0	0.0	12986.0
110	2928.5	0.0	0.0	8178.0
120	3696.1666666666665	0.0	0.0	9193.0
130	2809.6666666666665	0.0	0.0	10634.0
140	3262.1666666666665	0.0	0.0	9886.0
150	3379.0	0.0	0.0	10164.0
160	3247.1666666666665	0.0	0.0	8805.0
170	3166.0	0.0	0.0	9526.0
180	3864.3333333333335	0.0	0.0	12350.0
190	3535.6666666666665	0.0	0.0	9880.0
200	3270.1666666666665	0.0	0.0	6939.0
210	3438.8333333333335	0.0	0.0	9046.0
220	3461.8333333333335	0.0	0.0	10057.0
230	3592.6666666666665	0.0	0.0	12864.0
240	3180.0	0.0	0.0	10071.0
250	2912.6666666666665	0.0	0.0	11578.0
260	3505.8333333333335	0.0	0.0	9180.0
270	3175.6666666666665	0.0	0.0	10029.0
280	3794.6666666666665	0.0	0.0	9595.0
290	3477.5	0.0	0.0	6025.0
300	3369.1666666666665	0.0	0.0	12958.0
310	4029.6666666666665	0.0	0.0	8003.0
320	3465.5	0.0	0.0	12879.0
330	3850.5	0.0	0.0	13118.0
340	3977.1666666666665	0.0	0.0	9110.0
350	3632.0	0.0	0.0	12632.0
360	3810.6666666666665	0.0	0.0	8925.0
370	4033.0	0.0	0.0	9933.0
380	3698.1666666666665	0.0	0.0	12748.0
390	3549.5	0.0	0.0	7890.0
400	3898.8333333333335	0.0	0.0	8407.0
410	3946.5	0.0	0.0	11405.0
420	3797.0	0.0	0.0	11930.0
430	4034.1666666666665	0.0	0.0	8863.0
440	3792.5	0.0	0.0	9020.0
450	3576.8333333333335	0.0	0.0	10615.0
460	4124.0	0.0	0.0	12955.0
470	4134.0	0.0	0.0	11257.0
480	3774.8333333333335	0.0	0.0	11924.0
490	3532.1666666666665	0.0	0.0	10694.0
500	3983.8333333333335	0.0	0.0	10135.0
510	3736.0	0.0	0.0	10802.0
520	3727.5	0.0	0.0	11769.0
530	3935.5	0.0	0.0	8063.0
540	3528.5	0.0	0.0	11647.0
550	3437.0	0.0	0.0	10506.0
560	3967.5	0.0	0.0	6889.0
570	3841.0	0.0	0.0	8866.0
580	3753.8333333333335	0.0	0.0	9841.0
590	3739.0	0.0	0.0	12299.0
600	3962.3333333333335	0.0	0.0	10288.0
610	3646.3333333333335	0.0	0.0	9383.0
620	3707.5	0.0	0.0	9226.0
630	3957.1666666666665	0.0	0.0	9028.0
640	3605.0	0.0	0.0	10540.0
650	3320.5	0.0	0.0	11134.0
660	3571.0	0.0	0.0	11783.0
670	4088.1666666666665	0.0	0.0	11529.0
680	3735.6666666666665	0.0	0.0	11444.0
690	3646.8333333333335	0.0	0.0	11856.0
700	3898.6666666666665	0.0	0.0	10083.0
710	4130.0	0.0	0.0	11832.0
720	3717.1666666666665	0.0	0.0	10581.0
730	3979.0	0.0	0.0	11631.0
740	3931.3333333333335	0.0	0.0	9557.0
750	3888.8333333333335	0.0	0.0	12915.0
760	4016.3333333333335	0.0	0.0	9530.0
770	3992.8333333333335	0.0	0.0	7307.0
780	3676.5	0.0	0.0	9877.0
790	3982.0	0.0	0.0	12232.0
800	3773.0	0.0	0.0	9247.0
