0	2638.3333333333335	0.0	0.0	0.0
10	2574.6666666666665	2.0	555.0	10383.0
20	2872.6666666666665	1.0	226.0	7731.0
30	2793.8333333333335	0.0	418.0	11549.0
40	2626.3333333333335	3.0	674.0	12981.0
50	2854.0	2.0	537.0	7408.0
60	2700.8333333333335	1.0	619.0	10615.0
70	2653.8333333333335	1.0	501.0	9689.0
80	2216.8333333333335	3.0	643.0	10074.0
90	2425.1666666666665	0.0	657.0	8418.0
100	2760.3333333333335	1.0	768.0	7099.0
110	2583.3333333333335	3.0	1196.0	12727.0
120	2729.8333333333335	2.0	957.0	7917.0
130	2612.8333333333335	5.0	1177.0	9551.0
140	3136.3333333333335	1.0	624.0	7562.0
150	3159.6666666666665	3.0	675.0	7709.0
160	2765.0	1.0	1272.0	9270.0
170	3002.6666666666665	0.0	591.0	6669.0
180	2623.0	4.0	1542.0	10287.0
190	2836.8333333333335	3.0	1288.0	11038.0
200	2513.8333333333335	3.0	1012.0	8943.0
210	2565.5	0.0	1336.0	11546.0
220	3152.1666666666665	2.0	844.0	6644.0
230	3405.8333333333335	0.0	982.0	6451.0
240	3354.8333333333335	1.0	1265.0	8793.0
250	3095.8333333333335	1.0	1336.0	11709.0
260	3089.0	0.0	1157.0	9085.0
270	3198.5	4.0	1761.0	11080.0
280	3553.0	2.0	1076.0	6273.0
290	3053.0	0.0	1565.0	9968.0
300	2844.8333333333335	4.0	1766.0	11865.0
310	3484.5	5.0	1351.0	8356.0
320	3648.5	1.0	1647.0	9924.0
330	3394.1666666666665	0.0	1129.0	7355.0
340	3729.0	2.0	1746.0	11816.0
350	3434.0	3.0	1522.0	10357.0
360	3496.8333333333335	0.0	1635.0	9683.0
370	3174.6666666666665	4.0	1594.0	12901.0
380	3589.1666666666665	4.0	1006.0	7475.0
390	2891.6666666666665	3.0	1191.0	8993.0
400	3751.0	1.0	1561.0	10633.0
410	3498.8333333333335	0.0	903.0	9030.0
420	3547.1666666666665	4.0	1543.0	13165.0
430	3777.6666666666665	4.0	952.0	10163.0
440	3841.3333333333335	3.0	1579.0	9991.0
450	2972.0	1.0	1266.0	7724.0
460	3358.1666666666665	1.0	1473.0	8552.0
470	3663.0	0.0	1627.0	10403.0
480	3057.6666666666665	2.0	1258.0	7776.0
490	3634.0	1.0	1412.0	9038.0
500	3533.3333333333335	2.0	1371.0	11528.0
510	3803.0	0.0	1513.0	9222.0
520	3644.0	5.0	1855.0	9254.0
530	3766.5	3.0	1643.0	11506.0
540	3213.6666666666665	2.0	1269.0	9476.0
550	3412.0	0.0	1484.0	9691.0
560	3875.0	0.0	1456.0	10920.0
570	3429.3333333333335	4.0	999.0	9979.0
580	3860.1666666666665	4.0	1490.0	13075.0
590	3830.0	0.0	1026.0	9878.0
600	3669.1666666666665	3.0	919.0	8534.0
610	3732.3333333333335	1.0	1229.0	10381.0
620	3798.8333333333335	1.0	1463.0	13830.0
630	3884.5	0.0	1888.0	11663.0
640	3215.5	1.0	1523.0	11834.0
650	3549.5	1.0	1312.0	12606.0
660	4085.5	2.0	889.0	8316.0
670	3899.8333333333335	1.0	1105.0	9559.0
680	3176.8333333333335	0.0	1078.0	9993.0
690	3263.1666666666665	0.0	1247.0	9826.0
700	3423.3333333333335	1.0	1428.0	10415.0
710	3871.8333333333335	2.0	1244.0	11411.0
720	3575.1666666666665	0.0	1112.0	10930.0
730	4048.5	1.0	1187.0	8403.0
740	3757.0	3.0	1349.0	9842.0
750	3898.3333333333335	4.0	1307.0	10686.0
760	3843.5	3.0	1014.0	9739.0
770	3512.0	1.0	1517.0	11083.0
780	3790.3333333333335	3.0	1081.0	8488.0
790	3736.1666666666665	1.0	1532.0	12296.0
800	3272.5	0.0	886.0	8686.0
