0	287.5	0.0	0.0	0.0
10	2071.0	423.0	2410.0	9227.0
20	1926.75	577.0	2711.0	10401.0
30	2025.0	0.0	0.0	7954.0
40	1782.0	0.0	0.0	10246.0
50	1800.5	0.0	0.0	7532.0
60	2103.5	0.0	0.0	6419.0
70	1975.0	0.0	0.0	7618.0
80	2241.0	0.0	0.0	11756.0
90	2423.75	0.0	0.0	8970.0
100	1932.0	0.0	0.0	8089.0
110	2352.0	0.0	0.0	6944.0
120	2337.5	0.0	0.0	10220.0
130	1990.0	0.0	0.0	8363.0
140	2356.75	0.0	0.0	8437.0
150	1892.5	0.0	0.0	9083.0
160	2356.5	0.0	0.0	9094.0
170	2418.25	0.0	0.0	8486.0
180	2420.0	0.0	0.0	8775.0
190	2392.75	0.0	0.0	6946.0
200	2302.5	0.0	0.0	7670.0
210	2526.25	0.0	0.0	8802.0
220	2593.5	0.0	0.0	11661.0
230	2512.0	0.0	0.0	9170.0
240	2228.25	0.0	0.0	11219.0
250	2488.5	0.0	0.0	7451.0
260	2547.25	0.0	0.0	11021.0
270	2404.25	0.0	0.0	7363.0
280	2842.5	0.0	0.0	7270.0
290	2562.5	0.0	0.0	11037.0
300	3318.25	0.0	0.0	6741.0
310	2886.0	0.0	0.0	11986.0
320	3029.5	0.0	0.0	9739.0
330	3276.75	0.0	0.0	5648.0
340	2409.5	0.0	0.0	11953.0
350	3607.25	0.0	0.0	9153.0
360	3464.5	0.0	0.0	9941.0
370	3430.75	0.0	0.0	11292.0
380	3095.25	0.0	0.0	7946.0
390	2803.75	0.0	0.0	8509.0
400	3126.0	0.0	0.0	12351.0
410	2393.75	0.0	0.0	10913.0
420	3079.5	0.0	0.0	11384.0
430	3612.75	0.0	0.0	10847.0
440	3627.75	0.0	0.0	10966.0
450	3641.5	0.0	0.0	11396.0
460	3811.25	0.0	0.0	8603.0
470	3286.5	0.0	0.0	8306.0
480	2898.0	0.0	0.0	13251.0
490	3359.0	0.0	0.0	11487.0
500	3267.5	0.0	0.0	11102.0
510	3806.25	0.0	0.0	12450.0
520	2970.5	0.0	0.0	9088.0
530	3111.25	0.0	0.0	9285.0
540	3933.5	0.0	0.0	10052.0
550	3919.0	0.0	0.0	11612.0
560	3571.75	0.0	0.0	9501.0
570	3299.25	0.0	0.0	12827.0
580	4152.75	0.0	0.0	11374.0
590	3892.25	0.0	0.0	11677.0
600	4138.5	0.0	0.0	9465.0
610	3692.25	0.0	0.0	12350.0
620	3798.75	0.0	0.0	12047.0
630	4224.25	0.0	0.0	10849.0
640	3302.25	0.0	0.0	9155.0
650	3246.75	0.0	0.0	11330.0
660	3628.0	0.0	0.0	13241.0
670	4052.0	0.0	0.0	12369.0
680	4056.0	0.0	0.0	10215.0
690	3567.75	0.0	0.0	10116.0
700	4046.0	0.0	0.0	12023.0
710	3733.75	0.0	0.0	10551.0
720	3784.25	0.0	0.0	9627.0
730	3710.0	0.0	0.0	5232.0
740	3908.0	0.0	0.0	12246.0
750	4067.25	0.0	0.0	9936.0
760	3917.0	0.0	0.0	10405.0
770	3625.75	0.0	0.0	9381.0
780	3743.5	0.0	0.0	10009.0
790	4035.5	0.0	0.0	9330.0
800	3733.75	0.0	0.0	11087.0
810	3748.0	0.0	0.0	7910.0
820	4016.5	0.0	0.0	11686.0
830	3814.5	0.0	0.0	9332.0
840	4204.75	0.0	0.0	14531.0
850	3935.5	0.0	0.0	9767.0
860	3807.75	0.0	0.0	10022.0
870	3881.5	0.0	0.0	12634.0
880	3847.75	0.0	0.0	12013.0
890	3541.0	0.0	0.0	10481.0
900	3987.0	0.0	0.0	10582.0
910	3414.5	0.0	0.0	10057.0
920	3892.0	0.0	0.0	10672.0
930	3539.75	0.0	0.0	9109.0
940	3434.25	0.0	0.0	15821.0
950	4035.5	0.0	0.0	10681.0
960	4008.75	0.0	0.0	13165.0
970	3060.25	0.0	0.0	9900.0
980	3991.25	0.0	0.0	9102.0
990	4019.0	0.0	0.0	10843.0
1000	3947.5	0.0	0.0	9024.0
