0	2619.3333333333335	0.0	0.0	0.0
10	2099.8333333333335	38.0	3194.0	6478.0
20	2596.0	45.0	5493.0	8504.0
30	3016.1666666666665	49.0	7024.0	12411.0
40	3121.8333333333335	86.0	9843.0	14952.0
50	2948.8333333333335	42.0	5400.0	8481.0
60	2909.8333333333335	21.0	5248.0	9901.0
70	3086.0	44.0	7704.0	12487.0
80	3395.0	31.0	7236.0	11864.0
90	3687.1666666666665	12.0	4244.0	7260.0
100	2884.6666666666665	35.0	6076.0	9973.0
110	3518.5	23.0	7734.0	12793.0
120	3226.8333333333335	34.0	9310.0	14051.0
130	3249.6666666666665	49.0	7311.0	10616.0
140	3627.6666666666665	18.0	7103.0	10873.0
150	3530.8333333333335	29.0	7993.0	11787.0
160	3607.6666666666665	33.0	6215.0	8759.0
170	3422.5	19.0	6848.0	10118.0
180	3595.3333333333335	43.0	7597.0	11105.0
190	3195.3333333333335	29.0	6997.0	9752.0
200	3285.3333333333335	38.0	8749.0	12669.0
210	3283.3333333333335	29.0	7226.0	11064.0
220	3678.6666666666665	26.0	6365.0	9810.0
230	3347.5	28.0	7194.0	11089.0
240	3815.1666666666665	24.0	6823.0	9786.0
250	3873.3333333333335	36.0	8870.0	13792.0
260	3708.6666666666665	43.0	7544.0	10965.0
270	4085.1666666666665	33.0	6923.0	9729.0
280	3281.0	36.0	9088.0	13345.0
290	3815.0	27.0	4358.0	10330.0
300	3806.3333333333335	0.0	0.0	11363.0
310	3473.6666666666665	0.0	0.0	9814.0
320	3453.1666666666665	0.0	0.0	10197.0
330	3957.5	0.0	0.0	12857.0
340	3659.5	0.0	0.0	9191.0
350	3579.5	0.0	0.0	6550.0
360	3926.0	0.0	0.0	11583.0
370	3735.6666666666665	0.0	0.0	11098.0
380	3628.3333333333335	0.0	0.0	12290.0
390	3503.5	0.0	0.0	9624.0
400	3743.1666666666665	0.0	0.0	6545.0
410	2659.8333333333335	0.0	0.0	11625.0
420	3738.0	0.0	0.0	12369.0
430	3899.6666666666665	0.0	0.0	8485.0
440	3960.0	0.0	0.0	11539.0
450	3837.3333333333335	0.0	0.0	10509.0
460	3880.8333333333335	0.0	0.0	9404.0
470	3970.5	0.0	0.0	9804.0
480	3532.0	0.0	0.0	9353.0
490	3781.5	0.0	0.0	9644.0
500	3647.3333333333335	0.0	0.0	8205.0
510	3925.0	0.0	0.0	8748.0
520	4102.166666666667	0.0	0.0	13250.0
530	3763.8333333333335	0.0	0.0	9915.0
540	3343.0	0.0	0.0	10052.0
550	3510.6666666666665	0.0	0.0	11953.0
560	3504.8333333333335	0.0	0.0	15958.0
570	3703.8333333333335	0.0	0.0	9452.0
580	3573.8333333333335	0.0	0.0	9063.0
590	3342.1666666666665	0.0	0.0	8901.0
600	3684.5	0.0	0.0	11973.0
