0	2667.6666666666665	0.0	0.0	0.0
10	2643.3333333333335	55.0	9039.0	14829.0
20	2868.3333333333335	75.0	6640.0	10720.0
30	2770.8333333333335	41.0	6259.0	11111.0
40	3014.5	59.0	7963.0	11449.0
50	2710.3333333333335	35.0	5801.0	8763.0
60	3177.3333333333335	26.0	6142.0	9869.0
70	3042.5	31.0	6783.0	11076.0
80	3496.1666666666665	27.0	4622.0	7024.0
90	3004.3333333333335	35.0	7404.0	12292.0
100	3818.0	13.0	4873.0	9256.0
110	3745.0	21.0	3927.0	7791.0
120	3473.3333333333335	37.0	6238.0	11874.0
130	3412.1666666666665	21.0	5571.0	11413.0
140	3682.8333333333335	35.0	5029.0	8923.0
150	3807.1666666666665	34.0	8688.0	14596.0
160	3491.6666666666665	23.0	6991.0	10518.0
170	2843.1666666666665	28.0	7739.0	11178.0
180	3494.3333333333335	26.0	6772.0	10665.0
190	3248.1666666666665	34.0	8618.0	12704.0
200	3832.6666666666665	36.0	7795.0	11231.0
210	2840.1666666666665	44.0	8786.0	12272.0
220	3638.3333333333335	40.0	7545.0	10625.0
230	3969.8333333333335	28.0	7851.0	11138.0
240	3706.8333333333335	43.0	7772.0	11660.0
250	4035.6666666666665	25.0	7932.0	11022.0
260	3443.3333333333335	49.0	10167.0	14162.0
270	3986.5	11.0	3976.0	6486.0
280	3437.8333333333335	37.0	8065.0	11618.0
290	3883.1666666666665	31.0	7484.0	10449.0
300	3606.1666666666665	0.0	0.0	8872.0
310	4003.8333333333335	0.0	0.0	14020.0
320	4136.166666666667	0.0	0.0	10916.0
330	3822.0	0.0	0.0	9975.0
340	4052.5	0.0	0.0	11565.0
350	3533.1666666666665	0.0	0.0	11431.0
360	4030.5	0.0	0.0	11208.0
370	3651.5	0.0	0.0	7877.0
380	3588.6666666666665	0.0	0.0	10200.0
390	3507.8333333333335	0.0	0.0	12124.0
400	3952.1666666666665	0.0	0.0	11992.0
410	3632.0	0.0	0.0	11362.0
420	3405.5	0.0	0.0	8529.0
430	3725.6666666666665	0.0	0.0	10871.0
440	4082.6666666666665	0.0	0.0	7952.0
450	3528.3333333333335	0.0	0.0	11159.0
460	3533.6666666666665	0.0	0.0	12637.0
470	3801.0	0.0	0.0	9308.0
480	3829.1666666666665	0.0	0.0	9487.0
490	3778.3333333333335	0.0	0.0	9155.0
500	3868.8333333333335	0.0	0.0	9523.0
510	3779.8333333333335	0.0	0.0	8326.0
520	3722.3333333333335	0.0	0.0	12115.0
530	3441.0	0.0	0.0	7876.0
540	3642.3333333333335	0.0	0.0	11639.0
550	3541.8333333333335	0.0	0.0	11961.0
560	3915.0	0.0	0.0	9434.0
570	3518.1666666666665	0.0	0.0	10326.0
580	3825.1666666666665	0.0	0.0	11270.0
590	3364.5	0.0	0.0	13174.0
600	3537.8333333333335	0.0	0.0	9747.0
