0	2086.1666666666665	0.0	0.0	0.0
10	2294.6666666666665	845.0	11701.0	11701.0
20	1909.6666666666667	155.0	3531.0	9439.0
30	2071.8333333333335	0.0	0.0	7681.0
40	2252.3333333333335	0.0	0.0	8931.0
50	1982.3333333333333	0.0	0.0	10658.0
60	2271.5	0.0	0.0	7030.0
70	2354.3333333333335	0.0	0.0	11699.0
80	2384.5	0.0	0.0	7621.0
90	2224.6666666666665	0.0	0.0	5425.0
100	2296.0	0.0	0.0	8475.0
110	2374.0	0.0	0.0	8951.0
120	2476.8333333333335	0.0	0.0	10656.0
130	2365.1666666666665	0.0	0.0	8659.0
140	2951.8333333333335	0.0	0.0	10071.0
150	2593.6666666666665	0.0	0.0	11235.0
160	2304.5	0.0	0.0	9432.0
170	2848.3333333333335	0.0	0.0	8149.0
180	2901.0	0.0	0.0	10332.0
190	2812.1666666666665	0.0	0.0	6580.0
200	3173.8333333333335	0.0	0.0	9896.0
210	2795.1666666666665	0.0	0.0	7754.0
220	2575.8333333333335	0.0	0.0	10670.0
230	3148.5	0.0	0.0	11224.0
240	3015.8333333333335	0.0	0.0	9118.0
250	3073.8333333333335	0.0	0.0	8019.0
260	3142.1666666666665	0.0	0.0	12285.0
270	2956.0	0.0	0.0	7971.0
280	3015.5	0.0	0.0	11912.0
290	2956.1666666666665	0.0	0.0	10394.0
300	2999.0	0.0	0.0	7820.0
310	3038.3333333333335	0.0	0.0	11238.0
320	3087.5	0.0	0.0	11107.0
330	3675.1666666666665	0.0	0.0	11066.0
340	3902.6666666666665	0.0	0.0	9568.0
350	3113.8333333333335	0.0	0.0	15557.0
360	3672.3333333333335	0.0	0.0	9065.0
370	3589.8333333333335	0.0	0.0	7198.0
380	3879.6666666666665	0.0	0.0	11574.0
390	3440.0	0.0	0.0	9785.0
400	3348.5	0.0	0.0	13947.0
410	3457.6666666666665	0.0	0.0	12395.0
420	3652.1666666666665	0.0	0.0	10259.0
430	3178.5	0.0	0.0	11035.0
440	3249.1666666666665	0.0	0.0	9562.0
450	3694.1666666666665	0.0	0.0	10892.0
460	3950.3333333333335	0.0	0.0	11482.0
470	2731.6666666666665	0.0	0.0	7232.0
480	3310.0	0.0	0.0	14382.0
490	3528.8333333333335	0.0	0.0	9362.0
500	3511.5	0.0	0.0	8787.0
510	3724.5	0.0	0.0	14080.0
520	3513.1666666666665	0.0	0.0	10116.0
530	3861.1666666666665	0.0	0.0	8420.0
540	3761.1666666666665	0.0	0.0	9628.0
550	3795.1666666666665	0.0	0.0	10843.0
560	3827.1666666666665	0.0	0.0	10221.0
570	3654.6666666666665	0.0	0.0	9492.0
580	3760.1666666666665	0.0	0.0	11318.0
590	3791.1666666666665	0.0	0.0	9659.0
600	3531.8333333333335	0.0	0.0	10887.0
610	3756.1666666666665	0.0	0.0	11265.0
620	3809.0	0.0	0.0	13992.0
630	3933.5	0.0	0.0	10690.0
640	3953.6666666666665	0.0	0.0	9645.0
650	3549.3333333333335	0.0	0.0	10807.0
660	3596.1666666666665	0.0	0.0	12838.0
670	3371.0	0.0	0.0	7915.0
680	3272.0	0.0	0.0	8420.0
690	3670.1666666666665	0.0	0.0	11606.0
700	3947.5	0.0	0.0	9765.0
