0	1729.0	0.0	0.0	0.0
10	1657.8333333333333	300.0	845.0	8104.0
20	1687.6666666666667	226.0	723.0	8967.0
30	2188.5	256.0	724.0	7697.0
40	2190.3333333333335	155.0	592.0	6848.0
50	1933.3333333333333	63.0	254.0	8652.0
60	2287.1666666666665	0.0	0.0	6970.0
70	2051.0	0.0	0.0	6411.0
80	2078.6666666666665	0.0	0.0	8505.0
90	2274.8333333333335	0.0	0.0	7037.0
100	2173.3333333333335	0.0	0.0	10718.0
110	2364.1666666666665	0.0	0.0	9110.0
120	2367.8333333333335	0.0	0.0	10421.0
130	2439.6666666666665	0.0	0.0	7111.0
140	2179.0	0.0	0.0	8538.0
150	2422.8333333333335	0.0	0.0	8937.0
160	2405.6666666666665	0.0	0.0	11602.0
170	2660.0	0.0	0.0	6893.0
180	2568.5	0.0	0.0	10703.0
190	2337.6666666666665	0.0	0.0	7478.0
200	1779.5	0.0	0.0	7687.0
210	2162.6666666666665	0.0	0.0	7216.0
220	2332.8333333333335	0.0	0.0	8216.0
230	2198.6666666666665	0.0	0.0	6376.0
240	2562.5	0.0	0.0	11253.0
250	2408.6666666666665	0.0	0.0	9675.0
260	2848.3333333333335	0.0	0.0	8438.0
270	2362.6666666666665	0.0	0.0	11928.0
280	2477.8333333333335	0.0	0.0	8182.0
290	2758.8333333333335	0.0	0.0	11713.0
300	2654.6666666666665	0.0	0.0	6230.0
310	2833.3333333333335	0.0	0.0	6452.0
320	2402.5	0.0	0.0	7548.0
330	2204.5	0.0	0.0	8821.0
340	2718.1666666666665	0.0	0.0	8110.0
350	2580.6666666666665	0.0	0.0	8536.0
360	2773.6666666666665	0.0	0.0	8363.0
370	2420.5	0.0	0.0	6757.0
380	2412.1666666666665	0.0	0.0	6631.0
390	2686.1666666666665	0.0	0.0	8510.0
400	2847.1666666666665	0.0	0.0	8280.0
410	3119.6666666666665	0.0	0.0	5825.0
420	2489.8333333333335	0.0	0.0	7715.0
430	2718.1666666666665	0.0	0.0	9058.0
440	2227.8333333333335	0.0	0.0	6020.0
450	2530.5	0.0	0.0	8056.0
460	2892.1666666666665	0.0	0.0	8660.0
470	3197.8333333333335	0.0	0.0	7405.0
480	3625.1666666666665	0.0	0.0	7816.0
490	2767.8333333333335	0.0	0.0	10033.0
500	2935.5	0.0	0.0	10494.0
510	2978.0	0.0	0.0	10287.0
520	3405.8333333333335	0.0	0.0	11505.0
530	3158.6666666666665	0.0	0.0	11917.0
540	3050.3333333333335	0.0	0.0	8277.0
550	3453.1666666666665	0.0	0.0	8148.0
560	2952.0	0.0	0.0	10896.0
570	2897.6666666666665	0.0	0.0	8235.0
580	3017.0	0.0	0.0	9974.0
590	3130.0	0.0	0.0	8434.0
600	3313.5	0.0	0.0	8889.0
610	3641.5	0.0	0.0	11426.0
620	3437.3333333333335	0.0	0.0	12690.0
630	3510.0	0.0	0.0	9123.0
640	3398.3333333333335	0.0	0.0	11121.0
650	3642.1666666666665	0.0	0.0	12986.0
660	2876.1666666666665	0.0	0.0	11011.0
670	3397.1666666666665	0.0	0.0	11784.0
680	3690.5	0.0	0.0	11282.0
690	3440.1666666666665	0.0	0.0	9202.0
700	3303.5	0.0	0.0	14661.0
710	3427.3333333333335	0.0	0.0	12977.0
720	3210.3333333333335	0.0	0.0	10518.0
730	3253.0	0.0	0.0	10161.0
740	3215.0	0.0	0.0	12453.0
750	3382.1666666666665	0.0	0.0	10729.0
760	3413.6666666666665	0.0	0.0	8982.0
770	3432.5	0.0	0.0	12862.0
780	4184.0	0.0	0.0	12101.0
790	3782.1666666666665	0.0	0.0	11957.0
800	3329.5	0.0	0.0	10224.0
810	3553.1666666666665	0.0	0.0	11988.0
820	3643.6666666666665	0.0	0.0	8833.0
830	3523.5	0.0	0.0	11303.0
840	3406.1666666666665	0.0	0.0	9875.0
850	3502.8333333333335	0.0	0.0	7490.0
860	3730.5	0.0	0.0	10589.0
870	3562.1666666666665	0.0	0.0	11263.0
880	3673.3333333333335	0.0	0.0	8763.0
890	3627.1666666666665	0.0	0.0	12603.0
900	3838.5	0.0	0.0	7161.0
910	3709.3333333333335	0.0	0.0	11132.0
920	3989.8333333333335	0.0	0.0	8740.0
930	3676.1666666666665	0.0	0.0	10385.0
940	3530.1666666666665	0.0	0.0	10065.0
950	3968.1666666666665	0.0	0.0	10849.0
960	3491.0	0.0	0.0	13209.0
970	3950.3333333333335	0.0	0.0	8743.0
980	3844.6666666666665	0.0	0.0	7392.0
990	3668.8333333333335	0.0	0.0	11052.0
1000	3573.1666666666665	0.0	0.0	11815.0
