0	1590.0	0.0	0.0	0.0
10	1696.3333333333333	301.0	730.0	8036.0
20	1508.6666666666667	92.0	418.0	9262.0
30	1868.0	265.0	663.0	8537.0
40	1870.1666666666667	190.0	567.0	8022.0
50	1575.8333333333333	88.0	296.0	5354.0
60	1482.5	64.0	225.0	9483.0
70	1698.0	0.0	0.0	5721.0
80	1688.6666666666667	0.0	0.0	6823.0
90	1598.6666666666667	0.0	0.0	7050.0
100	1679.0	0.0	0.0	8720.0
110	1511.1666666666667	0.0	0.0	7088.0
120	1682.0	0.0	0.0	6201.0
130	1596.6666666666667	0.0	0.0	5301.0
140	1684.3333333333333	0.0	0.0	6027.0
150	1614.3333333333333	0.0	0.0	5737.0
160	1625.5	0.0	0.0	7831.0
170	1739.0	0.0	0.0	7515.0
180	1432.0	0.0	0.0	7326.0
190	1476.6666666666667	0.0	0.0	4609.0
200	1376.0	0.0	0.0	7615.0
210	1432.8333333333333	0.0	0.0	6347.0
220	1615.6666666666667	0.0	0.0	7655.0
230	1341.0	0.0	0.0	5173.0
240	1366.0	0.0	0.0	5989.0
250	1345.3333333333333	0.0	0.0	9994.0
260	1493.0	0.0	0.0	8662.0
270	1353.3333333333333	0.0	0.0	6439.0
280	1233.0	0.0	0.0	7507.0
290	1338.3333333333333	0.0	0.0	6343.0
300	1337.6666666666667	0.0	0.0	5820.0
310	1377.3333333333333	0.0	0.0	6813.0
320	1414.6666666666667	0.0	0.0	5664.0
330	1246.3333333333333	0.0	0.0	5897.0
340	1383.3333333333333	0.0	0.0	6656.0
350	1479.6666666666667	0.0	0.0	5998.0
360	1384.6666666666667	0.0	0.0	6480.0
370	1362.3333333333333	0.0	0.0	4750.0
380	1504.6666666666667	0.0	0.0	8400.0
390	1547.0	0.0	0.0	6630.0
400	1418.0	0.0	0.0	6175.0
410	989.6666666666666	0.0	0.0	6416.0
420	1232.0	0.0	0.0	7053.0
430	1286.0	0.0	0.0	5659.0
440	1283.0	0.0	0.0	5828.0
450	1164.6666666666667	0.0	0.0	5013.0
460	1307.6666666666667	0.0	0.0	5935.0
470	1275.3333333333333	0.0	0.0	6548.0
480	1218.6666666666667	0.0	0.0	6612.0
490	1403.3333333333333	0.0	0.0	4901.0
500	1402.3333333333333	0.0	0.0	4967.0
510	1148.6666666666667	0.0	0.0	6803.0
520	1439.6666666666667	0.0	0.0	5758.0
530	1332.3333333333333	0.0	0.0	4482.0
540	1406.6666666666667	0.0	0.0	5602.0
550	1294.6666666666667	0.0	0.0	5379.0
560	1245.0	0.0	0.0	5361.0
570	1407.6666666666667	0.0	0.0	3910.0
580	1378.3333333333333	0.0	0.0	5198.0
590	1357.3333333333333	0.0	0.0	6881.0
600	1279.3333333333333	0.0	0.0	6218.0
610	1464.3333333333333	0.0	0.0	5464.0
620	1130.6666666666667	0.0	0.0	6157.0
630	1299.6666666666667	0.0	0.0	4764.0
640	1356.0	0.0	0.0	6148.0
650	1254.0	0.0	0.0	5857.0
660	1315.3333333333333	0.0	0.0	7088.0
670	1268.0	0.0	0.0	4356.0
680	1324.3333333333333	0.0	0.0	6130.0
690	1052.3333333333333	0.0	0.0	5895.0
700	1351.0	0.0	0.0	5592.0
710	1496.3333333333333	0.0	0.0	4849.0
720	1279.0	0.0	0.0	5623.0
730	1234.3333333333333	0.0	0.0	5107.0
740	1290.6666666666667	0.0	0.0	4751.0
750	1335.3333333333333	0.0	0.0	4478.0
760	1284.0	0.0	0.0	4123.0
770	1364.3333333333333	0.0	0.0	5970.0
780	1066.3333333333333	0.0	0.0	5774.0
790	1254.0	0.0	0.0	4571.0
800	1303.0	0.0	0.0	7019.0
810	1187.6666666666667	0.0	0.0	5069.0
820	1078.6666666666667	0.0	0.0	4320.0
830	1400.3333333333333	0.0	0.0	3887.0
840	1208.0	0.0	0.0	5943.0
850	1280.0	0.0	0.0	5396.0
860	1388.0	0.0	0.0	5507.0
870	1284.6666666666667	0.0	0.0	6675.0
880	1301.0	0.0	0.0	5023.0
890	1161.6666666666667	0.0	0.0	6211.0
900	1170.0	0.0	0.0	6413.0
910	1222.0	0.0	0.0	5350.0
920	1245.6666666666667	0.0	0.0	5004.0
930	1131.6666666666667	0.0	0.0	6791.0
940	1157.0	0.0	0.0	4381.0
950	1224.6666666666667	0.0	0.0	5132.0
960	1339.3333333333333	0.0	0.0	4959.0
970	1250.6666666666667	0.0	0.0	5608.0
980	1095.3333333333333	0.0	0.0	3725.0
990	1169.0	0.0	0.0	5043.0
1000	1170.0	0.0	0.0	5157.0
