0	2429.75	0.0	0.0	0.0
10	2368.5	401.0	10322.0	10322.0
20	2340.0	242.0	7597.0	7597.0
30	2171.0	138.0	8626.0	8626.0
40	2347.75	162.0	8255.0	8255.0
50	2078.75	57.0	4730.0	7765.0
60	2152.25	0.0	0.0	8349.0
70	2463.5	0.0	0.0	7852.0
80	2528.25	0.0	0.0	7344.0
90	2468.75	0.0	0.0	9420.0
100	2658.0	0.0	0.0	11231.0
110	2672.75	0.0	0.0	15036.0
120	2777.5	0.0	0.0	10110.0
130	2764.25	0.0	0.0	9854.0
140	2871.25	0.0	0.0	9016.0
150	2374.75	0.0	0.0	8739.0
160	2577.5	0.0	0.0	12382.0
170	2500.75	0.0	0.0	11257.0
180	2181.0	0.0	0.0	8270.0
190	3108.25	0.0	0.0	9954.0
200	2624.0	0.0	0.0	9197.0
210	2573.5	0.0	0.0	8838.0
220	3057.25	0.0	0.0	8563.0
230	2670.5	0.0	0.0	9082.0
240	2328.25	0.0	0.0	7759.0
250	2518.0	0.0	0.0	8931.0
260	2236.25	0.0	0.0	7674.0
270	2752.0	0.0	0.0	10459.0
280	2297.25	0.0	0.0	13640.0
290	2335.5	0.0	0.0	8363.0
300	2916.5	0.0	0.0	8741.0
310	3222.75	0.0	0.0	10702.0
320	3086.75	0.0	0.0	7017.0
330	3489.0	0.0	0.0	9741.0
340	2584.5	0.0	0.0	11605.0
350	2886.75	0.0	0.0	10526.0
360	3078.0	0.0	0.0	9339.0
370	3222.5	0.0	0.0	8364.0
380	3252.0	0.0	0.0	9303.0
390	3254.5	0.0	0.0	10903.0
400	3258.75	0.0	0.0	6418.0
410	3616.5	0.0	0.0	10029.0
420	3801.0	0.0	0.0	10484.0
430	3394.75	0.0	0.0	9950.0
440	3670.5	0.0	0.0	14315.0
450	3294.5	0.0	0.0	8652.0
460	3183.25	0.0	0.0	11654.0
470	3420.25	0.0	0.0	11173.0
480	3343.5	0.0	0.0	11584.0
490	3883.75	0.0	0.0	12459.0
500	4014.5	0.0	0.0	11656.0
510	3646.0	0.0	0.0	7572.0
520	3863.75	0.0	0.0	10791.0
530	2873.0	0.0	0.0	11717.0
540	3601.0	0.0	0.0	7867.0
550	2957.5	0.0	0.0	11171.0
560	3711.0	0.0	0.0	8184.0
570	3376.5	0.0	0.0	8405.0
580	3530.25	0.0	0.0	9636.0
590	3540.0	0.0	0.0	11766.0
600	3804.75	0.0	0.0	11990.0
610	3719.25	0.0	0.0	10457.0
620	3875.75	0.0	0.0	11081.0
630	3268.0	0.0	0.0	9819.0
640	3992.75	0.0	0.0	10470.0
650	3500.25	0.0	0.0	11641.0
660	3549.75	0.0	0.0	7420.0
670	3776.75	0.0	0.0	8695.0
680	3822.0	0.0	0.0	8417.0
690	3654.0	0.0	0.0	12310.0
700	3000.5	0.0	0.0	8756.0
710	3450.25	0.0	0.0	8997.0
720	3498.0	0.0	0.0	8828.0
730	4048.5	0.0	0.0	11100.0
740	3796.0	0.0	0.0	9751.0
750	3704.25	0.0	0.0	7891.0
760	3921.75	0.0	0.0	10018.0
770	4000.25	0.0	0.0	12904.0
780	3680.75	0.0	0.0	8524.0
790	3721.75	0.0	0.0	8187.0
800	3873.5	0.0	0.0	11399.0
