0	2541.0	0.0	0.0	0.0
10	2515.6666666666665	124.0	4890.0	8604.0
20	2658.1666666666665	82.0	6231.0	12513.0
30	2740.0	160.0	8135.0	14270.0
40	2854.0	135.0	8133.0	12348.0
50	2838.3333333333335	87.0	6741.0	12427.0
60	2829.8333333333335	101.0	8164.0	13870.0
70	3054.1666666666665	108.0	8816.0	14136.0
80	3226.5	21.0	5371.0	9212.0
90	2881.3333333333335	42.0	6922.0	11162.0
100	3204.6666666666665	42.0	7005.0	11791.0
110	2727.5	34.0	8455.0	13796.0
120	3092.6666666666665	30.0	6005.0	9920.0
130	2877.8333333333335	28.0	7200.0	11468.0
140	2822.0	6.0	993.0	8246.0
150	3881.8333333333335	0.0	0.0	11264.0
160	3051.8333333333335	0.0	0.0	9335.0
170	2862.6666666666665	0.0	0.0	11847.0
180	3892.6666666666665	0.0	0.0	8462.0
190	3428.5	0.0	0.0	12566.0
200	3067.1666666666665	0.0	0.0	12128.0
210	3303.0	0.0	0.0	11625.0
220	2925.8333333333335	0.0	0.0	12272.0
230	3643.6666666666665	0.0	0.0	9705.0
240	3031.8333333333335	0.0	0.0	12868.0
250	3870.8333333333335	0.0	0.0	9746.0
260	3763.8333333333335	0.0	0.0	10835.0
270	3509.0	0.0	0.0	8007.0
280	3816.0	0.0	0.0	9184.0
290	3537.6666666666665	0.0	0.0	9027.0
300	3772.6666666666665	0.0	0.0	9555.0
310	3866.0	0.0	0.0	11236.0
320	3764.6666666666665	0.0	0.0	10445.0
330	3147.1666666666665	0.0	0.0	11536.0
340	3215.8333333333335	0.0	0.0	11319.0
350	3478.1666666666665	0.0	0.0	10571.0
360	4030.8333333333335	0.0	0.0	9609.0
370	3804.1666666666665	0.0	0.0	13824.0
380	3894.6666666666665	0.0	0.0	12579.0
390	3584.8333333333335	0.0	0.0	11380.0
400	3817.3333333333335	0.0	0.0	13428.0
410	3142.8333333333335	0.0	0.0	12583.0
420	3582.1666666666665	0.0	0.0	10322.0
430	3402.6666666666665	0.0	0.0	12354.0
440	3853.1666666666665	0.0	0.0	10513.0
450	3912.0	0.0	0.0	11577.0
460	3812.6666666666665	0.0	0.0	8103.0
470	3784.3333333333335	0.0	0.0	12211.0
480	3786.3333333333335	0.0	0.0	12316.0
490	3629.6666666666665	0.0	0.0	12866.0
500	3939.3333333333335	0.0	0.0	12576.0
510	3928.1666666666665	0.0	0.0	10258.0
520	3783.8333333333335	0.0	0.0	9340.0
530	3866.8333333333335	0.0	0.0	8588.0
540	3624.6666666666665	0.0	0.0	8550.0
550	3786.1666666666665	0.0	0.0	8566.0
560	3727.6666666666665	0.0	0.0	10304.0
570	3527.6666666666665	0.0	0.0	9279.0
580	3779.8333333333335	0.0	0.0	9494.0
590	3937.3333333333335	0.0	0.0	10265.0
600	3393.1666666666665	0.0	0.0	7964.0
610	3847.5	0.0	0.0	9952.0
620	3756.1666666666665	0.0	0.0	10247.0
630	3515.1666666666665	0.0	0.0	9741.0
640	3779.6666666666665	0.0	0.0	9891.0
650	3838.5	0.0	0.0	8045.0
660	3866.1666666666665	0.0	0.0	10192.0
670	3923.6666666666665	0.0	0.0	11365.0
680	3793.0	0.0	0.0	10425.0
690	3884.1666666666665	0.0	0.0	10406.0
700	3807.3333333333335	0.0	0.0	9862.0
710	3905.1666666666665	0.0	0.0	8059.0
720	3686.6666666666665	0.0	0.0	9265.0
730	3638.6666666666665	0.0	0.0	11720.0
740	3787.3333333333335	0.0	0.0	11096.0
750	3716.6666666666665	0.0	0.0	10261.0
760	4013.5	0.0	0.0	12824.0
770	3417.1666666666665	0.0	0.0	9298.0
780	3572.3333333333335	0.0	0.0	9257.0
790	3710.8333333333335	0.0	0.0	8136.0
800	3595.1666666666665	0.0	0.0	10989.0
