0	242.66666666666666	0.0	0.0	0.0
10	1966.3333333333333	140.0	3669.0	8471.0
20	2000.3333333333333	290.0	5063.0	10432.0
30	2016.0	206.0	2919.0	6628.0
40	2205.0	181.0	5424.0	11474.0
50	2158.6666666666665	124.0	4293.0	9344.0
60	2194.5	59.0	205.0	10313.0
70	2395.1666666666665	0.0	0.0	7069.0
80	2341.5	0.0	0.0	6299.0
90	2378.0	0.0	0.0	8353.0
100	2163.1666666666665	0.0	0.0	8542.0
110	2469.3333333333335	0.0	0.0	6762.0
120	2438.3333333333335	0.0	0.0	7263.0
130	2573.8333333333335	0.0	0.0	10971.0
140	2814.3333333333335	0.0	0.0	6881.0
150	2758.1666666666665	0.0	0.0	11147.0
160	2918.8333333333335	0.0	0.0	9980.0
170	2840.6666666666665	0.0	0.0	7786.0
180	2517.1666666666665	0.0	0.0	6887.0
190	2621.3333333333335	0.0	0.0	9023.0
200	2166.1666666666665	0.0	0.0	7069.0
210	2382.5	0.0	0.0	11241.0
220	2267.6666666666665	0.0	0.0	8861.0
230	2504.6666666666665	0.0	0.0	5620.0
240	2725.5	0.0	0.0	7371.0
250	2194.5	0.0	0.0	9889.0
260	2518.0	0.0	0.0	9269.0
270	2417.3333333333335	0.0	0.0	11898.0
280	2438.1666666666665	0.0	0.0	7131.0
290	2678.6666666666665	0.0	0.0	9651.0
300	2372.0	0.0	0.0	8952.0
310	2861.6666666666665	0.0	0.0	8188.0
320	2788.8333333333335	0.0	0.0	10306.0
330	3070.5	0.0	0.0	13617.0
340	3224.5	0.0	0.0	8545.0
350	3209.3333333333335	0.0	0.0	10687.0
360	2770.6666666666665	0.0	0.0	9605.0
370	3044.6666666666665	0.0	0.0	8696.0
380	3034.8333333333335	0.0	0.0	11851.0
390	2603.8333333333335	0.0	0.0	11415.0
400	3157.5	0.0	0.0	10425.0
410	3288.3333333333335	0.0	0.0	8855.0
420	3726.0	0.0	0.0	12656.0
430	3334.8333333333335	0.0	0.0	6590.0
440	3501.6666666666665	0.0	0.0	9512.0
450	3503.5	0.0	0.0	9942.0
460	3637.5	0.0	0.0	12387.0
470	3502.5	0.0	0.0	12140.0
480	3622.1666666666665	0.0	0.0	11454.0
490	3385.0	0.0	0.0	9481.0
500	3330.8333333333335	0.0	0.0	9394.0
510	3396.3333333333335	0.0	0.0	12239.0
520	3252.3333333333335	0.0	0.0	9166.0
530	3351.6666666666665	0.0	0.0	10197.0
540	3432.6666666666665	0.0	0.0	11063.0
550	3669.8333333333335	0.0	0.0	10308.0
560	3736.5	0.0	0.0	10417.0
570	3287.8333333333335	0.0	0.0	10950.0
580	3691.3333333333335	0.0	0.0	14036.0
590	3328.0	0.0	0.0	11032.0
600	3946.5	0.0	0.0	12424.0
610	3625.0	0.0	0.0	10616.0
620	3749.3333333333335	0.0	0.0	10659.0
630	3967.0	0.0	0.0	8882.0
640	4060.5	0.0	0.0	10642.0
650	3528.1666666666665	0.0	0.0	9608.0
660	3677.1666666666665	0.0	0.0	14666.0
670	3421.3333333333335	0.0	0.0	10241.0
680	3744.5	0.0	0.0	9679.0
690	3603.3333333333335	0.0	0.0	9734.0
700	3457.6666666666665	0.0	0.0	10098.0
710	3841.8333333333335	0.0	0.0	12424.0
720	3731.5	0.0	0.0	14192.0
730	3523.1666666666665	0.0	0.0	9451.0
740	4098.833333333333	0.0	0.0	14674.0
750	3896.1666666666665	0.0	0.0	15041.0
760	4126.666666666667	0.0	0.0	10382.0
770	3762.1666666666665	0.0	0.0	10745.0
780	4061.3333333333335	0.0	0.0	8748.0
790	4035.0	0.0	0.0	11045.0
800	3816.3333333333335	0.0	0.0	11149.0
810	3645.1666666666665	0.0	0.0	14370.0
820	3891.5	0.0	0.0	9205.0
830	3799.1666666666665	0.0	0.0	9041.0
840	3875.6666666666665	0.0	0.0	10392.0
850	3853.8333333333335	0.0	0.0	12223.0
860	3643.6666666666665	0.0	0.0	11282.0
870	3629.5	0.0	0.0	11637.0
880	3812.3333333333335	0.0	0.0	10595.0
890	3954.3333333333335	0.0	0.0	9253.0
900	3950.3333333333335	0.0	0.0	9339.0
910	4123.166666666667	0.0	0.0	8974.0
920	3907.3333333333335	0.0	0.0	8953.0
930	3500.0	0.0	0.0	9096.0
940	3802.0	0.0	0.0	6834.0
950	3856.1666666666665	0.0	0.0	8955.0
960	3887.8333333333335	0.0	0.0	7846.0
970	3680.5	0.0	0.0	9680.0
980	3772.1666666666665	0.0	0.0	9959.0
990	3717.3333333333335	0.0	0.0	10297.0
1000	3787.3333333333335	0.0	0.0	12175.0
