0	2198.1666666666665	0.0	0.0	0.0
10	2400.8333333333335	15.0	232.0	10059.0
20	2110.3333333333335	44.0	183.0	7808.0
30	2296.3333333333335	0.0	58.0	7269.0
40	2238.8333333333335	0.0	84.0	8202.0
50	2278.0	4.0	80.0	10359.0
60	2430.1666666666665	0.0	41.0	8167.0
70	2329.8333333333335	0.0	27.0	9459.0
80	2503.0	29.0	111.0	11665.0
90	2460.6666666666665	0.0	31.0	7125.0
100	2208.8333333333335	0.0	38.0	8191.0
110	2597.8333333333335	0.0	53.0	9619.0
120	2814.8333333333335	12.0	35.0	6927.0
130	2466.1666666666665	0.0	48.0	9421.0
140	2615.6666666666665	0.0	30.0	10978.0
150	2584.8333333333335	0.0	98.0	6538.0
160	2486.8333333333335	0.0	74.0	12406.0
170	2556.5	0.0	30.0	6612.0
180	2879.0	26.0	70.0	10702.0
190	2380.6666666666665	102.0	165.0	8753.0
200	2632.5	0.0	29.0	8952.0
210	2431.5	0.0	19.0	9469.0
220	2548.3333333333335	23.0	87.0	9379.0
230	2965.3333333333335	0.0	89.0	11152.0
240	2603.1666666666665	0.0	21.0	6902.0
250	2717.0	0.0	18.0	11536.0
260	3029.0	0.0	32.0	10932.0
270	2591.5	0.0	48.0	10101.0
280	2785.5	10.0	40.0	9952.0
290	2969.8333333333335	0.0	36.0	10173.0
300	2742.6666666666665	14.0	64.0	8949.0
310	3149.6666666666665	0.0	43.0	9068.0
320	2826.3333333333335	0.0	26.0	10865.0
330	2955.8333333333335	0.0	45.0	7395.0
340	3482.1666666666665	0.0	21.0	9283.0
350	3546.8333333333335	0.0	48.0	9627.0
360	3203.5	0.0	60.0	12003.0
370	3564.0	0.0	72.0	9213.0
380	3063.8333333333335	0.0	42.0	11261.0
390	2837.8333333333335	0.0	30.0	11434.0
400	3363.3333333333335	0.0	90.0	9751.0
410	3333.5	0.0	94.0	11371.0
420	3322.6666666666665	0.0	67.0	13366.0
430	3304.5	0.0	40.0	8530.0
440	3405.1666666666665	0.0	33.0	7222.0
450	3653.8333333333335	0.0	33.0	11420.0
460	3676.3333333333335	0.0	65.0	10555.0
470	3397.8333333333335	0.0	93.0	8404.0
480	3472.0	0.0	86.0	9418.0
490	3532.0	0.0	63.0	12180.0
500	3269.3333333333335	0.0	40.0	9595.0
510	3471.3333333333335	0.0	37.0	11947.0
520	3312.6666666666665	0.0	77.0	9548.0
530	3154.6666666666665	0.0	69.0	9561.0
540	3357.5	0.0	69.0	9793.0
550	3580.0	0.0	29.0	12787.0
560	3665.6666666666665	0.0	63.0	10743.0
570	3162.1666666666665	0.0	44.0	8365.0
580	3175.3333333333335	0.0	40.0	11087.0
590	3446.5	0.0	53.0	12520.0
600	3120.3333333333335	0.0	28.0	8976.0
610	3350.5	0.0	64.0	13170.0
620	3309.6666666666665	0.0	46.0	11434.0
630	3818.3333333333335	0.0	48.0	9814.0
640	3715.3333333333335	0.0	84.0	10704.0
650	3008.6666666666665	0.0	10.0	11292.0
660	3732.0	0.0	52.0	10145.0
670	3731.8333333333335	0.0	69.0	10324.0
680	3730.1666666666665	0.0	61.0	10342.0
690	3847.0	0.0	42.0	11019.0
700	3654.1666666666665	0.0	85.0	8912.0
710	3978.1666666666665	0.0	91.0	12677.0
720	3887.5	0.0	74.0	11184.0
730	3672.5	0.0	115.0	9511.0
740	3829.8333333333335	0.0	36.0	8419.0
750	3630.3333333333335	0.0	31.0	13150.0
760	3714.6666666666665	0.0	71.0	12470.0
770	3724.6666666666665	0.0	63.0	12326.0
780	4189.666666666667	0.0	33.0	11701.0
790	3547.3333333333335	0.0	39.0	9712.0
800	3860.0	0.0	42.0	10754.0
