0	1483.3333333333333	0.0	0.0
10	2329.6666666666665	0.0	20000.0
20	2296.0	0.0	20000.0
30	2283.0	0.0	20000.0
40	2437.1666666666665	0.0	20000.0
50	2442.5	2.0	20000.0
60	2467.6666666666665	7.0	20000.0
70	2594.1666666666665	19.0	20000.0
80	2478.6666666666665	12.0	20000.0
90	2737.8333333333335	20.0	20000.0
100	2658.3333333333335	53.0	19780.0
110	2848.1666666666665	43.0	20000.0
120	2664.6666666666665	23.0	19723.0
130	3113.0	6.0	19565.0
140	3210.1666666666665	4.0	20000.0
150	2895.0	5.0	19180.0
160	3013.8333333333335	10.0	19355.0
170	3164.1666666666665	4.0	19818.0
180	3159.0	2.0	19732.0
190	3198.5	0.0	18436.0
200	3323.3333333333335	0.0	19353.0
210	3306.6666666666665	2.0	19318.0
220	3177.0	0.0	19344.0
230	3201.8333333333335	1.0	18281.0
240	3333.3333333333335	2.0	18100.0
250	3237.0	0.0	19391.0
260	3233.5	4.0	19472.0
270	3375.6666666666665	0.0	18243.0
280	3177.0	0.0	18320.0
290	2954.5	0.0	18288.0
300	3241.0	0.0	18891.0
310	3411.1666666666665	0.0	19150.0
320	3451.6666666666665	0.0	19192.0
330	3504.8333333333335	0.0	19197.0
340	3624.3333333333335	0.0	19005.0
350	3554.3333333333335	0.0	19638.0
360	3649.8333333333335	1.0	19315.0
370	3701.5	2.0	19753.0
380	3732.1666666666665	1.0	18338.0
390	3800.5	1.0	19331.0
400	3782.5	0.0	19383.0
410	3655.5	2.0	19979.0
420	3560.1666666666665	0.0	20000.0
430	3768.1666666666665	0.0	19824.0
440	3685.0	0.0	19222.0
450	3828.5	1.0	19695.0
460	3640.5	1.0	19804.0
470	3681.6666666666665	3.0	19105.0
480	3822.3333333333335	3.0	19627.0
490	3827.8333333333335	3.0	19684.0
500	3843.3333333333335	4.0	19773.0
510	3972.5	5.0	19382.0
520	3914.8333333333335	5.0	19988.0
530	3945.0	2.0	19739.0
540	3895.3333333333335	5.0	19785.0
550	4003.3333333333335	9.0	19637.0
560	4044.3333333333335	3.0	19843.0
570	4165.5	5.0	19384.0
580	4153.166666666667	6.0	19929.0
590	4216.666666666667	4.0	19914.0
600	4158.333333333333	7.0	20000.0
610	4081.6666666666665	9.0	19668.0
620	3972.0	4.0	20000.0
630	4160.333333333333	7.0	19856.0
640	4282.833333333333	5.0	20000.0
650	4270.666666666667	12.0	19999.0
660	4504.833333333333	5.0	20000.0
670	4224.833333333333	11.0	20000.0
680	4247.5	4.0	20000.0
690	4209.833333333333	5.0	19903.0
700	4335.666666666667	10.0	19632.0
710	4256.5	14.0	20000.0
720	4104.166666666667	18.0	19875.0
730	4361.333333333333	15.0	20000.0
740	4341.5	15.0	19812.0
750	4388.333333333333	17.0	20000.0
760	4424.5	18.0	19992.0
770	4343.0	14.0	20000.0
780	4381.833333333333	16.0	20000.0
790	4333.0	20.0	20000.0
800	4339.666666666667	4.0	20000.0
810	4310.333333333333	21.0	20000.0
820	4425.0	34.0	20000.0
830	4282.0	20.0	19959.0
840	4405.5	28.0	20000.0
850	4334.833333333333	47.0	19852.0
860	4367.5	33.0	20000.0
870	4333.666666666667	27.0	19976.0
880	4275.666666666667	28.0	20000.0
890	4435.5	29.0	19975.0
900	4386.666666666667	16.0	20000.0
910	4390.166666666667	30.0	20000.0
920	4347.666666666667	25.0	19708.0
930	4383.333333333333	31.0	20000.0
940	4448.666666666667	26.0	20000.0
950	4458.5	29.0	20000.0
960	4339.666666666667	32.0	19878.0
970	4474.0	26.0	20000.0
980	3849.3333333333335	37.0	20000.0
990	3892.1666666666665	36.0	20000.0
1000	3992.0	56.0	19534.0
