0	2153.8333333333335	0.0	0.0	0.0
10	2310.6666666666665	7.0	1161.0	5957.0
20	2251.6666666666665	10.0	1366.0	9501.0
30	2305.5	15.0	1092.0	8659.0
40	2319.1666666666665	17.0	1616.0	10280.0
50	2367.0	0.0	581.0	7229.0
60	2636.8333333333335	3.0	1023.0	9620.0
70	2595.8333333333335	15.0	634.0	6677.0
80	2588.6666666666665	11.0	759.0	12030.0
90	2483.5	3.0	1014.0	13267.0
100	2597.1666666666665	3.0	478.0	9523.0
110	2405.0	0.0	683.0	8761.0
120	2384.0	1.0	1209.0	7275.0
130	2185.5	31.0	1327.0	9394.0
140	2750.5	0.0	1220.0	10377.0
150	2289.1666666666665	5.0	898.0	10990.0
160	2342.0	4.0	1187.0	6786.0
170	2499.3333333333335	1.0	1167.0	9677.0
180	2374.8333333333335	3.0	710.0	7209.0
190	2477.3333333333335	2.0	1008.0	9369.0
200	2493.8333333333335	6.0	1074.0	9124.0
210	2159.5	4.0	946.0	7563.0
220	2537.6666666666665	11.0	1096.0	6952.0
230	2739.1666666666665	6.0	1167.0	10938.0
240	2733.3333333333335	1.0	751.0	6916.0
250	2513.0	3.0	964.0	7869.0
260	3268.3333333333335	5.0	1024.0	8526.0
270	3115.5	3.0	950.0	9363.0
280	3313.5	2.0	895.0	9044.0
290	3003.1666666666665	3.0	941.0	12133.0
300	2843.3333333333335	3.0	811.0	9675.0
310	3312.0	4.0	1008.0	8220.0
320	3054.1666666666665	5.0	1356.0	14603.0
330	2981.5	7.0	1086.0	11395.0
340	3203.5	2.0	875.0	9860.0
350	3520.1666666666665	0.0	837.0	7656.0
360	3542.3333333333335	0.0	584.0	6092.0
370	3344.8333333333335	4.0	1096.0	10166.0
380	3429.3333333333335	2.0	754.0	7012.0
390	3497.3333333333335	1.0	966.0	8556.0
400	3506.0	4.0	1221.0	15169.0
410	2912.6666666666665	3.0	1058.0	8969.0
420	3234.0	1.0	1002.0	11248.0
430	3574.6666666666665	0.0	1054.0	12635.0
440	3743.0	1.0	857.0	7911.0
450	3311.0	0.0	938.0	11007.0
460	3426.1666666666665	1.0	894.0	8781.0
470	3657.0	3.0	913.0	9076.0
480	3425.0	3.0	829.0	10950.0
490	3589.3333333333335	5.0	1046.0	10215.0
500	3560.6666666666665	1.0	1039.0	9325.0
510	3320.3333333333335	0.0	617.0	6573.0
520	3563.5	5.0	1048.0	11530.0
530	3747.6666666666665	0.0	742.0	10957.0
540	3481.1666666666665	4.0	1200.0	12485.0
550	3529.8333333333335	4.0	722.0	10434.0
560	3494.0	4.0	924.0	8161.0
570	3853.1666666666665	0.0	730.0	8610.0
580	3684.1666666666665	3.0	450.0	9373.0
590	4065.0	1.0	444.0	10527.0
600	3650.8333333333335	0.0	363.0	10138.0
610	3959.0	3.0	481.0	12074.0
620	3503.3333333333335	1.0	568.0	10309.0
630	3234.5	1.0	682.0	9249.0
640	3197.5	2.0	902.0	10277.0
650	3353.1666666666665	0.0	503.0	9434.0
660	3753.5	4.0	673.0	9700.0
670	3905.1666666666665	0.0	959.0	12021.0
680	3331.1666666666665	2.0	967.0	10380.0
690	3150.0	3.0	801.0	10019.0
700	3836.8333333333335	0.0	725.0	9044.0
710	3922.8333333333335	1.0	465.0	11468.0
720	3752.0	1.0	400.0	9426.0
730	3458.3333333333335	0.0	342.0	8643.0
740	3900.0	0.0	742.0	10042.0
750	4175.5	0.0	630.0	9755.0
760	3958.8333333333335	2.0	599.0	9393.0
770	3689.0	0.0	417.0	7966.0
780	3760.3333333333335	1.0	361.0	8384.0
790	3448.6666666666665	0.0	273.0	8930.0
800	3525.1666666666665	0.0	643.0	12399.0
