0	2518.5	0.0	0.0	0.0
10	2750.5	3.0	1233.0	11835.0
20	2472.3333333333335	1.0	931.0	7863.0
30	2789.6666666666665	3.0	1038.0	8134.0
40	2452.3333333333335	10.0	1286.0	9894.0
50	2692.6666666666665	17.0	1039.0	9679.0
60	3101.5	1.0	1515.0	12426.0
70	2604.5	11.0	1176.0	9748.0
80	2729.8333333333335	13.0	1354.0	10652.0
90	2793.1666666666665	7.0	1596.0	12136.0
100	2566.0	8.0	1686.0	12951.0
110	3061.3333333333335	5.0	1144.0	7759.0
120	2835.5	4.0	1574.0	10036.0
130	3102.3333333333335	6.0	1582.0	7893.0
140	2837.0	0.0	1232.0	7826.0
150	3249.0	3.0	1494.0	8113.0
160	2879.1666666666665	4.0	1549.0	8442.0
170	3352.1666666666665	1.0	2066.0	12818.0
180	2721.6666666666665	13.0	1958.0	12187.0
190	3199.1666666666665	4.0	1480.0	8619.0
200	3232.6666666666665	2.0	1392.0	6723.0
210	3357.1666666666665	5.0	1780.0	8772.0
220	3035.8333333333335	8.0	2138.0	10076.0
230	3453.8333333333335	3.0	1672.0	10812.0
240	3120.1666666666665	6.0	1894.0	10867.0
250	3308.8333333333335	4.0	1783.0	8471.0
260	3777.1666666666665	1.0	2120.0	10466.0
270	3254.3333333333335	2.0	1945.0	8930.0
280	3501.5	3.0	1664.0	8496.0
290	3651.6666666666665	14.0	2336.0	11332.0
300	3500.3333333333335	6.0	2075.0	11268.0
310	3773.3333333333335	5.0	1590.0	8604.0
320	3307.0	7.0	1687.0	9695.0
330	3913.1666666666665	5.0	2030.0	10520.0
340	3625.1666666666665	7.0	2017.0	10481.0
350	3731.8333333333335	4.0	1629.0	8703.0
360	3640.5	7.0	2210.0	11048.0
370	2969.1666666666665	0.0	1742.0	9200.0
380	3181.0	5.0	2244.0	10446.0
390	3697.0	4.0	2105.0	10248.0
400	4057.6666666666665	6.0	2718.0	12017.0
410	4145.333333333333	5.0	1689.0	8849.0
420	3729.6666666666665	3.0	1631.0	8571.0
430	3397.6666666666665	1.0	2044.0	10232.0
440	3610.5	12.0	3524.0	15188.0
450	3473.5	7.0	2099.0	11565.0
460	3806.1666666666665	6.0	1524.0	7999.0
470	3699.5	9.0	2678.0	12113.0
480	3920.5	8.0	2396.0	11294.0
490	3555.5	5.0	2013.0	10300.0
500	3789.6666666666665	5.0	2610.0	11287.0
510	3454.6666666666665	8.0	1875.0	9200.0
520	3871.8333333333335	8.0	2858.0	11558.0
530	3900.5	4.0	1952.0	10012.0
540	3824.1666666666665	12.0	2806.0	13387.0
550	3883.5	5.0	1944.0	8180.0
560	3854.5	9.0	2569.0	12672.0
570	3774.3333333333335	6.0	2420.0	11328.0
580	3590.0	5.0	1931.0	8487.0
590	3639.5	6.0	2069.0	9181.0
600	4019.6666666666665	12.0	2422.0	11185.0
610	3969.3333333333335	0.0	1863.0	9783.0
620	3997.8333333333335	4.0	1997.0	9661.0
630	3843.1666666666665	17.0	2094.0	9136.0
640	3681.0	6.0	2715.0	11529.0
650	4076.8333333333335	3.0	2571.0	9824.0
660	4005.6666666666665	4.0	2255.0	10921.0
670	4138.833333333333	10.0	2881.0	11666.0
680	4010.5	2.0	1646.0	9292.0
690	4062.6666666666665	3.0	1990.0	9720.0
700	4070.5	5.0	2286.0	10138.0
710	3469.6666666666665	4.0	2228.0	9903.0
720	3897.5	4.0	2153.0	9811.0
730	3933.0	7.0	2782.0	13409.0
740	3595.5	3.0	1503.0	7863.0
750	3319.5	5.0	2062.0	9727.0
760	3489.8333333333335	8.0	2451.0	10234.0
770	3553.6666666666665	5.0	1686.0	9171.0
780	3948.0	8.0	2495.0	11293.0
790	3534.3333333333335	5.0	2245.0	9680.0
800	3538.5	7.0	1943.0	8857.0
810	3667.8333333333335	3.0	1881.0	9074.0
820	3802.8333333333335	7.0	2369.0	11175.0
830	3927.1666666666665	4.0	2218.0	11989.0
840	3658.5	5.0	2576.0	10885.0
850	3722.3333333333335	5.0	2296.0	11965.0
860	3762.6666666666665	2.0	2233.0	10480.0
870	3818.8333333333335	10.0	1954.0	9989.0
880	3652.8333333333335	3.0	2339.0	9894.0
890	3647.8333333333335	9.0	1791.0	8960.0
900	3951.3333333333335	5.0	2430.0	12432.0
910	4098.833333333333	7.0	2227.0	12044.0
920	3412.6666666666665	7.0	2567.0	11207.0
930	3613.0	7.0	2215.0	10062.0
940	3667.1666666666665	10.0	2608.0	12771.0
950	3821.8333333333335	4.0	1922.0	9165.0
960	3728.1666666666665	2.0	2158.0	10231.0
970	3676.5	8.0	1379.0	7416.0
980	3654.5	9.0	2049.0	11050.0
990	3600.6666666666665	4.0	2097.0	11357.0
1000	3954.8333333333335	3.0	2453.0	13224.0
