0	254.0	0.0	0.0	0.0
10	1975.6666666666667	0.0	0.0	10470.0
20	2152.0	0.0	0.0	6214.0
30	1947.3333333333333	0.0	0.0	6741.0
40	2132.0	0.0	0.0	8799.0
50	2043.3333333333333	0.0	0.0	6880.0
60	2068.0	0.0	0.0	8563.0
70	2213.3333333333335	0.0	0.0	11132.0
80	2224.6666666666665	0.0	0.0	11045.0
90	2280.6666666666665	0.0	0.0	7744.0
100	2320.0	0.0	0.0	6224.0
110	2218.0	0.0	0.0	7029.0
120	2453.0	0.0	0.0	8810.0
130	2565.6666666666665	0.0	0.0	9243.0
140	2345.3333333333335	0.0	0.0	6514.0
150	2334.3333333333335	0.0	0.0	9631.0
160	2521.3333333333335	0.0	0.0	9966.0
170	2624.0	0.0	0.0	9481.0
180	2639.0	0.0	0.0	7330.0
190	2682.0	0.0	0.0	6792.0
200	2709.6666666666665	0.0	0.0	8222.0
210	2658.0	0.0	0.0	9376.0
220	2673.6666666666665	0.0	0.0	10831.0
230	2714.0	0.0	0.0	8661.0
240	2502.6666666666665	0.0	0.0	6224.0
250	2590.3333333333335	0.0	0.0	6006.0
260	2247.6666666666665	0.0	0.0	7665.0
270	2206.6666666666665	0.0	0.0	8724.0
280	2606.0	0.0	0.0	8099.0
290	2047.6666666666667	0.0	0.0	9130.0
300	2665.3333333333335	0.0	0.0	6156.0
310	2387.6666666666665	0.0	0.0	7114.0
320	2372.0	0.0	0.0	8850.0
330	2598.6666666666665	0.0	0.0	10499.0
340	2111.3333333333335	0.0	0.0	8119.0
350	3109.0	0.0	0.0	11759.0
360	2834.3333333333335	0.0	0.0	7974.0
370	2568.6666666666665	0.0	0.0	9685.0
380	3157.0	0.0	0.0	6344.0
390	2779.6666666666665	0.0	0.0	7257.0
400	2369.3333333333335	0.0	0.0	8742.0
