0	2529.5	0.0	0.0	0.0
10	2294.3333333333335	1000.0	2226.0	9758.0
20	1995.3333333333333	0.0	0.0	7739.0
30	2507.6666666666665	0.0	0.0	13885.0
40	2496.1666666666665	0.0	0.0	8319.0
50	2300.5	0.0	0.0	11029.0
60	2809.8333333333335	0.0	0.0	8030.0
70	2464.0	0.0	0.0	9037.0
80	2636.6666666666665	0.0	0.0	12287.0
90	2907.8333333333335	0.0	0.0	10738.0
100	2468.5	0.0	0.0	9456.0
110	2649.5	0.0	0.0	13312.0
120	2712.6666666666665	0.0	0.0	10781.0
130	3325.5	0.0	0.0	9828.0
140	3380.5	0.0	0.0	9865.0
150	2789.5	0.0	0.0	9609.0
160	2381.6666666666665	0.0	0.0	8449.0
170	3081.0	0.0	0.0	10269.0
180	2754.5	0.0	0.0	10344.0
190	2322.1666666666665	0.0	0.0	9241.0
200	3517.8333333333335	0.0	0.0	7472.0
210	3255.6666666666665	0.0	0.0	14470.0
220	3336.3333333333335	0.0	0.0	8192.0
230	3246.5	0.0	0.0	12646.0
240	3439.1666666666665	0.0	0.0	9077.0
250	3469.3333333333335	0.0	0.0	10508.0
260	3782.1666666666665	0.0	0.0	9342.0
270	3377.0	0.0	0.0	8755.0
280	2948.3333333333335	0.0	0.0	11308.0
290	3590.3333333333335	0.0	0.0	7800.0
300	3869.8333333333335	0.0	0.0	8715.0
310	3758.8333333333335	0.0	0.0	13437.0
320	3408.1666666666665	0.0	0.0	12042.0
330	3289.1666666666665	0.0	0.0	9450.0
340	3302.1666666666665	0.0	0.0	10308.0
350	3426.6666666666665	0.0	0.0	10101.0
360	3472.6666666666665	0.0	0.0	9733.0
370	3269.0	0.0	0.0	8519.0
380	4148.0	0.0	0.0	11932.0
390	3565.8333333333335	0.0	0.0	11309.0
400	3720.0	0.0	0.0	8404.0
410	3378.1666666666665	0.0	0.0	12550.0
420	3236.1666666666665	0.0	0.0	10559.0
430	3698.1666666666665	0.0	0.0	8203.0
440	3529.6666666666665	0.0	0.0	9463.0
450	3344.6666666666665	0.0	0.0	10145.0
460	3817.8333333333335	0.0	0.0	11209.0
470	3673.8333333333335	0.0	0.0	11104.0
480	3944.3333333333335	0.0	0.0	10150.0
490	3822.6666666666665	0.0	0.0	10073.0
500	3632.3333333333335	0.0	0.0	11928.0
510	3798.0	0.0	0.0	8660.0
520	3577.5	0.0	0.0	12254.0
530	3684.8333333333335	0.0	0.0	11054.0
540	3819.8333333333335	0.0	0.0	9887.0
550	3736.6666666666665	0.0	0.0	9360.0
560	3755.1666666666665	0.0	0.0	11280.0
570	3785.5	0.0	0.0	7749.0
580	3669.0	0.0	0.0	11493.0
590	3887.3333333333335	0.0	0.0	10826.0
600	3802.8333333333335	0.0	0.0	5913.0
610	4122.666666666667	0.0	0.0	9134.0
620	3708.8333333333335	0.0	0.0	9664.0
630	3744.1666666666665	0.0	0.0	11440.0
640	3818.8333333333335	0.0	0.0	10800.0
650	3881.1666666666665	0.0	0.0	9778.0
660	3914.8333333333335	0.0	0.0	9042.0
670	3798.0	0.0	0.0	10817.0
680	3769.0	0.0	0.0	9742.0
690	3618.0	0.0	0.0	9119.0
700	3623.5	0.0	0.0	12076.0
710	3996.5	0.0	0.0	13026.0
720	3551.3333333333335	0.0	0.0	9582.0
730	3607.1666666666665	0.0	0.0	10448.0
740	3836.1666666666665	0.0	0.0	10479.0
750	3356.1666666666665	0.0	0.0	9244.0
760	3854.8333333333335	0.0	0.0	8448.0
770	3995.0	0.0	0.0	9343.0
780	4028.8333333333335	0.0	0.0	9139.0
790	3830.5	0.0	0.0	11723.0
800	3821.6666666666665	0.0	0.0	8292.0
