0	1543.6666666666667	0.0	0.0	0.0
10	1855.1666666666667	901.0	4856.0	10234.0
20	1986.0	99.0	229.0	7228.0
30	2164.8333333333335	0.0	0.0	7470.0
40	2060.6666666666665	0.0	0.0	7668.0
50	2034.3333333333333	0.0	0.0	9172.0
60	2092.6666666666665	0.0	0.0	9426.0
70	1970.6666666666667	0.0	0.0	6332.0
80	2088.5	0.0	0.0	8117.0
90	1959.3333333333333	0.0	0.0	8732.0
100	2335.6666666666665	0.0	0.0	7632.0
110	2097.6666666666665	0.0	0.0	7241.0
120	2217.5	0.0	0.0	7078.0
130	2064.5	0.0	0.0	12918.0
140	2232.6666666666665	0.0	0.0	8135.0
150	2079.3333333333335	0.0	0.0	8257.0
160	2323.5	0.0	0.0	7011.0
170	1944.3333333333333	0.0	0.0	8315.0
180	2106.0	0.0	0.0	7580.0
190	2594.0	0.0	0.0	12619.0
200	2686.5	0.0	0.0	7986.0
210	2243.5	0.0	0.0	5150.0
220	2790.6666666666665	0.0	0.0	8334.0
230	2007.5	0.0	0.0	5567.0
240	2222.6666666666665	0.0	0.0	11228.0
250	2588.8333333333335	0.0	0.0	7930.0
260	2264.8333333333335	0.0	0.0	10609.0
270	2470.0	0.0	0.0	11305.0
280	2556.6666666666665	0.0	0.0	5666.0
290	2428.3333333333335	0.0	0.0	5895.0
300	2166.6666666666665	0.0	0.0	9876.0
310	2569.5	0.0	0.0	10480.0
320	2360.5	0.0	0.0	9065.0
330	2777.3333333333335	0.0	0.0	11142.0
340	2949.0	0.0	0.0	9273.0
350	2841.5	0.0	0.0	8237.0
360	2174.5	0.0	0.0	8098.0
370	2472.6666666666665	0.0	0.0	10178.0
380	2178.1666666666665	0.0	0.0	9801.0
390	3058.6666666666665	0.0	0.0	9434.0
400	2919.3333333333335	0.0	0.0	10306.0
410	2452.1666666666665	0.0	0.0	10543.0
420	2823.3333333333335	0.0	0.0	7541.0
430	2449.5	0.0	0.0	11330.0
440	2869.6666666666665	0.0	0.0	10846.0
450	3108.8333333333335	0.0	0.0	10196.0
460	2673.0	0.0	0.0	10391.0
470	3053.8333333333335	0.0	0.0	11817.0
480	3170.5	0.0	0.0	6612.0
490	3477.1666666666665	0.0	0.0	9816.0
500	3065.8333333333335	0.0	0.0	11822.0
510	3346.5	0.0	0.0	11765.0
520	3762.0	0.0	0.0	11749.0
530	3473.1666666666665	0.0	0.0	12128.0
540	3210.3333333333335	0.0	0.0	10266.0
550	3771.5	0.0	0.0	10438.0
560	3077.1666666666665	0.0	0.0	12412.0
570	2943.6666666666665	0.0	0.0	8269.0
580	3397.3333333333335	0.0	0.0	9627.0
590	3336.0	0.0	0.0	6816.0
600	3104.0	0.0	0.0	11233.0
610	3278.5	0.0	0.0	10666.0
620	3617.0	0.0	0.0	13209.0
630	3413.0	0.0	0.0	13383.0
640	3355.6666666666665	0.0	0.0	9879.0
650	3084.1666666666665	0.0	0.0	12143.0
660	3636.1666666666665	0.0	0.0	8930.0
670	3302.5	0.0	0.0	9088.0
680	3277.0	0.0	0.0	8411.0
690	2710.5	0.0	0.0	8625.0
700	3119.3333333333335	0.0	0.0	11395.0
710	3160.6666666666665	0.0	0.0	13001.0
720	3671.5	0.0	0.0	13127.0
730	3762.1666666666665	0.0	0.0	10339.0
740	3414.8333333333335	0.0	0.0	10124.0
750	2994.8333333333335	0.0	0.0	11314.0
760	4308.833333333333	0.0	0.0	9914.0
770	3813.3333333333335	0.0	0.0	10153.0
780	3472.8333333333335	0.0	0.0	11802.0
790	3616.3333333333335	0.0	0.0	11408.0
800	3929.6666666666665	0.0	0.0	10164.0
810	3857.3333333333335	0.0	0.0	9500.0
820	3723.8333333333335	0.0	0.0	13534.0
830	3941.3333333333335	0.0	0.0	9678.0
840	3896.5	0.0	0.0	12477.0
850	3099.8333333333335	0.0	0.0	11012.0
860	3270.3333333333335	0.0	0.0	9524.0
870	3585.1666666666665	0.0	0.0	6825.0
880	3676.5	0.0	0.0	8328.0
890	4029.3333333333335	0.0	0.0	11284.0
900	3734.3333333333335	0.0	0.0	9415.0
910	3496.0	0.0	0.0	10153.0
920	3692.1666666666665	0.0	0.0	9548.0
930	3763.8333333333335	0.0	0.0	10814.0
940	3771.0	0.0	0.0	10795.0
950	4194.5	0.0	0.0	10043.0
960	3821.0	0.0	0.0	9502.0
970	3819.8333333333335	0.0	0.0	11584.0
980	3754.6666666666665	0.0	0.0	9986.0
990	4175.333333333333	0.0	0.0	8840.0
1000	3675.0	0.0	0.0	13491.0
