0	1745.3333333333333	0.0	0.0	0.0
10	2041.8333333333333	969.0	4162.0	8674.0
20	1962.8333333333333	31.0	386.0	8025.0
30	2036.0	0.0	0.0	7534.0
40	2087.8333333333335	0.0	0.0	6440.0
50	2126.3333333333335	0.0	0.0	6659.0
60	2027.5	0.0	0.0	8292.0
70	1801.5	0.0	0.0	6258.0
80	1907.5	0.0	0.0	7012.0
90	2098.0	0.0	0.0	8835.0
100	2142.3333333333335	0.0	0.0	10682.0
110	2232.1666666666665	0.0	0.0	6087.0
120	2268.0	0.0	0.0	6656.0
130	2318.8333333333335	0.0	0.0	5938.0
140	2301.6666666666665	0.0	0.0	7656.0
150	2071.0	0.0	0.0	5643.0
160	2118.8333333333335	0.0	0.0	8466.0
170	2138.3333333333335	0.0	0.0	9672.0
180	2392.1666666666665	0.0	0.0	11930.0
190	2795.0	0.0	0.0	8338.0
200	2314.5	0.0	0.0	12230.0
210	2453.3333333333335	0.0	0.0	8577.0
220	2474.6666666666665	0.0	0.0	8698.0
230	2688.1666666666665	0.0	0.0	8656.0
240	2636.5	0.0	0.0	8896.0
250	2846.5	0.0	0.0	7845.0
260	2684.5	0.0	0.0	9145.0
270	2666.3333333333335	0.0	0.0	9980.0
280	2627.5	0.0	0.0	9418.0
290	2906.8333333333335	0.0	0.0	6989.0
300	2589.8333333333335	0.0	0.0	6858.0
310	2597.1666666666665	0.0	0.0	8996.0
320	2647.8333333333335	0.0	0.0	8402.0
330	2973.6666666666665	0.0	0.0	8512.0
340	2579.8333333333335	0.0	0.0	12069.0
350	2929.1666666666665	0.0	0.0	10398.0
360	2914.0	0.0	0.0	9198.0
370	2374.3333333333335	0.0	0.0	11462.0
380	2547.5	0.0	0.0	7782.0
390	3121.8333333333335	0.0	0.0	8068.0
400	3254.5	0.0	0.0	8354.0
410	2958.1666666666665	0.0	0.0	8951.0
420	2638.0	0.0	0.0	10996.0
430	2520.8333333333335	0.0	0.0	9897.0
440	2535.0	0.0	0.0	13193.0
450	2988.1666666666665	0.0	0.0	7698.0
460	2559.6666666666665	0.0	0.0	8008.0
470	3036.0	0.0	0.0	5167.0
480	2610.5	0.0	0.0	11461.0
490	3404.6666666666665	0.0	0.0	7475.0
500	3712.0	0.0	0.0	8236.0
510	3037.1666666666665	0.0	0.0	13830.0
520	3161.8333333333335	0.0	0.0	13923.0
530	3403.6666666666665	0.0	0.0	13196.0
540	3392.5	0.0	0.0	9600.0
550	3607.0	0.0	0.0	9517.0
560	3133.3333333333335	0.0	0.0	9245.0
570	3293.6666666666665	0.0	0.0	10487.0
580	3363.1666666666665	0.0	0.0	10463.0
590	3118.6666666666665	0.0	0.0	7731.0
600	2987.6666666666665	0.0	0.0	10549.0
610	3348.0	0.0	0.0	10537.0
620	3526.5	0.0	0.0	12188.0
630	3381.0	0.0	0.0	7538.0
640	3092.8333333333335	0.0	0.0	11910.0
650	3435.5	0.0	0.0	7664.0
660	3140.1666666666665	0.0	0.0	9140.0
670	2854.0	0.0	0.0	8730.0
680	3855.1666666666665	0.0	0.0	10094.0
690	3475.0	0.0	0.0	10162.0
700	3221.0	0.0	0.0	11617.0
710	3786.8333333333335	0.0	0.0	9159.0
720	3667.0	0.0	0.0	11294.0
730	3381.0	0.0	0.0	11420.0
740	3687.6666666666665	0.0	0.0	10302.0
750	3251.3333333333335	0.0	0.0	11356.0
760	3631.5	0.0	0.0	8298.0
770	3030.6666666666665	0.0	0.0	8724.0
780	3797.3333333333335	0.0	0.0	8014.0
790	3261.6666666666665	0.0	0.0	9900.0
800	3618.1666666666665	0.0	0.0	11326.0
810	3478.3333333333335	0.0	0.0	11699.0
820	3837.8333333333335	0.0	0.0	9337.0
830	3810.6666666666665	0.0	0.0	13085.0
840	3901.1666666666665	0.0	0.0	10119.0
850	3870.3333333333335	0.0	0.0	10485.0
860	3516.6666666666665	0.0	0.0	10059.0
870	3569.6666666666665	0.0	0.0	10193.0
880	3536.6666666666665	0.0	0.0	9603.0
890	3644.1666666666665	0.0	0.0	9575.0
900	3352.8333333333335	0.0	0.0	11012.0
910	3899.1666666666665	0.0	0.0	8122.0
920	3593.1666666666665	0.0	0.0	12230.0
930	3871.3333333333335	0.0	0.0	11832.0
940	3744.5	0.0	0.0	7746.0
950	4007.5	0.0	0.0	7700.0
960	3983.0	0.0	0.0	9113.0
970	3691.5	0.0	0.0	9672.0
980	3645.5	0.0	0.0	7360.0
990	3808.8333333333335	0.0	0.0	12720.0
1000	3640.8333333333335	0.0	0.0	10089.0
