0	1627.0	0.0	0.0	0.0
10	2038.5	1000.0	4684.0	10532.0
20	1970.6666666666667	0.0	0.0	8197.0
30	1981.6666666666667	0.0	0.0	9220.0
40	1709.0	0.0	0.0	6832.0
50	1964.5	0.0	0.0	7290.0
60	2047.6666666666667	0.0	0.0	7985.0
70	2133.6666666666665	0.0	0.0	8868.0
80	2206.6666666666665	0.0	0.0	12375.0
90	2237.3333333333335	0.0	0.0	6444.0
100	2037.1666666666667	0.0	0.0	6757.0
110	2130.0	0.0	0.0	11204.0
120	2051.6666666666665	0.0	0.0	8077.0
130	2396.6666666666665	0.0	0.0	11310.0
140	2400.8333333333335	0.0	0.0	7315.0
150	2249.6666666666665	0.0	0.0	10157.0
160	2573.1666666666665	0.0	0.0	6629.0
170	2616.5	0.0	0.0	9285.0
180	2455.6666666666665	0.0	0.0	6070.0
190	2638.3333333333335	0.0	0.0	9235.0
200	2595.6666666666665	0.0	0.0	8804.0
210	2819.5	0.0	0.0	9296.0
220	2505.8333333333335	0.0	0.0	8561.0
230	2422.8333333333335	0.0	0.0	7087.0
240	2515.8333333333335	0.0	0.0	8957.0
250	2469.0	0.0	0.0	12999.0
260	2144.8333333333335	0.0	0.0	8748.0
270	2251.0	0.0	0.0	7693.0
280	2366.3333333333335	0.0	0.0	10127.0
290	2762.1666666666665	0.0	0.0	8854.0
300	2518.6666666666665	0.0	0.0	7909.0
310	2596.5	0.0	0.0	9807.0
320	2520.0	0.0	0.0	8930.0
330	2718.3333333333335	0.0	0.0	7714.0
340	2491.5	0.0	0.0	7875.0
350	2427.5	0.0	0.0	9874.0
360	2651.5	0.0	0.0	9049.0
370	2419.8333333333335	0.0	0.0	12952.0
380	2882.6666666666665	0.0	0.0	8602.0
390	3122.0	0.0	0.0	7732.0
400	2707.6666666666665	0.0	0.0	5972.0
410	2893.8333333333335	0.0	0.0	7174.0
420	3197.0	0.0	0.0	9589.0
430	3251.3333333333335	0.0	0.0	9567.0
440	3201.0	0.0	0.0	9340.0
450	3131.1666666666665	0.0	0.0	12444.0
460	3302.8333333333335	0.0	0.0	10812.0
470	3748.6666666666665	0.0	0.0	9370.0
480	2705.8333333333335	0.0	0.0	13066.0
490	3450.3333333333335	0.0	0.0	7844.0
500	3194.5	0.0	0.0	7146.0
510	3236.3333333333335	0.0	0.0	8567.0
520	3670.6666666666665	0.0	0.0	11280.0
530	4062.5	0.0	0.0	9479.0
540	3133.3333333333335	0.0	0.0	10941.0
550	3593.6666666666665	0.0	0.0	15572.0
560	3234.5	0.0	0.0	9099.0
570	3303.1666666666665	0.0	0.0	14236.0
580	3524.1666666666665	0.0	0.0	9439.0
590	3623.8333333333335	0.0	0.0	11896.0
600	3534.3333333333335	0.0	0.0	12762.0
610	3538.8333333333335	0.0	0.0	10199.0
620	2982.0	0.0	0.0	10402.0
630	3557.3333333333335	0.0	0.0	9437.0
640	3166.8333333333335	0.0	0.0	13552.0
650	3255.5	0.0	0.0	10610.0
660	3846.0	0.0	0.0	10375.0
670	3688.8333333333335	0.0	0.0	12282.0
680	3552.3333333333335	0.0	0.0	11923.0
690	3300.8333333333335	0.0	0.0	6541.0
700	3658.8333333333335	0.0	0.0	10578.0
710	3376.0	0.0	0.0	12515.0
720	3992.0	0.0	0.0	9253.0
730	3558.8333333333335	0.0	0.0	12093.0
740	3969.8333333333335	0.0	0.0	6835.0
750	3767.3333333333335	0.0	0.0	8048.0
760	4146.0	0.0	0.0	7180.0
770	3565.8333333333335	0.0	0.0	11765.0
780	3417.3333333333335	0.0	0.0	13468.0
790	3814.3333333333335	0.0	0.0	7463.0
800	3581.5	0.0	0.0	9486.0
810	3878.3333333333335	0.0	0.0	12433.0
820	3766.0	0.0	0.0	10790.0
830	3271.5	0.0	0.0	8895.0
840	3722.1666666666665	0.0	0.0	10622.0
850	3500.8333333333335	0.0	0.0	9185.0
860	3929.6666666666665	0.0	0.0	12430.0
870	4055.3333333333335	0.0	0.0	12690.0
880	3395.1666666666665	0.0	0.0	8547.0
890	3573.3333333333335	0.0	0.0	13096.0
900	3546.3333333333335	0.0	0.0	12028.0
910	3392.6666666666665	0.0	0.0	12563.0
920	3679.0	0.0	0.0	8677.0
930	3901.3333333333335	0.0	0.0	10425.0
940	3698.0	0.0	0.0	9571.0
950	3621.3333333333335	0.0	0.0	9721.0
960	3832.0	0.0	0.0	10962.0
970	4033.6666666666665	0.0	0.0	9201.0
980	3777.6666666666665	0.0	0.0	10600.0
990	3855.0	0.0	0.0	11397.0
1000	3645.5	0.0	0.0	11487.0
