0	303.3333333333333	0.0	0.0
10	2131.1666666666665	0.0	9643.0
20	1959.3333333333333	0.0	12316.0
30	2106.8333333333335	5.0	9675.0
40	2083.3333333333335	38.0	7945.0
50	2198.8333333333335	78.0	6584.0
60	2300.8333333333335	51.0	12524.0
70	2405.3333333333335	23.0	11990.0
80	2828.8333333333335	2.0	7324.0
90	2320.5	1.0	4978.0
100	2461.3333333333335	0.0	8893.0
110	2651.0	9.0	11691.0
120	2537.3333333333335	8.0	10843.0
130	2743.8333333333335	2.0	9027.0
140	2532.3333333333335	2.0	8374.0
150	2603.8333333333335	2.0	8600.0
160	2906.1666666666665	5.0	10212.0
170	2758.1666666666665	0.0	11142.0
180	2480.1666666666665	3.0	13745.0
190	2402.6666666666665	4.0	11248.0
200	2914.6666666666665	0.0	11849.0
210	2941.3333333333335	2.0	7991.0
220	3038.3333333333335	0.0	8149.0
230	2583.0	0.0	9169.0
240	2885.8333333333335	1.0	7609.0
250	3057.3333333333335	1.0	6785.0
260	2545.1666666666665	1.0	7800.0
270	2977.5	5.0	8834.0
280	2699.8333333333335	1.0	8920.0
290	3174.1666666666665	3.0	9591.0
300	2578.0	4.0	17257.0
310	3169.6666666666665	4.0	8424.0
320	3452.1666666666665	1.0	9757.0
330	3014.0	5.0	12944.0
340	2984.6666666666665	7.0	12518.0
350	3041.0	15.0	12471.0
360	2795.5	9.0	10162.0
370	3819.8333333333335	4.0	13595.0
380	3304.5	5.0	11395.0
390	3009.6666666666665	11.0	10801.0
400	3615.8333333333335	6.0	11260.0
410	3832.3333333333335	43.0	12189.0
420	3142.6666666666665	5.0	11225.0
430	3351.6666666666665	6.0	13083.0
440	2993.8333333333335	5.0	10700.0
450	3439.3333333333335	8.0	9892.0
460	3491.0	8.0	9851.0
470	3684.6666666666665	8.0	9564.0
480	3597.6666666666665	20.0	11439.0
490	3235.6666666666665	12.0	14593.0
500	3561.3333333333335	14.0	9296.0
510	3735.1666666666665	7.0	11228.0
520	3126.3333333333335	12.0	11874.0
530	3846.3333333333335	25.0	9420.0
540	3496.1666666666665	13.0	10330.0
550	3385.8333333333335	24.0	10127.0
560	3222.1666666666665	17.0	11077.0
570	3912.0	29.0	11070.0
580	4074.5	38.0	13059.0
590	4093.1666666666665	22.0	9389.0
600	3423.8333333333335	36.0	12850.0
610	3680.0	35.0	10587.0
620	3858.5	23.0	10188.0
630	3937.6666666666665	25.0	10873.0
640	3910.1666666666665	30.0	13376.0
650	3832.5	41.0	12186.0
660	3898.0	30.0	9745.0
670	3762.0	31.0	9856.0
680	3839.3333333333335	23.0	13149.0
690	3915.0	41.0	11690.0
700	3727.8333333333335	35.0	9894.0
710	3831.1666666666665	28.0	9585.0
720	3455.5	46.0	13914.0
730	3806.1666666666665	32.0	10053.0
740	3853.5	37.0	10315.0
750	3653.3333333333335	57.0	10544.0
760	4085.8333333333335	33.0	11073.0
770	4120.0	35.0	10325.0
780	3625.0	37.0	10338.0
790	3667.0	44.0	11790.0
800	3611.5	47.0	11543.0
810	3620.3333333333335	34.0	11281.0
820	3972.8333333333335	58.0	12671.0
830	3503.3333333333335	54.0	10302.0
840	3481.1666666666665	40.0	12975.0
850	4029.6666666666665	36.0	10329.0
860	3668.6666666666665	29.0	9080.0
870	4067.3333333333335	45.0	11906.0
880	3698.5	52.0	11058.0
890	3763.8333333333335	51.0	12334.0
900	3933.3333333333335	48.0	10118.0
910	4001.0	56.0	10910.0
920	3676.0	41.0	11173.0
930	3917.6666666666665	63.0	11258.0
940	3672.5	13.0	8268.0
950	4030.3333333333335	0.0	10289.0
960	3927.0	0.0	11281.0
970	3595.1666666666665	0.0	13782.0
980	3390.0	0.0	11584.0
990	3653.3333333333335	0.0	9406.0
1000	3724.8333333333335	0.0	9400.0
