0	2453.0	0.0	0.0	0.0
10	2506.1666666666665	52.0	5737.0	9876.0
20	2527.5	51.0	5773.0	10346.0
30	2725.8333333333335	37.0	5671.0	8460.0
40	2750.6666666666665	36.0	6143.0	10158.0
50	2467.3333333333335	67.0	7569.0	12102.0
60	2986.3333333333335	51.0	6454.0	10770.0
70	2879.0	46.0	8437.0	13998.0
80	3351.5	22.0	4711.0	6823.0
90	2925.0	38.0	7967.0	12912.0
100	3416.3333333333335	58.0	8225.0	12100.0
110	3447.0	40.0	6465.0	11184.0
120	3672.6666666666665	41.0	6399.0	10306.0
130	3488.0	45.0	7258.0	11563.0
140	3715.1666666666665	30.0	6736.0	10355.0
150	3860.1666666666665	23.0	4351.0	7754.0
160	3551.6666666666665	28.0	5722.0	9332.0
170	3696.8333333333335	39.0	7903.0	11841.0
180	3689.8333333333335	37.0	6712.0	11164.0
190	3388.6666666666665	33.0	8289.0	12632.0
200	3538.0	29.0	8427.0	12458.0
210	3408.3333333333335	30.0	7390.0	9939.0
220	3245.1666666666665	32.0	8107.0	11530.0
230	3352.1666666666665	44.0	8836.0	12720.0
240	3536.6666666666665	28.0	7518.0	11241.0
250	3340.3333333333335	42.0	9564.0	12968.0
260	3170.0	21.0	5995.0	9381.0
270	3594.0	0.0	0.0	9632.0
280	4121.5	0.0	0.0	12568.0
290	3916.3333333333335	0.0	0.0	10413.0
300	3388.3333333333335	0.0	0.0	11537.0
310	3460.3333333333335	0.0	0.0	8250.0
320	3980.8333333333335	0.0	0.0	12370.0
330	3980.5	0.0	0.0	8205.0
340	3689.3333333333335	0.0	0.0	11864.0
350	3808.3333333333335	0.0	0.0	9146.0
360	3972.3333333333335	0.0	0.0	8397.0
370	3800.5	0.0	0.0	10631.0
380	3706.8333333333335	0.0	0.0	11586.0
390	3707.6666666666665	0.0	0.0	10392.0
400	3821.1666666666665	0.0	0.0	10257.0
410	3574.8333333333335	0.0	0.0	10058.0
420	3799.5	0.0	0.0	11572.0
430	3789.8333333333335	0.0	0.0	10424.0
440	3528.6666666666665	0.0	0.0	11197.0
450	3882.8333333333335	0.0	0.0	9264.0
460	3695.0	0.0	0.0	9993.0
470	3795.1666666666665	0.0	0.0	11833.0
480	3413.8333333333335	0.0	0.0	6018.0
490	3647.1666666666665	0.0	0.0	10239.0
500	3692.5	0.0	0.0	12296.0
510	3612.5	0.0	0.0	12382.0
520	3544.1666666666665	0.0	0.0	9934.0
530	3690.6666666666665	0.0	0.0	11936.0
540	3744.6666666666665	0.0	0.0	9695.0
550	3529.0	0.0	0.0	7598.0
560	3445.3333333333335	0.0	0.0	7629.0
570	3744.6666666666665	0.0	0.0	11438.0
580	3636.6666666666665	0.0	0.0	11961.0
590	3531.3333333333335	0.0	0.0	9781.0
600	3697.5	0.0	0.0	10092.0
