0	1507.8333333333333	0.0	0.0	0.0
10	1590.0	32.0	10364.0	10364.0
20	2017.1666666666667	29.0	8434.0	8434.0
30	1636.5	18.0	9135.0	9135.0
40	2627.5	18.0	6824.0	6824.0
50	2374.0	30.0	8681.0	8681.0
60	2620.6666666666665	18.0	9994.0	9994.0
70	2482.6666666666665	28.0	10313.0	10313.0
80	2584.3333333333335	6.0	7501.0	7501.0
90	2369.0	52.0	11693.0	11693.0
100	2579.0	12.0	7729.0	7729.0
110	2148.3333333333335	25.0	9061.0	9061.0
120	1696.6666666666667	27.0	9710.0	9710.0
130	1945.1666666666667	7.0	5668.0	5668.0
140	1824.3333333333333	20.0	6236.0	6236.0
150	2330.6666666666665	30.0	9317.0	9317.0
160	1854.3333333333333	11.0	7596.0	7596.0
170	2036.5	13.0	7766.0	7766.0
180	2346.3333333333335	18.0	8204.0	8204.0
190	1839.6666666666667	30.0	8526.0	8526.0
200	2338.3333333333335	24.0	8564.0	8564.0
210	1921.8333333333333	40.0	10027.0	10027.0
220	1924.6666666666667	19.0	8873.0	8873.0
230	2143.3333333333335	13.0	10263.0	10263.0
240	2276.6666666666665	25.0	10357.0	10357.0
250	1891.3333333333333	17.0	8438.0	8438.0
260	2496.3333333333335	32.0	9483.0	9483.0
270	2424.0	20.0	7871.0	7871.0
280	2600.0	31.0	9824.0	9824.0
290	2148.0	15.0	7918.0	7918.0
300	1538.0	8.0	8506.0	8506.0
310	2258.5	29.0	8077.0	8077.0
320	2244.0	28.0	11108.0	11108.0
330	2261.0	35.0	10560.0	10560.0
340	1982.0	32.0	9753.0	9753.0
350	1690.5	21.0	7534.0	7534.0
360	1937.5	22.0	9017.0	9017.0
370	1896.0	21.0	8774.0	8774.0
380	2014.8333333333333	15.0	7964.0	7964.0
390	2361.0	3.0	7033.0	7033.0
400	2395.5	18.0	8688.0	8688.0
410	2413.5	10.0	8279.0	8279.0
420	2237.0	29.0	11775.0	11775.0
430	2479.8333333333335	20.0	9230.0	9230.0
440	2321.6666666666665	27.0	9746.0	9746.0
450	2325.6666666666665	11.0	6885.0	6885.0
460	2226.6666666666665	11.0	4638.0	7453.0
470	2534.6666666666665	0.0	0.0	8010.0
480	2345.3333333333335	0.0	0.0	9389.0
490	2663.5	0.0	0.0	10010.0
500	2537.6666666666665	0.0	0.0	8230.0
510	2345.6666666666665	0.0	0.0	8710.0
520	2474.6666666666665	0.0	0.0	7969.0
530	2279.0	0.0	0.0	9755.0
540	2348.3333333333335	0.0	0.0	9324.0
550	2238.8333333333335	0.0	0.0	8070.0
560	2235.0	0.0	0.0	8882.0
570	2471.6666666666665	0.0	0.0	8350.0
580	2539.0	0.0	0.0	10577.0
590	2667.3333333333335	0.0	0.0	8372.0
600	2584.3333333333335	0.0	0.0	8319.0
610	2646.6666666666665	0.0	0.0	8221.0
620	2372.0	0.0	0.0	8181.0
630	1771.5	0.0	0.0	9335.0
640	1793.0	0.0	0.0	11412.0
650	2044.0	0.0	0.0	9453.0
660	1953.1666666666667	0.0	0.0	8084.0
670	1709.6666666666667	0.0	0.0	9447.0
680	1992.3333333333333	0.0	0.0	8779.0
690	1884.6666666666667	0.0	0.0	6959.0
700	2257.6666666666665	0.0	0.0	8722.0
710	1758.0	0.0	0.0	8051.0
720	2119.0	0.0	0.0	8558.0
730	1940.6666666666667	0.0	0.0	8362.0
740	2299.0	0.0	0.0	8672.0
750	2351.8333333333335	0.0	0.0	7895.0
760	2610.5	0.0	0.0	11007.0
770	2355.6666666666665	0.0	0.0	8208.0
780	2517.3333333333335	0.0	0.0	7831.0
790	1938.3333333333333	0.0	0.0	6824.0
800	1959.8333333333333	0.0	0.0	9833.0
810	2523.6666666666665	0.0	0.0	9562.0
820	2158.3333333333335	0.0	0.0	8849.0
830	1740.3333333333333	0.0	0.0	11792.0
840	1751.1666666666667	0.0	0.0	8359.0
850	1761.6666666666667	0.0	0.0	8056.0
860	2420.8333333333335	0.0	0.0	9630.0
870	2479.5	0.0	0.0	9231.0
880	2466.5	0.0	0.0	9128.0
890	2562.8333333333335	0.0	0.0	10334.0
900	2311.0	0.0	0.0	9682.0
910	2367.3333333333335	0.0	0.0	7828.0
920	2447.3333333333335	0.0	0.0	9777.0
930	2427.3333333333335	0.0	0.0	7438.0
940	1532.6666666666667	0.0	0.0	6413.0
950	1714.6666666666667	0.0	0.0	7115.0
960	1662.8333333333333	0.0	0.0	9298.0
970	1692.0	0.0	0.0	8345.0
980	2024.6666666666667	0.0	0.0	8649.0
990	1819.8333333333333	0.0	0.0	9613.0
1000	1793.5	0.0	0.0	9077.0
