0	275.3333333333333	0.0	0.0	0.0
10	1637.5	248.0	5291.0	9200.0
20	1749.3333333333333	111.0	1519.0	7520.0
30	2177.1666666666665	24.0	1968.0	7583.0
40	2109.0	1.0	1486.0	9264.0
50	2081.3333333333335	37.0	1172.0	7391.0
60	2298.0	102.0	1582.0	7882.0
70	2209.0	34.0	615.0	5480.0
80	2287.6666666666665	8.0	1442.0	9275.0
90	2124.1666666666665	43.0	918.0	6675.0
100	2511.6666666666665	117.0	2720.0	10205.0
110	2695.5	141.0	3717.0	12714.0
120	2157.5	63.0	1345.0	7538.0
130	2582.6666666666665	25.0	1448.0	7399.0
140	2721.3333333333335	130.0	1969.0	7099.0
150	2161.6666666666665	39.0	1226.0	5266.0
160	2558.8333333333335	131.0	2775.0	9354.0
170	2780.8333333333335	102.0	2193.0	8885.0
180	2397.3333333333335	117.0	1855.0	7327.0
190	2336.8333333333335	28.0	1816.0	8206.0
200	2377.0	197.0	2104.0	8943.0
210	2703.6666666666665	106.0	2081.0	8095.0
220	2230.5	27.0	2035.0	7960.0
230	2182.8333333333335	40.0	2384.0	9508.0
240	2318.1666666666665	108.0	3255.0	12075.0
250	2764.8333333333335	8.0	2925.0	10393.0
260	2518.0	1.0	3146.0	10978.0
270	2385.1666666666665	5.0	2170.0	7592.0
280	3054.3333333333335	80.0	2133.0	9552.0
290	2732.0	68.0	2266.0	8634.0
300	2509.3333333333335	0.0	2940.0	10041.0
310	2628.3333333333335	0.0	2072.0	8084.0
320	3390.1666666666665	36.0	3173.0	14177.0
330	3611.3333333333335	0.0	105.0	9625.0
340	2926.0	0.0	0.0	9003.0
350	3659.6666666666665	0.0	0.0	5148.0
360	3152.8333333333335	0.0	0.0	9797.0
370	3096.3333333333335	0.0	0.0	8369.0
380	3170.5	0.0	0.0	7998.0
390	3295.8333333333335	0.0	0.0	11083.0
400	3200.6666666666665	0.0	0.0	12339.0
410	3287.1666666666665	0.0	0.0	9494.0
420	3062.6666666666665	0.0	0.0	11073.0
430	3408.3333333333335	0.0	0.0	12774.0
440	3473.3333333333335	0.0	0.0	10328.0
450	2944.8333333333335	0.0	0.0	10553.0
460	3255.3333333333335	0.0	0.0	10690.0
470	2884.8333333333335	0.0	0.0	9209.0
480	3534.1666666666665	0.0	0.0	9029.0
490	3092.5	0.0	0.0	9238.0
500	3635.5	0.0	0.0	9482.0
510	3684.5	0.0	0.0	9736.0
520	3590.3333333333335	0.0	0.0	7817.0
530	3489.5	0.0	0.0	12055.0
540	3322.0	0.0	0.0	10787.0
550	3571.8333333333335	0.0	0.0	8290.0
560	3157.1666666666665	0.0	0.0	11938.0
570	3648.5	0.0	0.0	10744.0
580	3337.5	0.0	0.0	11623.0
590	3116.5	0.0	0.0	11959.0
600	3424.0	0.0	0.0	9288.0
610	3386.8333333333335	0.0	0.0	9163.0
620	3644.3333333333335	0.0	0.0	11034.0
630	3603.1666666666665	0.0	0.0	13133.0
640	3493.0	0.0	0.0	11382.0
650	3565.0	0.0	0.0	9984.0
660	3239.1666666666665	0.0	0.0	9081.0
670	3862.8333333333335	0.0	0.0	11982.0
680	3299.5	0.0	0.0	11693.0
690	3879.8333333333335	0.0	0.0	11575.0
700	3983.6666666666665	0.0	0.0	9963.0
710	3813.8333333333335	0.0	0.0	10103.0
720	3518.1666666666665	0.0	0.0	10647.0
730	3784.0	0.0	0.0	9537.0
740	3704.0	0.0	0.0	8899.0
750	4060.5	0.0	0.0	11803.0
760	3755.1666666666665	0.0	0.0	10600.0
770	3860.6666666666665	0.0	0.0	11595.0
780	3700.3333333333335	0.0	0.0	10609.0
790	4142.166666666667	0.0	0.0	10489.0
800	4047.6666666666665	0.0	0.0	10911.0
810	3666.1666666666665	0.0	0.0	9027.0
820	4101.5	0.0	0.0	12236.0
830	4082.3333333333335	0.0	0.0	12157.0
840	3767.8333333333335	0.0	0.0	9145.0
850	3717.1666666666665	0.0	0.0	13083.0
860	3997.6666666666665	0.0	0.0	9236.0
870	3475.1666666666665	0.0	0.0	10075.0
880	3496.6666666666665	0.0	0.0	10228.0
890	3877.3333333333335	0.0	0.0	10372.0
900	3798.0	0.0	0.0	8400.0
910	3883.6666666666665	0.0	0.0	11331.0
920	3943.6666666666665	0.0	0.0	10467.0
930	3730.8333333333335	0.0	0.0	10002.0
940	3767.3333333333335	0.0	0.0	9136.0
950	3887.1666666666665	0.0	0.0	11064.0
960	3807.3333333333335	0.0	0.0	10384.0
970	4047.1666666666665	0.0	0.0	9816.0
980	3998.5	0.0	0.0	10008.0
990	3810.5	0.0	0.0	8735.0
1000	3855.1666666666665	0.0	0.0	8598.0
