0	2237.6696428571427	0.0	0.0	0.0
10	2237.5714285714284	143.32142857142858	9688.32142857143	9688.32142857143
20	2289.8928571428573	184.92857142857142	10684.0	10684.0
30	2370.5535714285716	171.21428571428572	9913.857142857143	9913.857142857143
40	2395.0178571428573	150.71428571428572	9387.607142857143	9387.607142857143
50	2467.401785714286	167.25	9264.857142857143	10055.285714285714
60	2530.464285714286	109.92857142857143	6433.714285714285	9553.17857142857
70	2519.5535714285716	52.892857142857146	2832.214285714286	9337.714285714286
80	2542.973214285714	6.857142857142857	929.7142857142857	9348.5
90	2560.9821428571427	12.892857142857142	390.9642857142857	9179.214285714286
100	2482.285714285714	0.0	0.0	9300.142857142857
110	2475.660714285714	0.0	0.0	8955.92857142857
120	2568.5803571428573	0.0	0.0	9388.785714285714
130	2472.1696428571427	0.0	0.0	8794.67857142857
140	2490.0535714285716	0.0	0.0	9214.857142857143
150	2599.910714285714	0.0	0.0	9149.964285714286
160	2456.723214285714	0.0	0.0	8997.17857142857
170	2551.723214285714	0.0	0.0	9209.17857142857
180	2567.339285714286	0.0	0.0	8686.75
190	2582.6696428571427	0.0	0.0	9418.535714285714
200	2753.7678571428573	0.0	0.0	8610.357142857143
210	2680.535714285714	0.0	0.0	9837.82142857143
220	2736.8928571428573	0.0	0.0	8969.42857142857
230	2781.3303571428573	0.0	0.0	9607.607142857143
240	2850.5803571428573	0.0	0.0	9645.464285714286
250	2870.4821428571427	0.0	0.0	9531.714285714286
260	2932.6339285714284	0.0	0.0	9511.75
270	2953.875	0.0	0.0	9446.67857142857
280	3052.401785714286	0.0	0.0	9511.82142857143
290	3104.526785714286	0.0	0.0	10172.57142857143
300	3007.9285714285716	0.0	0.0	9543.785714285714
310	3154.776785714286	0.0	0.0	9395.642857142857
320	3042.9910714285716	0.0	0.0	9660.25
330	3202.6875	0.0	0.0	10006.535714285714
340	3119.7053571428573	0.0	0.0	10471.5
350	3311.901785714286	0.0	0.0	9741.035714285714
360	3219.2410714285716	0.0	0.0	10178.357142857143
370	3355.0535714285716	0.0	0.0	10036.142857142857
380	3309.8660714285716	0.0	0.0	9947.464285714286
390	3394.8214285714284	0.0	0.0	10106.0
400	3440.9196428571427	0.0	0.0	10735.107142857143
410	3365.1071428571427	0.0	0.0	9679.0
420	3484.035714285714	0.0	0.0	10066.57142857143
430	3486.2321428571427	0.0	0.0	10500.857142857143
440	3429.6964285714284	0.0	0.0	10237.142857142857
450	3482.723214285714	0.0	0.0	10008.392857142857
460	3548.026785714286	0.0	0.0	10336.285714285714
470	3470.9196428571427	0.0	0.0	10810.892857142857
480	3372.848214285714	0.0	0.0	10940.75
490	3586.7053571428573	0.0	0.0	10985.107142857143
500	3506.9285714285716	0.0	0.0	9966.892857142857
510	3559.6964285714284	0.0	0.0	10088.17857142857
520	3514.2410714285716	0.0	0.0	10871.892857142857
530	3545.5625	0.0	0.0	10021.892857142857
540	3537.6875	0.0	0.0	10631.0
550	3617.8571428571427	0.0	0.0	10532.785714285714
560	3587.75	0.0	0.0	10245.25
570	3629.5089285714284	0.0	0.0	10209.82142857143
580	3741.2678571428573	0.0	0.0	10517.535714285714
590	3648.776785714286	0.0	0.0	10685.464285714286
600	3711.9821428571427	0.0	0.0	10345.035714285714
610	3633.0	0.0	0.0	10303.392857142857
620	3678.875	0.0	0.0	10427.035714285714
630	3677.848214285714	0.0	0.0	10183.035714285714
640	3741.6964285714284	0.0	0.0	10641.67857142857
650	3725.1428571428573	0.0	0.0	10575.92857142857
660	3688.3214285714284	0.0	0.0	9964.357142857143
670	3754.5535714285716	0.0	0.0	11083.642857142857
680	3785.026785714286	0.0	0.0	9953.17857142857
690	3726.2053571428573	0.0	0.0	10254.75
700	3667.660714285714	0.0	0.0	10226.57142857143
710	3731.0	0.0	0.0	10693.785714285714
720	3736.4553571428573	0.0	0.0	9924.714285714286
730	3649.151785714286	0.0	0.0	10252.285714285714
740	3716.25	0.0	0.0	10189.82142857143
750	3770.7678571428573	0.0	0.0	9994.142857142857
760	3689.7410714285716	0.0	0.0	10272.857142857143
770	3873.6071428571427	0.0	0.0	10713.32142857143
780	3778.1428571428573	0.0	0.0	10801.785714285714
790	3786.7946428571427	0.0	0.0	9930.642857142857
800	3758.3214285714284	0.0	0.0	10454.25
