0	2709.5	0.0	0.0	0.0
10	2118.5	364.0	3632.0	9610.0
20	2215.8333333333335	466.0	3679.0	10759.0
30	3028.3333333333335	170.0	1491.0	11017.0
40	3041.6666666666665	0.0	0.0	8479.0
50	2505.8333333333335	0.0	0.0	11077.0
60	2798.5	0.0	0.0	9894.0
70	2592.6666666666665	0.0	0.0	10062.0
80	3077.8333333333335	0.0	0.0	7449.0
90	3265.1666666666665	0.0	0.0	11846.0
100	3272.0	0.0	0.0	9831.0
110	3302.8333333333335	0.0	0.0	11064.0
120	3039.5	0.0	0.0	13263.0
130	3661.6666666666665	0.0	0.0	10666.0
140	3596.5	0.0	0.0	9382.0
150	3326.6666666666665	0.0	0.0	7309.0
160	3337.0	0.0	0.0	8892.0
170	3119.8333333333335	0.0	0.0	6258.0
180	3383.5	0.0	0.0	9509.0
190	3526.0	0.0	0.0	8990.0
200	3374.3333333333335	0.0	0.0	9774.0
210	3657.8333333333335	0.0	0.0	9099.0
220	3236.1666666666665	0.0	0.0	12821.0
230	3297.6666666666665	0.0	0.0	12276.0
240	3128.8333333333335	0.0	0.0	11752.0
250	2884.8333333333335	0.0	0.0	9290.0
260	3635.1666666666665	0.0	0.0	13152.0
270	3570.0	0.0	0.0	6046.0
280	3140.8333333333335	0.0	0.0	8312.0
290	3675.1666666666665	0.0	0.0	10667.0
300	3313.0	0.0	0.0	13234.0
310	4022.0	0.0	0.0	8891.0
320	3583.1666666666665	0.0	0.0	11191.0
330	3381.8333333333335	0.0	0.0	9232.0
340	3560.3333333333335	0.0	0.0	8811.0
350	3220.3333333333335	0.0	0.0	10687.0
360	3505.3333333333335	0.0	0.0	11424.0
370	3395.1666666666665	0.0	0.0	8601.0
380	3796.5	0.0	0.0	10370.0
390	3554.8333333333335	0.0	0.0	10721.0
400	3196.8333333333335	0.0	0.0	12578.0
410	2778.6666666666665	0.0	0.0	14611.0
420	3041.5	0.0	0.0	10403.0
430	3723.1666666666665	0.0	0.0	10447.0
440	3910.3333333333335	0.0	0.0	11795.0
450	3550.8333333333335	0.0	0.0	13979.0
460	3638.8333333333335	0.0	0.0	12215.0
470	3807.3333333333335	0.0	0.0	10846.0
480	3540.8333333333335	0.0	0.0	7448.0
490	3858.8333333333335	0.0	0.0	7697.0
500	2982.3333333333335	0.0	0.0	9717.0
510	3987.5	0.0	0.0	10458.0
520	3783.3333333333335	0.0	0.0	11070.0
530	3545.3333333333335	0.0	0.0	11554.0
540	3771.5	0.0	0.0	8787.0
550	3470.3333333333335	0.0	0.0	7970.0
560	3273.0	0.0	0.0	10227.0
570	3685.1666666666665	0.0	0.0	10803.0
580	3696.1666666666665	0.0	0.0	12049.0
590	3618.0	0.0	0.0	10466.0
600	3709.5	0.0	0.0	8294.0
610	3847.8333333333335	0.0	0.0	10892.0
620	3650.3333333333335	0.0	0.0	10704.0
630	3601.0	0.0	0.0	8205.0
640	3710.3333333333335	0.0	0.0	12355.0
650	3983.3333333333335	0.0	0.0	12532.0
660	3329.1666666666665	0.0	0.0	11987.0
670	3598.6666666666665	0.0	0.0	9313.0
680	3415.3333333333335	0.0	0.0	12743.0
690	3756.1666666666665	0.0	0.0	11164.0
700	4073.0	0.0	0.0	11099.0
710	3425.0	0.0	0.0	10049.0
720	3773.1666666666665	0.0	0.0	8142.0
730	3678.8333333333335	0.0	0.0	11002.0
740	3658.3333333333335	0.0	0.0	9669.0
750	3728.1666666666665	0.0	0.0	9150.0
760	3416.5	0.0	0.0	10711.0
770	4068.3333333333335	0.0	0.0	10976.0
780	4081.5	0.0	0.0	10568.0
790	3865.5	0.0	0.0	11397.0
800	3669.0	0.0	0.0	8697.0
