0	2181.8333333333335	0.0	0.0	0.0
10	2169.3333333333335	79.0	1159.0	11118.0
20	2330.3333333333335	1.0	570.0	10032.0
30	2423.5	12.0	589.0	9359.0
40	2300.3333333333335	9.0	525.0	8945.0
50	2489.0	8.0	524.0	7969.0
60	2344.8333333333335	6.0	329.0	7424.0
70	2503.5	19.0	673.0	9654.0
80	2601.1666666666665	8.0	855.0	12165.0
90	2577.5	12.0	692.0	9969.0
100	2564.3333333333335	5.0	407.0	7594.0
110	2506.3333333333335	26.0	775.0	9626.0
120	2620.8333333333335	10.0	485.0	7980.0
130	2208.6666666666665	40.0	582.0	9380.0
140	2989.0	11.0	691.0	10952.0
150	2583.0	44.0	594.0	9333.0
160	2658.5	6.0	442.0	6910.0
170	2211.3333333333335	54.0	666.0	10261.0
180	2181.3333333333335	2.0	496.0	9295.0
190	2127.5	0.0	321.0	6109.0
200	2689.0	37.0	854.0	11700.0
210	2698.1666666666665	13.0	610.0	11172.0
220	2605.1666666666665	16.0	655.0	10303.0
230	2648.3333333333335	6.0	619.0	8540.0
240	2906.8333333333335	15.0	727.0	10959.0
250	3275.3333333333335	18.0	426.0	5910.0
260	3322.0	8.0	838.0	10698.0
270	3208.1666666666665	8.0	932.0	12663.0
280	3027.3333333333335	17.0	912.0	12271.0
290	3250.1666666666665	52.0	945.0	12349.0
300	3184.1666666666665	18.0	740.0	9324.0
310	3510.1666666666665	3.0	685.0	8015.0
320	3533.3333333333335	4.0	964.0	12830.0
330	3515.5	4.0	938.0	11756.0
340	3729.0	0.0	639.0	8595.0
350	3799.3333333333335	0.0	803.0	8158.0
360	3694.0	0.0	901.0	11249.0
370	3590.3333333333335	0.0	849.0	11682.0
380	3867.0	0.0	796.0	10911.0
390	3898.0	0.0	580.0	7336.0
400	3788.8333333333335	0.0	813.0	11829.0
410	3051.5	0.0	758.0	12212.0
420	3165.5	0.0	785.0	12028.0
430	3609.8333333333335	1.0	788.0	12288.0
440	3293.5	0.0	830.0	10765.0
450	3708.3333333333335	0.0	926.0	12299.0
460	3856.1666666666665	0.0	743.0	8153.0
470	3096.1666666666665	0.0	989.0	11135.0
480	3551.1666666666665	0.0	1229.0	13365.0
490	3438.5	0.0	999.0	13694.0
500	3438.3333333333335	0.0	670.0	9297.0
510	3799.3333333333335	1.0	1141.0	12446.0
520	3569.5	0.0	1448.0	15361.0
530	3964.0	0.0	928.0	10856.0
540	3105.5	0.0	862.0	9210.0
550	3833.3333333333335	0.0	1003.0	13015.0
560	3432.5	0.0	691.0	9400.0
570	3399.5	0.0	828.0	10303.0
580	3548.8333333333335	0.0	837.0	10185.0
590	3099.1666666666665	0.0	668.0	8863.0
600	3762.8333333333335	0.0	856.0	9940.0
610	3730.1666666666665	0.0	685.0	7347.0
620	3475.5	0.0	1079.0	12295.0
630	3527.1666666666665	0.0	656.0	9054.0
640	4142.5	0.0	776.0	10011.0
650	3794.1666666666665	0.0	1015.0	12457.0
660	3828.1666666666665	0.0	990.0	9080.0
670	4028.0	0.0	896.0	10721.0
680	3609.1666666666665	0.0	967.0	10928.0
690	3737.8333333333335	0.0	1041.0	10236.0
700	3773.6666666666665	0.0	1024.0	11616.0
710	3765.5	0.0	651.0	6674.0
720	4068.1666666666665	0.0	906.0	10467.0
730	3715.8333333333335	0.0	1054.0	11420.0
740	3716.8333333333335	0.0	807.0	10252.0
750	3874.1666666666665	0.0	782.0	8707.0
760	3732.6666666666665	0.0	664.0	9936.0
770	3693.0	0.0	820.0	9907.0
780	3190.0	0.0	866.0	11874.0
790	3792.0	0.0	983.0	11943.0
800	3800.6666666666665	0.0	1045.0	12655.0
