0	255.33333333333334	0.0	0.0	0.0
10	2170.6666666666665	14440.0	14440.0	14440.0
20	2206.6666666666665	16130.0	16130.0	16130.0
30	1930.3333333333333	15018.0	15018.0	15018.0
40	2826.3333333333335	19519.0	19519.0	19519.0
50	2773.3333333333335	4739.0	4739.0	12253.0
60	2837.6666666666665	0.0	0.0	7147.0
70	2885.5	0.0	0.0	11060.0
80	3072.6666666666665	0.0	0.0	8294.0
90	3302.0	0.0	0.0	8101.0
100	3254.1666666666665	0.0	0.0	7718.0
110	3428.6666666666665	0.0	0.0	9277.0
120	3326.3333333333335	0.0	0.0	8537.0
130	3381.5	0.0	0.0	8916.0
140	3373.3333333333335	0.0	0.0	11104.0
150	3909.5	0.0	0.0	9901.0
160	3541.1666666666665	0.0	0.0	11208.0
170	3525.1666666666665	0.0	0.0	13345.0
180	3093.6666666666665	0.0	0.0	9786.0
190	3249.0	0.0	0.0	10558.0
200	3028.3333333333335	0.0	0.0	10887.0
210	3202.5	0.0	0.0	10368.0
220	3385.8333333333335	0.0	0.0	10996.0
230	3489.3333333333335	0.0	0.0	12450.0
240	3359.8333333333335	0.0	0.0	8555.0
250	3335.6666666666665	0.0	0.0	10190.0
260	3144.8333333333335	0.0	0.0	11746.0
270	3108.3333333333335	0.0	0.0	12259.0
280	3556.1666666666665	0.0	0.0	11761.0
290	3314.6666666666665	0.0	0.0	11132.0
300	3599.1666666666665	0.0	0.0	9206.0
310	3643.3333333333335	0.0	0.0	10238.0
320	4147.833333333333	0.0	0.0	12853.0
330	3742.8333333333335	0.0	0.0	9901.0
340	3429.6666666666665	0.0	0.0	9240.0
350	3868.8333333333335	0.0	0.0	11362.0
360	3935.8333333333335	0.0	0.0	11675.0
370	3449.6666666666665	0.0	0.0	7499.0
380	3841.1666666666665	0.0	0.0	10827.0
390	3884.0	0.0	0.0	8419.0
400	3454.8333333333335	0.0	0.0	8102.0
410	3889.3333333333335	0.0	0.0	10989.0
420	3818.3333333333335	0.0	0.0	9072.0
430	3810.5	0.0	0.0	10847.0
440	3789.1666666666665	0.0	0.0	7688.0
450	3376.5	0.0	0.0	8575.0
460	3991.3333333333335	0.0	0.0	8717.0
470	3858.0	0.0	0.0	8841.0
480	3569.3333333333335	0.0	0.0	11791.0
490	3233.0	0.0	0.0	9907.0
500	3412.6666666666665	0.0	0.0	12461.0
510	3919.6666666666665	0.0	0.0	10453.0
520	3811.6666666666665	0.0	0.0	12495.0
530	3892.8333333333335	0.0	0.0	7626.0
540	3481.5	0.0	0.0	7436.0
550	3885.1666666666665	0.0	0.0	12234.0
560	3621.3333333333335	0.0	0.0	12702.0
570	3852.0	0.0	0.0	8853.0
580	3433.1666666666665	0.0	0.0	10130.0
590	3875.8333333333335	0.0	0.0	10360.0
600	4151.0	0.0	0.0	8757.0
610	3421.1666666666665	0.0	0.0	9472.0
620	3869.0	0.0	0.0	13269.0
630	4086.3333333333335	0.0	0.0	12945.0
640	3879.1666666666665	0.0	0.0	12701.0
650	3493.6666666666665	0.0	0.0	13881.0
660	3900.3333333333335	0.0	0.0	9687.0
670	3774.3333333333335	0.0	0.0	8854.0
680	3702.1666666666665	0.0	0.0	9569.0
690	4002.8333333333335	0.0	0.0	12555.0
700	3668.1666666666665	0.0	0.0	9805.0
710	3860.6666666666665	0.0	0.0	11563.0
720	3580.5	0.0	0.0	12223.0
730	3615.8333333333335	0.0	0.0	8919.0
740	4046.1666666666665	0.0	0.0	11613.0
750	3681.8333333333335	0.0	0.0	9146.0
760	3748.1666666666665	0.0	0.0	8537.0
770	3904.6666666666665	0.0	0.0	11254.0
780	3436.8333333333335	0.0	0.0	9044.0
790	3874.5	0.0	0.0	10781.0
800	3885.6666666666665	0.0	0.0	10332.0
810	4042.5	0.0	0.0	8612.0
820	3676.5	0.0	0.0	13172.0
830	3831.3333333333335	0.0	0.0	9787.0
840	3701.3333333333335	0.0	0.0	10844.0
850	3667.5	0.0	0.0	9142.0
860	3741.3333333333335	0.0	0.0	11640.0
870	3561.8333333333335	0.0	0.0	9141.0
880	3783.6666666666665	0.0	0.0	9263.0
890	3777.5	0.0	0.0	9768.0
900	3838.6666666666665	0.0	0.0	11791.0
910	3421.3333333333335	0.0	0.0	10226.0
920	3884.0	0.0	0.0	9836.0
930	3722.8333333333335	0.0	0.0	8937.0
940	3648.3333333333335	0.0	0.0	9393.0
950	3885.0	0.0	0.0	8318.0
960	3817.5	0.0	0.0	11177.0
970	3987.5	0.0	0.0	10145.0
980	3738.0	0.0	0.0	9037.0
990	3932.5	0.0	0.0	9525.0
1000	3736.3333333333335	0.0	0.0	10216.0
