0	245.66666666666666	0.0	0.0	0.0
10	2165.1666666666665	13549.0	13549.0	13549.0
20	2022.3333333333333	14278.0	14278.0	14278.0
30	2169.8333333333335	18560.0	18560.0	18560.0
40	2346.1666666666665	15982.0	15982.0	15982.0
50	2513.5	7477.0	7477.0	10405.0
60	3290.1666666666665	0.0	0.0	10163.0
70	3647.1666666666665	0.0	0.0	12588.0
80	2958.6666666666665	0.0	0.0	6218.0
90	3040.1666666666665	0.0	0.0	6708.0
100	3286.8333333333335	0.0	0.0	9851.0
110	3579.6666666666665	0.0	0.0	8853.0
120	3595.5	0.0	0.0	9768.0
130	3671.8333333333335	0.0	0.0	9663.0
140	3073.6666666666665	0.0	0.0	10107.0
150	3124.6666666666665	0.0	0.0	9884.0
160	3535.8333333333335	0.0	0.0	10314.0
170	3624.1666666666665	0.0	0.0	12137.0
180	3814.3333333333335	0.0	0.0	8435.0
190	3936.1666666666665	0.0	0.0	9637.0
200	3539.0	0.0	0.0	10280.0
210	3776.0	0.0	0.0	10355.0
220	3132.5	0.0	0.0	12867.0
230	3517.8333333333335	0.0	0.0	8744.0
240	3652.5	0.0	0.0	9602.0
250	2902.5	0.0	0.0	8803.0
260	3432.1666666666665	0.0	0.0	9731.0
270	3460.8333333333335	0.0	0.0	9646.0
280	3800.3333333333335	0.0	0.0	11511.0
290	3503.0	0.0	0.0	9524.0
300	3445.0	0.0	0.0	12048.0
310	3588.1666666666665	0.0	0.0	11763.0
320	3537.8333333333335	0.0	0.0	14263.0
330	3526.6666666666665	0.0	0.0	10804.0
340	3145.3333333333335	0.0	0.0	10940.0
350	3403.1666666666665	0.0	0.0	10192.0
360	3930.3333333333335	0.0	0.0	12646.0
370	3981.0	0.0	0.0	10761.0
380	3214.0	0.0	0.0	7772.0
390	3797.5	0.0	0.0	11382.0
400	3804.3333333333335	0.0	0.0	11792.0
410	3928.8333333333335	0.0	0.0	10642.0
420	3469.8333333333335	0.0	0.0	8832.0
430	3643.8333333333335	0.0	0.0	10902.0
440	3931.6666666666665	0.0	0.0	11724.0
450	3427.3333333333335	0.0	0.0	10881.0
460	3744.6666666666665	0.0	0.0	10412.0
470	3714.3333333333335	0.0	0.0	13141.0
480	3566.1666666666665	0.0	0.0	9228.0
490	3581.0	0.0	0.0	10434.0
500	3567.5	0.0	0.0	10768.0
510	3373.0	0.0	0.0	11276.0
520	3789.1666666666665	0.0	0.0	11672.0
530	3453.1666666666665	0.0	0.0	11668.0
540	3550.8333333333335	0.0	0.0	10661.0
550	3705.8333333333335	0.0	0.0	9756.0
560	3614.5	0.0	0.0	10865.0
570	3886.5	0.0	0.0	11505.0
580	3623.1666666666665	0.0	0.0	9911.0
590	4035.6666666666665	0.0	0.0	11266.0
600	3693.6666666666665	0.0	0.0	9985.0
610	3689.5	0.0	0.0	10510.0
620	3873.3333333333335	0.0	0.0	9240.0
630	3729.8333333333335	0.0	0.0	12752.0
640	3833.1666666666665	0.0	0.0	7625.0
650	3666.5	0.0	0.0	14093.0
660	4001.0	0.0	0.0	10853.0
670	3801.6666666666665	0.0	0.0	8744.0
680	3560.1666666666665	0.0	0.0	7665.0
690	3572.1666666666665	0.0	0.0	9113.0
700	3772.6666666666665	0.0	0.0	9574.0
710	3690.0	0.0	0.0	9436.0
720	3960.6666666666665	0.0	0.0	13123.0
730	3745.8333333333335	0.0	0.0	12162.0
740	3664.1666666666665	0.0	0.0	8388.0
750	3784.1666666666665	0.0	0.0	7909.0
760	3496.6666666666665	0.0	0.0	11301.0
770	3544.8333333333335	0.0	0.0	13964.0
780	3681.3333333333335	0.0	0.0	8610.0
790	3778.5	0.0	0.0	9403.0
800	3830.8333333333335	0.0	0.0	9857.0
810	3562.0	0.0	0.0	9864.0
820	3258.3333333333335	0.0	0.0	7984.0
830	3842.6666666666665	0.0	0.0	10281.0
840	3450.0	0.0	0.0	9634.0
850	3919.6666666666665	0.0	0.0	9429.0
860	3736.5	0.0	0.0	8882.0
870	3655.3333333333335	0.0	0.0	11026.0
880	3652.8333333333335	0.0	0.0	11924.0
890	4067.6666666666665	0.0	0.0	10784.0
900	3449.0	0.0	0.0	7958.0
910	3399.3333333333335	0.0	0.0	10823.0
920	3861.8333333333335	0.0	0.0	10380.0
930	3586.1666666666665	0.0	0.0	10644.0
940	3653.6666666666665	0.0	0.0	11965.0
950	3767.1666666666665	0.0	0.0	10429.0
960	4032.0	0.0	0.0	11259.0
970	3614.1666666666665	0.0	0.0	11322.0
980	3779.5	0.0	0.0	7569.0
990	3746.0	0.0	0.0	8863.0
1000	3558.6666666666665	0.0	0.0	11473.0
