0	2072.5	0.0	0.0	0.0
10	2247.0	66.0	1861.0	10250.0
20	2004.0	140.0	2052.0	8373.0
30	2307.1666666666665	72.0	1224.0	7675.0
40	2460.5	90.0	2862.0	10208.0
50	2295.0	44.0	1828.0	8650.0
60	2106.6666666666665	54.0	2669.0	10992.0
70	2228.1666666666665	144.0	4514.0	13688.0
80	2030.6666666666667	62.0	2314.0	9575.0
90	2416.6666666666665	33.0	2244.0	9184.0
100	2928.8333333333335	29.0	1718.0	6869.0
110	2577.8333333333335	59.0	2379.0	8421.0
120	2479.1666666666665	97.0	3108.0	9957.0
130	2489.6666666666665	65.0	1811.0	6493.0
140	2820.3333333333335	45.0	1263.0	11375.0
150	2420.6666666666665	0.0	0.0	6773.0
160	2822.3333333333335	0.0	0.0	9016.0
170	2994.8333333333335	0.0	0.0	8911.0
180	2689.3333333333335	0.0	0.0	8542.0
190	2766.3333333333335	0.0	0.0	6523.0
200	3029.3333333333335	0.0	0.0	6187.0
210	3063.8333333333335	0.0	0.0	6375.0
220	2552.1666666666665	0.0	0.0	10590.0
230	3085.6666666666665	0.0	0.0	12394.0
240	3146.3333333333335	0.0	0.0	6205.0
250	3257.1666666666665	0.0	0.0	9744.0
260	3362.8333333333335	0.0	0.0	10014.0
270	2955.3333333333335	0.0	0.0	10496.0
280	3256.5	0.0	0.0	12911.0
290	3024.6666666666665	0.0	0.0	9755.0
300	3173.6666666666665	0.0	0.0	9531.0
310	3692.8333333333335	0.0	0.0	13912.0
320	3144.3333333333335	0.0	0.0	9038.0
330	3458.5	0.0	0.0	9821.0
340	3485.5	0.0	0.0	7637.0
350	3050.0	0.0	0.0	9647.0
360	3427.8333333333335	0.0	0.0	10691.0
370	3434.8333333333335	0.0	0.0	10029.0
380	3665.0	0.0	0.0	9727.0
390	3522.5	0.0	0.0	9699.0
400	3496.5	0.0	0.0	11529.0
410	3724.6666666666665	0.0	0.0	10647.0
420	3785.1666666666665	0.0	0.0	13168.0
430	3823.6666666666665	0.0	0.0	7422.0
440	3610.1666666666665	0.0	0.0	10813.0
450	3853.0	0.0	0.0	13447.0
460	3724.3333333333335	0.0	0.0	13203.0
470	3670.3333333333335	0.0	0.0	10567.0
480	3554.3333333333335	0.0	0.0	9295.0
490	3461.0	0.0	0.0	12572.0
500	3490.6666666666665	0.0	0.0	13633.0
510	3592.6666666666665	0.0	0.0	10959.0
520	3285.1666666666665	0.0	0.0	9258.0
530	3601.0	0.0	0.0	10705.0
540	3427.8333333333335	0.0	0.0	12225.0
550	3421.0	0.0	0.0	7629.0
560	3843.3333333333335	0.0	0.0	7906.0
570	3575.3333333333335	0.0	0.0	9945.0
580	3979.8333333333335	0.0	0.0	8780.0
590	3846.8333333333335	0.0	0.0	10031.0
600	3461.1666666666665	0.0	0.0	10438.0
610	3554.0	0.0	0.0	9512.0
620	3782.8333333333335	0.0	0.0	9573.0
630	3849.6666666666665	0.0	0.0	10907.0
640	3567.0	0.0	0.0	9884.0
650	3425.6666666666665	0.0	0.0	8148.0
660	3938.1666666666665	0.0	0.0	9717.0
670	3506.1666666666665	0.0	0.0	11049.0
680	3846.8333333333335	0.0	0.0	9438.0
690	3756.6666666666665	0.0	0.0	10398.0
700	3406.0	0.0	0.0	10193.0
710	3899.3333333333335	0.0	0.0	8554.0
720	3558.3333333333335	0.0	0.0	9810.0
730	4041.0	0.0	0.0	7626.0
740	3976.0	0.0	0.0	9524.0
750	3854.0	0.0	0.0	7428.0
760	3411.6666666666665	0.0	0.0	11219.0
770	3792.3333333333335	0.0	0.0	10916.0
780	3882.5	0.0	0.0	9812.0
790	3605.5	0.0	0.0	10805.0
800	3594.1666666666665	0.0	0.0	8179.0
