0	2233.0	0.0	0.0	0.0
10	2482.5	106.0	3641.0	11781.0
20	2354.1666666666665	64.0	2147.0	8597.0
30	2414.0	42.0	1903.0	8671.0
40	2431.8333333333335	51.0	1646.0	7815.0
50	2443.6666666666665	53.0	2006.0	8118.0
60	2396.3333333333335	3.0	589.0	4880.0
70	2374.6666666666665	64.0	1895.0	8424.0
80	2502.8333333333335	99.0	4406.0	14459.0
90	2126.8333333333335	21.0	1157.0	6658.0
100	2306.8333333333335	34.0	2755.0	9323.0
110	2475.3333333333335	64.0	2239.0	8620.0
120	2193.8333333333335	142.0	3509.0	11673.0
130	2544.1666666666665	60.0	2576.0	9223.0
140	2605.3333333333335	126.0	2911.0	11706.0
150	2469.5	50.0	2375.0	9463.0
160	2586.3333333333335	18.0	2208.0	8689.0
170	2602.0	3.0	108.0	12020.0
180	3129.5	0.0	0.0	7732.0
190	2990.8333333333335	0.0	0.0	11380.0
200	3155.6666666666665	0.0	0.0	7038.0
210	2934.1666666666665	0.0	0.0	6652.0
220	2907.8333333333335	0.0	0.0	11536.0
230	3169.1666666666665	0.0	0.0	7823.0
240	3064.3333333333335	0.0	0.0	8869.0
250	2946.5	0.0	0.0	7022.0
260	3061.8333333333335	0.0	0.0	10366.0
270	2881.0	0.0	0.0	9975.0
280	3375.0	0.0	0.0	7878.0
290	2995.6666666666665	0.0	0.0	8881.0
300	3324.5	0.0	0.0	10332.0
310	3232.8333333333335	0.0	0.0	9820.0
320	3126.8333333333335	0.0	0.0	12010.0
330	3067.1666666666665	0.0	0.0	7340.0
340	3114.8333333333335	0.0	0.0	8347.0
350	3586.6666666666665	0.0	0.0	10701.0
360	3322.0	0.0	0.0	12558.0
370	3599.0	0.0	0.0	13185.0
380	3616.8333333333335	0.0	0.0	10244.0
390	3912.1666666666665	0.0	0.0	11393.0
400	3612.3333333333335	0.0	0.0	8493.0
410	3932.1666666666665	0.0	0.0	8302.0
420	3510.8333333333335	0.0	0.0	9953.0
430	3794.5	0.0	0.0	14965.0
440	2992.5	0.0	0.0	8917.0
450	3283.1666666666665	0.0	0.0	10443.0
460	3299.3333333333335	0.0	0.0	13072.0
470	3500.1666666666665	0.0	0.0	10830.0
480	3714.3333333333335	0.0	0.0	10064.0
490	3260.5	0.0	0.0	11118.0
500	3566.6666666666665	0.0	0.0	14768.0
510	3546.5	0.0	0.0	9845.0
520	3876.6666666666665	0.0	0.0	10478.0
530	3634.5	0.0	0.0	11666.0
540	3021.8333333333335	0.0	0.0	10529.0
550	3761.3333333333335	0.0	0.0	11687.0
560	3400.3333333333335	0.0	0.0	11370.0
570	3816.1666666666665	0.0	0.0	8811.0
580	3032.6666666666665	0.0	0.0	11730.0
590	3468.0	0.0	0.0	9325.0
600	3995.5	0.0	0.0	11269.0
610	3745.1666666666665	0.0	0.0	11246.0
620	3420.6666666666665	0.0	0.0	10848.0
630	3791.5	0.0	0.0	9561.0
640	3535.1666666666665	0.0	0.0	9975.0
650	3981.3333333333335	0.0	0.0	12056.0
660	3457.1666666666665	0.0	0.0	9800.0
670	3745.0	0.0	0.0	9993.0
680	3842.0	0.0	0.0	9352.0
690	3919.3333333333335	0.0	0.0	10402.0
700	3572.1666666666665	0.0	0.0	10383.0
710	3760.5	0.0	0.0	12667.0
720	3859.8333333333335	0.0	0.0	12632.0
730	3710.6666666666665	0.0	0.0	8077.0
740	3907.0	0.0	0.0	9319.0
750	4039.0	0.0	0.0	8433.0
760	3764.0	0.0	0.0	10101.0
770	3117.5	0.0	0.0	11130.0
780	4032.3333333333335	0.0	0.0	11760.0
790	3604.3333333333335	0.0	0.0	11479.0
800	3653.1666666666665	0.0	0.0	11196.0
