0	2364.1666666666665	0.0	0.0	0.0
10	2323.8333333333335	8.0	451.0	5456.0
20	2207.6666666666665	106.0	2369.0	11480.0
30	2362.3333333333335	59.0	1511.0	9132.0
40	2368.8333333333335	5.0	1921.0	7746.0
50	2420.0	27.0	1504.0	7977.0
60	2047.0	95.0	1911.0	9126.0
70	2157.1666666666665	117.0	1608.0	9067.0
80	2135.5	63.0	2358.0	8841.0
90	2382.3333333333335	16.0	1222.0	7144.0
100	2424.3333333333335	118.0	3095.0	10821.0
110	2042.3333333333333	91.0	2579.0	10503.0
120	2464.8333333333335	48.0	2253.0	9329.0
130	2383.8333333333335	72.0	2913.0	12777.0
140	2338.5	11.0	1096.0	5180.0
150	2675.8333333333335	52.0	2297.0	8972.0
160	2321.6666666666665	53.0	1847.0	9751.0
170	3035.8333333333335	23.0	1937.0	9150.0
180	2456.3333333333335	36.0	1311.0	9609.0
190	3330.8333333333335	0.0	0.0	10046.0
200	2924.1666666666665	0.0	0.0	9859.0
210	2747.8333333333335	0.0	0.0	12280.0
220	3513.6666666666665	0.0	0.0	8480.0
230	3502.0	0.0	0.0	11168.0
240	3125.3333333333335	0.0	0.0	9800.0
250	3158.8333333333335	0.0	0.0	8342.0
260	3054.3333333333335	0.0	0.0	10509.0
270	3503.8333333333335	0.0	0.0	10800.0
280	3399.1666666666665	0.0	0.0	8581.0
290	3140.1666666666665	0.0	0.0	9476.0
300	3708.5	0.0	0.0	7066.0
310	3140.6666666666665	0.0	0.0	10739.0
320	3360.5	0.0	0.0	9008.0
330	3534.6666666666665	0.0	0.0	12613.0
340	3449.6666666666665	0.0	0.0	11966.0
350	3166.5	0.0	0.0	9529.0
360	3415.8333333333335	0.0	0.0	9013.0
370	3591.5	0.0	0.0	13467.0
380	3159.1666666666665	0.0	0.0	10751.0
390	3396.8333333333335	0.0	0.0	8254.0
400	3654.3333333333335	0.0	0.0	9995.0
410	3342.3333333333335	0.0	0.0	9488.0
420	3727.1666666666665	0.0	0.0	11358.0
430	3717.6666666666665	0.0	0.0	11694.0
440	3091.3333333333335	0.0	0.0	11667.0
450	3849.6666666666665	0.0	0.0	10536.0
460	3526.0	0.0	0.0	8692.0
470	3427.1666666666665	0.0	0.0	11854.0
480	3906.3333333333335	0.0	0.0	12946.0
490	3823.6666666666665	0.0	0.0	10467.0
500	3691.0	0.0	0.0	11023.0
510	3633.3333333333335	0.0	0.0	11306.0
520	3730.1666666666665	0.0	0.0	12103.0
530	3692.1666666666665	0.0	0.0	11680.0
540	3646.1666666666665	0.0	0.0	9775.0
550	3612.6666666666665	0.0	0.0	9196.0
560	3606.6666666666665	0.0	0.0	10649.0
570	3874.6666666666665	0.0	0.0	8570.0
580	3891.5	0.0	0.0	12615.0
590	3864.6666666666665	0.0	0.0	10349.0
600	3584.6666666666665	0.0	0.0	8563.0
610	3809.1666666666665	0.0	0.0	6699.0
620	4111.5	0.0	0.0	10715.0
630	3704.6666666666665	0.0	0.0	8175.0
640	3669.1666666666665	0.0	0.0	9749.0
650	3714.3333333333335	0.0	0.0	12380.0
660	3601.3333333333335	0.0	0.0	10486.0
670	3359.6666666666665	0.0	0.0	8708.0
680	3875.1666666666665	0.0	0.0	10476.0
690	3710.6666666666665	0.0	0.0	11330.0
700	3712.0	0.0	0.0	9615.0
710	3604.8333333333335	0.0	0.0	11691.0
720	3833.6666666666665	0.0	0.0	9524.0
730	3443.8333333333335	0.0	0.0	9558.0
740	3757.5	0.0	0.0	9784.0
750	3707.5	0.0	0.0	10168.0
760	3785.8333333333335	0.0	0.0	10225.0
770	3490.0	0.0	0.0	9828.0
780	3958.5	0.0	0.0	8533.0
790	3781.3333333333335	0.0	0.0	10713.0
800	3839.3333333333335	0.0	0.0	10003.0
