0	2204.3333333333335	0.0	0.0	0.0
10	2298.3333333333335	91.0	1282.0	8012.0
20	2160.0	61.0	2621.0	10979.0
30	2457.5	90.0	3733.0	11020.0
40	2393.8333333333335	39.0	1170.0	8159.0
50	2532.5	7.0	1423.0	6190.0
60	2493.1666666666665	66.0	2450.0	10843.0
70	2727.8333333333335	127.0	3599.0	11130.0
80	2395.3333333333335	101.0	3545.0	12237.0
90	1902.5	35.0	2350.0	8652.0
100	2070.3333333333335	92.0	1616.0	7305.0
110	2180.3333333333335	41.0	1653.0	7321.0
120	2308.8333333333335	30.0	1301.0	6402.0
130	2262.8333333333335	61.0	1668.0	6374.0
140	2658.6666666666665	39.0	2491.0	10536.0
150	2623.1666666666665	120.0	2305.0	10413.0
160	2794.3333333333335	0.0	0.0	11833.0
170	2683.1666666666665	0.0	0.0	8155.0
180	2253.5	0.0	0.0	8266.0
190	2298.3333333333335	0.0	0.0	8003.0
200	2470.8333333333335	0.0	0.0	10607.0
210	2527.1666666666665	0.0	0.0	7581.0
220	2722.8333333333335	0.0	0.0	13117.0
230	2728.1666666666665	0.0	0.0	7879.0
240	2576.5	0.0	0.0	7339.0
250	3016.1666666666665	0.0	0.0	9334.0
260	3139.5	0.0	0.0	11146.0
270	2514.8333333333335	0.0	0.0	10620.0
280	3222.8333333333335	0.0	0.0	7643.0
290	3314.0	0.0	0.0	10075.0
300	3265.6666666666665	0.0	0.0	9537.0
310	3163.6666666666665	0.0	0.0	8623.0
320	3453.8333333333335	0.0	0.0	14422.0
330	2947.3333333333335	0.0	0.0	8223.0
340	3667.0	0.0	0.0	9134.0
350	3338.8333333333335	0.0	0.0	6660.0
360	3281.6666666666665	0.0	0.0	14704.0
370	3043.1666666666665	0.0	0.0	8899.0
380	3371.0	0.0	0.0	11542.0
390	3675.8333333333335	0.0	0.0	11800.0
400	3455.0	0.0	0.0	12162.0
410	3225.0	0.0	0.0	10570.0
420	3391.1666666666665	0.0	0.0	10064.0
430	4030.8333333333335	0.0	0.0	10873.0
440	3748.3333333333335	0.0	0.0	7551.0
450	3364.1666666666665	0.0	0.0	11663.0
460	4111.166666666667	0.0	0.0	8763.0
470	3651.0	0.0	0.0	11673.0
480	2795.8333333333335	0.0	0.0	13369.0
490	3402.8333333333335	0.0	0.0	12140.0
500	3232.3333333333335	0.0	0.0	10585.0
510	3425.0	0.0	0.0	11144.0
520	3061.6666666666665	0.0	0.0	9100.0
530	3678.0	0.0	0.0	10401.0
540	3306.3333333333335	0.0	0.0	11040.0
550	3747.1666666666665	0.0	0.0	10232.0
560	3228.1666666666665	0.0	0.0	11759.0
570	3311.1666666666665	0.0	0.0	9885.0
580	4141.666666666667	0.0	0.0	11903.0
590	3570.6666666666665	0.0	0.0	7302.0
600	3679.8333333333335	0.0	0.0	11051.0
610	3825.5	0.0	0.0	12433.0
620	3891.6666666666665	0.0	0.0	11619.0
630	3787.0	0.0	0.0	10117.0
640	3459.1666666666665	0.0	0.0	9729.0
650	3778.8333333333335	0.0	0.0	10805.0
660	3669.5	0.0	0.0	11419.0
670	3463.1666666666665	0.0	0.0	9142.0
680	3850.3333333333335	0.0	0.0	10134.0
690	3003.3333333333335	0.0	0.0	12591.0
700	3700.8333333333335	0.0	0.0	8165.0
710	3838.0	0.0	0.0	10909.0
720	3198.6666666666665	0.0	0.0	11920.0
730	3348.1666666666665	0.0	0.0	12059.0
740	3857.1666666666665	0.0	0.0	11548.0
750	4219.0	0.0	0.0	10084.0
760	3171.6666666666665	0.0	0.0	5620.0
770	3849.3333333333335	0.0	0.0	8106.0
780	3951.6666666666665	0.0	0.0	10917.0
790	3441.3333333333335	0.0	0.0	7951.0
800	3782.8333333333335	0.0	0.0	10074.0
