0	1587.0	0.0	0.0	0.0
10	1561.6666666666667	205.0	3438.0	7168.0
20	2144.1666666666665	475.0	5841.0	12652.0
30	2053.5	320.0	6433.0	13068.0
40	1546.0	0.0	0.0	6612.0
50	2313.3333333333335	0.0	0.0	8948.0
60	2130.6666666666665	0.0	0.0	5945.0
70	2192.1666666666665	0.0	0.0	6048.0
80	2476.5	0.0	0.0	6793.0
90	2394.5	0.0	0.0	9049.0
100	2406.3333333333335	0.0	0.0	7735.0
110	2171.0	0.0	0.0	7500.0
120	2240.3333333333335	0.0	0.0	9168.0
130	2245.6666666666665	0.0	0.0	6877.0
140	2225.0	0.0	0.0	7405.0
150	1870.6666666666667	0.0	0.0	6981.0
160	2106.0	0.0	0.0	8148.0
170	2294.5	0.0	0.0	6983.0
180	2615.1666666666665	0.0	0.0	8395.0
190	2247.0	0.0	0.0	9606.0
200	2272.1666666666665	0.0	0.0	6767.0
210	2358.1666666666665	0.0	0.0	6142.0
220	2392.6666666666665	0.0	0.0	5294.0
230	2365.5	0.0	0.0	9228.0
240	2599.0	0.0	0.0	8731.0
250	2555.1666666666665	0.0	0.0	7077.0
260	2461.3333333333335	0.0	0.0	8794.0
270	2221.6666666666665	0.0	0.0	7059.0
280	2383.0	0.0	0.0	8988.0
290	2594.1666666666665	0.0	0.0	10835.0
300	2626.6666666666665	0.0	0.0	6549.0
310	2061.1666666666665	0.0	0.0	7714.0
320	2878.8333333333335	0.0	0.0	10676.0
330	2837.6666666666665	0.0	0.0	6687.0
340	2579.8333333333335	0.0	0.0	9123.0
350	2732.3333333333335	0.0	0.0	7878.0
360	2805.1666666666665	0.0	0.0	9183.0
370	3304.6666666666665	0.0	0.0	8425.0
380	2696.6666666666665	0.0	0.0	8769.0
390	3040.5	0.0	0.0	9895.0
400	2756.0	0.0	0.0	9131.0
410	2542.0	0.0	0.0	7452.0
420	2977.6666666666665	0.0	0.0	6991.0
430	2928.0	0.0	0.0	8950.0
440	2923.3333333333335	0.0	0.0	8768.0
450	3132.3333333333335	0.0	0.0	11374.0
460	3283.3333333333335	0.0	0.0	7590.0
470	3674.5	0.0	0.0	11799.0
480	3211.0	0.0	0.0	11519.0
490	3396.8333333333335	0.0	0.0	8230.0
500	3415.0	0.0	0.0	10604.0
510	3769.5	0.0	0.0	7987.0
520	3483.3333333333335	0.0	0.0	11675.0
530	3738.6666666666665	0.0	0.0	13242.0
540	3575.0	0.0	0.0	9946.0
550	3384.5	0.0	0.0	10418.0
560	3912.6666666666665	0.0	0.0	10359.0
570	3388.8333333333335	0.0	0.0	11299.0
580	3058.8333333333335	0.0	0.0	10630.0
590	3694.5	0.0	0.0	11944.0
600	3532.0	0.0	0.0	13402.0
610	3757.8333333333335	0.0	0.0	9251.0
620	3613.1666666666665	0.0	0.0	7275.0
630	3568.6666666666665	0.0	0.0	9276.0
640	3558.1666666666665	0.0	0.0	9882.0
650	3439.1666666666665	0.0	0.0	11587.0
660	3376.1666666666665	0.0	0.0	8048.0
670	4086.5	0.0	0.0	11817.0
680	3948.3333333333335	0.0	0.0	8530.0
690	3695.8333333333335	0.0	0.0	9233.0
700	3697.0	0.0	0.0	9281.0
710	3378.0	0.0	0.0	12042.0
720	3634.0	0.0	0.0	10887.0
730	4033.1666666666665	0.0	0.0	10160.0
740	3635.3333333333335	0.0	0.0	9556.0
750	4081.3333333333335	0.0	0.0	9446.0
760	3844.1666666666665	0.0	0.0	11066.0
770	3495.3333333333335	0.0	0.0	11304.0
780	3814.8333333333335	0.0	0.0	8424.0
790	3557.3333333333335	0.0	0.0	10282.0
800	3876.6666666666665	0.0	0.0	11752.0
810	3676.0	0.0	0.0	8309.0
820	3141.0	0.0	0.0	12967.0
830	3522.8333333333335	0.0	0.0	11138.0
840	3610.6666666666665	0.0	0.0	11814.0
850	3809.1666666666665	0.0	0.0	13548.0
860	3421.8333333333335	0.0	0.0	11201.0
870	3601.8333333333335	0.0	0.0	9113.0
880	3871.5	0.0	0.0	7677.0
890	3381.6666666666665	0.0	0.0	10720.0
900	4015.3333333333335	0.0	0.0	11023.0
910	3987.3333333333335	0.0	0.0	9926.0
920	3680.3333333333335	0.0	0.0	13222.0
930	3637.8333333333335	0.0	0.0	10036.0
940	4132.666666666667	0.0	0.0	11906.0
950	3635.8333333333335	0.0	0.0	9612.0
960	3755.1666666666665	0.0	0.0	11716.0
970	3802.8333333333335	0.0	0.0	12877.0
980	3679.1666666666665	0.0	0.0	11017.0
990	3508.8333333333335	0.0	0.0	11165.0
1000	3673.8333333333335	0.0	0.0	10605.0
