0	1500.3333333333333	0.0	0.0	0.0
10	2026.6666666666667	350.0	5760.0	12383.0
20	1906.6666666666667	240.0	4706.0	10066.0
30	2205.0	331.0	4886.0	10210.0
40	1937.3333333333333	79.0	1437.0	7878.0
50	1954.6666666666667	0.0	0.0	6300.0
60	2243.8333333333335	0.0	0.0	13527.0
70	2405.8333333333335	0.0	0.0	7697.0
80	2493.3333333333335	0.0	0.0	10053.0
90	2715.3333333333335	0.0	0.0	8266.0
100	2640.3333333333335	0.0	0.0	10765.0
110	2561.1666666666665	0.0	0.0	6346.0
120	2560.8333333333335	0.0	0.0	7065.0
130	2615.6666666666665	0.0	0.0	5904.0
140	2429.5	0.0	0.0	7295.0
150	2264.8333333333335	0.0	0.0	7240.0
160	2175.8333333333335	0.0	0.0	9455.0
170	2435.6666666666665	0.0	0.0	9392.0
180	2433.0	0.0	0.0	8710.0
190	2130.5	0.0	0.0	6974.0
200	2272.5	0.0	0.0	6845.0
210	2335.0	0.0	0.0	6735.0
220	2276.0	0.0	0.0	7866.0
230	2492.0	0.0	0.0	6800.0
240	2322.1666666666665	0.0	0.0	7290.0
250	2304.5	0.0	0.0	9450.0
260	2374.3333333333335	0.0	0.0	6141.0
270	2313.8333333333335	0.0	0.0	10800.0
280	2631.8333333333335	0.0	0.0	10923.0
290	2410.8333333333335	0.0	0.0	11201.0
300	2660.5	0.0	0.0	8014.0
310	2528.1666666666665	0.0	0.0	9758.0
320	2634.1666666666665	0.0	0.0	6824.0
330	1823.3333333333333	0.0	0.0	9758.0
340	2750.1666666666665	0.0	0.0	7006.0
350	2341.6666666666665	0.0	0.0	8216.0
360	2758.6666666666665	0.0	0.0	8305.0
370	3008.3333333333335	0.0	0.0	5582.0
380	2670.8333333333335	0.0	0.0	6758.0
390	2248.5	0.0	0.0	6647.0
400	3106.0	0.0	0.0	6389.0
410	2831.3333333333335	0.0	0.0	9499.0
420	2837.1666666666665	0.0	0.0	11566.0
430	2859.1666666666665	0.0	0.0	9614.0
440	3148.0	0.0	0.0	8172.0
450	2807.8333333333335	0.0	0.0	9723.0
460	2855.3333333333335	0.0	0.0	11673.0
470	2885.5	0.0	0.0	8064.0
480	2984.1666666666665	0.0	0.0	10976.0
490	3103.3333333333335	0.0	0.0	7820.0
500	2911.3333333333335	0.0	0.0	10520.0
510	3328.8333333333335	0.0	0.0	11529.0
520	3228.5	0.0	0.0	7994.0
530	2857.6666666666665	0.0	0.0	8718.0
540	2929.3333333333335	0.0	0.0	10967.0
550	3009.1666666666665	0.0	0.0	12916.0
560	3643.1666666666665	0.0	0.0	9792.0
570	3320.6666666666665	0.0	0.0	7400.0
580	3376.3333333333335	0.0	0.0	6365.0
590	3595.8333333333335	0.0	0.0	7782.0
600	3106.0	0.0	0.0	10408.0
610	3596.3333333333335	0.0	0.0	14450.0
620	3650.8333333333335	0.0	0.0	6345.0
630	3278.8333333333335	0.0	0.0	9996.0
640	3095.5	0.0	0.0	9279.0
650	3795.1666666666665	0.0	0.0	13297.0
660	2976.3333333333335	0.0	0.0	9801.0
670	3519.0	0.0	0.0	10875.0
680	3531.3333333333335	0.0	0.0	14362.0
690	3452.0	0.0	0.0	8791.0
700	2870.1666666666665	0.0	0.0	8615.0
710	3180.8333333333335	0.0	0.0	10295.0
720	3561.8333333333335	0.0	0.0	11041.0
730	3734.1666666666665	0.0	0.0	12728.0
740	3466.5	0.0	0.0	9086.0
750	3863.1666666666665	0.0	0.0	8177.0
760	3499.0	0.0	0.0	12248.0
770	3843.0	0.0	0.0	11084.0
780	3819.3333333333335	0.0	0.0	9054.0
790	3325.5	0.0	0.0	9975.0
800	3133.1666666666665	0.0	0.0	8983.0
810	3976.0	0.0	0.0	10274.0
820	3845.0	0.0	0.0	8154.0
830	3604.1666666666665	0.0	0.0	10549.0
840	3696.5	0.0	0.0	8083.0
850	3668.0	0.0	0.0	8957.0
860	3802.6666666666665	0.0	0.0	9483.0
870	3724.0	0.0	0.0	9687.0
880	3794.5	0.0	0.0	10468.0
890	3921.3333333333335	0.0	0.0	10598.0
900	3516.8333333333335	0.0	0.0	10696.0
910	3867.0	0.0	0.0	12050.0
920	3696.0	0.0	0.0	9958.0
930	3606.6666666666665	0.0	0.0	10882.0
940	3852.0	0.0	0.0	10622.0
950	3745.1666666666665	0.0	0.0	10580.0
960	3731.6666666666665	0.0	0.0	10076.0
970	3742.1666666666665	0.0	0.0	11541.0
980	3659.8333333333335	0.0	0.0	7947.0
990	3866.6666666666665	0.0	0.0	12937.0
1000	3735.8333333333335	0.0	0.0	8123.0
