0	1690.6666666666667	0.0	0.0	0.0
10	2086.3333333333335	352.0	5083.0	10614.0
20	2053.6666666666665	337.0	4917.0	10588.0
30	2191.1666666666665	276.0	5330.0	10564.0
40	2259.6666666666665	35.0	525.0	7939.0
50	2018.8333333333333	0.0	0.0	6922.0
60	2243.0	0.0	0.0	7332.0
70	2342.1666666666665	0.0	0.0	5436.0
80	2083.3333333333335	0.0	0.0	8254.0
90	2471.5	0.0	0.0	10110.0
100	2293.5	0.0	0.0	5800.0
110	2128.6666666666665	0.0	0.0	4718.0
120	2622.6666666666665	0.0	0.0	10638.0
130	2546.6666666666665	0.0	0.0	9999.0
140	2392.0	0.0	0.0	10197.0
150	2502.3333333333335	0.0	0.0	9768.0
160	2670.0	0.0	0.0	7441.0
170	2398.0	0.0	0.0	5703.0
180	2327.3333333333335	0.0	0.0	5615.0
190	2515.6666666666665	0.0	0.0	8726.0
200	2330.1666666666665	0.0	0.0	8377.0
210	2409.5	0.0	0.0	8390.0
220	2568.1666666666665	0.0	0.0	6130.0
230	2500.6666666666665	0.0	0.0	10285.0
240	2868.8333333333335	0.0	0.0	10962.0
250	2576.3333333333335	0.0	0.0	6137.0
260	2345.0	0.0	0.0	10171.0
270	2537.6666666666665	0.0	0.0	8725.0
280	2367.0	0.0	0.0	7785.0
290	3036.8333333333335	0.0	0.0	10594.0
300	2448.3333333333335	0.0	0.0	10079.0
310	2860.0	0.0	0.0	11235.0
320	2937.0	0.0	0.0	6405.0
330	2957.6666666666665	0.0	0.0	7914.0
340	2465.0	0.0	0.0	8741.0
350	3092.1666666666665	0.0	0.0	11225.0
360	3254.6666666666665	0.0	0.0	10150.0
370	2925.3333333333335	0.0	0.0	6922.0
380	2958.1666666666665	0.0	0.0	13110.0
390	3171.5	0.0	0.0	7878.0
400	3071.8333333333335	0.0	0.0	8648.0
410	3564.5	0.0	0.0	7070.0
420	3030.3333333333335	0.0	0.0	12406.0
430	3566.5	0.0	0.0	7905.0
440	3457.3333333333335	0.0	0.0	13575.0
450	3294.1666666666665	0.0	0.0	8803.0
460	3355.3333333333335	0.0	0.0	11830.0
470	3336.3333333333335	0.0	0.0	8769.0
480	2574.8333333333335	0.0	0.0	10492.0
490	3435.8333333333335	0.0	0.0	10576.0
500	3254.0	0.0	0.0	13569.0
510	3635.8333333333335	0.0	0.0	8381.0
520	3536.5	0.0	0.0	9592.0
530	3413.0	0.0	0.0	10008.0
540	3408.3333333333335	0.0	0.0	8530.0
550	3452.3333333333335	0.0	0.0	11188.0
560	3538.3333333333335	0.0	0.0	7235.0
570	3935.8333333333335	0.0	0.0	10204.0
580	2870.5	0.0	0.0	8719.0
590	4085.8333333333335	0.0	0.0	10114.0
600	3421.8333333333335	0.0	0.0	8211.0
610	3856.6666666666665	0.0	0.0	13454.0
620	3720.0	0.0	0.0	9519.0
630	3733.6666666666665	0.0	0.0	10367.0
640	3539.0	0.0	0.0	9663.0
650	3222.1666666666665	0.0	0.0	9325.0
660	3291.1666666666665	0.0	0.0	7298.0
670	3550.1666666666665	0.0	0.0	10143.0
680	3111.5	0.0	0.0	11790.0
690	3249.6666666666665	0.0	0.0	7142.0
700	3749.1666666666665	0.0	0.0	9769.0
710	3609.3333333333335	0.0	0.0	11881.0
720	3697.1666666666665	0.0	0.0	10742.0
730	2961.3333333333335	0.0	0.0	9219.0
740	3762.3333333333335	0.0	0.0	11267.0
750	3462.6666666666665	0.0	0.0	10433.0
760	3850.1666666666665	0.0	0.0	8702.0
770	3757.1666666666665	0.0	0.0	9487.0
780	4146.5	0.0	0.0	9524.0
790	3535.5	0.0	0.0	10922.0
800	3902.5	0.0	0.0	10549.0
810	3683.5	0.0	0.0	7882.0
820	3822.5	0.0	0.0	10371.0
830	3868.5	0.0	0.0	13612.0
840	3803.6666666666665	0.0	0.0	10389.0
850	3897.1666666666665	0.0	0.0	9146.0
860	4002.1666666666665	0.0	0.0	11490.0
870	3925.3333333333335	0.0	0.0	11232.0
880	3822.5	0.0	0.0	11575.0
890	3646.1666666666665	0.0	0.0	10189.0
900	3658.6666666666665	0.0	0.0	10991.0
910	4178.666666666667	0.0	0.0	9428.0
920	3442.3333333333335	0.0	0.0	10523.0
930	3483.3333333333335	0.0	0.0	8584.0
940	3542.8333333333335	0.0	0.0	10454.0
950	3922.1666666666665	0.0	0.0	11528.0
960	3800.6666666666665	0.0	0.0	8540.0
970	3902.6666666666665	0.0	0.0	10624.0
980	3486.1666666666665	0.0	0.0	11456.0
990	3421.6666666666665	0.0	0.0	8763.0
1000	3680.6666666666665	0.0	0.0	9178.0
