0	235.33333333333334	0.0	0.0
10	2159.3333333333335	0.0	7275.0
20	2081.3333333333335	125.0	5311.0
30	2202.6666666666665	746.0	14102.0
40	1995.0	471.0	8045.0
50	2146.3333333333335	656.0	10998.0
60	2021.6666666666667	787.0	13499.0
70	2175.5	601.0	11971.0
80	2049.1666666666665	614.0	10197.0
90	2457.0	659.0	13402.0
100	2974.0	633.0	10522.0
110	3047.5	554.0	12115.0
120	2826.5	575.0	14967.0
130	2858.8333333333335	471.0	13470.0
140	3130.3333333333335	417.0	12738.0
150	3001.8333333333335	331.0	11726.0
160	3405.6666666666665	225.0	9954.0
170	3249.0	259.0	10687.0
180	3175.1666666666665	385.0	13987.0
190	3270.8333333333335	268.0	14122.0
200	3087.8333333333335	407.0	16511.0
210	3683.5	425.0	15676.0
220	3471.1666666666665	403.0	16753.0
230	3325.1666666666665	395.0	13101.0
240	3829.6666666666665	309.0	13283.0
250	3778.3333333333335	425.0	16033.0
260	3613.5	357.0	16906.0
270	3512.0	315.0	14567.0
280	3785.8333333333335	259.0	13378.0
290	3913.3333333333335	311.0	15312.0
300	3766.3333333333335	228.0	9705.0
310	3516.6666666666665	216.0	12333.0
320	3840.5	281.0	15409.0
330	3708.0	321.0	14809.0
340	3732.1666666666665	285.0	17571.0
350	3705.8333333333335	231.0	15597.0
360	3813.1666666666665	230.0	12276.0
370	3635.5	270.0	13485.0
380	3769.3333333333335	237.0	14565.0
390	3546.5	316.0	16063.0
400	3701.1666666666665	284.0	15626.0
410	3927.8333333333335	228.0	13854.0
420	3788.8333333333335	321.0	15749.0
430	3646.8333333333335	269.0	16149.0
440	3845.1666666666665	244.0	14774.0
450	3652.3333333333335	221.0	12020.0
460	3799.6666666666665	293.0	14383.0
470	3466.8333333333335	258.0	15579.0
480	3470.3333333333335	328.0	16115.0
490	3753.0	338.0	16143.0
500	3522.0	306.0	14749.0
510	3843.8333333333335	308.0	16200.0
520	3537.1666666666665	279.0	15221.0
530	3700.1666666666665	279.0	14891.0
540	3635.5	271.0	12885.0
550	3668.8333333333335	226.0	11850.0
560	3654.5	211.0	11782.0
570	3605.8333333333335	215.0	11972.0
580	3793.3333333333335	255.0	14231.0
590	3654.3333333333335	275.0	13721.0
600	3775.5	242.0	13072.0
610	4083.1666666666665	293.0	16257.0
620	4014.6666666666665	216.0	12617.0
630	3456.6666666666665	267.0	14488.0
640	3816.3333333333335	216.0	11928.0
650	3510.3333333333335	239.0	13427.0
660	3817.3333333333335	223.0	12060.0
670	3828.6666666666665	276.0	14811.0
680	3786.5	227.0	12798.0
690	3424.5	249.0	13932.0
700	3480.0	305.0	17037.0
710	3622.6666666666665	237.0	13388.0
720	3994.1666666666665	301.0	14680.0
730	3810.6666666666665	248.0	13372.0
740	3937.3333333333335	218.0	11994.0
750	3680.8333333333335	238.0	12830.0
760	3756.5	279.0	14976.0
770	3647.5	232.0	11340.0
780	3419.0	288.0	12464.0
790	3761.0	361.0	13322.0
800	3612.3333333333335	393.0	15209.0
810	3574.0	242.0	14129.0
820	3742.8333333333335	260.0	14987.0
830	3757.8333333333335	187.0	12009.0
840	3644.0	295.0	15526.0
850	3841.5	268.0	15278.0
860	3922.8333333333335	252.0	13753.0
870	3471.0	267.0	16032.0
880	3502.1666666666665	284.0	14237.0
890	3668.5	312.0	14687.0
900	3662.8333333333335	378.0	16254.0
910	3891.1666666666665	313.0	15152.0
920	3686.0	273.0	15641.0
930	3638.0	262.0	13312.0
940	3786.3333333333335	318.0	14774.0
950	3509.1666666666665	240.0	13981.0
960	3693.5	325.0	13681.0
970	3595.6666666666665	291.0	13792.0
980	3739.6666666666665	295.0	15315.0
990	3314.0	275.0	13608.0
1000	3451.1666666666665	329.0	16018.0
