0	278.6666666666667	0.0	0.0
10	1984.3333333333333	3.0	6950.0
20	1672.3333333333333	466.0	11833.0
30	2109.6666666666665	515.0	9330.0
40	2232.8333333333335	832.0	13843.0
50	2119.3333333333335	718.0	9403.0
60	2262.0	583.0	11177.0
70	2257.6666666666665	878.0	14114.0
80	2669.8333333333335	590.0	11442.0
90	2477.3333333333335	633.0	9943.0
100	2738.3333333333335	599.0	11430.0
110	2954.1666666666665	676.0	12871.0
120	2547.0	410.0	9476.0
130	2947.1666666666665	591.0	11228.0
140	2787.0	345.0	9630.0
150	2468.6666666666665	605.0	13022.0
160	3179.3333333333335	332.0	9434.0
170	3033.6666666666665	496.0	11688.0
180	3323.6666666666665	448.0	11776.0
190	3391.3333333333335	434.0	11853.0
200	3302.6666666666665	386.0	10159.0
210	3651.5	511.0	17084.0
220	3471.6666666666665	341.0	12370.0
230	3307.5	360.0	14263.0
240	3446.6666666666665	298.0	10729.0
250	3670.5	363.0	15336.0
260	3264.3333333333335	354.0	13692.0
270	3596.6666666666665	312.0	14278.0
280	3610.8333333333335	343.0	13900.0
290	3661.1666666666665	389.0	18359.0
300	3644.6666666666665	276.0	12660.0
310	3560.3333333333335	294.0	13263.0
320	3569.0	282.0	13973.0
330	3842.6666666666665	333.0	12759.0
340	3437.8333333333335	306.0	15177.0
350	3446.6666666666665	267.0	13581.0
360	3779.0	345.0	13824.0
370	3652.0	327.0	14673.0
380	3520.8333333333335	220.0	11606.0
390	3487.0	405.0	13157.0
400	3591.8333333333335	411.0	15463.0
410	3384.3333333333335	387.0	16868.0
420	3593.8333333333335	350.0	14974.0
430	3694.6666666666665	326.0	16447.0
440	4064.6666666666665	224.0	12032.0
450	3239.1666666666665	216.0	13758.0
460	3534.6666666666665	256.0	16586.0
470	3979.0	311.0	14568.0
480	3957.6666666666665	329.0	14207.0
490	3979.8333333333335	202.0	9675.0
500	3798.8333333333335	331.0	14919.0
510	3987.0	280.0	13541.0
520	3919.0	444.0	17748.0
530	3696.8333333333335	249.0	15881.0
540	3864.5	254.0	14806.0
550	4036.3333333333335	280.0	14805.0
560	3579.6666666666665	216.0	10212.0
570	3742.1666666666665	299.0	13001.0
580	3797.3333333333335	251.0	14290.0
590	3480.6666666666665	279.0	14086.0
600	3823.0	257.0	13167.0
610	3587.6666666666665	294.0	12399.0
620	3734.8333333333335	356.0	15296.0
630	3753.0	396.0	15938.0
640	3958.5	352.0	15079.0
650	3467.0	346.0	14509.0
660	3641.1666666666665	317.0	14632.0
670	3711.0	305.0	14553.0
680	3945.1666666666665	313.0	14924.0
690	3802.6666666666665	343.0	16464.0
700	3235.1666666666665	205.0	9151.0
710	3738.3333333333335	328.0	13470.0
720	3652.1666666666665	358.0	14381.0
730	3737.1666666666665	306.0	15828.0
740	3678.1666666666665	354.0	15613.0
750	3765.3333333333335	341.0	15121.0
760	3505.5	320.0	14567.0
770	3912.6666666666665	294.0	14113.0
780	3381.5	381.0	15573.0
790	3866.0	301.0	13178.0
800	3427.6666666666665	286.0	14206.0
810	3642.5	226.0	13052.0
820	3798.8333333333335	257.0	12545.0
830	3365.1666666666665	306.0	16687.0
840	3488.8333333333335	275.0	14439.0
850	3831.8333333333335	278.0	13674.0
860	3573.0	306.0	13320.0
870	3980.8333333333335	369.0	15612.0
880	3885.8333333333335	297.0	14732.0
890	3793.3333333333335	317.0	13210.0
900	3509.3333333333335	313.0	13363.0
910	4070.0	331.0	16107.0
920	3528.1666666666665	321.0	15408.0
930	3748.8333333333335	262.0	13297.0
940	3836.6666666666665	280.0	12952.0
950	3736.1666666666665	306.0	14361.0
960	3415.6666666666665	294.0	13015.0
970	3866.0	292.0	14074.0
980	3563.0	266.0	13530.0
990	3832.8333333333335	239.0	10432.0
1000	3838.6666666666665	384.0	16715.0
