0	245.66666666666666	0.0	0.0
10	1834.0	60.0	11006.0
20	1691.0	36.0	8656.0
30	1998.6666666666667	21.0	6673.0
40	2092.0	34.0	7992.0
50	2045.1666666666667	20.0	6361.0
60	1953.0	26.0	9343.0
70	2236.3333333333335	38.0	7915.0
80	2252.5	19.0	8197.0
90	2022.6666666666667	64.0	10884.0
100	2293.5	20.0	11449.0
110	2229.8333333333335	42.0	9918.0
120	2115.6666666666665	31.0	8539.0
130	2260.6666666666665	41.0	9189.0
140	2408.8333333333335	50.0	12728.0
150	2284.5	37.0	10437.0
160	2222.5	26.0	9978.0
170	2383.1666666666665	18.0	10596.0
180	2623.1666666666665	27.0	12896.0
190	2410.1666666666665	43.0	11057.0
200	2565.6666666666665	26.0	8897.0
210	2621.0	21.0	11391.0
220	2712.5	34.0	9188.0
230	2670.8333333333335	63.0	10134.0
240	2822.3333333333335	28.0	13053.0
250	2627.1666666666665	26.0	10589.0
260	2671.6666666666665	13.0	7713.0
270	2807.5	21.0	9239.0
280	2643.5	14.0	10478.0
290	2932.1666666666665	25.0	10582.0
300	2834.3333333333335	31.0	8076.0
310	2513.6666666666665	23.0	9082.0
320	2552.0	14.0	9760.0
330	2836.5	40.0	9095.0
340	2542.6666666666665	32.0	9389.0
350	2596.5	18.0	9533.0
360	2787.5	9.0	7614.0
370	2661.8333333333335	17.0	11854.0
380	2692.1666666666665	6.0	8396.0
390	2736.6666666666665	40.0	10424.0
400	2789.5	20.0	9568.0
410	2882.8333333333335	20.0	9093.0
420	2765.1666666666665	11.0	7748.0
430	2896.6666666666665	33.0	5791.0
440	2550.5	19.0	7414.0
450	2814.1666666666665	23.0	7539.0
460	2771.1666666666665	19.0	14928.0
470	2901.1666666666665	15.0	11899.0
480	2942.8333333333335	14.0	7822.0
490	2940.6666666666665	14.0	11800.0
500	3042.6666666666665	13.0	6314.0
510	3201.8333333333335	12.0	7861.0
520	2763.3333333333335	62.0	9286.0
530	2539.6666666666665	26.0	11626.0
540	2855.1666666666665	14.0	11887.0
550	2770.1666666666665	24.0	9646.0
560	3196.8333333333335	18.0	9545.0
570	3050.0	18.0	12068.0
580	2993.1666666666665	18.0	10187.0
590	2877.5	22.0	10523.0
600	3129.5	12.0	10534.0
610	3315.6666666666665	19.0	10583.0
620	2855.0	15.0	10371.0
630	3065.5	17.0	13149.0
640	2912.0	19.0	14635.0
650	3291.0	16.0	11482.0
660	2793.5	9.0	10169.0
670	2962.3333333333335	12.0	12656.0
680	3243.0	19.0	15205.0
690	3377.8333333333335	15.0	9717.0
700	3505.6666666666665	22.0	12244.0
710	2820.8333333333335	16.0	11191.0
720	3283.6666666666665	25.0	13914.0
730	3244.8333333333335	14.0	9403.0
740	3238.8333333333335	16.0	10721.0
750	2875.3333333333335	19.0	9874.0
760	2900.1666666666665	20.0	8722.0
770	2851.6666666666665	16.0	12310.0
780	3058.6666666666665	22.0	11349.0
790	3334.6666666666665	19.0	11547.0
800	3307.8333333333335	15.0	9936.0
810	3197.8333333333335	18.0	11540.0
820	3215.8333333333335	22.0	10743.0
830	3225.5	12.0	12043.0
840	3094.0	23.0	12438.0
850	3269.1666666666665	7.0	10185.0
860	2856.1666666666665	11.0	9190.0
870	3300.1666666666665	6.0	9732.0
880	3125.8333333333335	8.0	14203.0
890	3697.5	18.0	11497.0
900	3608.3333333333335	14.0	11776.0
910	3401.3333333333335	16.0	10601.0
920	3639.5	16.0	13228.0
930	3661.3333333333335	18.0	9992.0
940	3418.1666666666665	19.0	11182.0
950	3106.0	16.0	11429.0
960	3132.0	21.0	11978.0
970	3482.8333333333335	16.0	8914.0
980	3428.8333333333335	8.0	8757.0
990	3259.1666666666665	24.0	12781.0
1000	3434.5	10.0	7507.0
