0	2185.75	0.0	0.0	0.0
10	2410.25	1000.0	4550.0	11874.0
20	2018.5	0.0	0.0	7744.0
30	2496.0	0.0	0.0	8530.0
40	2677.5	0.0	0.0	8225.0
50	2562.75	0.0	0.0	9164.0
60	2979.0	0.0	0.0	9850.0
70	2453.75	0.0	0.0	12134.0
80	2764.25	0.0	0.0	9294.0
90	2789.75	0.0	0.0	10162.0
100	2716.5	0.0	0.0	8158.0
110	2507.75	0.0	0.0	8359.0
120	3147.5	0.0	0.0	6845.0
130	2541.5	0.0	0.0	6692.0
140	3011.25	0.0	0.0	8907.0
150	2562.0	0.0	0.0	7722.0
160	2733.0	0.0	0.0	9070.0
170	2224.25	0.0	0.0	7974.0
180	2559.0	0.0	0.0	6358.0
190	2473.0	0.0	0.0	10752.0
200	2626.0	0.0	0.0	8802.0
210	2748.75	0.0	0.0	9119.0
220	2366.5	0.0	0.0	9433.0
230	2634.75	0.0	0.0	9322.0
240	2649.25	0.0	0.0	9438.0
250	2307.75	0.0	0.0	5540.0
260	2997.5	0.0	0.0	9173.0
270	3031.0	0.0	0.0	7548.0
280	3415.0	0.0	0.0	9008.0
290	2939.25	0.0	0.0	10959.0
300	3071.25	0.0	0.0	12485.0
310	3537.25	0.0	0.0	11518.0
320	3068.75	0.0	0.0	8498.0
330	3507.5	0.0	0.0	11805.0
340	3086.0	0.0	0.0	10869.0
350	3281.75	0.0	0.0	12167.0
360	3869.0	0.0	0.0	11093.0
370	3376.25	0.0	0.0	10000.0
380	3524.25	0.0	0.0	11161.0
390	3070.0	0.0	0.0	11126.0
400	3287.25	0.0	0.0	9406.0
410	3159.5	0.0	0.0	10342.0
420	3752.75	0.0	0.0	11683.0
430	2971.5	0.0	0.0	12300.0
440	3273.75	0.0	0.0	11115.0
450	3289.0	0.0	0.0	8456.0
460	3635.0	0.0	0.0	8354.0
470	3556.25	0.0	0.0	12881.0
480	3635.0	0.0	0.0	9745.0
490	3711.5	0.0	0.0	13252.0
500	3111.5	0.0	0.0	11130.0
510	4126.0	0.0	0.0	13262.0
520	3945.0	0.0	0.0	10278.0
530	3307.75	0.0	0.0	11418.0
540	3390.5	0.0	0.0	10520.0
550	3655.25	0.0	0.0	10399.0
560	4052.75	0.0	0.0	8266.0
570	3286.5	0.0	0.0	10015.0
580	3821.25	0.0	0.0	11723.0
590	3491.5	0.0	0.0	11043.0
600	3886.0	0.0	0.0	9254.0
610	3965.25	0.0	0.0	12668.0
620	3513.75	0.0	0.0	8019.0
630	3704.25	0.0	0.0	10892.0
640	3713.0	0.0	0.0	9374.0
650	3867.25	0.0	0.0	10746.0
660	3887.75	0.0	0.0	9086.0
670	3633.0	0.0	0.0	9158.0
680	4047.75	0.0	0.0	8074.0
690	3895.5	0.0	0.0	7692.0
700	3570.25	0.0	0.0	9866.0
710	3772.5	0.0	0.0	9465.0
720	3866.0	0.0	0.0	9294.0
730	3737.75	0.0	0.0	8234.0
740	3436.0	0.0	0.0	10378.0
750	3725.5	0.0	0.0	11499.0
760	3648.25	0.0	0.0	10231.0
770	3421.5	0.0	0.0	10782.0
780	4024.25	0.0	0.0	7243.0
790	3768.0	0.0	0.0	8966.0
800	3511.0	0.0	0.0	10574.0
