0	2786.6666666666665	0.0	0.0	0.0
10	2505.8333333333335	706.0	8385.0	12074.0
20	2447.1666666666665	294.0	4051.0	12805.0
30	2965.5	0.0	0.0	9219.0
40	2538.5	0.0	0.0	9419.0
50	2855.0	0.0	0.0	11384.0
60	2957.1666666666665	0.0	0.0	9641.0
70	3013.6666666666665	0.0	0.0	9618.0
80	3149.6666666666665	0.0	0.0	10419.0
90	3325.8333333333335	0.0	0.0	8778.0
100	2979.0	0.0	0.0	10457.0
110	3357.5	0.0	0.0	13420.0
120	3267.8333333333335	0.0	0.0	9330.0
130	3355.8333333333335	0.0	0.0	12679.0
140	3331.3333333333335	0.0	0.0	10003.0
150	3275.0	0.0	0.0	9922.0
160	3738.0	0.0	0.0	10386.0
170	3326.8333333333335	0.0	0.0	12069.0
180	3823.6666666666665	0.0	0.0	9500.0
190	3699.5	0.0	0.0	12269.0
200	3469.1666666666665	0.0	0.0	9182.0
210	3815.1666666666665	0.0	0.0	10808.0
220	3285.6666666666665	0.0	0.0	12346.0
230	3533.5	0.0	0.0	11118.0
240	3284.5	0.0	0.0	12249.0
250	3884.5	0.0	0.0	6594.0
260	3492.6666666666665	0.0	0.0	11783.0
270	3305.1666666666665	0.0	0.0	6666.0
280	3476.5	0.0	0.0	10680.0
290	3843.8333333333335	0.0	0.0	9648.0
300	3519.3333333333335	0.0	0.0	12424.0
310	3690.6666666666665	0.0	0.0	11691.0
320	3501.5	0.0	0.0	8522.0
330	3321.8333333333335	0.0	0.0	10735.0
340	3947.6666666666665	0.0	0.0	12060.0
350	3996.3333333333335	0.0	0.0	11465.0
360	3963.5	0.0	0.0	12661.0
370	3713.0	0.0	0.0	8354.0
380	3708.0	0.0	0.0	10897.0
390	3567.8333333333335	0.0	0.0	8907.0
400	3198.6666666666665	0.0	0.0	9971.0
410	3823.3333333333335	0.0	0.0	10398.0
420	3416.1666666666665	0.0	0.0	12162.0
430	3633.6666666666665	0.0	0.0	8378.0
440	3876.3333333333335	0.0	0.0	11891.0
450	3894.5	0.0	0.0	12003.0
460	3782.3333333333335	0.0	0.0	10479.0
470	3884.3333333333335	0.0	0.0	12063.0
480	3152.5	0.0	0.0	10884.0
490	3868.5	0.0	0.0	12217.0
500	4014.8333333333335	0.0	0.0	8580.0
510	3317.8333333333335	0.0	0.0	12466.0
520	3509.1666666666665	0.0	0.0	9010.0
530	4116.333333333333	0.0	0.0	9697.0
540	4023.5	0.0	0.0	8678.0
550	3774.0	0.0	0.0	11339.0
560	3615.0	0.0	0.0	9464.0
570	4146.333333333333	0.0	0.0	10112.0
580	3884.3333333333335	0.0	0.0	10454.0
590	3813.5	0.0	0.0	11384.0
600	3851.0	0.0	0.0	10250.0
