0	2501.3333333333335	0.0	0.0	0.0
10	2669.1666666666665	0.0	31.0	9074.0
20	2557.1666666666665	0.0	51.0	9212.0
30	2260.6666666666665	0.0	9.0	6493.0
40	2239.6666666666665	0.0	24.0	10062.0
50	2782.5	0.0	6.0	9743.0
60	2278.5	0.0	13.0	7019.0
70	2482.5	0.0	15.0	7254.0
80	2335.6666666666665	0.0	129.0	8983.0
90	2767.6666666666665	0.0	11.0	10843.0
100	2833.6666666666665	1.0	84.0	10675.0
110	2738.6666666666665	0.0	8.0	6901.0
120	2517.3333333333335	0.0	47.0	9752.0
130	2572.0	0.0	33.0	7622.0
140	2706.1666666666665	0.0	37.0	6410.0
150	2814.6666666666665	0.0	72.0	10329.0
160	2744.3333333333335	0.0	64.0	13726.0
170	2913.0	0.0	139.0	8585.0
180	3355.0	0.0	91.0	7200.0
190	3181.8333333333335	1.0	89.0	7221.0
200	3097.5	0.0	53.0	5990.0
210	3107.3333333333335	0.0	61.0	7394.0
220	3324.3333333333335	1.0	99.0	7815.0
230	3358.1666666666665	0.0	114.0	9653.0
240	3554.6666666666665	0.0	73.0	7289.0
250	3381.5	0.0	125.0	9111.0
260	3578.3333333333335	0.0	168.0	10414.0
270	3439.0	0.0	58.0	7433.0
280	2874.3333333333335	0.0	138.0	11998.0
290	3245.0	0.0	221.0	12696.0
300	3029.3333333333335	0.0	74.0	11030.0
310	3286.8333333333335	0.0	164.0	11993.0
320	3492.3333333333335	0.0	112.0	9999.0
330	3201.6666666666665	0.0	183.0	8577.0
340	3881.5	0.0	155.0	12810.0
350	3556.3333333333335	0.0	78.0	9545.0
360	3286.0	0.0	94.0	10275.0
370	3717.1666666666665	0.0	55.0	11303.0
380	3956.0	0.0	121.0	12058.0
390	3022.8333333333335	1.0	145.0	12961.0
400	3473.1666666666665	1.0	119.0	12659.0
410	3365.5	0.0	85.0	13340.0
420	3685.1666666666665	0.0	101.0	10414.0
430	3644.6666666666665	2.0	137.0	11250.0
440	3121.5	0.0	63.0	10128.0
450	3747.5	0.0	92.0	11844.0
460	4036.1666666666665	0.0	77.0	10946.0
470	3541.3333333333335	1.0	179.0	11357.0
480	3410.0	0.0	53.0	10194.0
490	3151.3333333333335	0.0	151.0	12124.0
500	3373.6666666666665	1.0	164.0	11991.0
510	3988.6666666666665	0.0	209.0	13073.0
520	3401.3333333333335	0.0	116.0	9713.0
530	3593.5	0.0	75.0	9225.0
540	3768.1666666666665	0.0	212.0	9880.0
550	3614.3333333333335	0.0	53.0	11155.0
560	3443.8333333333335	0.0	70.0	9192.0
570	3663.6666666666665	0.0	128.0	12323.0
580	3551.0	0.0	123.0	7417.0
590	3976.0	0.0	85.0	8631.0
600	3978.5	0.0	133.0	10484.0
610	3688.3333333333335	3.0	171.0	9973.0
620	3634.1666666666665	0.0	69.0	11497.0
630	3711.5	0.0	110.0	10939.0
640	3689.6666666666665	0.0	136.0	11154.0
650	3850.6666666666665	0.0	112.0	10482.0
660	3666.0	1.0	169.0	10978.0
670	3678.6666666666665	1.0	202.0	13113.0
680	3666.5	0.0	124.0	12258.0
690	3749.8333333333335	0.0	99.0	12978.0
700	3811.1666666666665	0.0	129.0	11013.0
710	3665.0	0.0	47.0	9281.0
720	3693.0	0.0	134.0	9695.0
730	3694.5	0.0	41.0	8325.0
740	3534.0	0.0	100.0	12263.0
750	3407.0	0.0	121.0	9309.0
760	3721.1666666666665	0.0	112.0	11227.0
770	3756.0	0.0	133.0	10385.0
780	3593.6666666666665	0.0	52.0	10906.0
790	4007.8333333333335	0.0	84.0	8182.0
800	3717.6666666666665	0.0	101.0	8840.0
