0	2656.5	0.0	0.0	0.0
10	2513.1666666666665	0.0	10.0	10570.0
20	1957.5	0.0	82.0	7294.0
30	2102.6666666666665	0.0	88.0	9402.0
40	2533.3333333333335	0.0	6.0	7097.0
50	2395.5	0.0	12.0	9630.0
60	2171.5	0.0	110.0	8705.0
70	2614.8333333333335	0.0	50.0	9887.0
80	2688.1666666666665	0.0	113.0	7529.0
90	2417.3333333333335	0.0	159.0	8066.0
100	2252.0	3.0	76.0	7154.0
110	2546.8333333333335	0.0	106.0	10385.0
120	2429.8333333333335	0.0	40.0	6124.0
130	2834.5	0.0	84.0	10994.0
140	2673.8333333333335	0.0	60.0	9939.0
150	2800.5	0.0	202.0	10044.0
160	2669.8333333333335	0.0	18.0	6066.0
170	3217.5	0.0	67.0	12112.0
180	3041.3333333333335	0.0	143.0	10029.0
190	3327.1666666666665	0.0	164.0	8640.0
200	2962.0	0.0	89.0	8542.0
210	2818.3333333333335	0.0	70.0	12633.0
220	3024.6666666666665	0.0	51.0	11200.0
230	3110.3333333333335	1.0	38.0	10313.0
240	3405.6666666666665	0.0	167.0	10099.0
250	3340.6666666666665	0.0	111.0	9153.0
260	3535.3333333333335	0.0	179.0	9075.0
270	3602.1666666666665	0.0	59.0	12303.0
280	3285.1666666666665	0.0	116.0	8143.0
290	2963.1666666666665	0.0	168.0	14594.0
300	3365.5	0.0	46.0	8115.0
310	3557.8333333333335	1.0	213.0	12891.0
320	3047.3333333333335	0.0	154.0	13264.0
330	3532.5	1.0	92.0	7834.0
340	3446.3333333333335	0.0	119.0	11773.0
350	3537.0	0.0	123.0	10579.0
360	3308.3333333333335	0.0	139.0	10912.0
370	3646.0	0.0	71.0	11435.0
380	2694.1666666666665	0.0	86.0	9901.0
390	3743.3333333333335	0.0	20.0	11236.0
400	3204.0	0.0	146.0	13487.0
410	3817.8333333333335	0.0	57.0	9020.0
420	3333.6666666666665	0.0	92.0	9902.0
430	3193.6666666666665	2.0	149.0	11012.0
440	3131.3333333333335	0.0	125.0	9606.0
450	3630.5	1.0	19.0	8741.0
460	3573.1666666666665	0.0	78.0	9619.0
470	3709.0	0.0	114.0	10686.0
480	3710.1666666666665	0.0	102.0	11046.0
490	4039.3333333333335	0.0	74.0	7686.0
500	3583.1666666666665	0.0	172.0	12070.0
510	3513.6666666666665	0.0	78.0	9896.0
520	3366.5	1.0	97.0	12115.0
530	3774.8333333333335	0.0	146.0	9745.0
540	3558.1666666666665	1.0	116.0	9358.0
550	3480.6666666666665	1.0	152.0	10926.0
560	3159.8333333333335	0.0	127.0	10483.0
570	3937.5	1.0	230.0	11046.0
580	3660.1666666666665	0.0	99.0	9737.0
590	3928.8333333333335	0.0	60.0	9961.0
600	3800.5	1.0	165.0	9585.0
610	3186.8333333333335	0.0	52.0	10435.0
620	3853.6666666666665	0.0	82.0	10927.0
630	3878.3333333333335	0.0	59.0	10055.0
640	3339.5	0.0	26.0	10830.0
650	3509.8333333333335	0.0	55.0	11167.0
660	3992.5	1.0	72.0	11064.0
670	3989.0	0.0	101.0	10203.0
680	3658.0	0.0	93.0	8994.0
690	3818.0	0.0	40.0	9204.0
700	3844.3333333333335	2.0	80.0	8281.0
710	3739.6666666666665	0.0	137.0	10584.0
720	3635.5	0.0	136.0	12988.0
730	3820.0	0.0	61.0	11257.0
740	3454.6666666666665	0.0	183.0	10446.0
750	4042.0	0.0	148.0	9978.0
760	3925.0	0.0	79.0	7548.0
770	3785.8333333333335	0.0	161.0	12815.0
780	3881.3333333333335	0.0	112.0	10943.0
790	3589.5	0.0	36.0	8040.0
800	3997.8333333333335	0.0	177.0	13176.0
