0	2387.3333333333335	0.0	0.0	0.0
10	2747.8333333333335	0.0	40.0	8723.0
20	2748.6666666666665	0.0	77.0	13732.0
30	2445.8333333333335	0.0	43.0	8226.0
40	2721.0	0.0	13.0	7537.0
50	2824.1666666666665	0.0	43.0	9321.0
60	2889.6666666666665	0.0	41.0	8408.0
70	2734.5	0.0	45.0	7214.0
80	2651.6666666666665	0.0	49.0	8105.0
90	2781.1666666666665	0.0	74.0	8610.0
100	2779.8333333333335	0.0	40.0	7537.0
110	2684.1666666666665	0.0	6.0	8254.0
120	2585.8333333333335	0.0	105.0	11339.0
130	2444.3333333333335	1.0	115.0	8167.0
140	2297.3333333333335	0.0	75.0	7992.0
150	2598.0	0.0	148.0	8035.0
160	2824.3333333333335	0.0	75.0	6891.0
170	2564.0	0.0	226.0	8888.0
180	2798.5	0.0	173.0	13778.0
190	3031.5	0.0	18.0	7039.0
200	3119.8333333333335	0.0	68.0	6890.0
210	3252.1666666666665	0.0	73.0	8086.0
220	2899.0	0.0	109.0	10801.0
230	3237.8333333333335	0.0	83.0	8122.0
240	3408.6666666666665	0.0	109.0	7814.0
250	3318.5	0.0	148.0	7725.0
260	2737.8333333333335	0.0	156.0	10473.0
270	3032.0	0.0	95.0	12378.0
280	3435.3333333333335	0.0	122.0	9925.0
290	3169.8333333333335	0.0	39.0	10549.0
300	3491.1666666666665	0.0	46.0	8354.0
310	3274.1666666666665	0.0	87.0	10127.0
320	2943.5	0.0	213.0	8990.0
330	3095.5	1.0	118.0	8404.0
340	3493.3333333333335	0.0	40.0	11094.0
350	3139.0	1.0	238.0	12380.0
360	3384.0	0.0	140.0	9629.0
370	3347.5	0.0	109.0	9535.0
380	3180.0	0.0	186.0	10841.0
390	3231.3333333333335	0.0	89.0	10666.0
400	3463.1666666666665	1.0	76.0	11001.0
410	3550.0	0.0	68.0	8513.0
420	3473.1666666666665	0.0	82.0	12650.0
430	3779.1666666666665	0.0	93.0	9612.0
440	3637.6666666666665	0.0	100.0	9146.0
450	3682.6666666666665	1.0	150.0	9631.0
460	3787.3333333333335	0.0	142.0	8367.0
470	3340.5	1.0	115.0	11483.0
480	3220.6666666666665	0.0	82.0	9153.0
490	3209.5	0.0	14.0	7086.0
500	3568.8333333333335	1.0	132.0	9174.0
510	3602.5	0.0	201.0	13763.0
520	3238.3333333333335	0.0	71.0	9874.0
530	3291.8333333333335	0.0	182.0	10014.0
540	2885.3333333333335	0.0	88.0	10663.0
550	2919.6666666666665	0.0	166.0	10747.0
560	3927.6666666666665	0.0	193.0	11154.0
570	3635.6666666666665	0.0	176.0	11100.0
580	3562.5	0.0	93.0	12257.0
590	3320.5	0.0	164.0	10657.0
600	4000.0	0.0	144.0	9595.0
610	3565.1666666666665	0.0	68.0	11549.0
620	3813.3333333333335	0.0	112.0	11683.0
630	3667.6666666666665	0.0	107.0	8656.0
640	3779.0	0.0	115.0	10881.0
650	3730.1666666666665	0.0	81.0	10941.0
660	3392.3333333333335	0.0	105.0	11071.0
670	3487.0	0.0	119.0	11599.0
680	3945.1666666666665	0.0	180.0	10208.0
690	3529.3333333333335	0.0	230.0	9081.0
700	3579.3333333333335	0.0	180.0	11963.0
710	3688.8333333333335	0.0	192.0	10216.0
720	4060.5	0.0	86.0	10116.0
730	3901.6666666666665	0.0	46.0	7283.0
740	3687.3333333333335	0.0	114.0	13688.0
750	3707.6666666666665	0.0	137.0	8406.0
760	3897.6666666666665	0.0	147.0	11712.0
770	3735.6666666666665	1.0	194.0	12182.0
780	3534.3333333333335	0.0	61.0	10432.0
790	3944.5	0.0	116.0	11164.0
800	3667.0	0.0	80.0	10041.0
