0	2529.0	0.0	0.0	0.0
10	2641.8333333333335	805.0	5317.0	10810.0
20	2647.8333333333335	195.0	1088.0	9248.0
30	2662.8333333333335	0.0	0.0	9047.0
40	2506.6666666666665	0.0	0.0	13605.0
50	2450.1666666666665	0.0	0.0	8647.0
60	2403.6666666666665	0.0	0.0	8199.0
70	2217.8333333333335	0.0	0.0	8363.0
80	2580.3333333333335	0.0	0.0	12849.0
90	2596.5	0.0	0.0	7623.0
100	2523.5	0.0	0.0	10513.0
110	2459.5	0.0	0.0	10576.0
120	2540.8333333333335	0.0	0.0	11448.0
130	2652.1666666666665	0.0	0.0	8413.0
140	2799.1666666666665	0.0	0.0	6567.0
150	2773.0	0.0	0.0	9149.0
160	3079.6666666666665	0.0	0.0	9651.0
170	2698.0	0.0	0.0	6697.0
180	3006.5	0.0	0.0	8975.0
190	3001.5	0.0	0.0	8639.0
200	2724.0	0.0	0.0	11902.0
210	3290.8333333333335	0.0	0.0	10209.0
220	3131.1666666666665	0.0	0.0	10783.0
230	3106.1666666666665	0.0	0.0	14423.0
240	3483.3333333333335	0.0	0.0	6684.0
250	3619.5	0.0	0.0	14695.0
260	3830.3333333333335	0.0	0.0	11272.0
270	3634.0	0.0	0.0	9612.0
280	3306.3333333333335	0.0	0.0	12290.0
290	3569.6666666666665	0.0	0.0	12067.0
300	3510.5	0.0	0.0	12306.0
310	3411.5	0.0	0.0	12292.0
320	3626.1666666666665	0.0	0.0	8032.0
330	3701.3333333333335	0.0	0.0	12530.0
340	3238.6666666666665	0.0	0.0	9629.0
350	3536.0	0.0	0.0	9873.0
360	3713.8333333333335	0.0	0.0	7937.0
370	3365.6666666666665	0.0	0.0	12954.0
380	3093.5	0.0	0.0	7939.0
390	3567.3333333333335	0.0	0.0	10832.0
400	3135.0	0.0	0.0	5923.0
410	3936.3333333333335	0.0	0.0	8042.0
420	3421.5	0.0	0.0	11318.0
430	3315.3333333333335	0.0	0.0	7407.0
440	3131.5	0.0	0.0	11368.0
450	3604.3333333333335	0.0	0.0	10088.0
460	3232.3333333333335	0.0	0.0	11701.0
470	3348.5	0.0	0.0	7919.0
480	3409.6666666666665	0.0	0.0	9461.0
490	3638.5	0.0	0.0	11226.0
500	3420.5	0.0	0.0	10349.0
510	3527.3333333333335	0.0	0.0	10251.0
520	3504.5	0.0	0.0	14284.0
530	3782.0	0.0	0.0	10048.0
540	3505.1666666666665	0.0	0.0	11807.0
550	3696.1666666666665	0.0	0.0	12178.0
560	3257.8333333333335	0.0	0.0	8747.0
570	3787.1666666666665	0.0	0.0	9969.0
580	3507.1666666666665	0.0	0.0	10343.0
590	3567.3333333333335	0.0	0.0	8090.0
600	3356.0	0.0	0.0	7644.0
610	3947.3333333333335	0.0	0.0	11769.0
620	3641.0	0.0	0.0	6710.0
630	3870.0	0.0	0.0	8449.0
640	3690.8333333333335	0.0	0.0	12310.0
650	3371.6666666666665	0.0	0.0	8579.0
660	3467.3333333333335	0.0	0.0	7912.0
670	3750.0	0.0	0.0	10254.0
680	3999.8333333333335	0.0	0.0	8494.0
690	3779.1666666666665	0.0	0.0	10733.0
700	3752.8333333333335	0.0	0.0	9976.0
710	3780.5	0.0	0.0	9417.0
720	3754.3333333333335	0.0	0.0	8994.0
730	3500.8333333333335	0.0	0.0	10021.0
740	3700.5	0.0	0.0	10267.0
750	3782.8333333333335	0.0	0.0	8592.0
760	3879.3333333333335	0.0	0.0	8643.0
770	3762.8333333333335	0.0	0.0	7353.0
780	3843.8333333333335	0.0	0.0	10790.0
790	3540.6666666666665	0.0	0.0	10917.0
800	3816.5	0.0	0.0	12862.0
810	3668.5	0.0	0.0	8764.0
820	3896.3333333333335	0.0	0.0	10308.0
830	3811.0	0.0	0.0	9708.0
840	4186.833333333333	0.0	0.0	11052.0
850	3820.3333333333335	0.0	0.0	8723.0
860	3949.1666666666665	0.0	0.0	8369.0
870	3666.3333333333335	0.0	0.0	11058.0
880	3681.0	0.0	0.0	11958.0
890	3679.5	0.0	0.0	9952.0
900	3803.6666666666665	0.0	0.0	11705.0
910	3798.8333333333335	0.0	0.0	10139.0
920	3657.3333333333335	0.0	0.0	10549.0
930	3762.3333333333335	0.0	0.0	8354.0
940	4051.8333333333335	0.0	0.0	8850.0
950	3636.6666666666665	0.0	0.0	8239.0
960	3925.3333333333335	0.0	0.0	8506.0
970	3581.8333333333335	0.0	0.0	10828.0
980	3636.3333333333335	0.0	0.0	12866.0
990	3411.5	0.0	0.0	10540.0
1000	3673.5	0.0	0.0	12693.0
