0	254.0	0.0	0.0	0.0
10	1889.5	1000.0	1000.0	7641.0
20	1958.6666666666667	0.0	0.0	8484.0
30	2107.1666666666665	0.0	0.0	10580.0
40	1977.1666666666667	0.0	0.0	6725.0
50	2017.8333333333333	0.0	0.0	9372.0
60	2337.6666666666665	0.0	0.0	10337.0
70	2191.3333333333335	0.0	0.0	11455.0
80	2536.8333333333335	0.0	0.0	8238.0
90	2526.0	0.0	0.0	7943.0
100	2565.5	0.0	0.0	12890.0
110	2424.6666666666665	0.0	0.0	9042.0
120	2416.5	0.0	0.0	9728.0
130	2631.3333333333335	0.0	0.0	13032.0
140	2540.5	0.0	0.0	7380.0
150	2604.6666666666665	0.0	0.0	7715.0
160	2808.0	0.0	0.0	7030.0
170	2857.0	0.0	0.0	10126.0
180	2759.5	0.0	0.0	7738.0
190	2623.5	0.0	0.0	9785.0
200	2254.8333333333335	0.0	0.0	6335.0
210	2440.6666666666665	0.0	0.0	4817.0
220	2385.3333333333335	0.0	0.0	10290.0
230	2725.5	0.0	0.0	6574.0
240	2929.5	0.0	0.0	11388.0
250	2244.8333333333335	0.0	0.0	9062.0
260	2341.3333333333335	0.0	0.0	9251.0
270	2352.3333333333335	0.0	0.0	12156.0
280	2543.6666666666665	0.0	0.0	7254.0
290	2530.8333333333335	0.0	0.0	10546.0
300	3171.3333333333335	0.0	0.0	7094.0
310	2905.0	0.0	0.0	12179.0
320	2973.3333333333335	0.0	0.0	10551.0
330	3182.1666666666665	0.0	0.0	8362.0
340	2323.0	0.0	0.0	9453.0
350	2744.0	0.0	0.0	9227.0
360	3290.8333333333335	0.0	0.0	9691.0
370	3436.6666666666665	0.0	0.0	9698.0
380	3115.0	0.0	0.0	7601.0
390	3067.5	0.0	0.0	11810.0
400	3309.5	0.0	0.0	12125.0
410	2806.1666666666665	0.0	0.0	10008.0
420	3408.6666666666665	0.0	0.0	10884.0
430	3249.5	0.0	0.0	9152.0
440	3255.3333333333335	0.0	0.0	10338.0
450	3192.1666666666665	0.0	0.0	11959.0
460	3093.1666666666665	0.0	0.0	10382.0
470	3466.5	0.0	0.0	10323.0
480	4080.6666666666665	0.0	0.0	10148.0
490	2985.1666666666665	0.0	0.0	11473.0
500	3175.3333333333335	0.0	0.0	11942.0
510	3633.3333333333335	0.0	0.0	9674.0
520	3577.1666666666665	0.0	0.0	14256.0
530	3627.6666666666665	0.0	0.0	10145.0
540	3525.0	0.0	0.0	7524.0
550	3277.0	0.0	0.0	10361.0
560	3649.5	0.0	0.0	10799.0
570	3618.3333333333335	0.0	0.0	9604.0
580	3308.3333333333335	0.0	0.0	8899.0
590	3742.1666666666665	0.0	0.0	9276.0
600	3705.0	0.0	0.0	9913.0
610	3775.8333333333335	0.0	0.0	9972.0
620	3409.0	0.0	0.0	10787.0
630	3558.8333333333335	0.0	0.0	12096.0
640	3825.0	0.0	0.0	9653.0
650	3756.5	0.0	0.0	9098.0
660	3341.3333333333335	0.0	0.0	11577.0
670	4094.1666666666665	0.0	0.0	8828.0
680	3746.5	0.0	0.0	12310.0
690	4071.8333333333335	0.0	0.0	10990.0
700	3623.6666666666665	0.0	0.0	12415.0
710	3425.3333333333335	0.0	0.0	10472.0
720	3653.1666666666665	0.0	0.0	9696.0
730	3347.8333333333335	0.0	0.0	12323.0
740	3920.6666666666665	0.0	0.0	11246.0
750	3773.3333333333335	0.0	0.0	7900.0
760	3781.6666666666665	0.0	0.0	12413.0
770	3977.5	0.0	0.0	9401.0
780	3815.1666666666665	0.0	0.0	11878.0
790	3780.3333333333335	0.0	0.0	13400.0
800	3886.3333333333335	0.0	0.0	11289.0
810	3774.8333333333335	0.0	0.0	9178.0
820	3369.0	0.0	0.0	10523.0
830	4147.5	0.0	0.0	11055.0
840	3983.0	0.0	0.0	10310.0
850	3694.8333333333335	0.0	0.0	11235.0
860	3697.6666666666665	0.0	0.0	9797.0
870	3851.1666666666665	0.0	0.0	9542.0
880	3649.5	0.0	0.0	10160.0
890	3789.5	0.0	0.0	12895.0
900	4032.3333333333335	0.0	0.0	12511.0
910	3711.5	0.0	0.0	7434.0
920	3988.0	0.0	0.0	11845.0
930	3576.3333333333335	0.0	0.0	11729.0
940	3900.8333333333335	0.0	0.0	10034.0
950	3927.3333333333335	0.0	0.0	10087.0
960	3916.1666666666665	0.0	0.0	9234.0
970	4086.1666666666665	0.0	0.0	12565.0
980	3881.5	0.0	0.0	8925.0
990	3875.0	0.0	0.0	8869.0
1000	3848.3333333333335	0.0	0.0	8846.0
