0	256.0	0.0	0.0	0.0
10	2031.8333333333333	1000.0	1000.0	7618.0
20	2056.5	0.0	0.0	9247.0
30	2170.3333333333335	0.0	0.0	6037.0
40	2109.8333333333335	0.0	0.0	7712.0
50	2176.1666666666665	0.0	0.0	8509.0
60	2105.0	0.0	0.0	8268.0
70	2226.8333333333335	0.0	0.0	8543.0
80	2396.0	0.0	0.0	10985.0
90	2613.5	0.0	0.0	12171.0
100	2463.5	0.0	0.0	6830.0
110	2487.1666666666665	0.0	0.0	11209.0
120	2753.6666666666665	0.0	0.0	7917.0
130	2367.6666666666665	0.0	0.0	7645.0
140	2537.5	0.0	0.0	12523.0
150	2526.0	0.0	0.0	8265.0
160	2636.1666666666665	0.0	0.0	11163.0
170	2547.1666666666665	0.0	0.0	7356.0
180	2661.8333333333335	0.0	0.0	8981.0
190	2511.6666666666665	0.0	0.0	9869.0
200	2705.6666666666665	0.0	0.0	7247.0
210	2283.6666666666665	0.0	0.0	8344.0
220	2907.8333333333335	0.0	0.0	7929.0
230	2764.5	0.0	0.0	7996.0
240	2626.3333333333335	0.0	0.0	9819.0
250	2692.5	0.0	0.0	8771.0
260	2130.0	0.0	0.0	11674.0
270	2686.6666666666665	0.0	0.0	5743.0
280	2907.5	0.0	0.0	6564.0
290	2907.6666666666665	0.0	0.0	7558.0
300	2872.8333333333335	0.0	0.0	8464.0
310	2716.6666666666665	0.0	0.0	8275.0
320	2682.5	0.0	0.0	7626.0
330	2841.6666666666665	0.0	0.0	9848.0
340	2704.5	0.0	0.0	6562.0
350	2653.5	0.0	0.0	9148.0
360	2392.5	0.0	0.0	6803.0
370	2602.6666666666665	0.0	0.0	7563.0
380	2811.0	0.0	0.0	9899.0
390	2625.0	0.0	0.0	6662.0
400	2697.3333333333335	0.0	0.0	6322.0
410	2815.8333333333335	0.0	0.0	7170.0
420	3132.5	0.0	0.0	7588.0
430	2888.0	0.0	0.0	9225.0
440	3084.8333333333335	0.0	0.0	9018.0
450	2547.5	0.0	0.0	8946.0
460	3220.8333333333335	0.0	0.0	11632.0
470	3051.0	0.0	0.0	8077.0
480	2961.3333333333335	0.0	0.0	10018.0
490	3375.3333333333335	0.0	0.0	9047.0
500	2944.3333333333335	0.0	0.0	12351.0
510	3460.0	0.0	0.0	13912.0
520	2979.5	0.0	0.0	10236.0
530	3042.5	0.0	0.0	11995.0
540	3418.5	0.0	0.0	12439.0
550	3467.6666666666665	0.0	0.0	8370.0
560	3380.8333333333335	0.0	0.0	10789.0
570	3441.5	0.0	0.0	12332.0
580	3631.1666666666665	0.0	0.0	8022.0
590	3787.6666666666665	0.0	0.0	12269.0
600	3472.1666666666665	0.0	0.0	10204.0
610	3259.3333333333335	0.0	0.0	6587.0
620	3789.8333333333335	0.0	0.0	7945.0
630	3723.5	0.0	0.0	10726.0
640	3858.8333333333335	0.0	0.0	9607.0
650	3005.1666666666665	0.0	0.0	11474.0
660	3489.8333333333335	0.0	0.0	13761.0
670	3793.8333333333335	0.0	0.0	10627.0
680	3127.0	0.0	0.0	10906.0
690	3591.0	0.0	0.0	10277.0
700	3894.5	0.0	0.0	13433.0
710	3552.1666666666665	0.0	0.0	11946.0
720	3612.8333333333335	0.0	0.0	11854.0
730	3825.5	0.0	0.0	9529.0
740	3455.8333333333335	0.0	0.0	8666.0
750	3624.1666666666665	0.0	0.0	8356.0
760	3759.8333333333335	0.0	0.0	10617.0
770	3846.5	0.0	0.0	8743.0
780	3695.3333333333335	0.0	0.0	9526.0
790	4001.5	0.0	0.0	12280.0
800	3604.1666666666665	0.0	0.0	11495.0
810	3745.8333333333335	0.0	0.0	13279.0
820	3896.5	0.0	0.0	7005.0
830	3836.1666666666665	0.0	0.0	6999.0
840	3534.1666666666665	0.0	0.0	10060.0
850	3830.6666666666665	0.0	0.0	12485.0
860	3996.1666666666665	0.0	0.0	9729.0
870	3890.5	0.0	0.0	10893.0
880	4036.3333333333335	0.0	0.0	11744.0
890	3770.0	0.0	0.0	11728.0
900	4047.0	0.0	0.0	13679.0
910	3987.6666666666665	0.0	0.0	9833.0
920	3869.0	0.0	0.0	11443.0
930	3830.3333333333335	0.0	0.0	9235.0
940	3592.8333333333335	0.0	0.0	9480.0
950	3252.5	0.0	0.0	8109.0
960	3464.0	0.0	0.0	9629.0
970	3739.3333333333335	0.0	0.0	10239.0
980	3095.3333333333335	0.0	0.0	9827.0
990	3361.8333333333335	0.0	0.0	9125.0
1000	3841.1666666666665	0.0	0.0	10832.0
