0	301.6666666666667	0.0	0.0
10	1931.3333333333333	155.0	13796.0
20	1706.3333333333333	90.0	10914.0
30	2098.8333333333335	49.0	9229.0
40	1869.3333333333333	90.0	10469.0
50	1902.5	150.0	13606.0
60	2077.0	34.0	10139.0
70	2191.6666666666665	118.0	13949.0
80	2279.3333333333335	75.0	9398.0
90	2445.5	41.0	7977.0
100	2403.1666666666665	111.0	9767.0
110	2288.0	61.0	10193.0
120	2536.1666666666665	95.0	13631.0
130	2643.8333333333335	103.0	11805.0
140	2573.8333333333335	92.0	12714.0
150	2553.8333333333335	114.0	11025.0
160	2574.6666666666665	59.0	15010.0
170	2538.6666666666665	49.0	11411.0
180	2655.3333333333335	66.0	11449.0
190	2784.8333333333335	90.0	15484.0
200	2647.3333333333335	83.0	11017.0
210	2905.6666666666665	75.0	10376.0
220	2502.6666666666665	81.0	10997.0
230	2634.6666666666665	40.0	9771.0
240	2848.5	92.0	13035.0
250	2721.1666666666665	42.0	8957.0
260	2607.3333333333335	74.0	11706.0
270	2779.0	39.0	12137.0
280	2576.0	42.0	11894.0
290	2902.0	92.0	11331.0
300	2779.3333333333335	35.0	8754.0
310	2939.3333333333335	50.0	10950.0
320	2738.1666666666665	41.0	10832.0
330	2919.3333333333335	34.0	13120.0
340	3161.0	38.0	11033.0
350	3134.3333333333335	28.0	10656.0
360	3016.6666666666665	30.0	10408.0
370	2792.3333333333335	40.0	11755.0
380	2902.6666666666665	62.0	13215.0
390	3177.1666666666665	40.0	11734.0
400	3066.6666666666665	37.0	13565.0
410	3038.0	45.0	9621.0
420	3097.8333333333335	45.0	10555.0
430	2963.0	47.0	11601.0
440	3251.5	47.0	10558.0
450	3227.0	43.0	13191.0
460	3085.6666666666665	29.0	13461.0
470	3348.6666666666665	24.0	11614.0
480	3192.0	20.0	9889.0
490	3485.5	37.0	11941.0
500	3094.6666666666665	15.0	7574.0
510	3144.1666666666665	22.0	13770.0
520	3066.0	9.0	9408.0
530	3348.0	19.0	7858.0
540	3011.6666666666665	35.0	8876.0
550	3258.0	43.0	10960.0
560	3206.8333333333335	39.0	11683.0
570	2881.8333333333335	30.0	11597.0
580	3588.3333333333335	36.0	14863.0
590	2981.1666666666665	26.0	12218.0
600	3128.5	33.0	11595.0
610	3246.8333333333335	39.0	10794.0
620	3388.8333333333335	12.0	8839.0
630	3185.8333333333335	19.0	11208.0
640	3141.0	16.0	12922.0
650	3477.1666666666665	5.0	8464.0
660	3330.3333333333335	24.0	10364.0
670	3211.8333333333335	26.0	14777.0
680	3368.6666666666665	31.0	11715.0
690	3272.8333333333335	23.0	11141.0
700	3257.3333333333335	18.0	12436.0
710	3369.3333333333335	39.0	9383.0
720	3309.0	38.0	12479.0
730	3251.6666666666665	27.0	11847.0
740	3347.6666666666665	19.0	12596.0
750	3652.3333333333335	19.0	13221.0
760	3400.0	32.0	11369.0
770	3272.6666666666665	27.0	9650.0
780	3425.6666666666665	21.0	11898.0
790	3825.1666666666665	28.0	8545.0
800	3468.5	24.0	12506.0
810	3561.1666666666665	26.0	12859.0
820	3693.0	22.0	13291.0
830	3334.3333333333335	31.0	11344.0
840	3394.1666666666665	20.0	11413.0
850	3741.1666666666665	15.0	7532.0
860	3288.1666666666665	29.0	9571.0
870	3571.1666666666665	31.0	11753.0
880	3589.5	26.0	11646.0
890	3513.1666666666665	22.0	11817.0
900	3662.5	15.0	9440.0
910	3824.8333333333335	46.0	14332.0
920	3736.1666666666665	18.0	9022.0
930	3603.3333333333335	12.0	8532.0
940	3510.3333333333335	14.0	11267.0
950	3803.8333333333335	22.0	10030.0
960	3884.1666666666665	22.0	9002.0
970	3593.5	16.0	8159.0
980	3580.5	12.0	11124.0
990	3359.8333333333335	17.0	8396.0
1000	3855.0	16.0	9929.0
