0	230.0	0.0	0.0	0.0
10	2014.5	3.0	1242.0	9839.0
20	2099.6666666666665	0.0	142.0	6899.0
30	2082.3333333333335	0.0	50.0	10409.0
40	2235.6666666666665	0.0	35.0	7220.0
50	2225.8333333333335	0.0	25.0	6833.0
60	1923.3333333333333	0.0	50.0	10780.0
70	2418.1666666666665	0.0	54.0	7070.0
80	1970.5	0.0	61.0	9148.0
90	2412.5	0.0	51.0	6853.0
100	2418.6666666666665	0.0	58.0	5682.0
110	2330.5	0.0	18.0	7292.0
120	2424.3333333333335	0.0	31.0	7634.0
130	2560.0	0.0	82.0	8824.0
140	2415.5	0.0	34.0	7490.0
150	2246.8333333333335	0.0	45.0	12601.0
160	2456.5	0.0	48.0	7794.0
170	2590.0	0.0	29.0	10628.0
180	2671.3333333333335	0.0	48.0	7404.0
190	1959.6666666666667	0.0	65.0	6953.0
200	2668.3333333333335	0.0	36.0	8785.0
210	2614.1666666666665	0.0	63.0	9279.0
220	2201.5	0.0	33.0	6916.0
230	2377.8333333333335	0.0	71.0	9637.0
240	2543.0	0.0	87.0	8838.0
250	2247.6666666666665	0.0	21.0	5562.0
260	2529.6666666666665	0.0	37.0	11988.0
270	2537.3333333333335	0.0	13.0	7788.0
280	2594.3333333333335	0.0	44.0	10918.0
290	2369.3333333333335	0.0	22.0	10087.0
300	2894.3333333333335	0.0	31.0	7557.0
310	2808.1666666666665	0.0	62.0	6250.0
320	2627.5	0.0	58.0	10993.0
330	2991.3333333333335	0.0	15.0	10507.0
340	2722.6666666666665	0.0	53.0	8809.0
350	3140.0	0.0	58.0	12743.0
360	2705.0	0.0	54.0	9114.0
370	3084.8333333333335	0.0	76.0	8709.0
380	3172.1666666666665	0.0	65.0	4952.0
390	2966.6666666666665	0.0	101.0	12512.0
400	3274.3333333333335	0.0	19.0	10909.0
410	3437.6666666666665	0.0	16.0	10835.0
420	3014.1666666666665	0.0	28.0	10195.0
430	3719.8333333333335	0.0	57.0	7072.0
440	3463.5	0.0	28.0	9053.0
450	3167.8333333333335	0.0	35.0	12373.0
460	3208.5	0.0	39.0	13164.0
470	3419.5	0.0	58.0	10299.0
480	3446.6666666666665	0.0	46.0	8763.0
490	3574.6666666666665	0.0	30.0	11277.0
500	3727.1666666666665	0.0	57.0	7232.0
510	3534.8333333333335	0.0	43.0	9702.0
520	2871.6666666666665	0.0	27.0	12011.0
530	3820.6666666666665	0.0	45.0	13542.0
540	3338.8333333333335	0.0	26.0	11404.0
550	3207.5	0.0	25.0	10923.0
560	3435.3333333333335	0.0	19.0	11910.0
570	3493.1666666666665	0.0	64.0	11458.0
580	3560.0	0.0	51.0	8922.0
590	3693.3333333333335	0.0	53.0	8615.0
600	3905.0	0.0	75.0	10851.0
610	2878.0	0.0	73.0	13676.0
620	4017.8333333333335	0.0	56.0	11200.0
630	3157.3333333333335	0.0	97.0	10559.0
640	3630.1666666666665	0.0	24.0	9575.0
650	4094.5	0.0	67.0	10196.0
660	3431.8333333333335	0.0	75.0	8988.0
670	3645.0	0.0	68.0	12435.0
680	3392.1666666666665	0.0	71.0	10481.0
690	3610.1666666666665	0.0	86.0	13403.0
700	3638.1666666666665	0.0	71.0	12045.0
710	3395.6666666666665	0.0	59.0	9181.0
720	3342.3333333333335	0.0	48.0	10469.0
730	3247.8333333333335	0.0	53.0	11409.0
740	3830.3333333333335	0.0	111.0	12323.0
750	3615.5	0.0	21.0	13143.0
760	3722.8333333333335	0.0	60.0	11021.0
770	4045.8333333333335	0.0	62.0	8919.0
780	4040.6666666666665	0.0	86.0	7692.0
790	3868.3333333333335	0.0	95.0	8647.0
800	3294.3333333333335	0.0	32.0	9605.0
810	3633.8333333333335	0.0	81.0	11112.0
820	3846.1666666666665	0.0	88.0	10170.0
830	3542.1666666666665	0.0	78.0	9573.0
840	3715.1666666666665	0.0	37.0	10468.0
850	3671.1666666666665	0.0	68.0	9396.0
860	3638.3333333333335	0.0	43.0	12069.0
870	3938.8333333333335	0.0	37.0	10625.0
880	3845.3333333333335	0.0	60.0	9976.0
890	3547.3333333333335	0.0	34.0	9077.0
900	3651.3333333333335	0.0	51.0	10753.0
910	3495.8333333333335	0.0	41.0	8461.0
920	3672.5	0.0	39.0	10441.0
930	3941.1666666666665	0.0	55.0	13909.0
940	3372.0	0.0	36.0	11169.0
950	3679.5	0.0	54.0	10462.0
960	3601.5	0.0	76.0	14734.0
970	3321.5	0.0	71.0	8011.0
980	3854.5	0.0	85.0	10494.0
990	3899.1666666666665	0.0	11.0	7992.0
1000	3465.6666666666665	0.0	67.0	10270.0
