0	737.0	0.0	0.0	0.0
10	1260.8333333333333	96.0	6752.0	6752.0
20	1145.3333333333333	89.0	7179.0	7179.0
30	1516.8333333333333	59.0	5242.0	5242.0
40	1294.0	83.0	9014.0	9014.0
50	1295.3333333333333	53.0	6297.0	6297.0
60	1090.5	52.0	5909.0	5909.0
70	1673.6666666666667	70.0	7774.0	7774.0
80	1566.3333333333333	70.0	6204.0	6204.0
90	1663.3333333333333	79.0	8026.0	8026.0
100	1037.3333333333333	75.0	8958.0	8958.0
110	1483.5	103.0	8875.0	8875.0
120	932.6666666666666	52.0	6317.0	6317.0
130	1756.1666666666667	53.0	8675.0	8675.0
140	1573.0	66.0	7589.0	9628.0
150	1926.6666666666667	0.0	0.0	6577.0
160	1746.5	0.0	0.0	10035.0
170	1776.6666666666667	0.0	0.0	8267.0
180	1940.8333333333333	0.0	0.0	10250.0
190	1916.8333333333333	0.0	0.0	6511.0
200	1701.0	0.0	0.0	10037.0
210	1891.3333333333333	0.0	0.0	7423.0
220	2112.0	0.0	0.0	7402.0
230	2068.6666666666665	0.0	0.0	9674.0
240	2329.8333333333335	0.0	0.0	7792.0
250	1768.3333333333333	0.0	0.0	8380.0
260	1812.3333333333333	0.0	0.0	10069.0
270	2429.0	0.0	0.0	7637.0
280	2488.0	0.0	0.0	10191.0
290	2273.5	0.0	0.0	8900.0
300	2398.5	0.0	0.0	7584.0
310	2633.6666666666665	0.0	0.0	8430.0
320	2492.3333333333335	0.0	0.0	7813.0
330	2496.8333333333335	0.0	0.0	8944.0
340	2745.3333333333335	0.0	0.0	8293.0
350	2601.0	0.0	0.0	10129.0
360	2282.3333333333335	0.0	0.0	9299.0
370	2438.6666666666665	0.0	0.0	11955.0
380	2503.6666666666665	0.0	0.0	7632.0
390	2485.1666666666665	0.0	0.0	8227.0
400	2093.8333333333335	0.0	0.0	9223.0
410	2237.3333333333335	0.0	0.0	8878.0
420	1833.0	0.0	0.0	7897.0
430	2370.5	0.0	0.0	8021.0
440	2327.6666666666665	0.0	0.0	7581.0
450	2559.3333333333335	0.0	0.0	11245.0
460	1767.3333333333333	0.0	0.0	8252.0
470	1791.1666666666667	0.0	0.0	8517.0
480	1919.8333333333333	0.0	0.0	9822.0
490	2155.8333333333335	0.0	0.0	9538.0
500	1986.0	0.0	0.0	9710.0
510	1777.3333333333333	0.0	0.0	6977.0
520	2384.3333333333335	0.0	0.0	10399.0
530	2161.3333333333335	0.0	0.0	13167.0
540	1755.0	0.0	0.0	8146.0
550	1841.0	0.0	0.0	10043.0
560	2409.8333333333335	0.0	0.0	8930.0
570	2216.6666666666665	0.0	0.0	8790.0
580	1735.6666666666667	0.0	0.0	9088.0
590	1967.0	0.0	0.0	8904.0
600	1839.3333333333333	0.0	0.0	7718.0
610	2058.0	0.0	0.0	9271.0
620	1799.0	0.0	0.0	10445.0
630	2261.6666666666665	0.0	0.0	9533.0
640	1837.1666666666667	0.0	0.0	7252.0
650	2111.6666666666665	0.0	0.0	8908.0
660	2350.5	0.0	0.0	6525.0
670	2045.8333333333333	0.0	0.0	10787.0
680	2685.0	0.0	0.0	10040.0
690	2468.0	0.0	0.0	8803.0
700	2567.0	0.0	0.0	9260.0
710	2538.6666666666665	0.0	0.0	9440.0
720	2437.0	0.0	0.0	9326.0
730	2233.6666666666665	0.0	0.0	7784.0
740	1646.0	0.0	0.0	9878.0
750	1971.3333333333333	0.0	0.0	7374.0
760	2519.6666666666665	0.0	0.0	10930.0
770	2488.8333333333335	0.0	0.0	9741.0
780	1998.0	0.0	0.0	7987.0
790	1642.0	0.0	0.0	8895.0
800	2154.1666666666665	0.0	0.0	7885.0
810	2023.5	0.0	0.0	9021.0
820	1852.6666666666667	0.0	0.0	8927.0
830	2031.3333333333333	0.0	0.0	10954.0
840	2251.6666666666665	0.0	0.0	7924.0
850	2206.0	0.0	0.0	9358.0
860	2015.5	0.0	0.0	6910.0
870	1558.5	0.0	0.0	9658.0
880	2369.5	0.0	0.0	7001.0
890	2073.6666666666665	0.0	0.0	8036.0
900	2413.6666666666665	0.0	0.0	8182.0
910	2424.3333333333335	0.0	0.0	7412.0
920	2653.5	0.0	0.0	8076.0
930	2590.0	0.0	0.0	6496.0
940	2392.6666666666665	0.0	0.0	9460.0
950	2567.8333333333335	0.0	0.0	9526.0
960	2184.3333333333335	0.0	0.0	8064.0
970	2474.6666666666665	0.0	0.0	6725.0
980	2335.3333333333335	0.0	0.0	8756.0
990	2710.3333333333335	0.0	0.0	10325.0
1000	2288.6666666666665	0.0	0.0	7644.0
