0	2442.8333333333335	0.0	0.0	0.0
10	2497.3333333333335	1000.0	1000.0	8645.0
20	2386.5	0.0	0.0	7774.0
30	2470.3333333333335	0.0	0.0	12347.0
40	2399.5	0.0	0.0	6387.0
50	2359.5	0.0	0.0	6833.0
60	2241.3333333333335	0.0	0.0	8078.0
70	2108.1666666666665	0.0	0.0	7511.0
80	2366.8333333333335	0.0	0.0	10760.0
90	2227.6666666666665	0.0	0.0	8171.0
100	2657.5	0.0	0.0	13475.0
110	2588.1666666666665	0.0	0.0	5556.0
120	2719.3333333333335	0.0	0.0	9792.0
130	2033.3333333333333	0.0	0.0	11125.0
140	2316.8333333333335	0.0	0.0	11215.0
150	2292.8333333333335	0.0	0.0	11949.0
160	2337.6666666666665	0.0	0.0	9465.0
170	2493.5	0.0	0.0	7179.0
180	2687.8333333333335	0.0	0.0	9878.0
190	2622.5	0.0	0.0	9605.0
200	2706.5	0.0	0.0	8370.0
210	2543.3333333333335	0.0	0.0	8579.0
220	2946.6666666666665	0.0	0.0	7474.0
230	2560.8333333333335	0.0	0.0	8165.0
240	3098.8333333333335	0.0	0.0	8648.0
250	3247.0	0.0	0.0	12081.0
260	3255.5	0.0	0.0	12311.0
270	3252.1666666666665	0.0	0.0	12927.0
280	3563.3333333333335	0.0	0.0	11666.0
290	3477.1666666666665	0.0	0.0	8499.0
300	3626.0	0.0	0.0	8084.0
310	3544.5	0.0	0.0	7864.0
320	3811.6666666666665	0.0	0.0	11306.0
330	3663.6666666666665	0.0	0.0	11750.0
340	2929.6666666666665	0.0	0.0	10574.0
350	2883.1666666666665	0.0	0.0	10148.0
360	3133.0	0.0	0.0	9144.0
370	2973.8333333333335	0.0	0.0	10135.0
380	3561.8333333333335	0.0	0.0	6873.0
390	3583.0	0.0	0.0	10349.0
400	3235.5	0.0	0.0	9842.0
410	3504.3333333333335	0.0	0.0	10504.0
420	3366.5	0.0	0.0	7150.0
430	3686.6666666666665	0.0	0.0	8998.0
440	3432.5	0.0	0.0	9625.0
450	3687.6666666666665	0.0	0.0	11748.0
460	3254.0	0.0	0.0	12876.0
470	3320.3333333333335	0.0	0.0	10822.0
480	3285.0	0.0	0.0	6830.0
490	3067.6666666666665	0.0	0.0	8999.0
500	3805.0	0.0	0.0	8076.0
510	3423.0	0.0	0.0	8665.0
520	3709.3333333333335	0.0	0.0	12960.0
530	3252.6666666666665	0.0	0.0	9403.0
540	3195.3333333333335	0.0	0.0	14145.0
550	3118.0	0.0	0.0	8834.0
560	4082.3333333333335	0.0	0.0	10239.0
570	3216.6666666666665	0.0	0.0	9870.0
580	3472.8333333333335	0.0	0.0	9555.0
590	3607.5	0.0	0.0	11461.0
600	4032.5	0.0	0.0	12495.0
610	4103.0	0.0	0.0	13442.0
620	3691.0	0.0	0.0	8402.0
630	3556.3333333333335	0.0	0.0	11799.0
640	3618.6666666666665	0.0	0.0	10308.0
650	3788.8333333333335	0.0	0.0	10374.0
660	3337.0	0.0	0.0	10957.0
670	3704.8333333333335	0.0	0.0	9099.0
680	3275.0	0.0	0.0	9707.0
690	3837.1666666666665	0.0	0.0	12939.0
700	3864.6666666666665	0.0	0.0	10194.0
710	3361.8333333333335	0.0	0.0	12622.0
720	3885.1666666666665	0.0	0.0	9352.0
730	3891.3333333333335	0.0	0.0	9939.0
740	4015.1666666666665	0.0	0.0	12341.0
750	3589.1666666666665	0.0	0.0	9841.0
760	4013.8333333333335	0.0	0.0	10018.0
770	3738.1666666666665	0.0	0.0	8764.0
780	3800.5	0.0	0.0	9626.0
790	3068.1666666666665	0.0	0.0	10958.0
800	3766.6666666666665	0.0	0.0	7105.0
810	3665.6666666666665	0.0	0.0	10655.0
820	3630.3333333333335	0.0	0.0	9851.0
830	3604.8333333333335	0.0	0.0	8335.0
840	4143.333333333333	0.0	0.0	14003.0
850	3498.8333333333335	0.0	0.0	9814.0
860	3990.5	0.0	0.0	12102.0
870	3779.3333333333335	0.0	0.0	8186.0
880	3958.6666666666665	0.0	0.0	9694.0
890	3868.6666666666665	0.0	0.0	8665.0
900	3860.5	0.0	0.0	13275.0
910	3592.0	0.0	0.0	9652.0
920	3567.3333333333335	0.0	0.0	11590.0
930	3889.8333333333335	0.0	0.0	11905.0
940	3667.1666666666665	0.0	0.0	9482.0
950	3851.8333333333335	0.0	0.0	9509.0
960	4001.0	0.0	0.0	12210.0
970	3819.5	0.0	0.0	9235.0
980	3770.8333333333335	0.0	0.0	10406.0
990	3560.8333333333335	0.0	0.0	11592.0
1000	3927.6666666666665	0.0	0.0	10943.0
