0	2302.5	0.0	0.0	0.0
10	2028.5	1000.0	1000.0	7841.0
20	2452.1666666666665	0.0	0.0	13424.0
30	2437.1666666666665	0.0	0.0	7972.0
40	2371.0	0.0	0.0	9680.0
50	2305.5	0.0	0.0	7332.0
60	2450.8333333333335	0.0	0.0	7645.0
70	2747.5	0.0	0.0	6758.0
80	2507.6666666666665	0.0	0.0	11798.0
90	2593.0	0.0	0.0	10488.0
100	2565.8333333333335	0.0	0.0	9311.0
110	2386.0	0.0	0.0	9142.0
120	2119.1666666666665	0.0	0.0	6272.0
130	2356.8333333333335	0.0	0.0	12414.0
140	2613.3333333333335	0.0	0.0	10747.0
150	1763.5	0.0	0.0	9712.0
160	2524.1666666666665	0.0	0.0	9017.0
170	2624.0	0.0	0.0	7572.0
180	2739.3333333333335	0.0	0.0	7927.0
190	2592.1666666666665	0.0	0.0	10278.0
200	2576.1666666666665	0.0	0.0	8067.0
210	2471.3333333333335	0.0	0.0	7075.0
220	2725.0	0.0	0.0	10280.0
230	2397.3333333333335	0.0	0.0	8638.0
240	3098.8333333333335	0.0	0.0	14037.0
250	3207.5	0.0	0.0	11967.0
260	2829.3333333333335	0.0	0.0	5739.0
270	2692.0	0.0	0.0	7285.0
280	2309.8333333333335	0.0	0.0	8203.0
290	2773.3333333333335	0.0	0.0	6276.0
300	2828.6666666666665	0.0	0.0	11368.0
310	3003.3333333333335	0.0	0.0	9889.0
320	2890.3333333333335	0.0	0.0	10135.0
330	2889.5	0.0	0.0	7968.0
340	3349.8333333333335	0.0	0.0	8835.0
350	2706.8333333333335	0.0	0.0	11152.0
360	3135.1666666666665	0.0	0.0	9203.0
370	3134.1666666666665	0.0	0.0	10290.0
380	3030.3333333333335	0.0	0.0	9735.0
390	3346.1666666666665	0.0	0.0	10069.0
400	2828.6666666666665	0.0	0.0	11533.0
410	3387.0	0.0	0.0	12614.0
420	3210.8333333333335	0.0	0.0	10337.0
430	3447.3333333333335	0.0	0.0	9758.0
440	3059.8333333333335	0.0	0.0	10528.0
450	2936.6666666666665	0.0	0.0	9874.0
460	3566.0	0.0	0.0	7832.0
470	3143.0	0.0	0.0	11025.0
480	3916.5	0.0	0.0	8882.0
490	3937.8333333333335	0.0	0.0	10344.0
500	3750.8333333333335	0.0	0.0	8453.0
510	3423.0	0.0	0.0	11015.0
520	3595.3333333333335	0.0	0.0	13353.0
530	3536.3333333333335	0.0	0.0	9916.0
540	3542.6666666666665	0.0	0.0	10687.0
550	3241.6666666666665	0.0	0.0	13801.0
560	3346.0	0.0	0.0	13569.0
570	3494.0	0.0	0.0	11997.0
580	3135.0	0.0	0.0	9090.0
590	3427.5	0.0	0.0	11310.0
600	3736.6666666666665	0.0	0.0	12644.0
610	3983.1666666666665	0.0	0.0	10398.0
620	3565.0	0.0	0.0	11459.0
630	3788.5	0.0	0.0	10853.0
640	3624.8333333333335	0.0	0.0	9256.0
650	3584.5	0.0	0.0	12155.0
660	4119.666666666667	0.0	0.0	9066.0
670	3696.0	0.0	0.0	9774.0
680	3878.8333333333335	0.0	0.0	10785.0
690	3953.0	0.0	0.0	10400.0
700	3801.8333333333335	0.0	0.0	10061.0
710	3968.8333333333335	0.0	0.0	7503.0
720	3687.3333333333335	0.0	0.0	10594.0
730	4062.1666666666665	0.0	0.0	10138.0
740	3444.8333333333335	0.0	0.0	10961.0
750	3745.3333333333335	0.0	0.0	11565.0
760	3341.6666666666665	0.0	0.0	12525.0
770	3688.8333333333335	0.0	0.0	9220.0
780	3905.8333333333335	0.0	0.0	10516.0
790	3951.8333333333335	0.0	0.0	12346.0
800	3626.3333333333335	0.0	0.0	8744.0
810	3531.3333333333335	0.0	0.0	9926.0
820	4069.6666666666665	0.0	0.0	9853.0
830	4034.3333333333335	0.0	0.0	10494.0
840	3925.6666666666665	0.0	0.0	10268.0
850	3612.3333333333335	0.0	0.0	9432.0
860	3580.3333333333335	0.0	0.0	12743.0
870	3606.6666666666665	0.0	0.0	7648.0
880	3714.1666666666665	0.0	0.0	8594.0
890	3524.3333333333335	0.0	0.0	12749.0
900	3698.0	0.0	0.0	8548.0
910	3445.1666666666665	0.0	0.0	10639.0
920	3706.6666666666665	0.0	0.0	9336.0
930	3858.1666666666665	0.0	0.0	8615.0
940	3270.1666666666665	0.0	0.0	8290.0
950	3654.1666666666665	0.0	0.0	8634.0
960	3814.6666666666665	0.0	0.0	8069.0
970	3659.1666666666665	0.0	0.0	9122.0
980	3592.6666666666665	0.0	0.0	9205.0
990	3533.8333333333335	0.0	0.0	9079.0
1000	3785.8333333333335	0.0	0.0	10777.0
