0	2357.3333333333335	0.0	0.0	0.0
10	2127.1666666666665	1000.0	1000.0	9082.0
20	2149.1666666666665	0.0	0.0	11814.0
30	2502.0	0.0	0.0	9002.0
40	2368.8333333333335	0.0	0.0	7492.0
50	2473.6666666666665	0.0	0.0	8206.0
60	2387.8333333333335	0.0	0.0	7524.0
70	2565.6666666666665	0.0	0.0	10337.0
80	2548.1666666666665	0.0	0.0	6663.0
90	2399.8333333333335	0.0	0.0	8502.0
100	2475.8333333333335	0.0	0.0	10012.0
110	2611.3333333333335	0.0	0.0	8627.0
120	2487.6666666666665	0.0	0.0	8645.0
130	2449.8333333333335	0.0	0.0	10573.0
140	2622.8333333333335	0.0	0.0	8490.0
150	2256.6666666666665	0.0	0.0	8258.0
160	2281.5	0.0	0.0	8683.0
170	2147.0	0.0	0.0	9583.0
180	2343.1666666666665	0.0	0.0	7293.0
190	2558.3333333333335	0.0	0.0	6069.0
200	2524.5	0.0	0.0	11701.0
210	2671.3333333333335	0.0	0.0	8920.0
220	3023.0	0.0	0.0	10984.0
230	2503.1666666666665	0.0	0.0	6296.0
240	2612.8333333333335	0.0	0.0	9173.0
250	2997.5	0.0	0.0	6243.0
260	2857.6666666666665	0.0	0.0	9027.0
270	2810.5	0.0	0.0	7275.0
280	2652.1666666666665	0.0	0.0	8938.0
290	2696.1666666666665	0.0	0.0	8742.0
300	2391.1666666666665	0.0	0.0	6171.0
310	3014.8333333333335	0.0	0.0	8057.0
320	2713.0	0.0	0.0	9922.0
330	2945.8333333333335	0.0	0.0	12917.0
340	2889.6666666666665	0.0	0.0	8868.0
350	2550.8333333333335	0.0	0.0	8552.0
360	2764.5	0.0	0.0	11231.0
370	2899.5	0.0	0.0	10174.0
380	3130.6666666666665	0.0	0.0	11847.0
390	3251.1666666666665	0.0	0.0	11172.0
400	2769.5	0.0	0.0	11912.0
410	3434.3333333333335	0.0	0.0	12264.0
420	3057.3333333333335	0.0	0.0	9975.0
430	3568.5	0.0	0.0	12518.0
440	3332.1666666666665	0.0	0.0	9934.0
450	3265.6666666666665	0.0	0.0	12461.0
460	3009.6666666666665	0.0	0.0	10812.0
470	3115.0	0.0	0.0	8685.0
480	3278.1666666666665	0.0	0.0	10302.0
490	3526.1666666666665	0.0	0.0	8392.0
500	3155.3333333333335	0.0	0.0	12361.0
510	3144.6666666666665	0.0	0.0	10635.0
520	3807.1666666666665	0.0	0.0	12952.0
530	3644.8333333333335	0.0	0.0	8954.0
540	3947.5	0.0	0.0	8226.0
550	3728.8333333333335	0.0	0.0	12370.0
560	3735.1666666666665	0.0	0.0	11450.0
570	3186.0	0.0	0.0	10313.0
580	3629.8333333333335	0.0	0.0	9110.0
590	3408.1666666666665	0.0	0.0	11506.0
600	3702.6666666666665	0.0	0.0	6301.0
610	3902.3333333333335	0.0	0.0	13397.0
620	4001.3333333333335	0.0	0.0	11622.0
630	3142.0	0.0	0.0	9669.0
640	3831.8333333333335	0.0	0.0	11293.0
650	3461.3333333333335	0.0	0.0	13651.0
660	3558.5	0.0	0.0	7178.0
670	3746.6666666666665	0.0	0.0	11215.0
680	3713.6666666666665	0.0	0.0	11269.0
690	3388.1666666666665	0.0	0.0	10112.0
700	3344.0	0.0	0.0	9100.0
710	3577.0	0.0	0.0	13704.0
720	3605.3333333333335	0.0	0.0	11795.0
730	3098.3333333333335	0.0	0.0	7036.0
740	3478.1666666666665	0.0	0.0	9203.0
750	3550.3333333333335	0.0	0.0	12665.0
760	3758.0	0.0	0.0	10001.0
770	3737.0	0.0	0.0	7744.0
780	3883.8333333333335	0.0	0.0	8478.0
790	3812.5	0.0	0.0	10605.0
800	3994.0	0.0	0.0	9144.0
810	3374.0	0.0	0.0	9299.0
820	3628.3333333333335	0.0	0.0	10295.0
830	3782.0	0.0	0.0	10230.0
840	3554.6666666666665	0.0	0.0	10871.0
850	3881.8333333333335	0.0	0.0	10432.0
860	3613.0	0.0	0.0	11468.0
870	3875.5	0.0	0.0	11510.0
880	3779.3333333333335	0.0	0.0	10040.0
890	3194.6666666666665	0.0	0.0	9207.0
900	3957.0	0.0	0.0	10054.0
910	3620.0	0.0	0.0	7208.0
920	4006.3333333333335	0.0	0.0	9092.0
930	3944.6666666666665	0.0	0.0	8770.0
940	3437.8333333333335	0.0	0.0	9139.0
950	3834.3333333333335	0.0	0.0	10761.0
960	3756.5	0.0	0.0	9047.0
970	3932.6666666666665	0.0	0.0	11202.0
980	3708.5	0.0	0.0	10928.0
990	3702.8333333333335	0.0	0.0	7280.0
1000	3568.3333333333335	0.0	0.0	12342.0
