0	2233.3333333333335	0.0	0.0	0.0
10	2327.8333333333335	1000.0	1000.0	12509.0
20	2367.3333333333335	0.0	0.0	10825.0
30	2260.8333333333335	0.0	0.0	9079.0
40	2474.1666666666665	0.0	0.0	11410.0
50	2384.1666666666665	0.0	0.0	8402.0
60	2497.6666666666665	0.0	0.0	8570.0
70	2289.6666666666665	0.0	0.0	8430.0
80	2365.0	0.0	0.0	11129.0
90	2187.1666666666665	0.0	0.0	7728.0
100	2365.6666666666665	0.0	0.0	10201.0
110	2419.8333333333335	0.0	0.0	8050.0
120	2607.5	0.0	0.0	11780.0
130	2921.6666666666665	0.0	0.0	11490.0
140	2536.5	0.0	0.0	7164.0
150	2785.0	0.0	0.0	10257.0
160	2882.6666666666665	0.0	0.0	10701.0
170	2747.8333333333335	0.0	0.0	11719.0
180	2021.3333333333333	0.0	0.0	7219.0
190	2482.8333333333335	0.0	0.0	10591.0
200	2742.0	0.0	0.0	9293.0
210	2785.5	0.0	0.0	8356.0
220	2298.8333333333335	0.0	0.0	10373.0
230	2555.0	0.0	0.0	10138.0
240	2667.5	0.0	0.0	10952.0
250	3017.1666666666665	0.0	0.0	7231.0
260	2913.6666666666665	0.0	0.0	6487.0
270	2996.5	0.0	0.0	10235.0
280	2746.1666666666665	0.0	0.0	7777.0
290	2495.8333333333335	0.0	0.0	11776.0
300	2939.5	0.0	0.0	7870.0
310	2588.6666666666665	0.0	0.0	12463.0
320	3306.5	0.0	0.0	10396.0
330	2889.6666666666665	0.0	0.0	9550.0
340	3357.1666666666665	0.0	0.0	8408.0
350	3252.5	0.0	0.0	9352.0
360	2978.0	0.0	0.0	12581.0
370	3213.8333333333335	0.0	0.0	10095.0
380	3704.1666666666665	0.0	0.0	11382.0
390	2957.6666666666665	0.0	0.0	9161.0
400	3234.0	0.0	0.0	12199.0
410	3536.3333333333335	0.0	0.0	10182.0
420	3675.5	0.0	0.0	6789.0
430	3409.8333333333335	0.0	0.0	11163.0
440	3237.1666666666665	0.0	0.0	15504.0
450	3498.0	0.0	0.0	13300.0
460	3536.1666666666665	0.0	0.0	8125.0
470	3522.8333333333335	0.0	0.0	13516.0
480	3468.6666666666665	0.0	0.0	10027.0
490	3152.3333333333335	0.0	0.0	10282.0
500	3409.3333333333335	0.0	0.0	9071.0
510	3151.5	0.0	0.0	11762.0
520	3437.1666666666665	0.0	0.0	7399.0
530	3916.6666666666665	0.0	0.0	10973.0
540	3481.8333333333335	0.0	0.0	10233.0
550	3812.8333333333335	0.0	0.0	14651.0
560	3972.0	0.0	0.0	10981.0
570	3784.6666666666665	0.0	0.0	10332.0
580	3883.5	0.0	0.0	9224.0
590	3941.6666666666665	0.0	0.0	8389.0
600	3615.3333333333335	0.0	0.0	8176.0
610	3728.1666666666665	0.0	0.0	8262.0
620	3736.8333333333335	0.0	0.0	10567.0
630	3636.0	0.0	0.0	8795.0
640	3873.3333333333335	0.0	0.0	10377.0
650	3689.1666666666665	0.0	0.0	8690.0
660	3849.0	0.0	0.0	9853.0
670	4158.0	0.0	0.0	10629.0
680	3969.5	0.0	0.0	10753.0
690	3876.1666666666665	0.0	0.0	11631.0
700	3650.0	0.0	0.0	11784.0
710	3858.5	0.0	0.0	9147.0
720	4111.333333333333	0.0	0.0	9843.0
730	3574.1666666666665	0.0	0.0	13728.0
740	3464.1666666666665	0.0	0.0	10894.0
750	3552.3333333333335	0.0	0.0	9262.0
760	3669.6666666666665	0.0	0.0	8336.0
770	3727.3333333333335	0.0	0.0	10344.0
780	3730.8333333333335	0.0	0.0	9387.0
790	3447.6666666666665	0.0	0.0	11913.0
800	3854.1666666666665	0.0	0.0	6754.0
810	3688.8333333333335	0.0	0.0	8118.0
820	3586.6666666666665	0.0	0.0	10829.0
830	3617.6666666666665	0.0	0.0	10077.0
840	3757.1666666666665	0.0	0.0	11747.0
850	3889.8333333333335	0.0	0.0	10019.0
860	3597.6666666666665	0.0	0.0	11264.0
870	3922.0	0.0	0.0	10794.0
880	3748.6666666666665	0.0	0.0	9852.0
890	3783.8333333333335	0.0	0.0	8884.0
900	3882.3333333333335	0.0	0.0	6966.0
910	3708.1666666666665	0.0	0.0	9754.0
920	3675.3333333333335	0.0	0.0	11424.0
930	3784.8333333333335	0.0	0.0	9454.0
940	3909.0	0.0	0.0	7781.0
950	3613.8333333333335	0.0	0.0	9432.0
960	4064.1666666666665	0.0	0.0	7533.0
970	3576.0	0.0	0.0	9903.0
980	3487.1666666666665	0.0	0.0	7500.0
990	3991.8333333333335	0.0	0.0	8355.0
1000	4092.6666666666665	0.0	0.0	8946.0
