0	2270.8333333333335	0.0	0.0	0.0
10	2169.0	1000.0	1000.0	9274.0
20	2280.3333333333335	0.0	0.0	10106.0
30	2555.6666666666665	0.0	0.0	13554.0
40	2424.1666666666665	0.0	0.0	6773.0
50	2518.1666666666665	0.0	0.0	9071.0
60	2318.1666666666665	0.0	0.0	7265.0
70	2497.6666666666665	0.0	0.0	7078.0
80	2553.6666666666665	0.0	0.0	8580.0
90	2338.3333333333335	0.0	0.0	9767.0
100	2296.6666666666665	0.0	0.0	7406.0
110	2845.8333333333335	0.0	0.0	11783.0
120	2861.5	0.0	0.0	6821.0
130	2482.3333333333335	0.0	0.0	9423.0
140	2664.5	0.0	0.0	6761.0
150	2456.8333333333335	0.0	0.0	6771.0
160	2718.5	0.0	0.0	8774.0
170	2957.3333333333335	0.0	0.0	10270.0
180	2976.0	0.0	0.0	7311.0
190	2820.3333333333335	0.0	0.0	9983.0
200	2395.0	0.0	0.0	6567.0
210	2345.1666666666665	0.0	0.0	7903.0
220	2404.5	0.0	0.0	7883.0
230	2318.6666666666665	0.0	0.0	11025.0
240	2583.0	0.0	0.0	7436.0
250	2810.8333333333335	0.0	0.0	10253.0
260	2994.8333333333335	0.0	0.0	10836.0
270	2425.5	0.0	0.0	10831.0
280	2381.3333333333335	0.0	0.0	8883.0
290	3106.3333333333335	0.0	0.0	6391.0
300	2943.0	0.0	0.0	10597.0
310	2693.3333333333335	0.0	0.0	6921.0
320	2812.0	0.0	0.0	10953.0
330	2871.8333333333335	0.0	0.0	11162.0
340	2771.5	0.0	0.0	12623.0
350	3238.8333333333335	0.0	0.0	8488.0
360	2936.3333333333335	0.0	0.0	10669.0
370	3164.8333333333335	0.0	0.0	8943.0
380	3444.1666666666665	0.0	0.0	11939.0
390	2742.0	0.0	0.0	11620.0
400	3397.6666666666665	0.0	0.0	9799.0
410	3323.3333333333335	0.0	0.0	5782.0
420	3366.3333333333335	0.0	0.0	14817.0
430	3059.0	0.0	0.0	10635.0
440	3580.6666666666665	0.0	0.0	9589.0
450	3533.3333333333335	0.0	0.0	9127.0
460	3635.5	0.0	0.0	10148.0
470	3511.6666666666665	0.0	0.0	7366.0
480	3832.1666666666665	0.0	0.0	8919.0
490	3685.0	0.0	0.0	9683.0
500	3904.1666666666665	0.0	0.0	10368.0
510	3495.3333333333335	0.0	0.0	7443.0
520	3788.5	0.0	0.0	10728.0
530	3789.8333333333335	0.0	0.0	9931.0
540	3923.8333333333335	0.0	0.0	12071.0
550	3359.3333333333335	0.0	0.0	9217.0
560	3392.3333333333335	0.0	0.0	8764.0
570	3702.8333333333335	0.0	0.0	12107.0
580	3925.8333333333335	0.0	0.0	6606.0
590	3466.6666666666665	0.0	0.0	12557.0
600	3575.5	0.0	0.0	9208.0
610	3167.3333333333335	0.0	0.0	12598.0
620	3226.8333333333335	0.0	0.0	9215.0
630	3844.0	0.0	0.0	10919.0
640	3638.0	0.0	0.0	9001.0
650	3775.1666666666665	0.0	0.0	7277.0
660	3947.6666666666665	0.0	0.0	9492.0
670	3842.0	0.0	0.0	10077.0
680	3056.6666666666665	0.0	0.0	10631.0
690	3603.6666666666665	0.0	0.0	11980.0
700	3514.1666666666665	0.0	0.0	10885.0
710	3708.1666666666665	0.0	0.0	8893.0
720	3869.8333333333335	0.0	0.0	13405.0
730	3638.5	0.0	0.0	8224.0
740	3911.5	0.0	0.0	12096.0
750	4023.0	0.0	0.0	9353.0
760	3797.5	0.0	0.0	8699.0
770	3666.0	0.0	0.0	11813.0
780	3811.1666666666665	0.0	0.0	9941.0
790	4021.8333333333335	0.0	0.0	8988.0
800	3679.5	0.0	0.0	11639.0
810	3884.6666666666665	0.0	0.0	11870.0
820	3805.1666666666665	0.0	0.0	10043.0
830	3921.8333333333335	0.0	0.0	9334.0
840	3909.3333333333335	0.0	0.0	7425.0
850	3715.8333333333335	0.0	0.0	9778.0
860	3582.8333333333335	0.0	0.0	12064.0
870	3737.3333333333335	0.0	0.0	10705.0
880	3835.0	0.0	0.0	10905.0
890	3324.8333333333335	0.0	0.0	11105.0
900	3762.3333333333335	0.0	0.0	11484.0
910	3794.3333333333335	0.0	0.0	10378.0
920	3639.3333333333335	0.0	0.0	9185.0
930	3763.6666666666665	0.0	0.0	7006.0
940	3672.8333333333335	0.0	0.0	8340.0
950	3585.8333333333335	0.0	0.0	13557.0
960	3588.6666666666665	0.0	0.0	10639.0
970	3954.0	0.0	0.0	10189.0
980	3924.1666666666665	0.0	0.0	8386.0
990	3912.8333333333335	0.0	0.0	10450.0
1000	3694.0	0.0	0.0	11659.0
