0	2346.5	0.0	0.0	0.0
10	2438.0	1000.0	1000.0	12101.0
20	2303.5	0.0	0.0	7555.0
30	2176.6666666666665	0.0	0.0	9482.0
40	2222.3333333333335	0.0	0.0	7914.0
50	2347.8333333333335	0.0	0.0	7739.0
60	2335.8333333333335	0.0	0.0	5632.0
70	2506.3333333333335	0.0	0.0	7403.0
80	2407.8333333333335	0.0	0.0	10187.0
90	2633.1666666666665	0.0	0.0	5518.0
100	2384.0	0.0	0.0	8300.0
110	2469.1666666666665	0.0	0.0	7269.0
120	2388.8333333333335	0.0	0.0	12809.0
130	2362.0	0.0	0.0	8632.0
140	2500.8333333333335	0.0	0.0	6764.0
150	2582.6666666666665	0.0	0.0	7107.0
160	2752.5	0.0	0.0	8791.0
170	2257.8333333333335	0.0	0.0	10908.0
180	2687.3333333333335	0.0	0.0	7285.0
190	2961.8333333333335	0.0	0.0	9693.0
200	2852.5	0.0	0.0	9992.0
210	3049.3333333333335	0.0	0.0	11539.0
220	2652.5	0.0	0.0	12648.0
230	3037.5	0.0	0.0	10257.0
240	2857.1666666666665	0.0	0.0	10831.0
250	2471.1666666666665	0.0	0.0	6436.0
260	2622.3333333333335	0.0	0.0	10467.0
270	2735.1666666666665	0.0	0.0	10060.0
280	2403.1666666666665	0.0	0.0	12139.0
290	2582.5	0.0	0.0	9710.0
300	3210.6666666666665	0.0	0.0	9105.0
310	2841.0	0.0	0.0	9010.0
320	3222.0	0.0	0.0	11068.0
330	3061.0	0.0	0.0	10337.0
340	2880.5	0.0	0.0	9756.0
350	3289.0	0.0	0.0	10010.0
360	3274.8333333333335	0.0	0.0	7995.0
370	2993.6666666666665	0.0	0.0	10746.0
380	3235.5	0.0	0.0	11927.0
390	3289.8333333333335	0.0	0.0	5586.0
400	2803.6666666666665	0.0	0.0	11551.0
410	3464.6666666666665	0.0	0.0	7053.0
420	3106.3333333333335	0.0	0.0	9593.0
430	3300.6666666666665	0.0	0.0	10594.0
440	3232.6666666666665	0.0	0.0	9687.0
450	3636.3333333333335	0.0	0.0	12891.0
460	3368.8333333333335	0.0	0.0	8998.0
470	3095.5	0.0	0.0	13826.0
480	3457.6666666666665	0.0	0.0	12931.0
490	3240.1666666666665	0.0	0.0	10592.0
500	3589.1666666666665	0.0	0.0	10568.0
510	3121.0	0.0	0.0	12046.0
520	3535.8333333333335	0.0	0.0	9156.0
530	3771.8333333333335	0.0	0.0	7721.0
540	3370.8333333333335	0.0	0.0	9167.0
550	3604.0	0.0	0.0	14894.0
560	3484.8333333333335	0.0	0.0	11353.0
570	4040.5	0.0	0.0	6462.0
580	3131.6666666666665	0.0	0.0	8802.0
590	4021.6666666666665	0.0	0.0	11831.0
600	3507.3333333333335	0.0	0.0	7717.0
610	3427.0	0.0	0.0	10125.0
620	2787.5	0.0	0.0	11314.0
630	3586.0	0.0	0.0	9241.0
640	3905.5	0.0	0.0	11181.0
650	3892.6666666666665	0.0	0.0	9199.0
660	3387.3333333333335	0.0	0.0	10416.0
670	3916.5	0.0	0.0	13124.0
680	3825.3333333333335	0.0	0.0	9425.0
690	4025.5	0.0	0.0	10728.0
700	3496.3333333333335	0.0	0.0	10591.0
710	3763.0	0.0	0.0	10860.0
720	3413.1666666666665	0.0	0.0	10924.0
730	3580.0	0.0	0.0	10556.0
740	3784.6666666666665	0.0	0.0	11066.0
750	3922.8333333333335	0.0	0.0	11256.0
760	2994.8333333333335	0.0	0.0	11817.0
770	3866.8333333333335	0.0	0.0	9717.0
780	3693.8333333333335	0.0	0.0	9800.0
790	3497.8333333333335	0.0	0.0	10305.0
800	3512.3333333333335	0.0	0.0	7606.0
810	3941.1666666666665	0.0	0.0	9668.0
820	4039.8333333333335	0.0	0.0	12593.0
830	4122.166666666667	0.0	0.0	12816.0
840	3763.3333333333335	0.0	0.0	10946.0
850	3863.5	0.0	0.0	11355.0
860	3749.6666666666665	0.0	0.0	9266.0
870	3760.1666666666665	0.0	0.0	9831.0
880	3609.0	0.0	0.0	12244.0
890	3548.1666666666665	0.0	0.0	9715.0
900	3725.1666666666665	0.0	0.0	7582.0
910	3595.8333333333335	0.0	0.0	9695.0
920	3334.6666666666665	0.0	0.0	8253.0
930	3684.6666666666665	0.0	0.0	9027.0
940	3739.1666666666665	0.0	0.0	11098.0
950	3587.8333333333335	0.0	0.0	12395.0
960	3801.3333333333335	0.0	0.0	10158.0
970	4092.6666666666665	0.0	0.0	9730.0
980	3526.0	0.0	0.0	8119.0
990	3749.6666666666665	0.0	0.0	9603.0
1000	3884.3333333333335	0.0	0.0	13038.0
