0	1631.3333333333333	0.0	0.0	0.0
10	1720.8333333333333	926.0	1434.0	9338.0
20	1644.0	74.0	85.0	9077.0
30	1751.0	0.0	0.0	5323.0
40	1708.0	0.0	0.0	4773.0
50	1595.5	0.0	0.0	6362.0
60	1773.3333333333333	0.0	0.0	6710.0
70	1714.1666666666667	0.0	0.0	6484.0
80	1688.6666666666667	0.0	0.0	6064.0
90	1637.6666666666667	0.0	0.0	6406.0
100	1613.6666666666667	0.0	0.0	6290.0
110	1858.5	0.0	0.0	10480.0
120	1650.0	0.0	0.0	7390.0
130	1410.3333333333333	0.0	0.0	7546.0
140	1365.3333333333333	0.0	0.0	9719.0
150	1741.1666666666667	0.0	0.0	7600.0
160	1436.8333333333333	0.0	0.0	4827.0
170	1484.6666666666667	0.0	0.0	8952.0
180	1277.6666666666667	0.0	0.0	5642.0
190	1394.6666666666667	0.0	0.0	5948.0
200	1643.0	0.0	0.0	4985.0
210	1574.0	0.0	0.0	7990.0
220	1427.0	0.0	0.0	6269.0
230	1456.6666666666667	0.0	0.0	6156.0
240	1222.0	0.0	0.0	6702.0
250	1441.0	0.0	0.0	6339.0
260	1391.6666666666667	0.0	0.0	5318.0
270	1275.6666666666667	0.0	0.0	6842.0
280	1354.3333333333333	0.0	0.0	8098.0
290	1308.3333333333333	0.0	0.0	7603.0
300	1371.3333333333333	0.0	0.0	6876.0
310	1345.0	0.0	0.0	6332.0
320	1387.0	0.0	0.0	5337.0
330	1349.3333333333333	0.0	0.0	5862.0
340	1259.3333333333333	0.0	0.0	6403.0
350	1363.3333333333333	0.0	0.0	6398.0
360	1205.3333333333333	0.0	0.0	5576.0
370	1447.3333333333333	0.0	0.0	4763.0
380	1351.0	0.0	0.0	5079.0
390	1430.3333333333333	0.0	0.0	6348.0
400	1279.6666666666667	0.0	0.0	4679.0
410	1441.0	0.0	0.0	6659.0
420	1399.6666666666667	0.0	0.0	5112.0
430	1323.3333333333333	0.0	0.0	4859.0
440	1410.3333333333333	0.0	0.0	6160.0
450	1412.6666666666667	0.0	0.0	5062.0
460	1265.0	0.0	0.0	5193.0
470	1403.6666666666667	0.0	0.0	5559.0
480	1312.6666666666667	0.0	0.0	5769.0
490	1451.0	0.0	0.0	8232.0
500	1376.3333333333333	0.0	0.0	5055.0
510	1226.0	0.0	0.0	6972.0
520	1562.3333333333333	0.0	0.0	6357.0
530	1231.6666666666667	0.0	0.0	8480.0
540	1103.0	0.0	0.0	5832.0
550	1323.3333333333333	0.0	0.0	6175.0
560	1114.3333333333333	0.0	0.0	6169.0
570	1519.0	0.0	0.0	6666.0
580	1160.6666666666667	0.0	0.0	6805.0
590	1490.8333333333333	0.0	0.0	6997.0
600	1347.0	0.0	0.0	5259.0
610	1366.3333333333333	0.0	0.0	6402.0
620	1389.3333333333333	0.0	0.0	5260.0
630	1368.6666666666667	0.0	0.0	5448.0
640	1367.0	0.0	0.0	7025.0
650	1433.3333333333333	0.0	0.0	4782.0
660	1194.0	0.0	0.0	5485.0
670	1371.0	0.0	0.0	6900.0
680	1301.6666666666667	0.0	0.0	4862.0
690	1263.3333333333333	0.0	0.0	6297.0
700	1305.6666666666667	0.0	0.0	4803.0
710	1232.3333333333333	0.0	0.0	5462.0
720	1291.3333333333333	0.0	0.0	5223.0
730	1169.0	0.0	0.0	5684.0
740	1225.3333333333333	0.0	0.0	4508.0
750	1297.3333333333333	0.0	0.0	5036.0
760	1258.0	0.0	0.0	4597.0
770	1227.6666666666667	0.0	0.0	6147.0
780	1267.6666666666667	0.0	0.0	7205.0
790	1300.3333333333333	0.0	0.0	5548.0
800	1355.3333333333333	0.0	0.0	5957.0
810	1190.0	0.0	0.0	6450.0
820	1412.3333333333333	0.0	0.0	5748.0
830	1335.0	0.0	0.0	5873.0
840	1219.3333333333333	0.0	0.0	7116.0
850	1335.3333333333333	0.0	0.0	5590.0
860	1258.3333333333333	0.0	0.0	5816.0
870	1235.6666666666667	0.0	0.0	7686.0
880	1346.0	0.0	0.0	5232.0
890	1121.0	0.0	0.0	5291.0
900	1140.0	0.0	0.0	4178.0
910	1132.6666666666667	0.0	0.0	3622.0
920	1102.0	0.0	0.0	7089.0
930	1219.0	0.0	0.0	5532.0
940	1286.6666666666667	0.0	0.0	5169.0
950	1190.3333333333333	0.0	0.0	5369.0
960	1292.6666666666667	0.0	0.0	5001.0
970	1232.0	0.0	0.0	6075.0
980	1181.6666666666667	0.0	0.0	5305.0
990	1422.3333333333333	0.0	0.0	5761.0
1000	1308.3333333333333	0.0	0.0	3696.0
