0	2346.0	0.0	0.0	0.0
10	2272.6666666666665	11.0	934.0	9678.0
20	2188.8333333333335	33.0	798.0	8943.0
30	2368.3333333333335	111.0	1621.0	9655.0
40	2266.6666666666665	20.0	821.0	9216.0
50	2480.5	5.0	907.0	10016.0
60	2249.3333333333335	12.0	663.0	8425.0
70	2426.6666666666665	9.0	593.0	7974.0
80	2243.8333333333335	9.0	619.0	8722.0
90	2367.1666666666665	24.0	1018.0	10425.0
100	2281.5	43.0	941.0	9750.0
110	2391.3333333333335	17.0	622.0	7734.0
120	2743.1666666666665	15.0	281.0	8737.0
130	2532.8333333333335	62.0	1364.0	11018.0
140	2848.3333333333335	20.0	835.0	9381.0
150	2252.3333333333335	29.0	608.0	7465.0
160	2313.6666666666665	19.0	223.0	5405.0
170	2272.8333333333335	15.0	804.0	8999.0
180	2226.0	36.0	675.0	7979.0
190	2419.6666666666665	12.0	473.0	6872.0
200	2697.0	10.0	851.0	9706.0
210	2539.0	9.0	665.0	9209.0
220	2201.0	16.0	832.0	10460.0
230	2546.8333333333335	12.0	452.0	9496.0
240	2440.1666666666665	83.0	599.0	8308.0
250	2701.6666666666665	21.0	800.0	10275.0
260	2434.0	9.0	593.0	11052.0
270	2075.6666666666665	4.0	345.0	5703.0
280	2665.1666666666665	17.0	735.0	11877.0
290	2577.8333333333335	13.0	513.0	7717.0
300	2437.6666666666665	8.0	781.0	11313.0
310	2423.3333333333335	0.0	607.0	7173.0
320	3258.0	1.0	571.0	7595.0
330	2974.3333333333335	5.0	782.0	7564.0
340	3217.6666666666665	5.0	843.0	11878.0
350	3438.8333333333335	6.0	552.0	8970.0
360	3255.8333333333335	2.0	593.0	9955.0
370	3222.1666666666665	7.0	745.0	11019.0
380	3474.3333333333335	0.0	762.0	9909.0
390	3003.6666666666665	0.0	666.0	8664.0
400	3106.5	0.0	602.0	8535.0
410	2706.1666666666665	10.0	709.0	8991.0
420	3224.1666666666665	0.0	682.0	10400.0
430	3309.6666666666665	1.0	722.0	11962.0
440	3832.1666666666665	2.0	679.0	10908.0
450	3408.6666666666665	0.0	603.0	11044.0
460	2663.3333333333335	0.0	514.0	10618.0
470	3356.8333333333335	1.0	450.0	12464.0
480	3203.3333333333335	0.0	553.0	8681.0
490	3524.1666666666665	0.0	778.0	12465.0
500	2935.8333333333335	0.0	470.0	9104.0
510	3055.3333333333335	0.0	641.0	9606.0
520	3437.5	0.0	703.0	13096.0
530	3346.8333333333335	0.0	398.0	11510.0
540	3020.8333333333335	0.0	516.0	7911.0
550	3328.8333333333335	0.0	715.0	9730.0
560	3428.6666666666665	0.0	781.0	12409.0
570	3839.3333333333335	0.0	706.0	11543.0
580	3498.0	0.0	723.0	10945.0
590	4144.333333333333	0.0	769.0	8993.0
600	3723.1666666666665	0.0	555.0	9645.0
610	3176.0	0.0	726.0	11215.0
620	3456.1666666666665	0.0	700.0	12197.0
630	3750.3333333333335	0.0	779.0	11931.0
640	3543.3333333333335	0.0	684.0	11311.0
650	3418.5	0.0	788.0	12075.0
660	3820.6666666666665	0.0	786.0	12178.0
670	3310.0	0.0	564.0	10581.0
680	3849.8333333333335	0.0	618.0	10545.0
690	3588.6666666666665	0.0	351.0	7534.0
700	3577.0	0.0	763.0	10793.0
710	3639.5	0.0	573.0	11627.0
720	3691.5	0.0	873.0	12431.0
730	3649.6666666666665	0.0	663.0	11741.0
740	3852.8333333333335	0.0	384.0	8073.0
750	3871.8333333333335	0.0	523.0	11358.0
760	3700.6666666666665	0.0	618.0	12290.0
770	3806.5	0.0	687.0	9843.0
780	3776.1666666666665	0.0	485.0	10011.0
790	3451.3333333333335	0.0	584.0	12586.0
800	3647.6666666666665	0.0	457.0	10191.0
810	3834.0	0.0	410.0	8007.0
820	3668.8333333333335	0.0	670.0	11368.0
830	3692.6666666666665	0.0	579.0	8871.0
840	3755.5	0.0	461.0	10575.0
850	3834.0	0.0	625.0	10373.0
860	3870.8333333333335	0.0	626.0	11837.0
870	3610.8333333333335	0.0	889.0	11772.0
880	3828.5	0.0	520.0	10353.0
890	3900.8333333333335	0.0	613.0	10158.0
900	3820.1666666666665	0.0	442.0	8159.0
910	3896.6666666666665	0.0	636.0	12757.0
920	3576.8333333333335	0.0	836.0	13094.0
930	3772.1666666666665	0.0	452.0	9743.0
940	3609.3333333333335	0.0	638.0	12144.0
950	3927.8333333333335	0.0	593.0	12756.0
960	3697.3333333333335	0.0	838.0	12211.0
970	3772.5	0.0	471.0	10494.0
980	3770.6666666666665	0.0	301.0	9008.0
990	4101.166666666667	0.0	417.0	8662.0
1000	3640.5	0.0	712.0	11561.0
