0	237.33333333333334	0.0	0.0	0.0
10	1869.0	1000.0	1000.0	8730.0
20	2119.1666666666665	0.0	0.0	7637.0
30	1919.5	0.0	0.0	8898.0
40	1898.8333333333333	0.0	0.0	8049.0
50	1972.3333333333333	0.0	0.0	10803.0
60	2314.6666666666665	0.0	0.0	9540.0
70	2334.0	0.0	0.0	13443.0
80	2154.3333333333335	0.0	0.0	6816.0
90	1801.1666666666667	0.0	0.0	5600.0
100	2387.5	0.0	0.0	7775.0
110	2186.3333333333335	0.0	0.0	10162.0
120	2132.3333333333335	0.0	0.0	8471.0
130	2193.8333333333335	0.0	0.0	9948.0
140	2478.5	0.0	0.0	10536.0
150	2119.0	0.0	0.0	10172.0
160	2139.1666666666665	0.0	0.0	5771.0
170	2548.0	0.0	0.0	9133.0
180	2393.8333333333335	0.0	0.0	8090.0
190	2653.5	0.0	0.0	8308.0
200	2440.6666666666665	0.0	0.0	8726.0
210	2666.5	0.0	0.0	8952.0
220	2712.1666666666665	0.0	0.0	6723.0
230	2354.1666666666665	0.0	0.0	8374.0
240	2098.3333333333335	0.0	0.0	8459.0
250	2212.3333333333335	0.0	0.0	8036.0
260	2517.0	0.0	0.0	8936.0
270	2635.6666666666665	0.0	0.0	5799.0
280	2500.3333333333335	0.0	0.0	8755.0
290	2786.5	0.0	0.0	11240.0
300	2150.0	0.0	0.0	6092.0
310	2630.5	0.0	0.0	8114.0
320	2650.8333333333335	0.0	0.0	7554.0
330	2639.8333333333335	0.0	0.0	9601.0
340	3072.6666666666665	0.0	0.0	9742.0
350	2449.0	0.0	0.0	7430.0
360	2590.1666666666665	0.0	0.0	8026.0
370	2927.0	0.0	0.0	7556.0
380	2761.8333333333335	0.0	0.0	8633.0
390	3153.8333333333335	0.0	0.0	10593.0
400	3256.8333333333335	0.0	0.0	9088.0
410	2619.0	0.0	0.0	9822.0
420	2644.5	0.0	0.0	10243.0
430	2843.0	0.0	0.0	8389.0
440	3102.6666666666665	0.0	0.0	8467.0
450	3362.0	0.0	0.0	6845.0
460	3113.5	0.0	0.0	11216.0
470	3240.1666666666665	0.0	0.0	8874.0
480	2924.5	0.0	0.0	11854.0
490	3797.5	0.0	0.0	8344.0
500	3623.1666666666665	0.0	0.0	8142.0
510	3388.0	0.0	0.0	9361.0
520	3910.6666666666665	0.0	0.0	10040.0
530	3174.0	0.0	0.0	15624.0
540	3721.1666666666665	0.0	0.0	11804.0
550	3082.8333333333335	0.0	0.0	8747.0
560	3879.3333333333335	0.0	0.0	11915.0
570	3451.8333333333335	0.0	0.0	8914.0
580	3088.6666666666665	0.0	0.0	12670.0
590	3482.1666666666665	0.0	0.0	9387.0
600	3575.1666666666665	0.0	0.0	11837.0
610	3211.5	0.0	0.0	8661.0
620	3827.0	0.0	0.0	10660.0
630	3889.8333333333335	0.0	0.0	10759.0
640	3966.5	0.0	0.0	13294.0
650	3477.3333333333335	0.0	0.0	8576.0
660	3974.6666666666665	0.0	0.0	10551.0
670	3632.5	0.0	0.0	11484.0
680	3679.5	0.0	0.0	12213.0
690	3912.1666666666665	0.0	0.0	8998.0
700	3674.1666666666665	0.0	0.0	9772.0
710	3653.6666666666665	0.0	0.0	9887.0
720	3827.1666666666665	0.0	0.0	15445.0
730	3963.3333333333335	0.0	0.0	8232.0
740	3999.1666666666665	0.0	0.0	11516.0
750	4064.5	0.0	0.0	12727.0
760	3657.6666666666665	0.0	0.0	11544.0
770	4223.333333333333	0.0	0.0	10094.0
780	3565.6666666666665	0.0	0.0	7828.0
790	3750.8333333333335	0.0	0.0	9385.0
800	3903.3333333333335	0.0	0.0	11132.0
810	3562.0	0.0	0.0	8531.0
820	3749.3333333333335	0.0	0.0	12611.0
830	3524.6666666666665	0.0	0.0	11434.0
840	3583.8333333333335	0.0	0.0	9764.0
850	3693.6666666666665	0.0	0.0	9190.0
860	3349.6666666666665	0.0	0.0	11446.0
870	3727.1666666666665	0.0	0.0	11851.0
880	3577.0	0.0	0.0	10420.0
890	3747.8333333333335	0.0	0.0	11304.0
900	3817.0	0.0	0.0	11485.0
910	3788.3333333333335	0.0	0.0	9337.0
920	3964.8333333333335	0.0	0.0	10415.0
930	3670.1666666666665	0.0	0.0	12953.0
940	3820.0	0.0	0.0	9297.0
950	3573.1666666666665	0.0	0.0	12281.0
960	4127.0	0.0	0.0	8638.0
970	3622.8333333333335	0.0	0.0	10812.0
980	3942.0	0.0	0.0	8684.0
990	3642.1666666666665	0.0	0.0	9516.0
1000	3923.3333333333335	0.0	0.0	11632.0
