0	267.3333333333333	0.0	0.0	0.0
10	2068.6666666666665	3960.0	12229.0	12285.0
20	2196.8333333333335	2298.0	9527.0	9575.0
30	2097.1666666666665	3450.0	11075.0	11145.0
40	2377.5	3169.0	11600.0	11645.0
50	2627.5	3734.0	13119.0	13194.0
60	2851.3333333333335	3118.0	12296.0	13247.0
70	2863.5	0.0	0.0	10073.0
80	2682.5	0.0	0.0	8988.0
90	3202.8333333333335	0.0	0.0	9901.0
100	2751.5	0.0	0.0	10710.0
110	3389.1666666666665	0.0	0.0	8984.0
120	3540.3333333333335	0.0	0.0	8423.0
130	3537.5	0.0	0.0	8772.0
140	3302.0	0.0	0.0	11095.0
150	3103.3333333333335	0.0	0.0	14650.0
160	3317.3333333333335	0.0	0.0	6450.0
170	3263.0	0.0	0.0	10580.0
180	3709.8333333333335	0.0	0.0	9558.0
190	3638.8333333333335	0.0	0.0	8778.0
200	2932.1666666666665	0.0	0.0	9946.0
210	3707.3333333333335	0.0	0.0	10941.0
220	3504.5	0.0	0.0	9515.0
230	3422.3333333333335	0.0	0.0	9701.0
240	3370.8333333333335	0.0	0.0	7111.0
250	3316.0	0.0	0.0	10366.0
260	3418.6666666666665	0.0	0.0	13615.0
270	3479.3333333333335	0.0	0.0	5999.0
280	3552.5	0.0	0.0	7352.0
290	3653.0	0.0	0.0	8891.0
300	3008.8333333333335	0.0	0.0	11778.0
310	3723.5	0.0	0.0	11816.0
320	3546.1666666666665	0.0	0.0	8911.0
330	3271.3333333333335	0.0	0.0	11857.0
340	3571.3333333333335	0.0	0.0	11544.0
350	3476.1666666666665	0.0	0.0	9958.0
360	3233.1666666666665	0.0	0.0	12170.0
370	3738.5	0.0	0.0	8987.0
380	3738.5	0.0	0.0	8076.0
390	3294.0	0.0	0.0	11514.0
400	3743.0	0.0	0.0	10650.0
410	3531.8333333333335	0.0	0.0	12079.0
420	3676.0	0.0	0.0	12391.0
430	3385.5	0.0	0.0	7135.0
440	3465.5	0.0	0.0	10453.0
450	3730.3333333333335	0.0	0.0	9699.0
460	3687.0	0.0	0.0	7765.0
470	3169.8333333333335	0.0	0.0	8314.0
480	3455.6666666666665	0.0	0.0	12890.0
490	3748.3333333333335	0.0	0.0	11799.0
500	3458.8333333333335	0.0	0.0	9766.0
510	3809.1666666666665	0.0	0.0	11192.0
520	3558.8333333333335	0.0	0.0	12545.0
530	3569.3333333333335	0.0	0.0	12250.0
540	4004.1666666666665	0.0	0.0	8561.0
550	3569.0	0.0	0.0	7937.0
560	3541.6666666666665	0.0	0.0	8839.0
570	3482.3333333333335	0.0	0.0	9525.0
580	3893.6666666666665	0.0	0.0	10356.0
590	3793.5	0.0	0.0	9629.0
600	3057.3333333333335	0.0	0.0	7051.0
610	3267.5	0.0	0.0	10376.0
620	3391.8333333333335	0.0	0.0	9641.0
630	3459.6666666666665	0.0	0.0	9890.0
640	3542.0	0.0	0.0	10325.0
650	3860.1666666666665	0.0	0.0	11134.0
660	3809.6666666666665	0.0	0.0	12591.0
670	3700.8333333333335	0.0	0.0	14019.0
680	3897.5	0.0	0.0	9475.0
690	3900.0	0.0	0.0	10935.0
700	3651.5	0.0	0.0	10295.0
710	3942.6666666666665	0.0	0.0	10689.0
720	3974.8333333333335	0.0	0.0	10640.0
730	3764.6666666666665	0.0	0.0	9656.0
740	3818.0	0.0	0.0	12111.0
750	3918.3333333333335	0.0	0.0	12634.0
760	4133.666666666667	0.0	0.0	13092.0
770	3817.1666666666665	0.0	0.0	9916.0
780	3567.8333333333335	0.0	0.0	10327.0
790	3531.3333333333335	0.0	0.0	10423.0
800	3893.1666666666665	0.0	0.0	10878.0
810	3868.8333333333335	0.0	0.0	12156.0
820	3604.8333333333335	0.0	0.0	11384.0
830	3820.3333333333335	0.0	0.0	11554.0
840	3850.3333333333335	0.0	0.0	7615.0
850	3775.5	0.0	0.0	9294.0
860	3781.3333333333335	0.0	0.0	12529.0
870	3840.3333333333335	0.0	0.0	11540.0
880	4068.8333333333335	0.0	0.0	10988.0
890	3686.3333333333335	0.0	0.0	9984.0
900	3756.5	0.0	0.0	10015.0
910	3864.8333333333335	0.0	0.0	9576.0
920	4113.833333333333	0.0	0.0	9541.0
930	3953.6666666666665	0.0	0.0	11476.0
940	3876.1666666666665	0.0	0.0	11759.0
950	3715.0	0.0	0.0	8317.0
960	3759.6666666666665	0.0	0.0	10887.0
970	3987.5	0.0	0.0	9142.0
980	3650.6666666666665	0.0	0.0	12694.0
990	3723.6666666666665	0.0	0.0	9011.0
1000	3960.0	0.0	0.0	9910.0
