0	262.0	0.0	0.0	0.0
10	1891.8333333333333	3022.0	12442.0	12508.0
20	2194.6666666666665	3612.0	14899.0	14972.0
30	2177.0	3916.0	13662.0	13743.0
40	2572.0	3481.0	13680.0	13720.0
50	2443.0	3317.0	13765.0	13822.0
60	2720.1666666666665	556.0	1398.0	11036.0
70	2713.0	0.0	0.0	5876.0
80	3291.6666666666665	0.0	0.0	7717.0
90	3417.1666666666665	0.0	0.0	11838.0
100	3429.6666666666665	0.0	0.0	11106.0
110	2957.0	0.0	0.0	13889.0
120	3147.0	0.0	0.0	11532.0
130	3480.6666666666665	0.0	0.0	10628.0
140	3419.5	0.0	0.0	10063.0
150	3986.6666666666665	0.0	0.0	8369.0
160	3326.3333333333335	0.0	0.0	9024.0
170	3559.8333333333335	0.0	0.0	7593.0
180	3857.3333333333335	0.0	0.0	10033.0
190	3167.6666666666665	0.0	0.0	11709.0
200	3701.1666666666665	0.0	0.0	8696.0
210	3427.1666666666665	0.0	0.0	9318.0
220	3422.0	0.0	0.0	10829.0
230	3705.8333333333335	0.0	0.0	8536.0
240	3827.8333333333335	0.0	0.0	9983.0
250	3660.6666666666665	0.0	0.0	12948.0
260	3663.3333333333335	0.0	0.0	9644.0
270	3731.6666666666665	0.0	0.0	12144.0
280	3863.1666666666665	0.0	0.0	11591.0
290	3982.0	0.0	0.0	9712.0
300	3931.1666666666665	0.0	0.0	11436.0
310	3449.5	0.0	0.0	12043.0
320	3950.3333333333335	0.0	0.0	10702.0
330	3498.6666666666665	0.0	0.0	13252.0
340	3861.1666666666665	0.0	0.0	13178.0
350	3741.1666666666665	0.0	0.0	11874.0
360	3821.3333333333335	0.0	0.0	12223.0
370	3821.6666666666665	0.0	0.0	9512.0
380	3876.0	0.0	0.0	9150.0
390	3762.8333333333335	0.0	0.0	9173.0
400	3700.0	0.0	0.0	8088.0
410	3787.1666666666665	0.0	0.0	11306.0
420	4018.8333333333335	0.0	0.0	10587.0
430	3739.5	0.0	0.0	11033.0
440	3713.6666666666665	0.0	0.0	8864.0
450	3941.3333333333335	0.0	0.0	9680.0
460	3095.3333333333335	0.0	0.0	11774.0
470	3675.8333333333335	0.0	0.0	10833.0
480	3698.3333333333335	0.0	0.0	11013.0
490	3477.1666666666665	0.0	0.0	12250.0
500	3370.5	0.0	0.0	9395.0
510	3641.6666666666665	0.0	0.0	10627.0
520	4166.5	0.0	0.0	8873.0
530	4083.6666666666665	0.0	0.0	9147.0
540	3675.8333333333335	0.0	0.0	10236.0
550	3437.8333333333335	0.0	0.0	9081.0
560	3826.5	0.0	0.0	10306.0
570	3629.1666666666665	0.0	0.0	10484.0
580	3948.8333333333335	0.0	0.0	8965.0
590	4189.666666666667	0.0	0.0	11611.0
600	4125.833333333333	0.0	0.0	12369.0
610	3711.3333333333335	0.0	0.0	8272.0
620	3653.5	0.0	0.0	12614.0
630	3543.8333333333335	0.0	0.0	10783.0
640	3974.3333333333335	0.0	0.0	10982.0
650	3888.3333333333335	0.0	0.0	5061.0
660	3578.3333333333335	0.0	0.0	11233.0
670	3746.0	0.0	0.0	11154.0
680	3442.5	0.0	0.0	8654.0
690	4006.5	0.0	0.0	8772.0
700	3853.5	0.0	0.0	10484.0
710	3873.8333333333335	0.0	0.0	8428.0
720	3721.1666666666665	0.0	0.0	8920.0
730	3882.3333333333335	0.0	0.0	11778.0
740	3821.6666666666665	0.0	0.0	12018.0
750	3707.5	0.0	0.0	10169.0
760	3680.0	0.0	0.0	12666.0
770	3494.0	0.0	0.0	8661.0
780	3555.8333333333335	0.0	0.0	10879.0
790	3515.6666666666665	0.0	0.0	11281.0
800	3770.1666666666665	0.0	0.0	11240.0
810	3847.0	0.0	0.0	6869.0
820	3907.6666666666665	0.0	0.0	9303.0
830	3475.0	0.0	0.0	10654.0
840	3722.8333333333335	0.0	0.0	10485.0
850	3658.0	0.0	0.0	10885.0
860	4036.3333333333335	0.0	0.0	11436.0
870	3578.3333333333335	0.0	0.0	9589.0
880	3892.3333333333335	0.0	0.0	14215.0
890	3811.6666666666665	0.0	0.0	9938.0
900	3603.1666666666665	0.0	0.0	11120.0
910	3780.6666666666665	0.0	0.0	10640.0
920	4121.166666666667	0.0	0.0	11223.0
930	3727.3333333333335	0.0	0.0	11500.0
940	3625.1666666666665	0.0	0.0	10660.0
950	3531.8333333333335	0.0	0.0	9543.0
960	3549.5	0.0	0.0	7966.0
970	3717.1666666666665	0.0	0.0	10350.0
980	3850.8333333333335	0.0	0.0	9961.0
990	3989.1666666666665	0.0	0.0	11120.0
1000	3506.1666666666665	0.0	0.0	11317.0
