0	266.6666666666667	0.0	0.0	0.0
10	2025.1666666666667	2754.0	10952.0	10991.0
20	1956.1666666666667	2290.0	9623.0	9674.0
30	2515.0	4443.0	16259.0	16330.0
40	2258.8333333333335	3791.0	12233.0	12291.0
50	2381.5	3675.0	14355.0	14406.0
60	2468.8333333333335	1765.0	6424.0	10554.0
70	2849.1666666666665	0.0	0.0	7326.0
80	2834.6666666666665	0.0	0.0	13730.0
90	3364.1666666666665	0.0	0.0	9913.0
100	2710.3333333333335	0.0	0.0	10989.0
110	3142.5	0.0	0.0	9961.0
120	3069.8333333333335	0.0	0.0	7720.0
130	3172.1666666666665	0.0	0.0	7574.0
140	3036.3333333333335	0.0	0.0	8579.0
150	3387.6666666666665	0.0	0.0	9088.0
160	3032.5	0.0	0.0	8296.0
170	3197.6666666666665	0.0	0.0	9569.0
180	3146.0	0.0	0.0	12735.0
190	3039.0	0.0	0.0	12352.0
200	3224.0	0.0	0.0	12212.0
210	3484.6666666666665	0.0	0.0	8201.0
220	3343.0	0.0	0.0	12201.0
230	2829.5	0.0	0.0	10426.0
240	3945.3333333333335	0.0	0.0	9016.0
250	3399.0	0.0	0.0	11445.0
260	3567.6666666666665	0.0	0.0	9262.0
270	3232.8333333333335	0.0	0.0	7390.0
280	3485.6666666666665	0.0	0.0	11628.0
290	3332.1666666666665	0.0	0.0	8522.0
300	3090.6666666666665	0.0	0.0	10201.0
310	3484.3333333333335	0.0	0.0	10776.0
320	3236.1666666666665	0.0	0.0	9791.0
330	3249.8333333333335	0.0	0.0	11169.0
340	3221.1666666666665	0.0	0.0	8091.0
350	3672.3333333333335	0.0	0.0	11076.0
360	3570.5	0.0	0.0	11599.0
370	3187.1666666666665	0.0	0.0	12915.0
380	3808.5	0.0	0.0	12097.0
390	3542.5	0.0	0.0	12247.0
400	3496.1666666666665	0.0	0.0	10796.0
410	3741.3333333333335	0.0	0.0	7965.0
420	3280.8333333333335	0.0	0.0	11396.0
430	3323.1666666666665	0.0	0.0	9806.0
440	3734.8333333333335	0.0	0.0	10286.0
450	3700.0	0.0	0.0	10817.0
460	3648.3333333333335	0.0	0.0	10225.0
470	3456.8333333333335	0.0	0.0	10922.0
480	3210.6666666666665	0.0	0.0	12504.0
490	3045.6666666666665	0.0	0.0	14192.0
500	3327.3333333333335	0.0	0.0	12717.0
510	3016.1666666666665	0.0	0.0	11292.0
520	3809.3333333333335	0.0	0.0	10003.0
530	3761.6666666666665	0.0	0.0	12858.0
540	3998.0	0.0	0.0	11008.0
550	3747.1666666666665	0.0	0.0	13007.0
560	3821.1666666666665	0.0	0.0	8981.0
570	3639.1666666666665	0.0	0.0	6505.0
580	3856.1666666666665	0.0	0.0	12142.0
590	3628.6666666666665	0.0	0.0	11760.0
600	3851.3333333333335	0.0	0.0	9829.0
610	3915.5	0.0	0.0	8380.0
620	3840.1666666666665	0.0	0.0	9495.0
630	4100.5	0.0	0.0	10689.0
640	3606.6666666666665	0.0	0.0	6940.0
650	3761.8333333333335	0.0	0.0	7902.0
660	3639.1666666666665	0.0	0.0	12576.0
670	3799.1666666666665	0.0	0.0	8329.0
680	4066.3333333333335	0.0	0.0	10248.0
690	4000.3333333333335	0.0	0.0	8530.0
700	3642.8333333333335	0.0	0.0	12152.0
710	3705.0	0.0	0.0	9491.0
720	3491.0	0.0	0.0	10779.0
730	3862.0	0.0	0.0	10672.0
740	3631.3333333333335	0.0	0.0	7907.0
750	3455.1666666666665	0.0	0.0	9681.0
760	3997.6666666666665	0.0	0.0	10616.0
770	3764.1666666666665	0.0	0.0	8717.0
780	4030.3333333333335	0.0	0.0	10040.0
790	3764.8333333333335	0.0	0.0	9303.0
800	3647.6666666666665	0.0	0.0	11491.0
810	3744.3333333333335	0.0	0.0	7010.0
820	3819.6666666666665	0.0	0.0	11307.0
830	3948.1666666666665	0.0	0.0	11931.0
840	4008.1666666666665	0.0	0.0	8409.0
850	3782.0	0.0	0.0	11783.0
860	3682.5	0.0	0.0	9077.0
870	3944.5	0.0	0.0	8911.0
880	3926.0	0.0	0.0	7325.0
890	3893.3333333333335	0.0	0.0	9528.0
900	3859.1666666666665	0.0	0.0	11014.0
910	3819.3333333333335	0.0	0.0	9177.0
920	3810.5	0.0	0.0	11609.0
930	3729.6666666666665	0.0	0.0	10282.0
940	3885.1666666666665	0.0	0.0	9609.0
950	3514.1666666666665	0.0	0.0	10174.0
960	3739.8333333333335	0.0	0.0	12343.0
970	3509.1666666666665	0.0	0.0	11202.0
980	3701.1666666666665	0.0	0.0	8733.0
990	3564.1666666666665	0.0	0.0	11185.0
1000	3813.0	0.0	0.0	9898.0
