0	295.0	0.0	0.0
10	2113.8333333333335	42.0	9661.0
20	2283.5	10.0	10483.0
30	1953.3333333333333	10.0	5593.0
40	1976.0	9.0	6771.0
50	2118.5	17.0	7848.0
60	1947.8333333333333	25.0	11463.0
70	2198.6666666666665	23.0	12610.0
80	2187.6666666666665	29.0	10082.0
90	2088.3333333333335	9.0	10499.0
100	2162.6666666666665	34.0	10582.0
110	2242.5	14.0	8467.0
120	2269.8333333333335	20.0	10904.0
130	2320.1666666666665	18.0	10344.0
140	2257.3333333333335	36.0	9974.0
150	2336.8333333333335	15.0	15138.0
160	2227.5	10.0	8971.0
170	2357.5	32.0	9348.0
180	2247.8333333333335	33.0	10903.0
190	2333.5	25.0	9857.0
200	2523.0	25.0	11037.0
210	2463.5	5.0	5369.0
220	2408.8333333333335	47.0	8866.0
230	2247.0	14.0	6046.0
240	2417.5	15.0	8499.0
250	2526.8333333333335	28.0	6904.0
260	2388.0	18.0	7869.0
270	2574.1666666666665	27.0	9883.0
280	2383.6666666666665	39.0	9730.0
290	2564.6666666666665	53.0	10925.0
300	2666.6666666666665	19.0	16645.0
310	2497.0	18.0	10897.0
320	2509.6666666666665	11.0	9112.0
330	2494.8333333333335	13.0	7830.0
340	2635.0	13.0	8426.0
350	2515.8333333333335	25.0	12479.0
360	2526.6666666666665	5.0	8561.0
370	2427.5	13.0	8035.0
380	2789.5	21.0	12319.0
390	2598.6666666666665	36.0	10863.0
400	2605.6666666666665	19.0	13980.0
410	2625.0	20.0	6960.0
420	2849.5	17.0	10718.0
430	2706.6666666666665	32.0	11991.0
440	2547.8333333333335	13.0	10963.0
450	2620.6666666666665	15.0	10266.0
460	2316.8333333333335	16.0	10214.0
470	2847.1666666666665	19.0	8797.0
480	2723.5	22.0	8411.0
490	2682.5	14.0	11363.0
500	2772.1666666666665	12.0	9596.0
510	2800.0	17.0	9385.0
520	2706.6666666666665	14.0	9704.0
530	2931.6666666666665	17.0	10180.0
540	2890.0	15.0	9629.0
550	2891.6666666666665	14.0	10305.0
560	2790.8333333333335	18.0	10433.0
570	3113.8333333333335	36.0	11728.0
580	2854.8333333333335	35.0	10987.0
590	2929.8333333333335	24.0	10197.0
600	2964.8333333333335	25.0	11852.0
610	2886.0	17.0	10934.0
620	2729.5	16.0	10219.0
630	3068.8333333333335	15.0	7552.0
640	2851.3333333333335	13.0	10364.0
650	3002.8333333333335	22.0	8506.0
660	2998.0	22.0	9235.0
670	2795.0	25.0	10175.0
680	3025.5	36.0	8187.0
690	3232.8333333333335	15.0	11532.0
700	2984.8333333333335	19.0	11219.0
710	2861.3333333333335	12.0	10139.0
720	2948.3333333333335	20.0	11605.0
730	2905.5	9.0	7739.0
740	2930.3333333333335	7.0	10414.0
750	3134.0	15.0	8128.0
760	3041.0	9.0	7811.0
770	3036.1666666666665	12.0	10226.0
780	3030.5	10.0	9962.0
790	3320.3333333333335	14.0	11000.0
800	2981.1666666666665	24.0	11723.0
810	3041.6666666666665	11.0	9221.0
820	3283.0	14.0	9977.0
830	3210.1666666666665	7.0	11404.0
840	3176.8333333333335	14.0	11379.0
850	3257.3333333333335	11.0	9209.0
860	3084.5	8.0	8546.0
870	3370.3333333333335	14.0	8475.0
880	3301.0	14.0	11737.0
890	3190.1666666666665	12.0	12091.0
900	2988.6666666666665	11.0	10543.0
910	3032.1666666666665	11.0	8329.0
920	3165.0	8.0	9865.0
930	3271.8333333333335	13.0	9284.0
940	3179.6666666666665	10.0	9788.0
950	3057.6666666666665	6.0	6697.0
960	3297.6666666666665	12.0	13182.0
970	3167.8333333333335	5.0	6223.0
980	3487.5	12.0	11918.0
990	3441.6666666666665	17.0	8044.0
1000	3070.5	14.0	8972.0
