0	267.3333333333333	0.0	0.0
10	1718.3333333333333	18.0	8803.0
20	2121.6666666666665	13.0	6887.0
30	2020.1666666666667	35.0	9521.0
40	2064.0	14.0	10385.0
50	2070.3333333333335	12.0	8239.0
60	2116.5	55.0	9453.0
70	1998.3333333333333	18.0	6819.0
80	2157.8333333333335	9.0	8485.0
90	2052.6666666666665	16.0	10093.0
100	2110.8333333333335	7.0	8505.0
110	2403.0	36.0	13839.0
120	2312.5	15.0	6935.0
130	2389.6666666666665	25.0	9819.0
140	2327.6666666666665	16.0	11640.0
150	2243.1666666666665	13.0	8037.0
160	2295.0	24.0	8470.0
170	2272.5	35.0	10380.0
180	2534.0	36.0	10064.0
190	2463.3333333333335	14.0	8138.0
200	2464.3333333333335	32.0	8513.0
210	2478.0	21.0	11781.0
220	2601.1666666666665	20.0	11612.0
230	2560.8333333333335	25.0	9360.0
240	2639.1666666666665	8.0	10170.0
250	2666.8333333333335	21.0	10174.0
260	2601.3333333333335	19.0	8169.0
270	2438.6666666666665	8.0	4990.0
280	2571.6666666666665	14.0	8398.0
290	2751.6666666666665	14.0	9945.0
300	2689.3333333333335	33.0	9257.0
310	2638.3333333333335	13.0	9305.0
320	2458.1666666666665	27.0	10408.0
330	2740.3333333333335	11.0	8905.0
340	2372.0	27.0	11641.0
350	2799.6666666666665	7.0	8180.0
360	2690.1666666666665	17.0	8232.0
370	2452.6666666666665	26.0	10772.0
380	2651.1666666666665	17.0	7953.0
390	2817.3333333333335	19.0	11713.0
400	2656.5	24.0	12912.0
410	3009.3333333333335	16.0	11529.0
420	2542.6666666666665	37.0	10416.0
430	2833.1666666666665	23.0	10443.0
440	2721.8333333333335	10.0	7461.0
450	2710.6666666666665	23.0	9053.0
460	2739.3333333333335	11.0	10210.0
470	2699.1666666666665	10.0	8442.0
480	2700.5	7.0	8140.0
490	2958.1666666666665	16.0	10944.0
500	2865.8333333333335	10.0	8329.0
510	2899.3333333333335	8.0	9205.0
520	2783.0	13.0	9275.0
530	2891.8333333333335	17.0	9641.0
540	2819.5	27.0	10561.0
550	2916.8333333333335	9.0	12021.0
560	2938.5	8.0	8078.0
570	2906.5	16.0	8746.0
580	3109.0	19.0	11228.0
590	2762.6666666666665	6.0	7389.0
600	3206.5	10.0	10583.0
610	2809.6666666666665	21.0	11589.0
620	2996.6666666666665	19.0	10279.0
630	3231.5	19.0	8539.0
640	2792.1666666666665	14.0	11816.0
650	3189.6666666666665	6.0	8962.0
660	3081.3333333333335	12.0	11452.0
670	3188.3333333333335	24.0	12617.0
680	2877.6666666666665	7.0	8210.0
690	2817.8333333333335	11.0	9658.0
700	3244.0	11.0	9738.0
710	3219.8333333333335	12.0	10319.0
720	2861.3333333333335	10.0	9029.0
730	3581.5	9.0	8059.0
740	3142.8333333333335	17.0	12135.0
750	2725.5	9.0	8456.0
760	3100.3333333333335	18.0	12060.0
770	3371.0	15.0	10771.0
780	3398.0	25.0	12892.0
790	3370.8333333333335	19.0	13029.0
800	3271.1666666666665	17.0	9126.0
810	3000.3333333333335	9.0	11010.0
820	3490.5	14.0	11422.0
830	3605.8333333333335	11.0	10945.0
840	3291.1666666666665	18.0	11728.0
850	3342.1666666666665	13.0	10550.0
860	3425.0	12.0	9147.0
870	3098.8333333333335	11.0	10106.0
880	3154.1666666666665	6.0	9007.0
890	3543.0	11.0	9399.0
900	3284.5	11.0	10196.0
910	3048.0	9.0	11875.0
920	3073.3333333333335	13.0	7598.0
930	3449.6666666666665	9.0	10514.0
940	3510.0	17.0	11438.0
950	3359.3333333333335	13.0	10225.0
960	3503.5	12.0	12353.0
970	3309.3333333333335	15.0	12262.0
980	3557.8333333333335	8.0	11324.0
990	3275.0	19.0	11001.0
1000	3392.0	17.0	12475.0
