0	243.33333333333334	0.0	0.0
10	1846.3333333333333	921.0	12258.0
20	1860.3333333333333	1005.0	11110.0
30	1799.5	674.0	8977.0
40	1801.6666666666667	613.0	9318.0
50	1960.0	1066.0	14193.0
60	2083.3333333333335	817.0	10639.0
70	2235.8333333333335	951.0	12017.0
80	2112.3333333333335	503.0	8478.0
90	2186.1666666666665	820.0	11423.0
100	2113.5	447.0	7446.0
110	2181.3333333333335	506.0	8301.0
120	2441.0	602.0	9423.0
130	2229.0	883.0	11770.0
140	2184.1666666666665	770.0	13063.0
150	2126.3333333333335	725.0	11298.0
160	2193.6666666666665	695.0	13131.0
170	2321.0	472.0	10739.0
180	2880.0	583.0	10437.0
190	2664.5	581.0	11564.0
200	2463.5	550.0	11071.0
210	2682.0	404.0	9578.0
220	3141.0	411.0	8695.0
230	2816.8333333333335	572.0	12696.0
240	2664.5	484.0	11741.0
250	3331.0	421.0	9210.0
260	2795.8333333333335	446.0	10534.0
270	2999.0	388.0	11050.0
280	3068.3333333333335	283.0	8251.0
290	2942.6666666666665	658.0	15694.0
300	3108.1666666666665	392.0	9641.0
310	3192.1666666666665	467.0	12197.0
320	2770.0	394.0	10353.0
330	3390.1666666666665	507.0	12298.0
340	3391.1666666666665	357.0	11037.0
350	3108.0	389.0	9724.0
360	3246.3333333333335	296.0	11119.0
370	3061.6666666666665	470.0	15186.0
380	3284.0	361.0	11740.0
390	3557.5	318.0	11696.0
400	3585.8333333333335	261.0	11051.0
410	3373.0	343.0	12489.0
420	3353.0	296.0	11476.0
430	3547.5	224.0	7546.0
440	3594.1666666666665	239.0	10313.0
450	2979.1666666666665	282.0	11472.0
460	3496.6666666666665	350.0	11703.0
470	3386.5	226.0	10524.0
480	3224.0	242.0	12567.0
490	3179.5	230.0	10608.0
500	3562.6666666666665	206.0	9267.0
510	3374.5	275.0	12984.0
520	3351.3333333333335	229.0	11824.0
530	3751.1666666666665	242.0	12734.0
540	3724.6666666666665	250.0	12385.0
550	3867.5	156.0	10664.0
560	3881.6666666666665	179.0	10236.0
570	3892.0	216.0	13054.0
580	3665.6666666666665	162.0	8547.0
590	3710.0	260.0	13067.0
600	3516.3333333333335	258.0	13188.0
610	3593.8333333333335	273.0	13706.0
620	3790.0	196.0	12533.0
630	3857.5	158.0	11409.0
640	3567.0	222.0	12829.0
650	3800.8333333333335	200.0	12885.0
660	3674.5	125.0	8930.0
670	3636.3333333333335	146.0	9706.0
680	3609.0	273.0	14812.0
690	3538.1666666666665	189.0	11986.0
700	3877.3333333333335	177.0	10588.0
710	3589.8333333333335	201.0	12953.0
720	3701.3333333333335	150.0	10274.0
730	3476.8333333333335	151.0	9616.0
740	3311.8333333333335	193.0	11915.0
750	3245.6666666666665	195.0	12107.0
760	3760.8333333333335	217.0	14034.0
770	3431.0	171.0	13007.0
780	3667.1666666666665	111.0	7387.0
790	3726.3333333333335	144.0	10134.0
800	3702.3333333333335	156.0	10413.0
810	3707.5	120.0	9291.0
820	3685.3333333333335	166.0	10560.0
830	3593.0	163.0	11009.0
840	3629.5	223.0	14662.0
850	3649.6666666666665	181.0	12389.0
860	3936.3333333333335	131.0	9831.0
870	3827.3333333333335	172.0	11553.0
880	3432.5	142.0	9395.0
890	3826.5	220.0	12251.0
900	3565.0	180.0	11789.0
910	3556.5	197.0	11956.0
920	3868.3333333333335	191.0	10904.0
930	3888.0	173.0	9192.0
940	3913.6666666666665	211.0	13417.0
950	3571.1666666666665	206.0	13889.0
960	3769.0	167.0	11968.0
970	3781.5	177.0	11636.0
980	3506.0	154.0	10931.0
990	3498.5	117.0	8857.0
1000	4127.666666666667	187.0	11283.0
