0	249.33333333333334	0.0	0.0	0.0
10	2079.6666666666665	185.0	2232.0	8960.0
20	2016.1666666666667	69.0	401.0	7223.0
30	2095.1666666666665	0.0	168.0	6649.0
40	2177.6666666666665	1.0	246.0	6551.0
50	1930.8333333333333	18.0	470.0	8610.0
60	2231.6666666666665	68.0	560.0	9566.0
70	2116.3333333333335	0.0	419.0	8698.0
80	2156.5	5.0	436.0	8159.0
90	2404.8333333333335	0.0	833.0	10762.0
100	2215.5	64.0	1420.0	11595.0
110	2268.6666666666665	30.0	669.0	7656.0
120	2392.6666666666665	23.0	320.0	6984.0
130	2552.5	2.0	588.0	9024.0
140	2439.5	75.0	911.0	10994.0
150	2641.3333333333335	0.0	532.0	8135.0
160	2660.0	64.0	565.0	9659.0
170	2480.1666666666665	0.0	651.0	9324.0
180	2498.1666666666665	4.0	828.0	8679.0
190	2594.5	0.0	272.0	5847.0
200	2770.3333333333335	0.0	681.0	8132.0
210	2411.5	27.0	694.0	9486.0
220	2579.1666666666665	86.0	398.0	7116.0
230	2831.3333333333335	6.0	260.0	7022.0
240	2802.3333333333335	0.0	937.0	10987.0
250	2517.0	29.0	275.0	6002.0
260	2368.3333333333335	31.0	621.0	10404.0
270	2332.3333333333335	12.0	389.0	8319.0
280	2371.8333333333335	80.0	629.0	10610.0
290	2615.5	47.0	976.0	10325.0
300	2497.8333333333335	62.0	418.0	9349.0
310	2570.6666666666665	12.0	185.0	7850.0
320	2564.5	0.0	0.0	11104.0
330	2894.8333333333335	0.0	0.0	8574.0
340	2854.8333333333335	0.0	0.0	8710.0
350	3066.3333333333335	0.0	0.0	12760.0
360	2862.3333333333335	0.0	0.0	7234.0
370	3105.6666666666665	0.0	0.0	10239.0
380	3267.6666666666665	0.0	0.0	8341.0
390	3151.0	0.0	0.0	8972.0
400	2990.6666666666665	0.0	0.0	13679.0
410	2954.6666666666665	0.0	0.0	11229.0
420	2977.6666666666665	0.0	0.0	8015.0
430	2698.3333333333335	0.0	0.0	10114.0
440	3003.1666666666665	0.0	0.0	10602.0
450	3081.3333333333335	0.0	0.0	9675.0
460	3146.0	0.0	0.0	11235.0
470	3457.5	0.0	0.0	8854.0
480	2939.1666666666665	0.0	0.0	10050.0
490	3299.5	0.0	0.0	7651.0
500	2959.8333333333335	0.0	0.0	9533.0
510	3531.1666666666665	0.0	0.0	9950.0
520	3568.5	0.0	0.0	10022.0
530	3261.8333333333335	0.0	0.0	12703.0
540	3244.5	0.0	0.0	12078.0
550	3477.6666666666665	0.0	0.0	11040.0
560	3123.6666666666665	0.0	0.0	6864.0
570	3987.5	0.0	0.0	10460.0
580	3374.6666666666665	0.0	0.0	11990.0
590	3409.8333333333335	0.0	0.0	12795.0
600	3232.0	0.0	0.0	10609.0
610	3303.0	0.0	0.0	10432.0
620	3192.5	0.0	0.0	9985.0
630	3443.0	0.0	0.0	10229.0
640	3848.3333333333335	0.0	0.0	13154.0
650	3486.0	0.0	0.0	11435.0
660	3525.8333333333335	0.0	0.0	9646.0
670	3515.0	0.0	0.0	7553.0
680	3969.6666666666665	0.0	0.0	11646.0
690	3934.6666666666665	0.0	0.0	8583.0
700	3778.5	0.0	0.0	13362.0
710	3789.6666666666665	0.0	0.0	10895.0
720	4038.5	0.0	0.0	11307.0
730	3696.8333333333335	0.0	0.0	11642.0
740	3685.0	0.0	0.0	9655.0
750	3275.1666666666665	0.0	0.0	9025.0
760	3544.8333333333335	0.0	0.0	8686.0
770	3584.5	0.0	0.0	10157.0
780	3688.3333333333335	0.0	0.0	10851.0
790	3852.6666666666665	0.0	0.0	10793.0
800	3279.8333333333335	0.0	0.0	9549.0
810	3658.6666666666665	0.0	0.0	11016.0
820	3541.6666666666665	0.0	0.0	9003.0
830	4017.5	0.0	0.0	14126.0
840	3589.6666666666665	0.0	0.0	11286.0
850	3701.8333333333335	0.0	0.0	9691.0
860	3664.6666666666665	0.0	0.0	12119.0
870	3684.1666666666665	0.0	0.0	10121.0
880	3820.6666666666665	0.0	0.0	9397.0
890	3848.3333333333335	0.0	0.0	11286.0
900	3798.8333333333335	0.0	0.0	13930.0
910	3919.0	0.0	0.0	11413.0
920	3918.0	0.0	0.0	9796.0
930	3738.0	0.0	0.0	12606.0
940	3514.6666666666665	0.0	0.0	8767.0
950	3691.1666666666665	0.0	0.0	13057.0
960	3835.3333333333335	0.0	0.0	9832.0
970	3901.6666666666665	0.0	0.0	11805.0
980	3747.8333333333335	0.0	0.0	10940.0
990	3785.8333333333335	0.0	0.0	11940.0
1000	3859.1666666666665	0.0	0.0	10063.0
