0	266.6666666666667	0.0	0.0	0.0
10	1992.5	148.0	2370.0	10300.0
20	2209.8333333333335	0.0	258.0	6232.0
30	2104.5	16.0	874.0	9785.0
40	1957.0	19.0	500.0	6372.0
50	2025.1666666666667	10.0	343.0	7824.0
60	2123.0	1.0	296.0	7814.0
70	2328.5	28.0	1110.0	11482.0
80	2237.8333333333335	0.0	292.0	6400.0
90	2350.0	0.0	1024.0	9762.0
100	2269.6666666666665	0.0	773.0	9612.0
110	2243.5	31.0	581.0	7487.0
120	2352.5	98.0	1723.0	12906.0
130	2348.6666666666665	0.0	827.0	8272.0
140	2641.6666666666665	26.0	1286.0	12682.0
150	2616.3333333333335	3.0	570.0	7860.0
160	1922.0	86.0	342.0	6033.0
170	2334.6666666666665	62.0	247.0	7262.0
180	2300.8333333333335	35.0	932.0	12399.0
190	2114.6666666666665	68.0	355.0	7881.0
200	2266.6666666666665	49.0	1233.0	14798.0
210	2665.5	82.0	357.0	7539.0
220	2500.0	0.0	296.0	5572.0
230	2503.1666666666665	6.0	733.0	8997.0
240	2662.5	35.0	1070.0	10973.0
250	2427.0	52.0	576.0	9953.0
260	2156.3333333333335	14.0	428.0	8374.0
270	2171.5	68.0	454.0	7912.0
280	2440.8333333333335	0.0	535.0	10175.0
290	2532.1666666666665	0.0	528.0	11392.0
300	3054.3333333333335	29.0	502.0	9210.0
310	2648.5	34.0	476.0	8748.0
320	3020.6666666666665	0.0	0.0	8304.0
330	2840.1666666666665	0.0	0.0	8950.0
340	2956.8333333333335	0.0	0.0	10386.0
350	3614.0	0.0	0.0	10447.0
360	3482.8333333333335	0.0	0.0	13750.0
370	3808.1666666666665	0.0	0.0	10850.0
380	3391.0	0.0	0.0	12124.0
390	3650.8333333333335	0.0	0.0	12588.0
400	3549.0	0.0	0.0	12018.0
410	3277.1666666666665	0.0	0.0	10399.0
420	3295.0	0.0	0.0	12034.0
430	3535.6666666666665	0.0	0.0	11297.0
440	3307.1666666666665	0.0	0.0	12072.0
450	3156.5	0.0	0.0	11027.0
460	3360.6666666666665	0.0	0.0	9081.0
470	3556.1666666666665	0.0	0.0	11427.0
480	3770.6666666666665	0.0	0.0	9791.0
490	3424.5	0.0	0.0	12177.0
500	3542.1666666666665	0.0	0.0	9780.0
510	3579.6666666666665	0.0	0.0	10576.0
520	3639.6666666666665	0.0	0.0	15388.0
530	3758.5	0.0	0.0	8279.0
540	3729.3333333333335	0.0	0.0	10634.0
550	3386.6666666666665	0.0	0.0	12621.0
560	3182.0	0.0	0.0	11438.0
570	3740.5	0.0	0.0	10674.0
580	3936.3333333333335	0.0	0.0	8929.0
590	4084.6666666666665	0.0	0.0	11599.0
600	3920.0	0.0	0.0	9645.0
610	3450.3333333333335	0.0	0.0	10405.0
620	3427.6666666666665	0.0	0.0	12554.0
630	3856.3333333333335	0.0	0.0	11622.0
640	4031.3333333333335	0.0	0.0	9295.0
650	3410.0	0.0	0.0	8762.0
660	3702.3333333333335	0.0	0.0	10396.0
670	3875.5	0.0	0.0	9519.0
680	3565.5	0.0	0.0	9923.0
690	3427.6666666666665	0.0	0.0	12402.0
700	3597.8333333333335	0.0	0.0	12190.0
710	3632.5	0.0	0.0	12328.0
720	3855.3333333333335	0.0	0.0	13187.0
730	3971.0	0.0	0.0	8908.0
740	3612.6666666666665	0.0	0.0	12024.0
750	3710.1666666666665	0.0	0.0	11417.0
760	3840.8333333333335	0.0	0.0	11516.0
770	3905.6666666666665	0.0	0.0	11181.0
780	3686.1666666666665	0.0	0.0	9470.0
790	3949.6666666666665	0.0	0.0	8065.0
800	3787.8333333333335	0.0	0.0	11003.0
810	4028.6666666666665	0.0	0.0	9715.0
820	3827.0	0.0	0.0	11695.0
830	3457.3333333333335	0.0	0.0	11087.0
840	3981.6666666666665	0.0	0.0	13520.0
850	3710.5	0.0	0.0	8599.0
860	3919.0	0.0	0.0	10972.0
870	3887.5	0.0	0.0	10290.0
880	3328.3333333333335	0.0	0.0	10947.0
890	3667.0	0.0	0.0	10057.0
900	4037.8333333333335	0.0	0.0	7669.0
910	3703.5	0.0	0.0	14332.0
920	3953.1666666666665	0.0	0.0	10332.0
930	3565.5	0.0	0.0	11240.0
940	3810.1666666666665	0.0	0.0	7410.0
950	3240.3333333333335	0.0	0.0	11708.0
960	3816.6666666666665	0.0	0.0	10696.0
970	3779.3333333333335	0.0	0.0	10548.0
980	3893.6666666666665	0.0	0.0	9274.0
990	3722.0	0.0	0.0	8557.0
1000	3749.1666666666665	0.0	0.0	9933.0
