0	1525.1666666666667	0.0	0.0	0.0
10	1459.6666666666667	416.0	4057.0	7254.0
20	1724.6666666666667	221.0	3617.0	7207.0
30	1667.8333333333333	325.0	4642.0	8700.0
40	2251.5	38.0	463.0	12095.0
50	2045.0	0.0	0.0	5829.0
60	2257.8333333333335	0.0	0.0	8707.0
70	2100.8333333333335	0.0	0.0	6890.0
80	2084.5	0.0	0.0	6936.0
90	2128.8333333333335	0.0	0.0	8048.0
100	2164.5	0.0	0.0	8662.0
110	2158.6666666666665	0.0	0.0	9798.0
120	2267.0	0.0	0.0	8872.0
130	2251.0	0.0	0.0	6302.0
140	2265.3333333333335	0.0	0.0	6742.0
150	2342.5	0.0	0.0	10108.0
160	2369.5	0.0	0.0	8121.0
170	1902.0	0.0	0.0	6858.0
180	2241.8333333333335	0.0	0.0	9466.0
190	2240.3333333333335	0.0	0.0	12244.0
200	2187.8333333333335	0.0	0.0	6267.0
210	2371.8333333333335	0.0	0.0	9151.0
220	2728.1666666666665	0.0	0.0	13604.0
230	2544.6666666666665	0.0	0.0	8131.0
240	2367.8333333333335	0.0	0.0	7478.0
250	2531.8333333333335	0.0	0.0	7047.0
260	2562.1666666666665	0.0	0.0	11539.0
270	2638.3333333333335	0.0	0.0	8331.0
280	2654.1666666666665	0.0	0.0	6834.0
290	2000.0	0.0	0.0	7905.0
300	2225.3333333333335	0.0	0.0	5709.0
310	2378.6666666666665	0.0	0.0	6358.0
320	2244.6666666666665	0.0	0.0	6670.0
330	2333.1666666666665	0.0	0.0	6107.0
340	1985.3333333333333	0.0	0.0	10642.0
350	2351.6666666666665	0.0	0.0	9984.0
360	2232.5	0.0	0.0	6481.0
370	2523.0	0.0	0.0	6775.0
380	2777.0	0.0	0.0	8926.0
390	2590.0	0.0	0.0	7531.0
400	2246.5	0.0	0.0	11555.0
410	2454.5	0.0	0.0	11193.0
420	2749.5	0.0	0.0	6915.0
430	2497.6666666666665	0.0	0.0	7836.0
440	2731.1666666666665	0.0	0.0	10222.0
450	2869.8333333333335	0.0	0.0	8231.0
460	2753.5	0.0	0.0	8056.0
470	2777.5	0.0	0.0	7019.0
480	2641.0	0.0	0.0	7226.0
490	2390.8333333333335	0.0	0.0	10006.0
500	2489.0	0.0	0.0	6905.0
510	2800.0	0.0	0.0	5311.0
520	2964.3333333333335	0.0	0.0	8234.0
530	2885.3333333333335	0.0	0.0	7948.0
540	2679.1666666666665	0.0	0.0	9476.0
550	2889.6666666666665	0.0	0.0	9619.0
560	2675.0	0.0	0.0	9849.0
570	3148.0	0.0	0.0	5913.0
580	2949.1666666666665	0.0	0.0	9526.0
590	2682.0	0.0	0.0	10663.0
600	3013.0	0.0	0.0	5405.0
610	3234.6666666666665	0.0	0.0	5633.0
620	3067.3333333333335	0.0	0.0	6082.0
630	3301.5	0.0	0.0	11178.0
640	3548.0	0.0	0.0	9945.0
650	3558.8333333333335	0.0	0.0	6766.0
660	3452.8333333333335	0.0	0.0	11894.0
670	3519.6666666666665	0.0	0.0	8444.0
680	3361.5	0.0	0.0	8302.0
690	3414.1666666666665	0.0	0.0	13330.0
700	3490.1666666666665	0.0	0.0	9281.0
710	3677.0	0.0	0.0	6126.0
720	3560.3333333333335	0.0	0.0	10934.0
730	3331.6666666666665	0.0	0.0	9576.0
740	3532.0	0.0	0.0	7385.0
750	3508.5	0.0	0.0	9642.0
760	4019.5	0.0	0.0	10461.0
770	2916.1666666666665	0.0	0.0	7656.0
780	3311.6666666666665	0.0	0.0	9914.0
790	3499.6666666666665	0.0	0.0	8722.0
800	4042.0	0.0	0.0	9980.0
810	3672.0	0.0	0.0	10720.0
820	3454.1666666666665	0.0	0.0	8950.0
830	3235.3333333333335	0.0	0.0	11333.0
840	3591.6666666666665	0.0	0.0	10456.0
850	3335.8333333333335	0.0	0.0	8548.0
860	3202.8333333333335	0.0	0.0	7234.0
870	3310.6666666666665	0.0	0.0	10690.0
880	3758.6666666666665	0.0	0.0	7458.0
890	3451.3333333333335	0.0	0.0	9092.0
900	3300.1666666666665	0.0	0.0	12019.0
910	3570.0	0.0	0.0	8880.0
920	3440.5	0.0	0.0	9673.0
930	3089.5	0.0	0.0	8715.0
940	3472.5	0.0	0.0	13197.0
950	3957.1666666666665	0.0	0.0	10400.0
960	3875.0	0.0	0.0	12115.0
970	4120.5	0.0	0.0	10822.0
980	3961.0	0.0	0.0	9802.0
990	3508.1666666666665	0.0	0.0	11492.0
1000	3385.5	0.0	0.0	7990.0
