0	1631.6666666666667	0.0	0.0	0.0
10	1553.8333333333333	306.0	3582.0	6489.0
20	2008.1666666666667	379.0	4648.0	8704.0
30	2080.3333333333335	315.0	4926.0	9243.0
40	1949.3333333333333	0.0	0.0	8632.0
50	1913.3333333333333	0.0	0.0	9218.0
60	1982.3333333333333	0.0	0.0	9761.0
70	1840.1666666666667	0.0	0.0	4790.0
80	2008.0	0.0	0.0	9151.0
90	2138.0	0.0	0.0	8613.0
100	2375.6666666666665	0.0	0.0	8474.0
110	2385.5	0.0	0.0	10168.0
120	2021.1666666666667	0.0	0.0	6918.0
130	2043.1666666666667	0.0	0.0	8885.0
140	2461.8333333333335	0.0	0.0	9104.0
150	2606.1666666666665	0.0	0.0	8306.0
160	2494.1666666666665	0.0	0.0	8732.0
170	2297.0	0.0	0.0	7019.0
180	2461.3333333333335	0.0	0.0	9644.0
190	2482.3333333333335	0.0	0.0	9293.0
200	2221.3333333333335	0.0	0.0	9812.0
210	2436.1666666666665	0.0	0.0	7190.0
220	2691.0	0.0	0.0	7367.0
230	2573.3333333333335	0.0	0.0	7084.0
240	2526.5	0.0	0.0	7751.0
250	2723.8333333333335	0.0	0.0	8438.0
260	3054.6666666666665	0.0	0.0	14599.0
270	3050.1666666666665	0.0	0.0	8930.0
280	2622.8333333333335	0.0	0.0	7254.0
290	3182.8333333333335	0.0	0.0	8896.0
300	2916.5	0.0	0.0	8547.0
310	3175.8333333333335	0.0	0.0	8075.0
320	3169.6666666666665	0.0	0.0	12246.0
330	2912.8333333333335	0.0	0.0	7754.0
340	2700.3333333333335	0.0	0.0	8746.0
350	3248.8333333333335	0.0	0.0	6519.0
360	3096.8333333333335	0.0	0.0	11578.0
370	3556.0	0.0	0.0	10454.0
380	3335.6666666666665	0.0	0.0	7421.0
390	3411.5	0.0	0.0	13337.0
400	3480.8333333333335	0.0	0.0	9993.0
410	3625.6666666666665	0.0	0.0	11400.0
420	3324.3333333333335	0.0	0.0	9713.0
430	3401.6666666666665	0.0	0.0	10426.0
440	3511.0	0.0	0.0	9872.0
450	3542.1666666666665	0.0	0.0	7066.0
460	3071.6666666666665	0.0	0.0	7144.0
470	3767.3333333333335	0.0	0.0	9398.0
480	3016.6666666666665	0.0	0.0	14947.0
490	3433.5	0.0	0.0	9205.0
500	3799.3333333333335	0.0	0.0	7107.0
510	2892.1666666666665	0.0	0.0	11385.0
520	3520.1666666666665	0.0	0.0	11653.0
530	3515.3333333333335	0.0	0.0	13653.0
540	3567.5	0.0	0.0	13132.0
550	3306.6666666666665	0.0	0.0	14880.0
560	3640.5	0.0	0.0	8496.0
570	2634.5	0.0	0.0	7755.0
580	3961.1666666666665	0.0	0.0	10155.0
590	3648.1666666666665	0.0	0.0	12050.0
600	3675.1666666666665	0.0	0.0	9836.0
610	3355.1666666666665	0.0	0.0	8769.0
620	3050.8333333333335	0.0	0.0	8610.0
630	3730.0	0.0	0.0	9646.0
640	3576.1666666666665	0.0	0.0	10521.0
650	3640.6666666666665	0.0	0.0	8620.0
660	3377.6666666666665	0.0	0.0	8424.0
670	3973.3333333333335	0.0	0.0	8560.0
680	3368.6666666666665	0.0	0.0	11957.0
690	3738.1666666666665	0.0	0.0	10509.0
700	3618.0	0.0	0.0	11000.0
710	3779.6666666666665	0.0	0.0	12104.0
720	3812.8333333333335	0.0	0.0	9987.0
730	3826.8333333333335	0.0	0.0	10080.0
740	3711.3333333333335	0.0	0.0	11278.0
750	3853.3333333333335	0.0	0.0	10065.0
760	3907.5	0.0	0.0	13681.0
770	3833.1666666666665	0.0	0.0	10424.0
780	3769.5	0.0	0.0	10580.0
790	4095.0	0.0	0.0	8355.0
800	3564.1666666666665	0.0	0.0	11509.0
810	4092.3333333333335	0.0	0.0	10053.0
820	4076.6666666666665	0.0	0.0	10402.0
830	3587.6666666666665	0.0	0.0	11538.0
840	3825.5	0.0	0.0	11647.0
850	3351.5	0.0	0.0	12270.0
860	3572.5	0.0	0.0	11479.0
870	3956.5	0.0	0.0	12054.0
880	3633.3333333333335	0.0	0.0	10080.0
890	3590.6666666666665	0.0	0.0	9136.0
900	3056.5	0.0	0.0	13017.0
910	3935.0	0.0	0.0	10898.0
920	3753.8333333333335	0.0	0.0	11957.0
930	3848.6666666666665	0.0	0.0	10490.0
940	4240.333333333333	0.0	0.0	12248.0
950	3940.0	0.0	0.0	11939.0
960	3789.0	0.0	0.0	9742.0
970	3714.3333333333335	0.0	0.0	10321.0
980	3484.3333333333335	0.0	0.0	9454.0
990	3740.0	0.0	0.0	10965.0
1000	3805.1666666666665	0.0	0.0	7738.0
