0	253.7777777777778	0.0	0.0	0.0
10	1959.9611111111114	187.5	10113.166666666666	10217.366666666667
20	1984.7499999999998	172.36666666666667	10927.7	11037.9
30	2070.7166666666667	159.26666666666668	11262.566666666668	11365.666666666666
40	2119.1	149.93333333333334	10562.666666666666	10658.9
50	2280.266666666667	153.2	11241.033333333333	11345.4
60	2346.2611111111114	120.96666666666667	10609.6	11210.4
70	2422.7277777777776	50.233333333333334	4863.9	10090.5
80	2506.677777777777	4.666666666666667	265.3666666666667	8803.366666666667
90	2594.7722222222224	0.0	0.0	8395.966666666667
100	2678.655555555555	0.0	0.0	9618.366666666667
110	2629.622222222222	0.0	0.0	9382.6
120	2668.3166666666666	0.0	0.0	8727.933333333332
130	2672.1	0.0	0.0	9394.066666666668
140	2739.3222222222225	0.0	0.0	9113.766666666666
150	2724.172222222222	0.0	0.0	9081.3
160	2828.0777777777776	0.0	0.0	9653.333333333334
170	2841.4888888888895	0.0	0.0	9901.9
180	2870.733333333334	0.0	0.0	9352.766666666666
190	3006.988888888889	0.0	0.0	10166.633333333333
200	3054.8388888888885	0.0	0.0	10280.366666666667
210	3052.155555555556	0.0	0.0	9906.466666666667
220	3134.55	0.0	0.0	9969.433333333332
230	3133.972222222222	0.0	0.0	10212.6
240	3199.4111111111115	0.0	0.0	9973.933333333332
250	3281.1611111111124	0.0	0.0	9908.933333333332
260	3188.166666666666	0.0	0.0	10605.333333333334
270	3163.3722222222223	0.0	0.0	10249.8
280	3307.4222222222224	0.0	0.0	9927.1
290	3218.838888888889	0.0	0.0	9742.566666666668
300	3376.461111111111	0.0	0.0	10058.6
310	3401.1277777777777	0.0	0.0	10522.966666666667
320	3435.2166666666667	0.0	0.0	10170.0
330	3384.9111111111106	0.0	0.0	10169.866666666667
340	3448.311111111111	0.0	0.0	10772.933333333332
350	3447.249999999999	0.0	0.0	10507.833333333334
360	3429.6222222222214	0.0	0.0	10200.233333333334
370	3435.833333333334	0.0	0.0	10238.0
380	3505.1722222222224	0.0	0.0	10881.8
390	3518.677777777778	0.0	0.0	9845.133333333333
400	3396.8555555555554	0.0	0.0	10847.8
410	3433.3500000000004	0.0	0.0	10546.366666666667
420	3516.161111111111	0.0	0.0	10348.066666666668
430	3605.0611111111116	0.0	0.0	10178.266666666666
440	3558.3500000000004	0.0	0.0	10527.9
450	3618.1666666666665	0.0	0.0	10481.166666666666
460	3581.661111111111	0.0	0.0	9776.733333333334
470	3647.077777777778	0.0	0.0	10519.466666666667
480	3566.277777777778	0.0	0.0	10799.733333333334
490	3627.8722222222223	0.0	0.0	10356.6
500	3635.111111111111	0.0	0.0	10749.533333333333
510	3705.866666666667	0.0	0.0	10105.566666666668
520	3686.211111111111	0.0	0.0	10115.466666666667
530	3721.3722222222227	0.0	0.0	10069.0
540	3701.905555555556	0.0	0.0	10632.066666666668
550	3697.094444444444	0.0	0.0	10842.2
560	3722.416666666666	0.0	0.0	10101.7
570	3727.9055555555556	0.0	0.0	10447.4
580	3681.4888888888895	0.0	0.0	10160.733333333334
590	3715.8277777777776	0.0	0.0	10790.233333333334
600	3647.3777777777777	0.0	0.0	10027.766666666666
610	3701.8611111111104	0.0	0.0	10079.233333333334
620	3735.927777777777	0.0	0.0	10571.6
630	3779.105555555556	0.0	0.0	10206.833333333334
640	3774.527777777778	0.0	0.0	10428.666666666666
650	3803.75	0.0	0.0	10054.866666666667
660	3713.077777777778	0.0	0.0	10188.5
670	3791.077777777777	0.0	0.0	10600.4
680	3734.3611111111104	0.0	0.0	10329.866666666667
690	3712.883333333334	0.0	0.0	10329.966666666667
700	3703.6722222222215	0.0	0.0	10250.066666666668
710	3760.5888888888885	0.0	0.0	10065.133333333333
720	3777.094444444444	0.0	0.0	10781.666666666666
730	3729.7777777777787	0.0	0.0	10326.766666666666
740	3830.6111111111113	0.0	0.0	9992.633333333333
750	3752.8222222222225	0.0	0.0	9913.866666666667
760	3746.4611111111103	0.0	0.0	10547.066666666668
770	3713.477777777778	0.0	0.0	10616.0
780	3816.0777777777776	0.0	0.0	10679.433333333332
790	3746.45	0.0	0.0	10616.466666666667
800	3705.561111111111	0.0	0.0	9866.833333333334
810	3713.5444444444447	0.0	0.0	10155.333333333334
820	3766.3333333333335	0.0	0.0	10331.266666666666
830	3770.6277777777777	0.0	0.0	9836.6
840	3764.811111111111	0.0	0.0	10247.533333333333
850	3778.0111111111105	0.0	0.0	10845.3
860	3757.566666666667	0.0	0.0	10611.566666666668
870	3754.255555555555	0.0	0.0	10645.666666666666
880	3776.022222222223	0.0	0.0	10100.533333333333
890	3792.911111111111	0.0	0.0	10140.833333333334
900	3797.672222222223	0.0	0.0	9749.5
910	3759.366666666667	0.0	0.0	10254.266666666666
920	3763.755555555554	0.0	0.0	10069.333333333334
930	3797.8555555555563	0.0	0.0	10530.9
940	3789.6277777777773	0.0	0.0	9924.266666666666
950	3801.861111111111	0.0	0.0	10522.8
960	3822.3777777777777	0.0	0.0	10213.833333333334
970	3810.1944444444443	0.0	0.0	10247.933333333332
980	3694.4111111111106	0.0	0.0	10514.7
990	3771.4444444444443	0.0	0.0	10118.8
1000	3733.527777777778	0.0	0.0	9865.733333333334
