0	2555.1666666666665	0.0	0.0	0.0
10	2539.8333333333335	405.0	1885.0	12786.0
20	2613.1666666666665	269.0	1554.0	9664.0
30	3068.1666666666665	326.0	1010.0	9433.0
40	2432.5	0.0	0.0	8399.0
50	3084.3333333333335	0.0	0.0	9566.0
60	3164.6666666666665	0.0	0.0	13305.0
70	2830.0	0.0	0.0	10753.0
80	3238.3333333333335	0.0	0.0	14731.0
90	2959.1666666666665	0.0	0.0	11238.0
100	3221.1666666666665	0.0	0.0	6890.0
110	2525.1666666666665	0.0	0.0	10037.0
120	3010.6666666666665	0.0	0.0	11314.0
130	3628.0	0.0	0.0	9492.0
140	3067.6666666666665	0.0	0.0	9476.0
150	3031.5	0.0	0.0	14408.0
160	3476.8333333333335	0.0	0.0	8436.0
170	3915.3333333333335	0.0	0.0	11278.0
180	3525.8333333333335	0.0	0.0	10451.0
190	3309.8333333333335	0.0	0.0	8862.0
200	3385.6666666666665	0.0	0.0	11587.0
210	3301.1666666666665	0.0	0.0	12593.0
220	3347.0	0.0	0.0	6140.0
230	3346.8333333333335	0.0	0.0	11342.0
240	3674.3333333333335	0.0	0.0	11002.0
250	3526.8333333333335	0.0	0.0	8986.0
260	3145.8333333333335	0.0	0.0	10731.0
270	3192.0	0.0	0.0	9837.0
280	3482.6666666666665	0.0	0.0	9855.0
290	3159.5	0.0	0.0	9695.0
300	3718.3333333333335	0.0	0.0	9762.0
310	3326.0	0.0	0.0	10064.0
320	3062.0	0.0	0.0	7296.0
330	3372.3333333333335	0.0	0.0	11980.0
340	3563.0	0.0	0.0	10793.0
350	3850.1666666666665	0.0	0.0	10000.0
360	4068.1666666666665	0.0	0.0	9640.0
370	3406.5	0.0	0.0	10153.0
380	3514.6666666666665	0.0	0.0	9775.0
390	3342.3333333333335	0.0	0.0	12656.0
400	3872.8333333333335	0.0	0.0	13851.0
410	3520.5	0.0	0.0	11442.0
420	3654.3333333333335	0.0	0.0	6840.0
430	3522.1666666666665	0.0	0.0	11723.0
440	3663.5	0.0	0.0	10730.0
450	3525.1666666666665	0.0	0.0	9588.0
460	3904.1666666666665	0.0	0.0	8654.0
470	3699.0	0.0	0.0	8447.0
480	3796.5	0.0	0.0	7827.0
490	3719.1666666666665	0.0	0.0	10279.0
500	3414.8333333333335	0.0	0.0	8484.0
510	3572.6666666666665	0.0	0.0	10588.0
520	3780.6666666666665	0.0	0.0	8955.0
530	3633.8333333333335	0.0	0.0	11607.0
540	3013.5	0.0	0.0	12603.0
550	3882.6666666666665	0.0	0.0	12030.0
560	3938.1666666666665	0.0	0.0	12520.0
570	4100.333333333333	0.0	0.0	12418.0
580	3734.6666666666665	0.0	0.0	11313.0
590	3815.3333333333335	0.0	0.0	10634.0
600	3923.5	0.0	0.0	10259.0
610	3495.0	0.0	0.0	11166.0
620	3536.5	0.0	0.0	11918.0
630	3932.3333333333335	0.0	0.0	9388.0
640	3836.1666666666665	0.0	0.0	8916.0
650	3670.1666666666665	0.0	0.0	13286.0
660	3599.6666666666665	0.0	0.0	13258.0
670	3792.3333333333335	0.0	0.0	8642.0
680	3462.8333333333335	0.0	0.0	12693.0
690	3674.6666666666665	0.0	0.0	11466.0
700	3831.8333333333335	0.0	0.0	12442.0
710	3823.6666666666665	0.0	0.0	8839.0
720	3846.3333333333335	0.0	0.0	9633.0
730	4039.3333333333335	0.0	0.0	11278.0
740	3711.8333333333335	0.0	0.0	8767.0
750	3413.1666666666665	0.0	0.0	10491.0
760	3823.3333333333335	0.0	0.0	11485.0
770	3598.1666666666665	0.0	0.0	11722.0
780	3928.6666666666665	0.0	0.0	10446.0
790	3933.8333333333335	0.0	0.0	12028.0
800	3828.6666666666665	0.0	0.0	10743.0
