0	232.33333333333334	0.0	0.0	0.0
10	2204.0	2250.0	14646.0	15163.0
20	2358.1666666666665	2158.0	13433.0	13801.0
30	2414.3333333333335	1982.0	15780.0	16358.0
40	2684.5	2124.0	17308.0	17951.0
50	2574.0	913.0	8679.0	12877.0
60	2374.6666666666665	0.0	0.0	7800.0
70	2493.1666666666665	0.0	0.0	7791.0
80	3062.1666666666665	0.0	0.0	9555.0
90	3000.3333333333335	0.0	0.0	9311.0
100	2805.5	0.0	0.0	12475.0
110	2885.3333333333335	0.0	0.0	10458.0
120	3165.3333333333335	0.0	0.0	10847.0
130	3141.3333333333335	0.0	0.0	11128.0
140	3522.3333333333335	0.0	0.0	7839.0
150	3751.6666666666665	0.0	0.0	11475.0
160	3968.5	0.0	0.0	10225.0
170	3334.0	0.0	0.0	10643.0
180	3329.8333333333335	0.0	0.0	13343.0
190	2990.5	0.0	0.0	10866.0
200	3152.1666666666665	0.0	0.0	11712.0
210	3795.6666666666665	0.0	0.0	11094.0
220	3001.0	0.0	0.0	12492.0
230	3442.1666666666665	0.0	0.0	11928.0
240	3135.0	0.0	0.0	10135.0
250	3467.3333333333335	0.0	0.0	7587.0
260	3844.5	0.0	0.0	9335.0
270	3607.1666666666665	0.0	0.0	11278.0
280	3695.8333333333335	0.0	0.0	11611.0
290	3697.6666666666665	0.0	0.0	9464.0
300	3595.3333333333335	0.0	0.0	11428.0
310	3465.0	0.0	0.0	10723.0
320	3643.3333333333335	0.0	0.0	11522.0
330	3803.3333333333335	0.0	0.0	10885.0
340	3697.6666666666665	0.0	0.0	11546.0
350	3389.3333333333335	0.0	0.0	11188.0
360	4075.6666666666665	0.0	0.0	11707.0
370	3816.1666666666665	0.0	0.0	11556.0
380	3521.8333333333335	0.0	0.0	9588.0
390	3547.6666666666665	0.0	0.0	8650.0
400	3833.8333333333335	0.0	0.0	10703.0
410	3789.5	0.0	0.0	13257.0
420	3657.3333333333335	0.0	0.0	9818.0
430	3967.0	0.0	0.0	9577.0
440	3728.3333333333335	0.0	0.0	10051.0
450	3756.1666666666665	0.0	0.0	10157.0
460	3850.0	0.0	0.0	13513.0
470	3708.5	0.0	0.0	10308.0
480	3658.0	0.0	0.0	10016.0
490	3980.8333333333335	0.0	0.0	12275.0
500	3872.6666666666665	0.0	0.0	10078.0
510	3991.5	0.0	0.0	9578.0
520	3813.1666666666665	0.0	0.0	12274.0
530	3781.8333333333335	0.0	0.0	10228.0
540	3493.0	0.0	0.0	8055.0
550	3442.1666666666665	0.0	0.0	8772.0
560	3615.3333333333335	0.0	0.0	11612.0
570	3935.1666666666665	0.0	0.0	9422.0
580	4012.3333333333335	0.0	0.0	7743.0
590	3378.1666666666665	0.0	0.0	12434.0
600	3417.8333333333335	0.0	0.0	8890.0
610	3480.3333333333335	0.0	0.0	8262.0
620	4088.6666666666665	0.0	0.0	12262.0
630	3973.6666666666665	0.0	0.0	12564.0
640	3472.8333333333335	0.0	0.0	10934.0
650	3579.0	0.0	0.0	7765.0
660	4146.666666666667	0.0	0.0	9185.0
670	3845.6666666666665	0.0	0.0	10290.0
680	3802.0	0.0	0.0	8730.0
690	3828.0	0.0	0.0	10418.0
700	3666.1666666666665	0.0	0.0	10537.0
710	3601.5	0.0	0.0	10830.0
720	4064.1666666666665	0.0	0.0	11132.0
730	3727.5	0.0	0.0	7963.0
740	3740.1666666666665	0.0	0.0	10318.0
750	3814.8333333333335	0.0	0.0	11502.0
760	3809.0	0.0	0.0	9692.0
770	3705.3333333333335	0.0	0.0	9295.0
780	3768.8333333333335	0.0	0.0	11903.0
790	3879.3333333333335	0.0	0.0	12240.0
800	3839.8333333333335	0.0	0.0	9908.0
810	3814.6666666666665	0.0	0.0	10620.0
820	3848.6666666666665	0.0	0.0	8358.0
830	4217.666666666667	0.0	0.0	9093.0
840	4065.8333333333335	0.0	0.0	12221.0
850	3765.0	0.0	0.0	10905.0
860	3827.5	0.0	0.0	8065.0
870	3601.6666666666665	0.0	0.0	8694.0
880	4027.8333333333335	0.0	0.0	11014.0
890	4159.166666666667	0.0	0.0	10402.0
900	3982.5	0.0	0.0	11698.0
910	3733.6666666666665	0.0	0.0	12221.0
920	3793.8333333333335	0.0	0.0	10526.0
930	3719.5	0.0	0.0	9656.0
940	3688.1666666666665	0.0	0.0	8669.0
950	3805.5	0.0	0.0	8120.0
960	3726.8333333333335	0.0	0.0	12779.0
970	3722.5	0.0	0.0	9918.0
980	3725.1666666666665	0.0	0.0	11166.0
990	3670.8333333333335	0.0	0.0	11647.0
1000	3646.6666666666665	0.0	0.0	9220.0
