0	2692.1666666666665	0.0	0.0	0.0
10	2248.0	1000.0	2272.0	10658.0
20	2584.8333333333335	0.0	0.0	12920.0
30	2460.5	0.0	0.0	7910.0
40	2765.1666666666665	0.0	0.0	9507.0
50	2382.0	0.0	0.0	8725.0
60	2690.5	0.0	0.0	8085.0
70	2602.1666666666665	0.0	0.0	7421.0
80	2594.6666666666665	0.0	0.0	9196.0
90	2544.5	0.0	0.0	9688.0
100	2447.3333333333335	0.0	0.0	4947.0
110	2899.6666666666665	0.0	0.0	7864.0
120	2812.1666666666665	0.0	0.0	9734.0
130	2576.3333333333335	0.0	0.0	8882.0
140	3117.3333333333335	0.0	0.0	6211.0
150	3164.6666666666665	0.0	0.0	7169.0
160	3246.5	0.0	0.0	10846.0
170	3088.1666666666665	0.0	0.0	7102.0
180	3056.3333333333335	0.0	0.0	7102.0
190	3166.5	0.0	0.0	10597.0
200	3015.0	0.0	0.0	7289.0
210	2837.0	0.0	0.0	9686.0
220	3058.0	0.0	0.0	10905.0
230	3278.1666666666665	0.0	0.0	9262.0
240	2753.6666666666665	0.0	0.0	10762.0
250	3256.6666666666665	0.0	0.0	11709.0
260	3381.3333333333335	0.0	0.0	8820.0
270	3463.5	0.0	0.0	13013.0
280	3352.0	0.0	0.0	10717.0
290	2876.1666666666665	0.0	0.0	12708.0
300	3338.0	0.0	0.0	11028.0
310	3401.5	0.0	0.0	9446.0
320	3417.0	0.0	0.0	10094.0
330	3625.1666666666665	0.0	0.0	11825.0
340	3127.5	0.0	0.0	12228.0
350	3299.3333333333335	0.0	0.0	12838.0
360	3809.6666666666665	0.0	0.0	13119.0
370	3614.1666666666665	0.0	0.0	9185.0
380	3303.3333333333335	0.0	0.0	12055.0
390	3520.6666666666665	0.0	0.0	13444.0
400	3799.0	0.0	0.0	11945.0
410	3396.0	0.0	0.0	13033.0
420	3736.6666666666665	0.0	0.0	10041.0
430	3417.6666666666665	0.0	0.0	9219.0
440	3037.5	0.0	0.0	13766.0
450	3591.6666666666665	0.0	0.0	11817.0
460	3087.1666666666665	0.0	0.0	8217.0
470	3365.3333333333335	0.0	0.0	9732.0
480	3240.0	0.0	0.0	12070.0
490	4049.6666666666665	0.0	0.0	11157.0
500	3974.5	0.0	0.0	9185.0
510	2976.6666666666665	0.0	0.0	11014.0
520	3492.1666666666665	0.0	0.0	10576.0
530	3621.0	0.0	0.0	11400.0
540	3889.6666666666665	0.0	0.0	9336.0
550	3934.3333333333335	0.0	0.0	12834.0
560	3244.0	0.0	0.0	9954.0
570	3840.5	0.0	0.0	8027.0
580	3455.5	0.0	0.0	9525.0
590	3847.0	0.0	0.0	10012.0
600	3263.8333333333335	0.0	0.0	10676.0
610	3986.8333333333335	0.0	0.0	10797.0
620	3286.8333333333335	0.0	0.0	10478.0
630	4094.1666666666665	0.0	0.0	14158.0
640	4196.833333333333	0.0	0.0	13521.0
650	3614.1666666666665	0.0	0.0	8910.0
660	3713.0	0.0	0.0	11928.0
670	3600.1666666666665	0.0	0.0	10925.0
680	3538.5	0.0	0.0	12222.0
690	3595.3333333333335	0.0	0.0	9776.0
700	3938.5	0.0	0.0	10485.0
710	3859.0	0.0	0.0	7745.0
720	3606.3333333333335	0.0	0.0	10542.0
730	3926.6666666666665	0.0	0.0	10005.0
740	4134.0	0.0	0.0	10441.0
750	3728.5	0.0	0.0	8628.0
760	4140.833333333333	0.0	0.0	7607.0
770	4043.1666666666665	0.0	0.0	10544.0
780	3706.0	0.0	0.0	10739.0
790	3846.1666666666665	0.0	0.0	8846.0
800	3783.0	0.0	0.0	10547.0
