0	293.0	0.0	0.0	0.0
10	1829.0	1000.0	6715.0	11797.0
20	1788.5	0.0	0.0	9985.0
30	1916.5	0.0	0.0	7781.0
40	1844.25	0.0	0.0	9264.0
50	1729.25	0.0	0.0	7504.0
60	2097.5	0.0	0.0	8336.0
70	2355.0	0.0	0.0	7857.0
80	2239.0	0.0	0.0	9948.0
90	2785.5	0.0	0.0	9564.0
100	2602.75	0.0	0.0	8656.0
110	2747.25	0.0	0.0	11245.0
120	2850.75	0.0	0.0	7832.0
130	2787.25	0.0	0.0	8486.0
140	2707.75	0.0	0.0	10703.0
150	2016.5	0.0	0.0	8728.0
160	2503.0	0.0	0.0	14229.0
170	2890.0	0.0	0.0	5751.0
180	2795.0	0.0	0.0	11110.0
190	2543.75	0.0	0.0	7739.0
200	2211.0	0.0	0.0	8463.0
210	2544.25	0.0	0.0	9225.0
220	2177.75	0.0	0.0	10572.0
230	2508.0	0.0	0.0	7556.0
240	2876.0	0.0	0.0	8981.0
250	2865.75	0.0	0.0	8665.0
260	2995.0	0.0	0.0	5975.0
270	3109.5	0.0	0.0	6621.0
280	2995.25	0.0	0.0	10178.0
290	3010.5	0.0	0.0	7393.0
300	3123.5	0.0	0.0	9786.0
310	3078.0	0.0	0.0	9856.0
320	3208.0	0.0	0.0	7289.0
330	3227.25	0.0	0.0	7668.0
340	3387.5	0.0	0.0	9113.0
350	3441.5	0.0	0.0	8768.0
360	3004.25	0.0	0.0	12343.0
370	2882.0	0.0	0.0	9523.0
380	3564.25	0.0	0.0	12283.0
390	3608.25	0.0	0.0	7901.0
400	3044.5	0.0	0.0	9003.0
410	3193.0	0.0	0.0	11097.0
420	3222.25	0.0	0.0	9778.0
430	3853.0	0.0	0.0	9521.0
440	2786.0	0.0	0.0	9954.0
450	3906.5	0.0	0.0	10362.0
460	3927.5	0.0	0.0	9935.0
470	3481.25	0.0	0.0	9347.0
480	2680.25	0.0	0.0	12621.0
490	3246.0	0.0	0.0	9953.0
500	3280.75	0.0	0.0	9655.0
510	3859.75	0.0	0.0	9122.0
520	3646.0	0.0	0.0	10886.0
530	3396.0	0.0	0.0	9604.0
540	3794.0	0.0	0.0	9011.0
550	3565.75	0.0	0.0	9729.0
560	2785.25	0.0	0.0	8949.0
570	2907.75	0.0	0.0	10397.0
580	3585.0	0.0	0.0	9316.0
590	3853.75	0.0	0.0	13651.0
600	3967.5	0.0	0.0	9389.0
610	3524.0	0.0	0.0	11312.0
620	3572.25	0.0	0.0	11932.0
630	3367.5	0.0	0.0	8697.0
640	3535.0	0.0	0.0	9119.0
650	3661.0	0.0	0.0	8409.0
660	3384.75	0.0	0.0	13272.0
670	3732.25	0.0	0.0	9110.0
680	3579.0	0.0	0.0	9987.0
690	3645.75	0.0	0.0	9838.0
700	3960.5	0.0	0.0	10218.0
710	3506.0	0.0	0.0	11358.0
720	3899.0	0.0	0.0	10027.0
730	3855.25	0.0	0.0	8895.0
740	3886.5	0.0	0.0	11118.0
750	3560.25	0.0	0.0	12356.0
760	3738.75	0.0	0.0	12692.0
770	3834.25	0.0	0.0	8393.0
780	3998.25	0.0	0.0	11094.0
790	3980.5	0.0	0.0	10284.0
800	3693.0	0.0	0.0	9726.0
810	3746.0	0.0	0.0	14600.0
820	3680.5	0.0	0.0	11323.0
830	3791.75	0.0	0.0	8891.0
840	4200.25	0.0	0.0	10533.0
850	3814.25	0.0	0.0	10953.0
860	3309.0	0.0	0.0	12260.0
870	3794.75	0.0	0.0	10050.0
880	4169.5	0.0	0.0	10180.0
890	3849.75	0.0	0.0	7845.0
900	3865.25	0.0	0.0	9343.0
910	3836.25	0.0	0.0	10118.0
920	3837.75	0.0	0.0	9982.0
930	4058.5	0.0	0.0	10634.0
940	3601.0	0.0	0.0	9352.0
950	4002.0	0.0	0.0	9933.0
960	3830.25	0.0	0.0	11571.0
970	3663.5	0.0	0.0	9222.0
980	3846.75	0.0	0.0	11479.0
990	3769.0	0.0	0.0	10550.0
1000	4026.0	0.0	0.0	10208.0
