0	2247.0	0.0	0.0	0.0
10	2256.8333333333335	0.0	1995.0	7854.0
20	2765.6666666666665	0.0	2366.0	9357.0
30	2479.3333333333335	1.0	1630.0	8532.0
40	2609.0	0.0	1975.0	7387.0
50	2822.3333333333335	0.0	3317.0	11390.0
60	2989.1666666666665	0.0	2106.0	8752.0
70	2834.0	0.0	1978.0	7804.0
80	3180.6666666666665	0.0	2608.0	11428.0
90	2939.3333333333335	0.0	3228.0	13981.0
100	2824.6666666666665	0.0	2063.0	9818.0
110	3045.0	0.0	1819.0	8787.0
120	3283.1666666666665	4.0	2254.0	9749.0
130	3221.1666666666665	0.0	1563.0	6893.0
140	3125.5	0.0	1877.0	8066.0
150	3169.5	0.0	2427.0	9553.0
160	3779.1666666666665	0.0	2207.0	8859.0
170	3376.0	0.0	2401.0	11972.0
180	3268.1666666666665	0.0	2900.0	12179.0
190	3272.3333333333335	0.0	1783.0	9637.0
200	3128.6666666666665	0.0	2412.0	9091.0
210	3601.6666666666665	0.0	2200.0	10337.0
220	3616.0	0.0	2336.0	10416.0
230	3434.3333333333335	0.0	2387.0	8454.0
240	3751.8333333333335	0.0	2711.0	11936.0
250	3483.8333333333335	0.0	2690.0	10996.0
260	3391.3333333333335	0.0	2680.0	10757.0
270	3577.0	0.0	2865.0	9783.0
280	3283.6666666666665	0.0	1507.0	7629.0
290	3392.0	0.0	2942.0	11351.0
300	3731.0	0.0	2653.0	9946.0
310	3262.1666666666665	0.0	1917.0	9188.0
320	3904.3333333333335	0.0	1782.0	9651.0
330	3976.6666666666665	0.0	1678.0	10608.0
340	3857.3333333333335	0.0	1526.0	9690.0
350	3502.3333333333335	0.0	1338.0	9366.0
360	3539.0	0.0	1476.0	8374.0
370	2970.1666666666665	0.0	2580.0	10620.0
380	2925.5	0.0	2247.0	10863.0
390	3766.6666666666665	0.0	2258.0	11217.0
400	3657.5	0.0	1366.0	5577.0
410	3409.1666666666665	0.0	1852.0	7243.0
420	4059.6666666666665	0.0	2639.0	10404.0
430	3038.1666666666665	0.0	2911.0	9997.0
440	3242.6666666666665	0.0	2437.0	12143.0
450	3668.1666666666665	0.0	1654.0	8056.0
460	3832.8333333333335	0.0	1989.0	8610.0
470	2564.6666666666665	0.0	1736.0	10225.0
480	3623.8333333333335	0.0	2420.0	10556.0
490	3660.5	0.0	2999.0	10548.0
500	3610.5	0.0	2163.0	8454.0
510	3865.5	0.0	2188.0	8646.0
520	3214.1666666666665	0.0	2238.0	10086.0
530	3563.5	0.0	2006.0	10295.0
540	3909.1666666666665	0.0	2160.0	10730.0
550	3960.0	0.0	1835.0	8475.0
560	3606.5	0.0	2106.0	11544.0
570	3880.6666666666665	0.0	1576.0	9825.0
580	3842.1666666666665	0.0	2002.0	12035.0
590	3649.3333333333335	0.0	1749.0	10171.0
600	3669.5	0.0	1389.0	8538.0
610	3790.1666666666665	0.0	1756.0	11037.0
620	3852.1666666666665	0.0	1390.0	8347.0
630	3531.8333333333335	0.0	1201.0	7289.0
640	3801.5	0.0	1345.0	8929.0
650	3812.1666666666665	0.0	1813.0	10507.0
660	4072.3333333333335	0.0	2245.0	10282.0
670	3896.6666666666665	0.0	2021.0	9078.0
680	3773.6666666666665	0.0	1584.0	8674.0
690	3827.5	0.0	1150.0	8083.0
700	3800.6666666666665	0.0	1412.0	8473.0
710	3755.3333333333335	0.0	1900.0	9200.0
720	3574.5	0.0	1169.0	8633.0
730	3864.0	0.0	1401.0	9374.0
740	3518.0	0.0	1813.0	11399.0
750	3735.3333333333335	0.0	1700.0	8300.0
760	4014.0	0.0	1701.0	7663.0
770	3746.5	0.0	2528.0	12451.0
780	3498.0	0.0	1347.0	8500.0
790	3862.6666666666665	0.0	2348.0	10498.0
800	3900.8333333333335	0.0	1781.0	8305.0
