0	2023.6666666666667	0.0	0.0	0.0
10	2284.8333333333335	1000.0	1000.0	9688.0
20	2316.8333333333335	0.0	0.0	7220.0
30	2443.1666666666665	0.0	0.0	5893.0
40	2492.5	0.0	0.0	9195.0
50	2385.8333333333335	0.0	0.0	6986.0
60	2488.3333333333335	0.0	0.0	12923.0
70	2468.5	0.0	0.0	7159.0
80	2709.6666666666665	0.0	0.0	8606.0
90	2466.3333333333335	0.0	0.0	9782.0
100	2547.5	0.0	0.0	7239.0
110	2579.1666666666665	0.0	0.0	10251.0
120	2647.3333333333335	0.0	0.0	10891.0
130	2448.6666666666665	0.0	0.0	7995.0
140	2642.6666666666665	0.0	0.0	7041.0
150	2617.3333333333335	0.0	0.0	11817.0
160	2545.5	0.0	0.0	10453.0
170	2742.0	0.0	0.0	13892.0
180	2866.0	0.0	0.0	9533.0
190	2346.6666666666665	0.0	0.0	7315.0
200	2396.0	0.0	0.0	9487.0
210	2725.0	0.0	0.0	10045.0
220	2692.8333333333335	0.0	0.0	14154.0
230	2440.1666666666665	0.0	0.0	11293.0
240	2554.3333333333335	0.0	0.0	6178.0
250	2419.3333333333335	0.0	0.0	13075.0
260	2807.5	0.0	0.0	9736.0
270	2656.8333333333335	0.0	0.0	7999.0
280	2846.0	0.0	0.0	9009.0
290	2680.1666666666665	0.0	0.0	10184.0
300	3449.0	0.0	0.0	11137.0
310	3311.1666666666665	0.0	0.0	10102.0
320	2986.3333333333335	0.0	0.0	11609.0
330	3214.5	0.0	0.0	10438.0
340	3033.6666666666665	0.0	0.0	8631.0
350	3636.6666666666665	0.0	0.0	8926.0
360	3189.6666666666665	0.0	0.0	10394.0
370	3053.1666666666665	0.0	0.0	10600.0
380	3615.0	0.0	0.0	8283.0
390	3162.1666666666665	0.0	0.0	9184.0
400	3718.8333333333335	0.0	0.0	10276.0
410	3289.0	0.0	0.0	12760.0
420	3940.8333333333335	0.0	0.0	8432.0
430	4027.1666666666665	0.0	0.0	10068.0
440	3608.8333333333335	0.0	0.0	8783.0
450	3902.0	0.0	0.0	9113.0
460	3453.5	0.0	0.0	12416.0
470	3381.5	0.0	0.0	11638.0
480	3675.6666666666665	0.0	0.0	12907.0
490	3442.6666666666665	0.0	0.0	9492.0
500	3800.6666666666665	0.0	0.0	5933.0
510	3715.6666666666665	0.0	0.0	9125.0
520	3354.6666666666665	0.0	0.0	10346.0
530	3184.1666666666665	0.0	0.0	11456.0
540	3532.3333333333335	0.0	0.0	11072.0
550	3500.3333333333335	0.0	0.0	11621.0
560	3643.1666666666665	0.0	0.0	10859.0
570	3062.6666666666665	0.0	0.0	8190.0
580	3889.8333333333335	0.0	0.0	9344.0
590	3252.0	0.0	0.0	9351.0
600	3122.3333333333335	0.0	0.0	8953.0
610	3434.5	0.0	0.0	12791.0
620	3996.6666666666665	0.0	0.0	13175.0
630	4043.5	0.0	0.0	10722.0
640	4005.3333333333335	0.0	0.0	11214.0
650	3774.1666666666665	0.0	0.0	9874.0
660	3980.8333333333335	0.0	0.0	8245.0
670	3668.3333333333335	0.0	0.0	12137.0
680	3887.3333333333335	0.0	0.0	12732.0
690	3593.3333333333335	0.0	0.0	11122.0
700	3647.0	0.0	0.0	9836.0
710	3723.6666666666665	0.0	0.0	9191.0
720	3807.0	0.0	0.0	10654.0
730	3374.8333333333335	0.0	0.0	6854.0
740	3859.0	0.0	0.0	7965.0
750	3523.0	0.0	0.0	8500.0
760	3765.3333333333335	0.0	0.0	7827.0
770	3692.0	0.0	0.0	8978.0
780	3907.0	0.0	0.0	10554.0
790	3903.8333333333335	0.0	0.0	10163.0
800	3922.3333333333335	0.0	0.0	9867.0
