0	2586.3333333333335	0.0	0.0	0.0
10	2406.6666666666665	1000.0	1000.0	7559.0
20	2703.8333333333335	0.0	0.0	14506.0
30	2303.0	0.0	0.0	7201.0
40	2449.1666666666665	0.0	0.0	6869.0
50	2296.6666666666665	0.0	0.0	7690.0
60	3074.8333333333335	0.0	0.0	9097.0
70	2409.5	0.0	0.0	10146.0
80	2477.8333333333335	0.0	0.0	10687.0
90	2177.0	0.0	0.0	9342.0
100	2525.0	0.0	0.0	9588.0
110	2653.3333333333335	0.0	0.0	10248.0
120	2713.0	0.0	0.0	8278.0
130	2880.1666666666665	0.0	0.0	8501.0
140	2591.0	0.0	0.0	9399.0
150	2717.8333333333335	0.0	0.0	8162.0
160	2526.6666666666665	0.0	0.0	12633.0
170	2639.3333333333335	0.0	0.0	9242.0
180	3127.0	0.0	0.0	11962.0
190	3124.8333333333335	0.0	0.0	8078.0
200	3205.5	0.0	0.0	12123.0
210	2766.1666666666665	0.0	0.0	14272.0
220	2762.5	0.0	0.0	12298.0
230	2631.3333333333335	0.0	0.0	10448.0
240	2803.5	0.0	0.0	10035.0
250	3522.8333333333335	0.0	0.0	9969.0
260	3119.5	0.0	0.0	12306.0
270	3216.6666666666665	0.0	0.0	12880.0
280	3349.5	0.0	0.0	8274.0
290	3645.8333333333335	0.0	0.0	11596.0
300	3334.6666666666665	0.0	0.0	10950.0
310	3163.0	0.0	0.0	11187.0
320	2970.3333333333335	0.0	0.0	13013.0
330	3852.5	0.0	0.0	10732.0
340	3198.1666666666665	0.0	0.0	9244.0
350	3584.1666666666665	0.0	0.0	13045.0
360	3567.3333333333335	0.0	0.0	9069.0
370	3413.5	0.0	0.0	8056.0
380	3784.0	0.0	0.0	6179.0
390	3194.5	0.0	0.0	13688.0
400	3902.5	0.0	0.0	6625.0
410	3399.8333333333335	0.0	0.0	9070.0
420	3442.6666666666665	0.0	0.0	7932.0
430	3359.3333333333335	0.0	0.0	9272.0
440	3377.6666666666665	0.0	0.0	11387.0
450	3180.0	0.0	0.0	11928.0
460	3652.6666666666665	0.0	0.0	8947.0
470	3266.8333333333335	0.0	0.0	11704.0
480	3625.3333333333335	0.0	0.0	12318.0
490	4017.6666666666665	0.0	0.0	12085.0
500	3577.3333333333335	0.0	0.0	8299.0
510	3199.1666666666665	0.0	0.0	10184.0
520	3376.0	0.0	0.0	8622.0
530	3856.3333333333335	0.0	0.0	8526.0
540	3219.3333333333335	0.0	0.0	7431.0
550	3735.5	0.0	0.0	10483.0
560	3199.5	0.0	0.0	11141.0
570	3622.1666666666665	0.0	0.0	10314.0
580	3909.6666666666665	0.0	0.0	13853.0
590	3659.3333333333335	0.0	0.0	8964.0
600	3251.3333333333335	0.0	0.0	9660.0
610	3853.1666666666665	0.0	0.0	11644.0
620	3471.6666666666665	0.0	0.0	9826.0
630	3205.1666666666665	0.0	0.0	9685.0
640	3853.8333333333335	0.0	0.0	9845.0
650	3318.0	0.0	0.0	12622.0
660	3949.6666666666665	0.0	0.0	12393.0
670	3906.1666666666665	0.0	0.0	10351.0
680	3636.6666666666665	0.0	0.0	9490.0
690	3356.5	0.0	0.0	12446.0
700	3555.8333333333335	0.0	0.0	10792.0
710	3766.0	0.0	0.0	8970.0
720	3801.3333333333335	0.0	0.0	11637.0
730	3917.8333333333335	0.0	0.0	9429.0
740	4070.5	0.0	0.0	10556.0
750	3393.6666666666665	0.0	0.0	7442.0
760	3445.6666666666665	0.0	0.0	11764.0
770	3734.1666666666665	0.0	0.0	10643.0
780	3836.8333333333335	0.0	0.0	11503.0
790	4127.166666666667	0.0	0.0	10636.0
800	3752.6666666666665	0.0	0.0	13662.0
