0	2292.0	0.0	0.0	0.0
10	2226.5	80.0	2099.0	11079.0
20	2385.5	76.0	2424.0	11977.0
30	2342.0	42.0	1278.0	8172.0
40	2631.8333333333335	7.0	961.0	6670.0
50	2304.6666666666665	40.0	2524.0	11233.0
60	2472.3333333333335	16.0	1052.0	7917.0
70	2632.6666666666665	70.0	1732.0	8893.0
80	2766.8333333333335	21.0	1578.0	10457.0
90	2441.6666666666665	45.0	1769.0	9983.0
100	2553.1666666666665	58.0	1641.0	10011.0
110	2770.3333333333335	9.0	1181.0	8917.0
120	2903.3333333333335	27.0	2074.0	10914.0
130	2755.0	17.0	2647.0	12319.0
140	2751.1666666666665	56.0	1318.0	9081.0
150	2304.3333333333335	42.0	1235.0	9665.0
160	2473.3333333333335	36.0	711.0	7033.0
170	2117.6666666666665	17.0	1201.0	8755.0
180	2539.1666666666665	34.0	1143.0	8295.0
190	2957.5	25.0	1020.0	8350.0
200	2536.8333333333335	39.0	1237.0	7826.0
210	2596.0	18.0	1148.0	9412.0
220	3024.6666666666665	30.0	962.0	8101.0
230	2899.3333333333335	10.0	812.0	6965.0
240	2902.8333333333335	22.0	1308.0	9247.0
250	3198.3333333333335	10.0	1388.0	10451.0
260	2919.6666666666665	6.0	2223.0	12454.0
270	3215.3333333333335	4.0	1814.0	9965.0
280	2889.1666666666665	4.0	1075.0	7192.0
290	3144.6666666666665	3.0	2202.0	13179.0
300	2920.5	18.0	1558.0	10035.0
310	3311.3333333333335	10.0	1545.0	11689.0
320	3496.6666666666665	0.0	1548.0	10927.0
330	2924.5	7.0	2306.0	14769.0
340	3168.6666666666665	1.0	1322.0	10940.0
350	2960.6666666666665	5.0	1287.0	9146.0
360	3129.5	3.0	1221.0	9773.0
370	3325.3333333333335	0.0	1282.0	9664.0
380	3331.0	0.0	1565.0	9955.0
390	3705.3333333333335	0.0	2160.0	12039.0
400	3496.3333333333335	3.0	1901.0	11682.0
410	3478.8333333333335	0.0	1853.0	11288.0
420	3482.1666666666665	0.0	1357.0	8837.0
430	3961.5	0.0	1629.0	8881.0
440	3549.6666666666665	0.0	1349.0	10115.0
450	3658.1666666666665	0.0	2122.0	15010.0
460	3709.8333333333335	0.0	1300.0	12129.0
470	3614.3333333333335	0.0	1028.0	11837.0
480	2938.8333333333335	0.0	1777.0	12629.0
490	3442.8333333333335	0.0	1310.0	9799.0
500	3815.0	0.0	1267.0	10357.0
510	3664.6666666666665	0.0	1947.0	11021.0
520	3821.5	0.0	1437.0	9507.0
530	3971.5	0.0	1217.0	10413.0
540	3611.1666666666665	0.0	1061.0	9913.0
550	3906.5	0.0	1608.0	11233.0
560	3759.3333333333335	0.0	1149.0	10929.0
570	3878.8333333333335	0.0	1335.0	13097.0
580	3755.0	0.0	1403.0	8768.0
590	3868.0	0.0	1350.0	9943.0
600	3426.8333333333335	0.0	1111.0	9377.0
610	3736.1666666666665	0.0	1413.0	10100.0
620	4015.5	0.0	1256.0	10688.0
630	3805.0	0.0	1304.0	10375.0
640	3659.1666666666665	0.0	1764.0	11096.0
650	3295.3333333333335	0.0	1830.0	11957.0
660	3539.8333333333335	0.0	859.0	7415.0
670	3672.6666666666665	0.0	869.0	9631.0
680	4014.1666666666665	0.0	948.0	9774.0
690	3911.5	0.0	922.0	10278.0
700	3508.5	0.0	745.0	8738.0
710	4082.3333333333335	0.0	766.0	11214.0
720	3888.5	0.0	945.0	11366.0
730	3770.5	0.0	1387.0	11255.0
740	3644.6666666666665	0.0	1077.0	11209.0
750	3769.0	0.0	874.0	9124.0
760	3956.0	0.0	1191.0	10135.0
770	3991.6666666666665	0.0	1116.0	10157.0
780	3653.0	0.0	1283.0	11969.0
790	3910.8333333333335	0.0	758.0	9015.0
800	4234.5	0.0	902.0	9343.0
810	3642.1666666666665	0.0	987.0	11997.0
820	3685.8333333333335	0.0	1150.0	11689.0
830	3855.8333333333335	0.0	1060.0	13333.0
840	3796.0	0.0	1250.0	12192.0
850	4131.166666666667	0.0	1108.0	11473.0
860	3624.0	0.0	1190.0	10524.0
870	3666.5	0.0	1234.0	8799.0
880	4104.166666666667	0.0	574.0	10092.0
890	3666.5	0.0	1704.0	13001.0
900	4029.8333333333335	0.0	832.0	12417.0
910	3639.3333333333335	0.0	1142.0	12258.0
920	3636.3333333333335	0.0	1251.0	11813.0
930	3697.5	0.0	748.0	10072.0
940	3759.8333333333335	0.0	1535.0	9522.0
950	4101.833333333333	0.0	1465.0	11620.0
960	3642.0	0.0	1702.0	14131.0
970	3962.5	0.0	922.0	8510.0
980	3961.3333333333335	0.0	807.0	9120.0
990	3533.6666666666665	0.0	685.0	8542.0
1000	3809.0	0.0	668.0	8299.0
