0	301.6666666666667	0.0	0.0	0.0
10	1659.6666666666667	58.0	1131.0	7976.0
20	2094.6666666666665	211.0	6460.0	11548.0
30	1879.3333333333333	127.0	6505.0	10606.0
40	2140.8333333333335	154.0	7619.0	11747.0
50	2329.1666666666665	155.0	6459.0	9830.0
60	2532.0	79.0	6848.0	10424.0
70	2763.5	149.0	7810.0	11677.0
80	2122.0	100.0	8289.0	12146.0
90	2614.3333333333335	99.0	6822.0	10468.0
100	2826.5	186.0	9677.0	14118.0
110	2744.3333333333335	41.0	2226.0	6764.0
120	2654.8333333333335	0.0	0.0	7199.0
130	2465.1666666666665	0.0	0.0	9003.0
140	2860.6666666666665	0.0	0.0	5574.0
150	2868.3333333333335	0.0	0.0	7602.0
160	3245.8333333333335	0.0	0.0	9543.0
170	3104.5	0.0	0.0	8235.0
180	2858.5	0.0	0.0	9873.0
190	2965.8333333333335	0.0	0.0	7981.0
200	3565.8333333333335	0.0	0.0	10983.0
210	2844.8333333333335	0.0	0.0	9274.0
220	2497.5	0.0	0.0	12804.0
230	2885.3333333333335	0.0	0.0	9149.0
240	3469.0	0.0	0.0	10025.0
250	3256.1666666666665	0.0	0.0	12641.0
260	3304.1666666666665	0.0	0.0	8909.0
270	3123.6666666666665	0.0	0.0	9232.0
280	3664.8333333333335	0.0	0.0	9148.0
290	3019.5	0.0	0.0	13953.0
300	3338.5	0.0	0.0	8709.0
310	3366.8333333333335	0.0	0.0	11614.0
320	2830.0	0.0	0.0	11933.0
330	3593.1666666666665	0.0	0.0	9663.0
340	3169.5	0.0	0.0	9874.0
350	3003.0	0.0	0.0	9653.0
360	3163.5	0.0	0.0	9332.0
370	3843.6666666666665	0.0	0.0	12359.0
380	3416.3333333333335	0.0	0.0	8742.0
390	3603.0	0.0	0.0	10916.0
400	3674.1666666666665	0.0	0.0	9232.0
410	3862.0	0.0	0.0	11632.0
420	3798.6666666666665	0.0	0.0	11749.0
430	3133.0	0.0	0.0	10526.0
440	3620.0	0.0	0.0	9783.0
450	3623.8333333333335	0.0	0.0	14263.0
460	3825.3333333333335	0.0	0.0	10225.0
470	3482.3333333333335	0.0	0.0	7961.0
480	3374.8333333333335	0.0	0.0	11498.0
490	3125.0	0.0	0.0	9943.0
500	3368.8333333333335	0.0	0.0	9178.0
510	3351.1666666666665	0.0	0.0	11201.0
520	3642.8333333333335	0.0	0.0	10182.0
530	3465.8333333333335	0.0	0.0	10927.0
540	3537.5	0.0	0.0	9378.0
550	3898.5	0.0	0.0	11720.0
560	3895.8333333333335	0.0	0.0	12699.0
570	3560.6666666666665	0.0	0.0	11771.0
580	4022.5	0.0	0.0	10503.0
590	4074.0	0.0	0.0	10661.0
600	3689.3333333333335	0.0	0.0	9739.0
610	3767.5	0.0	0.0	10098.0
620	3967.3333333333335	0.0	0.0	13067.0
630	3570.5	0.0	0.0	10696.0
640	3570.6666666666665	0.0	0.0	11601.0
650	3581.1666666666665	0.0	0.0	12465.0
660	3232.0	0.0	0.0	11482.0
670	3685.8333333333335	0.0	0.0	12740.0
680	3531.5	0.0	0.0	12619.0
690	3586.8333333333335	0.0	0.0	9219.0
700	3776.1666666666665	0.0	0.0	8712.0
710	3646.5	0.0	0.0	11799.0
720	3581.3333333333335	0.0	0.0	13589.0
730	3534.1666666666665	0.0	0.0	11189.0
740	3820.3333333333335	0.0	0.0	10982.0
750	3523.1666666666665	0.0	0.0	8889.0
760	3708.5	0.0	0.0	12499.0
770	3771.0	0.0	0.0	12029.0
780	3618.6666666666665	0.0	0.0	10255.0
790	3824.1666666666665	0.0	0.0	8752.0
800	3475.1666666666665	0.0	0.0	9219.0
810	3915.8333333333335	0.0	0.0	10050.0
820	4036.8333333333335	0.0	0.0	10270.0
830	3639.3333333333335	0.0	0.0	12771.0
840	3889.5	0.0	0.0	10973.0
850	3746.8333333333335	0.0	0.0	10897.0
860	3913.0	0.0	0.0	9273.0
870	3597.5	0.0	0.0	9706.0
880	3966.3333333333335	0.0	0.0	9110.0
890	3795.5	0.0	0.0	13240.0
900	3455.6666666666665	0.0	0.0	7322.0
910	4151.833333333333	0.0	0.0	8932.0
920	4113.0	0.0	0.0	9265.0
930	3844.1666666666665	0.0	0.0	7297.0
940	3652.1666666666665	0.0	0.0	8869.0
950	4032.8333333333335	0.0	0.0	10320.0
960	3741.5	0.0	0.0	8419.0
970	3776.8333333333335	0.0	0.0	13078.0
980	3966.1666666666665	0.0	0.0	11161.0
990	4070.3333333333335	0.0	0.0	7719.0
1000	3606.1666666666665	0.0	0.0	9972.0
