0	1530.0	0.0	0.0	0.0
10	2015.6666666666667	1000.0	1313.0	10803.0
20	1980.5	0.0	0.0	9936.0
30	2100.5	0.0	0.0	10349.0
40	2067.8333333333335	0.0	0.0	6206.0
50	2206.6666666666665	0.0	0.0	8409.0
60	2034.8333333333333	0.0	0.0	7841.0
70	2062.3333333333335	0.0	0.0	7377.0
80	2265.6666666666665	0.0	0.0	10653.0
90	2096.5	0.0	0.0	7755.0
100	2173.0	0.0	0.0	9883.0
110	2082.0	0.0	0.0	9039.0
120	1987.8333333333333	0.0	0.0	10093.0
130	2329.5	0.0	0.0	6950.0
140	2377.5	0.0	0.0	9410.0
150	2308.0	0.0	0.0	6572.0
160	2202.8333333333335	0.0	0.0	6727.0
170	2344.1666666666665	0.0	0.0	9693.0
180	2255.3333333333335	0.0	0.0	9328.0
190	2443.3333333333335	0.0	0.0	7737.0
200	2641.0	0.0	0.0	8150.0
210	2230.6666666666665	0.0	0.0	9059.0
220	2022.3333333333333	0.0	0.0	7809.0
230	2309.0	0.0	0.0	8781.0
240	2169.1666666666665	0.0	0.0	7228.0
250	2301.3333333333335	0.0	0.0	4688.0
260	2107.8333333333335	0.0	0.0	6130.0
270	2327.0	0.0	0.0	7478.0
280	2159.8333333333335	0.0	0.0	7037.0
290	2193.3333333333335	0.0	0.0	11549.0
300	1854.6666666666667	0.0	0.0	6896.0
310	2550.5	0.0	0.0	10280.0
320	2345.6666666666665	0.0	0.0	7349.0
330	2404.0	0.0	0.0	9971.0
340	2220.6666666666665	0.0	0.0	9474.0
350	2366.1666666666665	0.0	0.0	5084.0
360	2448.5	0.0	0.0	6991.0
370	2497.8333333333335	0.0	0.0	9093.0
380	2322.1666666666665	0.0	0.0	8443.0
390	2514.5	0.0	0.0	7352.0
400	2391.6666666666665	0.0	0.0	6712.0
410	2867.5	0.0	0.0	6516.0
420	2310.6666666666665	0.0	0.0	8435.0
430	2705.8333333333335	0.0	0.0	11476.0
440	2297.3333333333335	0.0	0.0	8634.0
450	2717.1666666666665	0.0	0.0	5508.0
460	2609.3333333333335	0.0	0.0	10090.0
470	2830.5	0.0	0.0	7416.0
480	3002.8333333333335	0.0	0.0	8324.0
490	3118.1666666666665	0.0	0.0	11749.0
500	2589.6666666666665	0.0	0.0	9768.0
510	2866.5	0.0	0.0	9846.0
520	2557.8333333333335	0.0	0.0	10375.0
530	3335.0	0.0	0.0	6864.0
540	3159.5	0.0	0.0	9804.0
550	3198.0	0.0	0.0	12197.0
560	3225.3333333333335	0.0	0.0	11495.0
570	3048.5	0.0	0.0	10432.0
580	2848.8333333333335	0.0	0.0	12538.0
590	3066.3333333333335	0.0	0.0	7837.0
600	3586.5	0.0	0.0	11885.0
610	2917.8333333333335	0.0	0.0	13514.0
620	3061.0	0.0	0.0	11963.0
630	3593.6666666666665	0.0	0.0	10313.0
640	3559.3333333333335	0.0	0.0	8629.0
650	3360.5	0.0	0.0	10751.0
660	3611.5	0.0	0.0	11023.0
670	3853.3333333333335	0.0	0.0	11229.0
680	3729.6666666666665	0.0	0.0	10606.0
690	2807.0	0.0	0.0	12363.0
700	3229.3333333333335	0.0	0.0	10834.0
710	3072.1666666666665	0.0	0.0	13706.0
720	2878.1666666666665	0.0	0.0	7978.0
730	3868.6666666666665	0.0	0.0	10601.0
740	3310.1666666666665	0.0	0.0	9423.0
750	4035.5	0.0	0.0	13455.0
760	3820.8333333333335	0.0	0.0	10015.0
770	3591.8333333333335	0.0	0.0	11802.0
780	3417.1666666666665	0.0	0.0	9606.0
790	3813.3333333333335	0.0	0.0	11874.0
800	3652.6666666666665	0.0	0.0	11900.0
810	3714.8333333333335	0.0	0.0	8576.0
820	3364.6666666666665	0.0	0.0	11716.0
830	3719.6666666666665	0.0	0.0	8325.0
840	3478.8333333333335	0.0	0.0	11485.0
850	3845.6666666666665	0.0	0.0	9626.0
860	3041.1666666666665	0.0	0.0	12364.0
870	3985.0	0.0	0.0	13397.0
880	3515.1666666666665	0.0	0.0	9992.0
890	3668.3333333333335	0.0	0.0	10152.0
900	3681.5	0.0	0.0	10025.0
910	3389.0	0.0	0.0	10388.0
920	4131.5	0.0	0.0	11344.0
930	3856.1666666666665	0.0	0.0	6431.0
940	3507.0	0.0	0.0	10964.0
950	3933.6666666666665	0.0	0.0	10472.0
960	3259.5	0.0	0.0	10923.0
970	3789.8333333333335	0.0	0.0	9742.0
980	4066.6666666666665	0.0	0.0	10030.0
990	3942.1666666666665	0.0	0.0	10293.0
1000	3901.8333333333335	0.0	0.0	10340.0
