0	1684.0	0.0	0.0	0.0
10	1951.8333333333333	1000.0	1518.0	8192.0
20	2003.6666666666667	0.0	0.0	8591.0
30	1859.0	0.0	0.0	8105.0
40	2156.0	0.0	0.0	8945.0
50	1873.3333333333333	0.0	0.0	7466.0
60	2051.8333333333335	0.0	0.0	9307.0
70	2151.6666666666665	0.0	0.0	8581.0
80	1979.6666666666667	0.0	0.0	6072.0
90	1976.1666666666667	0.0	0.0	8116.0
100	2024.0	0.0	0.0	9464.0
110	2141.1666666666665	0.0	0.0	5828.0
120	2208.3333333333335	0.0	0.0	8337.0
130	2096.1666666666665	0.0	0.0	7937.0
140	2055.0	0.0	0.0	7425.0
150	2074.0	0.0	0.0	6965.0
160	2082.0	0.0	0.0	5482.0
170	2108.5	0.0	0.0	7467.0
180	2109.3333333333335	0.0	0.0	7409.0
190	2188.8333333333335	0.0	0.0	9240.0
200	1808.0	0.0	0.0	5797.0
210	1733.3333333333333	0.0	0.0	5204.0
220	1703.5	0.0	0.0	8900.0
230	1554.6666666666667	0.0	0.0	10614.0
240	1687.3333333333333	0.0	0.0	10072.0
250	1866.1666666666667	0.0	0.0	6281.0
260	1738.5	0.0	0.0	4299.0
270	1748.6666666666667	0.0	0.0	7137.0
280	1741.8333333333333	0.0	0.0	7259.0
290	1716.8333333333333	0.0	0.0	6510.0
300	1772.0	0.0	0.0	8143.0
310	1783.5	0.0	0.0	8530.0
320	1749.6666666666667	0.0	0.0	7549.0
330	1949.6666666666667	0.0	0.0	10816.0
340	1576.0	0.0	0.0	10445.0
350	1865.1666666666667	0.0	0.0	7169.0
360	1560.6666666666667	0.0	0.0	7591.0
370	1672.3333333333333	0.0	0.0	6507.0
380	1464.8333333333333	0.0	0.0	6884.0
390	1573.1666666666667	0.0	0.0	6513.0
400	1611.3333333333333	0.0	0.0	8156.0
410	1723.8333333333333	0.0	0.0	6694.0
420	1397.3333333333333	0.0	0.0	6180.0
430	1633.3333333333333	0.0	0.0	7417.0
440	1667.3333333333333	0.0	0.0	5230.0
450	1468.6666666666667	0.0	0.0	7146.0
460	1573.0	0.0	0.0	6748.0
470	1360.3333333333333	0.0	0.0	7251.0
480	1416.6666666666667	0.0	0.0	8094.0
490	1485.0	0.0	0.0	6081.0
500	1644.0	0.0	0.0	6388.0
510	1349.3333333333333	0.0	0.0	5030.0
520	1465.8333333333333	0.0	0.0	6835.0
530	1427.6666666666667	0.0	0.0	6711.0
540	1269.0	0.0	0.0	3333.0
550	1355.6666666666667	0.0	0.0	7036.0
560	1674.6666666666667	0.0	0.0	7263.0
570	1559.3333333333333	0.0	0.0	8266.0
580	1478.3333333333333	0.0	0.0	5906.0
590	1435.0	0.0	0.0	8360.0
600	1300.8333333333333	0.0	0.0	4619.0
610	1478.6666666666667	0.0	0.0	6942.0
620	1448.3333333333333	0.0	0.0	5972.0
630	1352.6666666666667	0.0	0.0	6129.0
640	1271.6666666666667	0.0	0.0	6827.0
650	1550.3333333333333	0.0	0.0	5734.0
660	1385.3333333333333	0.0	0.0	5720.0
670	1320.6666666666667	0.0	0.0	5273.0
680	1321.3333333333333	0.0	0.0	7185.0
690	1469.0	0.0	0.0	5390.0
700	1430.3333333333333	0.0	0.0	6830.0
710	1389.3333333333333	0.0	0.0	6048.0
720	1391.0	0.0	0.0	6690.0
730	1444.6666666666667	0.0	0.0	6070.0
740	1479.3333333333333	0.0	0.0	4816.0
750	1207.0	0.0	0.0	6829.0
760	1535.6666666666667	0.0	0.0	6924.0
770	1518.0	0.0	0.0	5514.0
780	1374.0	0.0	0.0	5936.0
790	1340.6666666666667	0.0	0.0	6784.0
800	1437.3333333333333	0.0	0.0	5862.0
810	1284.6666666666667	0.0	0.0	5058.0
820	1407.6666666666667	0.0	0.0	4982.0
830	1372.3333333333333	0.0	0.0	8358.0
840	1389.6666666666667	0.0	0.0	5086.0
850	1392.3333333333333	0.0	0.0	5626.0
860	1416.0	0.0	0.0	5238.0
870	1412.3333333333333	0.0	0.0	4998.0
880	1225.3333333333333	0.0	0.0	5152.0
890	1435.0	0.0	0.0	5497.0
900	1344.3333333333333	0.0	0.0	6237.0
910	1313.3333333333333	0.0	0.0	4692.0
920	1378.6666666666667	0.0	0.0	5886.0
930	1347.6666666666667	0.0	0.0	4981.0
940	1174.0	0.0	0.0	6985.0
950	1294.3333333333333	0.0	0.0	5668.0
960	1280.0	0.0	0.0	6202.0
970	1309.3333333333333	0.0	0.0	4669.0
980	1292.6666666666667	0.0	0.0	5596.0
990	1179.0	0.0	0.0	5585.0
1000	1300.6666666666667	0.0	0.0	4716.0
