0	1798.0	0.0	0.0	0.0
10	2095.1666666666665	1000.0	1513.0	10428.0
20	1874.6666666666667	0.0	0.0	8618.0
30	2115.6666666666665	0.0	0.0	7584.0
40	1970.3333333333333	0.0	0.0	5284.0
50	1970.0	0.0	0.0	9395.0
60	2092.3333333333335	0.0	0.0	9695.0
70	1995.5	0.0	0.0	7366.0
80	2063.6666666666665	0.0	0.0	7645.0
90	1901.1666666666667	0.0	0.0	6887.0
100	2199.8333333333335	0.0	0.0	7850.0
110	1796.5	0.0	0.0	8864.0
120	2080.6666666666665	0.0	0.0	8414.0
130	2127.3333333333335	0.0	0.0	5736.0
140	2029.3333333333333	0.0	0.0	8959.0
150	2143.0	0.0	0.0	9631.0
160	1925.3333333333333	0.0	0.0	6918.0
170	1971.3333333333333	0.0	0.0	6701.0
180	2130.5	0.0	0.0	7802.0
190	2162.1666666666665	0.0	0.0	8195.0
200	2008.5	0.0	0.0	6036.0
210	2167.6666666666665	0.0	0.0	12915.0
220	2482.0	0.0	0.0	10824.0
230	2197.5	0.0	0.0	10087.0
240	2296.6666666666665	0.0	0.0	4792.0
250	2743.6666666666665	0.0	0.0	7941.0
260	2648.6666666666665	0.0	0.0	7839.0
270	2482.0	0.0	0.0	9842.0
280	2614.0	0.0	0.0	11627.0
290	2797.1666666666665	0.0	0.0	12633.0
300	2313.0	0.0	0.0	6322.0
310	2740.0	0.0	0.0	7737.0
320	2583.3333333333335	0.0	0.0	9572.0
330	2305.3333333333335	0.0	0.0	7433.0
340	2186.3333333333335	0.0	0.0	7791.0
350	2440.5	0.0	0.0	9460.0
360	2395.1666666666665	0.0	0.0	9142.0
370	2408.3333333333335	0.0	0.0	5892.0
380	2669.8333333333335	0.0	0.0	8923.0
390	2152.0	0.0	0.0	9100.0
400	2497.6666666666665	0.0	0.0	9977.0
410	2599.1666666666665	0.0	0.0	8509.0
420	2669.6666666666665	0.0	0.0	8119.0
430	2775.6666666666665	0.0	0.0	9698.0
440	2677.8333333333335	0.0	0.0	8934.0
450	2999.1666666666665	0.0	0.0	9996.0
460	3036.8333333333335	0.0	0.0	6878.0
470	2868.6666666666665	0.0	0.0	6607.0
480	3143.1666666666665	0.0	0.0	10637.0
490	3146.6666666666665	0.0	0.0	11426.0
500	2996.0	0.0	0.0	12359.0
510	2937.6666666666665	0.0	0.0	10522.0
520	3504.3333333333335	0.0	0.0	9012.0
530	3356.5	0.0	0.0	10856.0
540	3042.0	0.0	0.0	9454.0
550	3155.1666666666665	0.0	0.0	10753.0
560	3498.3333333333335	0.0	0.0	9671.0
570	3235.6666666666665	0.0	0.0	11390.0
580	3632.8333333333335	0.0	0.0	10615.0
590	3218.0	0.0	0.0	7949.0
600	3301.6666666666665	0.0	0.0	6674.0
610	3617.8333333333335	0.0	0.0	9802.0
620	3113.0	0.0	0.0	10506.0
630	3451.3333333333335	0.0	0.0	8970.0
640	3554.3333333333335	0.0	0.0	12679.0
650	3718.0	0.0	0.0	8724.0
660	3153.1666666666665	0.0	0.0	11431.0
670	3249.6666666666665	0.0	0.0	12387.0
680	3150.8333333333335	0.0	0.0	9533.0
690	3118.5	0.0	0.0	12033.0
700	3264.1666666666665	0.0	0.0	7140.0
710	3715.5	0.0	0.0	11247.0
720	3723.6666666666665	0.0	0.0	9222.0
730	3797.8333333333335	0.0	0.0	9630.0
740	4007.8333333333335	0.0	0.0	8941.0
750	3852.5	0.0	0.0	6878.0
760	3574.5	0.0	0.0	10961.0
770	2961.0	0.0	0.0	10990.0
780	3895.3333333333335	0.0	0.0	8353.0
790	3783.6666666666665	0.0	0.0	9366.0
800	3557.6666666666665	0.0	0.0	11782.0
810	3634.8333333333335	0.0	0.0	8028.0
820	3934.1666666666665	0.0	0.0	12150.0
830	3634.6666666666665	0.0	0.0	12016.0
840	3657.8333333333335	0.0	0.0	9906.0
850	3542.5	0.0	0.0	8214.0
860	3677.8333333333335	0.0	0.0	10140.0
870	3740.0	0.0	0.0	7584.0
880	3595.6666666666665	0.0	0.0	9032.0
890	3333.5	0.0	0.0	10267.0
900	3555.0	0.0	0.0	11823.0
910	3584.0	0.0	0.0	11816.0
920	3985.8333333333335	0.0	0.0	9402.0
930	3645.3333333333335	0.0	0.0	10039.0
940	4147.666666666667	0.0	0.0	9143.0
950	3755.5	0.0	0.0	10300.0
960	3950.5	0.0	0.0	10565.0
970	3467.0	0.0	0.0	8459.0
980	3957.1666666666665	0.0	0.0	9517.0
990	3389.8333333333335	0.0	0.0	12176.0
1000	3411.3333333333335	0.0	0.0	9218.0
