0	1699.6666666666667	0.0	0.0	0.0
10	1834.5	216.0	7539.0	11637.0
20	1845.8333333333333	193.0	7004.0	10213.0
30	1876.3333333333333	259.0	8365.0	12379.0
40	1869.5	248.0	8309.0	11795.0
50	1771.6666666666667	84.0	2860.0	7792.0
60	1807.3333333333333	0.0	0.0	6746.0
70	1687.6666666666667	0.0	0.0	5630.0
80	1740.8333333333333	0.0	0.0	4846.0
90	1690.0	0.0	0.0	7376.0
100	1782.5	0.0	0.0	6679.0
110	1818.6666666666667	0.0	0.0	7428.0
120	1718.6666666666667	0.0	0.0	5633.0
130	1788.1666666666667	0.0	0.0	7847.0
140	1764.3333333333333	0.0	0.0	4930.0
150	1648.5	0.0	0.0	6388.0
160	1670.1666666666667	0.0	0.0	7599.0
170	1904.5	0.0	0.0	8110.0
180	1624.1666666666667	0.0	0.0	8578.0
190	1709.8333333333333	0.0	0.0	5999.0
200	1879.3333333333333	0.0	0.0	6361.0
210	1673.1666666666667	0.0	0.0	7033.0
220	1704.5	0.0	0.0	5888.0
230	1715.6666666666667	0.0	0.0	4277.0
240	1800.1666666666667	0.0	0.0	8490.0
250	1687.3333333333333	0.0	0.0	5289.0
260	1782.5	0.0	0.0	5524.0
270	1724.3333333333333	0.0	0.0	4989.0
280	1728.1666666666667	0.0	0.0	6972.0
290	1834.5	0.0	0.0	5053.0
300	1734.3333333333333	0.0	0.0	5452.0
310	1711.8333333333333	0.0	0.0	7118.0
320	1677.3333333333333	0.0	0.0	7396.0
330	1812.6666666666667	0.0	0.0	6563.0
340	1658.0	0.0	0.0	5426.0
350	1690.1666666666667	0.0	0.0	5586.0
360	1768.5	0.0	0.0	7771.0
370	1776.3333333333333	0.0	0.0	7453.0
380	1792.1666666666667	0.0	0.0	6045.0
390	1546.5	0.0	0.0	5725.0
400	1728.8333333333333	0.0	0.0	6923.0
410	1546.1666666666667	0.0	0.0	5602.0
420	1805.1666666666667	0.0	0.0	5946.0
430	1787.8333333333333	0.0	0.0	4929.0
440	1575.8333333333333	0.0	0.0	6013.0
450	1684.0	0.0	0.0	5019.0
460	1794.3333333333333	0.0	0.0	5201.0
470	1543.8333333333333	0.0	0.0	4328.0
480	1874.3333333333333	0.0	0.0	4400.0
490	1532.3333333333333	0.0	0.0	6071.0
500	1811.1666666666667	0.0	0.0	5039.0
510	1687.0	0.0	0.0	5421.0
520	1676.6666666666667	0.0	0.0	5688.0
530	1681.1666666666667	0.0	0.0	5547.0
540	1540.6666666666667	0.0	0.0	5182.0
550	1680.1666666666667	0.0	0.0	6637.0
560	1478.5	0.0	0.0	5167.0
570	1645.0	0.0	0.0	5741.0
580	1771.5	0.0	0.0	6708.0
590	1726.1666666666667	0.0	0.0	6435.0
600	1621.1666666666667	0.0	0.0	4530.0
610	1683.3333333333333	0.0	0.0	6154.0
620	1714.6666666666667	0.0	0.0	6261.0
630	1700.3333333333333	0.0	0.0	6612.0
640	1735.5	0.0	0.0	4247.0
650	1655.8333333333333	0.0	0.0	6028.0
660	1589.8333333333333	0.0	0.0	6546.0
670	1604.6666666666667	0.0	0.0	8239.0
680	1598.3333333333333	0.0	0.0	4400.0
690	1674.6666666666667	0.0	0.0	4688.0
700	1542.5	0.0	0.0	7710.0
710	1587.0	0.0	0.0	5729.0
720	1623.8333333333333	0.0	0.0	7523.0
730	1601.8333333333333	0.0	0.0	5936.0
740	1745.0	0.0	0.0	4145.0
750	1697.8333333333333	0.0	0.0	3983.0
760	1707.1666666666667	0.0	0.0	5012.0
770	1639.3333333333333	0.0	0.0	4040.0
780	1822.3333333333333	0.0	0.0	5294.0
790	1589.0	0.0	0.0	5092.0
800	1694.1666666666667	0.0	0.0	4605.0
810	1715.5	0.0	0.0	5797.0
820	1603.8333333333333	0.0	0.0	6273.0
830	1487.0	0.0	0.0	4598.0
840	1548.1666666666667	0.0	0.0	6212.0
850	1717.6666666666667	0.0	0.0	5728.0
860	1628.6666666666667	0.0	0.0	6848.0
870	1638.6666666666667	0.0	0.0	5741.0
880	1649.1666666666667	0.0	0.0	5291.0
890	1466.0	0.0	0.0	6295.0
900	1577.6666666666667	0.0	0.0	7197.0
910	1620.8333333333333	0.0	0.0	4524.0
920	1769.6666666666667	0.0	0.0	5415.0
930	1585.1666666666667	0.0	0.0	4675.0
940	1436.5	0.0	0.0	7830.0
950	1383.8333333333333	0.0	0.0	4425.0
960	1676.3333333333333	0.0	0.0	4992.0
970	1718.6666666666667	0.0	0.0	5130.0
980	1628.6666666666667	0.0	0.0	5308.0
990	1502.5	0.0	0.0	5137.0
1000	1693.3333333333333	0.0	0.0	6316.0
