0	1795.3333333333333	0.0	0.0	0.0
10	1731.3333333333333	285.0	9888.0	13979.0
20	1802.0	200.0	6714.0	10206.0
30	1728.0	128.0	6020.0	9034.0
40	1783.3333333333333	251.0	8357.0	11461.0
50	1750.1666666666667	136.0	4718.0	8659.0
60	1733.3333333333333	0.0	0.0	7353.0
70	1692.6666666666667	0.0	0.0	7429.0
80	1878.1666666666667	0.0	0.0	6992.0
90	1829.6666666666667	0.0	0.0	5711.0
100	1787.0	0.0	0.0	7044.0
110	1722.3333333333333	0.0	0.0	7191.0
120	1764.0	0.0	0.0	4181.0
130	1600.6666666666667	0.0	0.0	5189.0
140	1746.6666666666667	0.0	0.0	6458.0
150	1752.0	0.0	0.0	6529.0
160	1647.1666666666667	0.0	0.0	6490.0
170	1595.3333333333333	0.0	0.0	6744.0
180	1583.3333333333333	0.0	0.0	6265.0
190	1838.1666666666667	0.0	0.0	6339.0
200	1762.1666666666667	0.0	0.0	4142.0
210	1766.1666666666667	0.0	0.0	5057.0
220	1891.0	0.0	0.0	6203.0
230	1619.8333333333333	0.0	0.0	5496.0
240	1821.5	0.0	0.0	5900.0
250	1902.8333333333333	0.0	0.0	6274.0
260	1772.1666666666667	0.0	0.0	5352.0
270	1718.6666666666667	0.0	0.0	4327.0
280	1737.0	0.0	0.0	6829.0
290	1606.8333333333333	0.0	0.0	6669.0
300	1571.5	0.0	0.0	6604.0
310	1800.5	0.0	0.0	4716.0
320	1833.3333333333333	0.0	0.0	6663.0
330	1676.8333333333333	0.0	0.0	5823.0
340	1827.8333333333333	0.0	0.0	6906.0
350	1655.3333333333333	0.0	0.0	5341.0
360	1761.5	0.0	0.0	6946.0
370	1726.0	0.0	0.0	8541.0
380	1744.3333333333333	0.0	0.0	5083.0
390	1658.6666666666667	0.0	0.0	7600.0
400	1621.1666666666667	0.0	0.0	4260.0
410	1766.8333333333333	0.0	0.0	6134.0
420	1555.0	0.0	0.0	5620.0
430	1769.0	0.0	0.0	7424.0
440	1656.1666666666667	0.0	0.0	6868.0
450	1800.1666666666667	0.0	0.0	5661.0
460	1499.0	0.0	0.0	4736.0
470	1600.5	0.0	0.0	4777.0
480	1691.3333333333333	0.0	0.0	7119.0
490	1581.0	0.0	0.0	6237.0
500	1600.1666666666667	0.0	0.0	6560.0
510	1703.6666666666667	0.0	0.0	5639.0
520	1750.3333333333333	0.0	0.0	8776.0
530	1705.3333333333333	0.0	0.0	5653.0
540	1714.6666666666667	0.0	0.0	5299.0
550	1729.1666666666667	0.0	0.0	6826.0
560	1663.6666666666667	0.0	0.0	6140.0
570	1457.1666666666667	0.0	0.0	4729.0
580	1706.1666666666667	0.0	0.0	4636.0
590	1563.8333333333333	0.0	0.0	4515.0
600	1587.5	0.0	0.0	4309.0
610	1686.3333333333333	0.0	0.0	4504.0
620	1569.5	0.0	0.0	4133.0
630	1722.6666666666667	0.0	0.0	6303.0
640	1745.8333333333333	0.0	0.0	5750.0
650	1643.5	0.0	0.0	5613.0
660	1763.8333333333333	0.0	0.0	6314.0
670	1624.5	0.0	0.0	5325.0
680	1691.1666666666667	0.0	0.0	6519.0
690	1665.8333333333333	0.0	0.0	5666.0
700	1684.6666666666667	0.0	0.0	6158.0
710	1672.0	0.0	0.0	8050.0
720	1610.5	0.0	0.0	5362.0
730	1692.3333333333333	0.0	0.0	4856.0
740	1475.0	0.0	0.0	5086.0
750	1792.1666666666667	0.0	0.0	3977.0
760	1724.6666666666667	0.0	0.0	5309.0
770	1761.8333333333333	0.0	0.0	4565.0
780	1598.0	0.0	0.0	5484.0
790	1532.3333333333333	0.0	0.0	5021.0
800	1765.0	0.0	0.0	5088.0
810	1397.5	0.0	0.0	4728.0
820	1586.8333333333333	0.0	0.0	5752.0
830	1594.0	0.0	0.0	4181.0
840	1661.3333333333333	0.0	0.0	4629.0
850	1549.3333333333333	0.0	0.0	8255.0
860	1635.8333333333333	0.0	0.0	6950.0
870	1566.3333333333333	0.0	0.0	6037.0
880	1561.0	0.0	0.0	5223.0
890	1872.3333333333333	0.0	0.0	4651.0
900	1604.6666666666667	0.0	0.0	4266.0
910	1703.8333333333333	0.0	0.0	6850.0
920	1657.5	0.0	0.0	5601.0
930	1613.3333333333333	0.0	0.0	6705.0
940	1591.1666666666667	0.0	0.0	5006.0
950	1675.0	0.0	0.0	4130.0
960	1722.0	0.0	0.0	4056.0
970	1755.8333333333333	0.0	0.0	7279.0
980	1446.3333333333333	0.0	0.0	5452.0
990	1729.0	0.0	0.0	5851.0
1000	1635.1666666666667	0.0	0.0	5310.0
