0	1727.8333333333333	0.0	0.0	0.0
10	1957.6666666666667	189.0	7687.0	11733.0
20	1808.0	213.0	7177.0	11534.0
30	1861.8333333333333	233.0	7687.0	12048.0
40	1693.6666666666667	180.0	6900.0	9479.0
50	1587.3333333333333	185.0	7466.0	11703.0
60	1778.3333333333333	0.0	0.0	6515.0
70	1686.5	0.0	0.0	5672.0
80	1581.8333333333333	0.0	0.0	7593.0
90	1759.5	0.0	0.0	5767.0
100	1815.3333333333333	0.0	0.0	5702.0
110	1788.6666666666667	0.0	0.0	6381.0
120	1715.3333333333333	0.0	0.0	6586.0
130	1797.6666666666667	0.0	0.0	5571.0
140	1767.5	0.0	0.0	6206.0
150	1724.3333333333333	0.0	0.0	5588.0
160	1803.0	0.0	0.0	7407.0
170	1707.3333333333333	0.0	0.0	4867.0
180	1706.1666666666667	0.0	0.0	6755.0
190	1555.5	0.0	0.0	6209.0
200	1842.1666666666667	0.0	0.0	5242.0
210	1852.0	0.0	0.0	6435.0
220	1749.1666666666667	0.0	0.0	5482.0
230	1577.1666666666667	0.0	0.0	6531.0
240	1743.1666666666667	0.0	0.0	5837.0
250	1801.6666666666667	0.0	0.0	5450.0
260	1798.8333333333333	0.0	0.0	6012.0
270	1626.8333333333333	0.0	0.0	4656.0
280	1672.1666666666667	0.0	0.0	4869.0
290	1713.8333333333333	0.0	0.0	4880.0
300	1785.5	0.0	0.0	5312.0
310	1676.0	0.0	0.0	5765.0
320	1733.8333333333333	0.0	0.0	6843.0
330	1738.6666666666667	0.0	0.0	4872.0
340	1706.8333333333333	0.0	0.0	7109.0
350	1659.6666666666667	0.0	0.0	6690.0
360	1810.1666666666667	0.0	0.0	5646.0
370	1551.5	0.0	0.0	5340.0
380	1589.3333333333333	0.0	0.0	6877.0
390	1632.5	0.0	0.0	4440.0
400	1627.5	0.0	0.0	5991.0
410	1728.3333333333333	0.0	0.0	4573.0
420	1576.6666666666667	0.0	0.0	7111.0
430	1665.6666666666667	0.0	0.0	7786.0
440	1724.6666666666667	0.0	0.0	4988.0
450	1753.8333333333333	0.0	0.0	6112.0
460	1599.5	0.0	0.0	4281.0
470	1566.6666666666667	0.0	0.0	6123.0
480	1560.6666666666667	0.0	0.0	7383.0
490	1700.0	0.0	0.0	5584.0
500	1654.8333333333333	0.0	0.0	6920.0
510	1394.6666666666667	0.0	0.0	4947.0
520	1643.1666666666667	0.0	0.0	7179.0
530	1636.5	0.0	0.0	5975.0
540	1673.3333333333333	0.0	0.0	4684.0
550	1691.0	0.0	0.0	5623.0
560	1696.6666666666667	0.0	0.0	5010.0
570	1685.0	0.0	0.0	5834.0
580	1620.8333333333333	0.0	0.0	5738.0
590	1745.3333333333333	0.0	0.0	6064.0
600	1640.5	0.0	0.0	6380.0
610	1658.5	0.0	0.0	5185.0
620	1620.0	0.0	0.0	6075.0
630	1822.5	0.0	0.0	5762.0
640	1514.0	0.0	0.0	5750.0
650	1628.6666666666667	0.0	0.0	4789.0
660	1625.3333333333333	0.0	0.0	6688.0
670	1733.6666666666667	0.0	0.0	7172.0
680	1689.6666666666667	0.0	0.0	7839.0
690	1675.5	0.0	0.0	4667.0
700	1629.0	0.0	0.0	5915.0
710	1667.8333333333333	0.0	0.0	5119.0
720	1766.8333333333333	0.0	0.0	4637.0
730	1818.8333333333333	0.0	0.0	5312.0
740	1588.8333333333333	0.0	0.0	5370.0
750	1515.8333333333333	0.0	0.0	6389.0
760	1540.3333333333333	0.0	0.0	5942.0
770	1728.6666666666667	0.0	0.0	5652.0
780	1558.3333333333333	0.0	0.0	5675.0
790	1745.6666666666667	0.0	0.0	6827.0
800	1678.5	0.0	0.0	5913.0
810	1837.1666666666667	0.0	0.0	7567.0
820	1588.0	0.0	0.0	4303.0
830	1764.0	0.0	0.0	5509.0
840	1687.8333333333333	0.0	0.0	4206.0
850	1461.3333333333333	0.0	0.0	5266.0
860	1558.0	0.0	0.0	4875.0
870	1480.5	0.0	0.0	5075.0
880	1694.5	0.0	0.0	6438.0
890	1593.6666666666667	0.0	0.0	6493.0
900	1803.3333333333333	0.0	0.0	5568.0
910	1631.1666666666667	0.0	0.0	5358.0
920	1587.1666666666667	0.0	0.0	7672.0
930	1775.6666666666667	0.0	0.0	6136.0
940	1729.6666666666667	0.0	0.0	6062.0
950	1517.6666666666667	0.0	0.0	4477.0
960	1675.5	0.0	0.0	5069.0
970	1649.3333333333333	0.0	0.0	3938.0
980	1769.8333333333333	0.0	0.0	4607.0
990	1839.6666666666667	0.0	0.0	9322.0
1000	1599.6666666666667	0.0	0.0	3533.0
