0	2212.8333333333335	0.0	0.0	0.0
10	3018.8333333333335	32.0	9112.0	9112.0
20	2261.1666666666665	30.0	11389.0	11389.0
30	2789.0	39.0	10023.0	10023.0
40	3210.0	33.0	10065.0	10065.0
50	3335.8333333333335	36.0	11386.0	11386.0
60	3164.1666666666665	42.0	12306.0	12306.0
70	2787.8333333333335	34.0	11578.0	11578.0
80	3102.8333333333335	15.0	7165.0	7165.0
90	3129.3333333333335	31.0	11674.0	11674.0
100	3750.1666666666665	18.0	9282.0	9282.0
110	3295.3333333333335	27.0	13098.0	13098.0
120	3586.3333333333335	24.0	10895.0	10895.0
130	3133.5	28.0	12531.0	12531.0
140	3569.1666666666665	28.0	11460.0	11460.0
150	3786.0	25.0	10406.0	10406.0
160	3385.5	28.0	10719.0	10719.0
170	3456.5	35.0	12593.0	12593.0
180	3548.3333333333335	22.0	9768.0	9768.0
190	3552.0	21.0	12312.0	12312.0
200	3618.6666666666665	33.0	11190.0	11190.0
210	3730.1666666666665	27.0	7285.0	7285.0
220	3983.3333333333335	24.0	10702.0	10702.0
230	3734.5	22.0	10844.0	10844.0
240	3887.6666666666665	22.0	10265.0	10265.0
250	3641.1666666666665	17.0	9192.0	9192.0
260	3587.1666666666665	18.0	12455.0	12455.0
270	3856.6666666666665	20.0	10624.0	10624.0
280	3972.5	22.0	9042.0	9042.0
290	3726.1666666666665	28.0	10354.0	10354.0
300	3138.0	31.0	11004.0	11004.0
310	3850.3333333333335	33.0	11759.0	11759.0
320	4198.833333333333	20.0	11332.0	11332.0
330	3974.1666666666665	17.0	10557.0	10557.0
340	3942.3333333333335	36.0	11139.0	11139.0
350	4045.1666666666665	10.0	10310.0	10310.0
360	3372.6666666666665	37.0	14761.0	14761.0
370	3580.1666666666665	28.0	8709.0	8709.0
380	3733.8333333333335	7.0	5192.0	13127.0
390	3196.5	0.0	0.0	11820.0
400	3961.8333333333335	0.0	0.0	10752.0
410	3754.8333333333335	0.0	0.0	10554.0
420	3805.3333333333335	0.0	0.0	11685.0
430	3852.5	0.0	0.0	11217.0
440	3693.8333333333335	0.0	0.0	13947.0
450	3999.0	0.0	0.0	9872.0
460	3709.0	0.0	0.0	6941.0
470	3494.8333333333335	0.0	0.0	10857.0
480	3806.3333333333335	0.0	0.0	7816.0
490	3876.1666666666665	0.0	0.0	6959.0
500	3627.3333333333335	0.0	0.0	11484.0
510	4010.0	0.0	0.0	8268.0
520	3735.5	0.0	0.0	10780.0
530	3886.1666666666665	0.0	0.0	12112.0
540	3798.1666666666665	0.0	0.0	9667.0
550	3948.8333333333335	0.0	0.0	9415.0
560	3660.0	0.0	0.0	10649.0
570	3916.5	0.0	0.0	9667.0
580	3929.6666666666665	0.0	0.0	9246.0
590	3692.3333333333335	0.0	0.0	12998.0
600	3694.0	0.0	0.0	12343.0
