0	2563.8333333333335	0.0	0.0	0.0
10	2743.0	47.0	11353.0	11353.0
20	2738.6666666666665	12.0	5995.0	5995.0
30	2433.3333333333335	50.0	13450.0	13450.0
40	2734.6666666666665	39.0	8077.0	8077.0
50	3084.1666666666665	49.0	9584.0	9584.0
60	2910.3333333333335	35.0	10572.0	10572.0
70	2852.5	43.0	13053.0	13053.0
80	3439.8333333333335	27.0	8687.0	8687.0
90	2610.6666666666665	21.0	8588.0	8588.0
100	2904.6666666666665	34.0	11011.0	11011.0
110	3044.3333333333335	35.0	11646.0	11646.0
120	3118.1666666666665	29.0	12579.0	12579.0
130	3295.0	17.0	10138.0	10138.0
140	3467.1666666666665	26.0	12518.0	12518.0
150	3161.5	35.0	10198.0	10198.0
160	3830.8333333333335	24.0	12710.0	12710.0
170	3227.6666666666665	15.0	12186.0	12186.0
180	3393.1666666666665	26.0	9849.0	9849.0
190	3441.0	37.0	10052.0	10052.0
200	3324.8333333333335	22.0	12296.0	12296.0
210	3428.6666666666665	22.0	6247.0	6247.0
220	3733.5	26.0	10811.0	10811.0
230	3356.8333333333335	22.0	9729.0	9729.0
240	3339.3333333333335	17.0	7734.0	7734.0
250	3880.6666666666665	25.0	11415.0	11415.0
260	3368.3333333333335	34.0	12854.0	12854.0
270	3489.3333333333335	23.0	11075.0	11075.0
280	4031.1666666666665	24.0	11112.0	11112.0
290	3581.0	18.0	8684.0	8684.0
300	3710.6666666666665	18.0	12550.0	12550.0
310	3467.0	36.0	11220.0	11220.0
320	3905.5	20.0	10989.0	10989.0
330	3386.5	16.0	10940.0	10940.0
340	3709.3333333333335	32.0	15287.0	15287.0
350	3650.6666666666665	24.0	10920.0	10920.0
360	3426.3333333333335	20.0	5502.0	10946.0
370	3412.3333333333335	0.0	0.0	10876.0
380	3715.5	0.0	0.0	10356.0
390	3736.5	0.0	0.0	12028.0
400	3699.5	0.0	0.0	9787.0
410	3604.5	0.0	0.0	8872.0
420	3309.6666666666665	0.0	0.0	8724.0
430	3784.6666666666665	0.0	0.0	10177.0
440	4015.8333333333335	0.0	0.0	8384.0
450	3690.8333333333335	0.0	0.0	10155.0
460	3826.1666666666665	0.0	0.0	10389.0
470	3661.1666666666665	0.0	0.0	11553.0
480	3869.6666666666665	0.0	0.0	10300.0
490	3707.5	0.0	0.0	9156.0
500	3885.0	0.0	0.0	12675.0
510	3540.8333333333335	0.0	0.0	10540.0
520	3926.5	0.0	0.0	11045.0
530	3608.3333333333335	0.0	0.0	11107.0
540	4166.666666666667	0.0	0.0	11639.0
550	4011.0	0.0	0.0	10320.0
560	3911.6666666666665	0.0	0.0	5754.0
570	3885.5	0.0	0.0	11251.0
580	3991.8333333333335	0.0	0.0	8043.0
590	3860.8333333333335	0.0	0.0	9153.0
600	3578.0	0.0	0.0	11915.0
