0	2637.5	0.0	0.0	0.0
10	2687.8333333333335	49.0	1028.0	13340.0
20	2546.0	60.0	432.0	9340.0
30	2749.1666666666665	4.0	658.0	8725.0
40	2767.5	7.0	405.0	7503.0
50	2928.1666666666665	34.0	635.0	10315.0
60	2689.5	44.0	447.0	7913.0
70	2875.5	44.0	736.0	11914.0
80	2627.8333333333335	23.0	464.0	9039.0
90	2321.0	23.0	711.0	11456.0
100	2337.3333333333335	5.0	480.0	7462.0
110	2698.6666666666665	9.0	431.0	8247.0
120	2795.8333333333335	0.0	576.0	9670.0
130	2280.6666666666665	4.0	550.0	9815.0
140	2759.8333333333335	6.0	513.0	8189.0
150	2707.6666666666665	0.0	333.0	6223.0
160	3095.8333333333335	5.0	706.0	10701.0
170	3237.1666666666665	10.0	575.0	10723.0
180	3250.6666666666665	7.0	876.0	13595.0
190	3226.5	0.0	625.0	10923.0
200	3627.1666666666665	1.0	552.0	8228.0
210	3668.5	4.0	679.0	10223.0
220	3342.0	0.0	614.0	10626.0
230	3306.5	7.0	849.0	14264.0
240	3634.6666666666665	0.0	465.0	9274.0
250	2949.0	0.0	610.0	10534.0
260	3313.8333333333335	0.0	513.0	9501.0
270	3552.8333333333335	0.0	543.0	11187.0
280	3988.8333333333335	0.0	525.0	7862.0
290	3561.5	0.0	839.0	10580.0
300	3538.0	2.0	436.0	9015.0
310	3797.1666666666665	0.0	580.0	10629.0
320	3697.0	0.0	451.0	7721.0
330	3051.5	6.0	405.0	8984.0
340	3639.3333333333335	0.0	405.0	11194.0
350	3306.0	0.0	601.0	10186.0
360	3545.1666666666665	0.0	471.0	9316.0
370	3534.3333333333335	0.0	678.0	10598.0
380	3222.3333333333335	0.0	851.0	13164.0
390	3583.3333333333335	0.0	441.0	10311.0
400	3487.6666666666665	0.0	524.0	11734.0
410	3182.1666666666665	2.0	579.0	10438.0
420	3741.0	0.0	394.0	8892.0
430	3644.0	0.0	861.0	13265.0
440	3876.1666666666665	0.0	740.0	10873.0
450	3657.3333333333335	0.0	661.0	8891.0
460	3876.3333333333335	0.0	506.0	8878.0
470	3859.1666666666665	0.0	647.0	9921.0
480	3518.0	0.0	768.0	11983.0
490	3205.8333333333335	0.0	878.0	14401.0
500	3857.1666666666665	0.0	875.0	11320.0
510	3787.1666666666665	0.0	582.0	10832.0
520	3857.6666666666665	0.0	414.0	7923.0
530	3770.5	0.0	589.0	9783.0
540	4023.1666666666665	0.0	426.0	9820.0
550	3488.0	0.0	555.0	9974.0
560	4009.0	0.0	705.0	10596.0
570	3901.6666666666665	0.0	497.0	8090.0
580	3718.8333333333335	0.0	574.0	10641.0
590	3643.3333333333335	0.0	568.0	11794.0
600	3838.5	0.0	583.0	9871.0
610	3685.6666666666665	0.0	321.0	8578.0
620	3726.1666666666665	0.0	577.0	12449.0
630	4136.333333333333	0.0	571.0	10456.0
640	3784.3333333333335	0.0	448.0	8920.0
650	3485.0	0.0	495.0	9105.0
660	3681.5	0.0	760.0	11645.0
670	4028.5	0.0	696.0	11312.0
680	3628.8333333333335	0.0	536.0	9544.0
690	3875.3333333333335	0.0	654.0	9657.0
700	3758.6666666666665	0.0	1037.0	13607.0
710	3835.8333333333335	0.0	618.0	12074.0
720	3938.8333333333335	0.0	792.0	10896.0
730	3582.0	0.0	417.0	8222.0
740	4019.6666666666665	0.0	661.0	7269.0
750	3602.8333333333335	0.0	1407.0	12011.0
760	3767.8333333333335	0.0	584.0	8460.0
770	3811.0	0.0	986.0	13911.0
780	3863.1666666666665	0.0	615.0	9839.0
790	3582.0	0.0	357.0	7943.0
800	3866.3333333333335	0.0	972.0	10366.0
810	3680.3333333333335	0.0	886.0	12120.0
820	3745.8333333333335	0.0	619.0	12420.0
830	4035.1666666666665	0.0	547.0	10149.0
840	3772.0	0.0	485.0	9309.0
850	3868.1666666666665	0.0	598.0	11174.0
860	3332.6666666666665	0.0	824.0	13449.0
870	3742.3333333333335	0.0	403.0	9057.0
880	3602.3333333333335	0.0	550.0	9308.0
890	3941.3333333333335	0.0	757.0	10160.0
900	3900.1666666666665	0.0	516.0	11234.0
910	3636.1666666666665	0.0	549.0	10045.0
920	3694.8333333333335	0.0	579.0	9527.0
930	3774.8333333333335	0.0	675.0	10037.0
940	3987.6666666666665	0.0	625.0	10422.0
950	3544.0	0.0	474.0	8960.0
960	3617.5	0.0	518.0	10128.0
970	3908.5	0.0	964.0	13550.0
980	3586.0	0.0	712.0	11204.0
990	3913.1666666666665	0.0	543.0	9708.0
1000	3701.0	0.0	812.0	10235.0
