0	2517.0	0.0	0.0	0.0
10	2790.8333333333335	12.0	604.0	8567.0
20	2478.1666666666665	11.0	670.0	8131.0
30	2205.1666666666665	9.0	664.0	8861.0
40	2316.6666666666665	42.0	536.0	9980.0
50	2351.0	31.0	611.0	10019.0
60	2327.1666666666665	34.0	705.0	9594.0
70	2711.5	27.0	463.0	7339.0
80	2422.5	21.0	516.0	7912.0
90	2580.0	11.0	498.0	9543.0
100	2086.5	13.0	634.0	10319.0
110	2642.6666666666665	23.0	690.0	10089.0
120	2910.8333333333335	42.0	664.0	9221.0
130	2762.0	0.0	414.0	7192.0
140	3240.1666666666665	0.0	505.0	5491.0
150	2828.8333333333335	2.0	881.0	9536.0
160	2933.8333333333335	4.0	889.0	9227.0
170	3396.1666666666665	5.0	578.0	6132.0
180	3238.5	18.0	949.0	13237.0
190	3324.3333333333335	2.0	427.0	8741.0
200	2948.1666666666665	4.0	443.0	10446.0
210	3436.1666666666665	12.0	601.0	12014.0
220	3111.6666666666665	2.0	502.0	10688.0
230	3379.0	0.0	702.0	9817.0
240	3230.8333333333335	0.0	729.0	11397.0
250	3538.1666666666665	0.0	611.0	9201.0
260	3453.5	0.0	667.0	9433.0
270	3096.6666666666665	0.0	613.0	11844.0
280	3337.8333333333335	0.0	675.0	11598.0
290	3393.6666666666665	0.0	556.0	10720.0
300	3386.3333333333335	1.0	446.0	11330.0
310	3341.8333333333335	0.0	318.0	9913.0
320	3208.6666666666665	0.0	491.0	8468.0
330	3874.6666666666665	0.0	558.0	9152.0
340	3286.1666666666665	0.0	620.0	9997.0
350	3192.8333333333335	0.0	532.0	10687.0
360	3500.1666666666665	0.0	621.0	13999.0
370	3237.1666666666665	1.0	546.0	10914.0
380	3969.8333333333335	0.0	526.0	8860.0
390	3632.3333333333335	0.0	899.0	12927.0
400	3389.8333333333335	0.0	592.0	9353.0
410	3827.8333333333335	0.0	707.0	10297.0
420	3790.8333333333335	0.0	531.0	8767.0
430	3509.8333333333335	0.0	731.0	10631.0
440	3678.6666666666665	0.0	537.0	8836.0
450	3571.0	0.0	688.0	8875.0
460	3407.8333333333335	0.0	917.0	13503.0
470	3990.0	0.0	991.0	10669.0
480	3881.8333333333335	0.0	998.0	12415.0
490	3610.0	0.0	683.0	10173.0
500	3784.0	0.0	761.0	13998.0
510	3621.5	0.0	439.0	9417.0
520	3557.6666666666665	0.0	512.0	9871.0
530	3614.6666666666665	0.0	376.0	9143.0
540	3846.0	0.0	1023.0	13566.0
550	3738.3333333333335	0.0	879.0	12224.0
560	3782.6666666666665	0.0	534.0	11728.0
570	3830.8333333333335	0.0	509.0	11343.0
580	3989.3333333333335	0.0	793.0	10712.0
590	3778.1666666666665	0.0	632.0	10418.0
600	3807.3333333333335	0.0	578.0	9994.0
610	3716.5	0.0	1114.0	12315.0
620	3184.6666666666665	0.0	835.0	10075.0
630	3897.8333333333335	0.0	860.0	10462.0
640	3726.3333333333335	0.0	394.0	9765.0
650	3722.0	0.0	549.0	10102.0
660	3714.0	0.0	528.0	9389.0
670	3809.5	0.0	565.0	9493.0
680	3746.5	0.0	301.0	7840.0
690	3522.0	0.0	785.0	13296.0
700	3895.8333333333335	0.0	670.0	8216.0
710	3880.5	0.0	551.0	11229.0
720	3742.3333333333335	0.0	534.0	8342.0
730	3945.6666666666665	0.0	489.0	8260.0
740	3849.6666666666665	0.0	768.0	11321.0
750	3476.1666666666665	0.0	578.0	8848.0
760	3638.6666666666665	0.0	673.0	11486.0
770	4074.3333333333335	0.0	538.0	12009.0
780	3581.6666666666665	0.0	437.0	9180.0
790	3878.0	0.0	449.0	8216.0
800	3647.1666666666665	0.0	528.0	9799.0
810	3519.1666666666665	0.0	384.0	9450.0
820	3778.1666666666665	0.0	305.0	7859.0
830	3833.5	0.0	731.0	10584.0
840	3722.0	0.0	849.0	12584.0
850	3990.1666666666665	0.0	434.0	8407.0
860	3778.3333333333335	0.0	482.0	9106.0
870	3723.6666666666665	0.0	462.0	9703.0
880	3782.3333333333335	0.0	478.0	9621.0
890	3295.8333333333335	0.0	354.0	9386.0
900	3204.3333333333335	0.0	556.0	8463.0
910	3541.5	0.0	494.0	10131.0
920	3833.8333333333335	0.0	770.0	11406.0
930	3384.6666666666665	0.0	444.0	10638.0
940	3576.1666666666665	0.0	430.0	10018.0
950	3911.5	0.0	512.0	10343.0
960	3655.6666666666665	0.0	466.0	9315.0
970	3486.8333333333335	0.0	732.0	10034.0
980	3733.5	0.0	618.0	11583.0
990	3319.8333333333335	0.0	441.0	9968.0
1000	3319.6666666666665	0.0	635.0	10279.0
