0	2041.0	0.0	0.0	0.0
10	2315.0	1000.0	8211.0	12509.0
20	2473.75	0.0	0.0	11475.0
30	2622.0	0.0	0.0	8106.0
40	2282.75	0.0	0.0	9113.0
50	2463.5	0.0	0.0	6087.0
60	2147.0	0.0	0.0	7422.0
70	2274.75	0.0	0.0	13238.0
80	1819.5	0.0	0.0	11142.0
90	2349.0	0.0	0.0	7823.0
100	2183.25	0.0	0.0	10994.0
110	2232.5	0.0	0.0	7563.0
120	2427.5	0.0	0.0	7841.0
130	2722.5	0.0	0.0	10386.0
140	2521.5	0.0	0.0	11174.0
150	2265.75	0.0	0.0	8561.0
160	2154.25	0.0	0.0	5911.0
170	2896.0	0.0	0.0	11370.0
180	2869.75	0.0	0.0	9373.0
190	2329.75	0.0	0.0	6109.0
200	2928.75	0.0	0.0	9333.0
210	2679.5	0.0	0.0	11658.0
220	2543.0	0.0	0.0	11338.0
230	2985.75	0.0	0.0	10510.0
240	2969.5	0.0	0.0	9614.0
250	2903.75	0.0	0.0	6883.0
260	3196.75	0.0	0.0	7694.0
270	2998.5	0.0	0.0	8063.0
280	2465.0	0.0	0.0	10358.0
290	3354.0	0.0	0.0	9989.0
300	3432.0	0.0	0.0	8222.0
310	3580.0	0.0	0.0	9880.0
320	3453.0	0.0	0.0	9821.0
330	3166.5	0.0	0.0	10803.0
340	2653.75	0.0	0.0	11409.0
350	3623.5	0.0	0.0	12971.0
360	3865.0	0.0	0.0	8299.0
370	3414.25	0.0	0.0	10154.0
380	3208.75	0.0	0.0	8479.0
390	3615.75	0.0	0.0	10655.0
400	3490.25	0.0	0.0	9905.0
410	3523.5	0.0	0.0	13080.0
420	3870.25	0.0	0.0	9287.0
430	3110.5	0.0	0.0	9521.0
440	3423.75	0.0	0.0	12079.0
450	3015.0	0.0	0.0	12591.0
460	3758.75	0.0	0.0	10671.0
470	3749.5	0.0	0.0	10744.0
480	3510.5	0.0	0.0	9371.0
490	3675.75	0.0	0.0	10127.0
500	3982.25	0.0	0.0	10767.0
510	3792.5	0.0	0.0	10426.0
520	3637.25	0.0	0.0	9173.0
530	3201.75	0.0	0.0	8684.0
540	3355.25	0.0	0.0	9859.0
550	3979.0	0.0	0.0	12569.0
560	3525.0	0.0	0.0	7798.0
570	3170.25	0.0	0.0	10233.0
580	3412.25	0.0	0.0	10490.0
590	3667.25	0.0	0.0	10891.0
600	3539.0	0.0	0.0	9255.0
610	3764.0	0.0	0.0	12174.0
620	3515.5	0.0	0.0	11499.0
630	3685.75	0.0	0.0	11490.0
640	3980.0	0.0	0.0	7223.0
650	3533.5	0.0	0.0	9798.0
660	3745.5	0.0	0.0	10534.0
670	3201.0	0.0	0.0	10938.0
680	2904.0	0.0	0.0	9225.0
690	4010.25	0.0	0.0	10062.0
700	3537.25	0.0	0.0	11787.0
710	3787.0	0.0	0.0	9272.0
720	3324.25	0.0	0.0	10383.0
730	3741.5	0.0	0.0	10068.0
740	3385.5	0.0	0.0	10057.0
750	3225.25	0.0	0.0	13093.0
760	3441.0	0.0	0.0	8433.0
770	3918.75	0.0	0.0	12462.0
780	3128.75	0.0	0.0	9039.0
790	3664.25	0.0	0.0	13099.0
800	4005.0	0.0	0.0	12183.0
