0	1637.9777777777774	0.0	0.0	0.0
10	1819.5999999999997	1000.0	3656.766666666667	9314.933333333332
20	1822.261111111111	0.0	0.0	7534.833333333333
30	1871.6388888888891	0.0	0.0	8341.9
40	1854.05	0.0	0.0	7989.7
50	1870.2666666666664	0.0	0.0	7797.1
60	1883.5333333333333	0.0	0.0	7988.766666666666
70	1860.5277777777778	0.0	0.0	7843.966666666666
80	1878.144444444445	0.0	0.0	7946.133333333333
90	1866.0666666666666	0.0	0.0	7550.366666666667
100	1887.0611111111111	0.0	0.0	7427.466666666666
110	1889.7222222222226	0.0	0.0	7513.666666666667
120	1875.033333333333	0.0	0.0	8297.9
130	1880.7111111111112	0.0	0.0	7477.3
140	1888.0999999999997	0.0	0.0	7542.6
150	1886.9777777777779	0.0	0.0	7406.2
160	1873.838888888889	0.0	0.0	7594.633333333333
170	1874.133333333333	0.0	0.0	7746.833333333333
180	1858.8333333333328	0.0	0.0	7437.866666666667
190	1863.9777777777779	0.0	0.0	7939.666666666667
200	1886.6055555555556	0.0	0.0	7312.566666666667
210	1872.4388888888886	0.0	0.0	7898.333333333333
220	1933.5833333333333	0.0	0.0	7913.833333333333
230	1929.711111111111	0.0	0.0	8056.7
240	1886.9833333333336	0.0	0.0	7782.3
250	1921.3166666666668	0.0	0.0	7696.466666666666
260	1898.9666666666667	0.0	0.0	7400.2
270	1900.9666666666665	0.0	0.0	7371.266666666666
280	1889.3777777777775	0.0	0.0	7267.666666666667
290	1914.7944444444445	0.0	0.0	6860.5
300	1923.05	0.0	0.0	7845.266666666666
310	1900.244444444445	0.0	0.0	7342.366666666667
320	1936.4388888888889	0.0	0.0	7050.033333333334
330	1939.2166666666672	0.0	0.0	7374.4
340	2001.7944444444445	0.0	0.0	7620.9
350	1977.377777777778	0.0	0.0	7430.4
360	1967.394444444444	0.0	0.0	7995.1
370	1992.7499999999998	0.0	0.0	7718.133333333333
380	2025.2611111111112	0.0	0.0	7853.166666666667
390	2018.761111111111	0.0	0.0	7267.7
400	2068.1555555555556	0.0	0.0	6959.6
410	2103.1111111111113	0.0	0.0	7410.533333333334
420	2054.744444444445	0.0	0.0	7390.533333333334
430	2071.144444444445	0.0	0.0	7400.6
440	2068.316666666667	0.0	0.0	7730.0
450	2043.9444444444443	0.0	0.0	7041.933333333333
460	2049.905555555555	0.0	0.0	7326.8
470	2061.322222222222	0.0	0.0	7538.866666666667
480	2135.5722222222225	0.0	0.0	7308.633333333333
490	2113.8444444444444	0.0	0.0	8089.4
500	2082.4611111111108	0.0	0.0	7964.633333333333
510	2205.266666666667	0.0	0.0	7939.1
520	2180.1333333333337	0.0	0.0	7405.766666666666
530	2254.25	0.0	0.0	8068.466666666666
540	2258.388888888889	0.0	0.0	7571.133333333333
550	2251.266666666667	0.0	0.0	7791.9
560	2285.3388888888885	0.0	0.0	8364.433333333332
570	2370.9722222222217	0.0	0.0	7745.033333333334
580	2339.2944444444447	0.0	0.0	7654.633333333333
590	2318.7166666666667	0.0	0.0	7781.366666666667
600	2372.255555555556	0.0	0.0	7387.766666666666
610	2374.1944444444453	0.0	0.0	7816.433333333333
620	2387.8944444444446	0.0	0.0	7863.333333333333
630	2321.3000000000006	0.0	0.0	7963.366666666667
640	2355.277777777778	0.0	0.0	8544.133333333333
650	2382.994444444444	0.0	0.0	7804.733333333334
660	2343.305555555556	0.0	0.0	7898.133333333333
670	2433.4111111111115	0.0	0.0	8314.066666666668
680	2397.3833333333337	0.0	0.0	7635.633333333333
690	2370.627777777778	0.0	0.0	8340.233333333334
700	2418.6333333333337	0.0	0.0	8266.3
710	2484.733333333333	0.0	0.0	7901.766666666666
720	2436.805555555556	0.0	0.0	8081.333333333333
730	2329.9611111111108	0.0	0.0	7723.433333333333
740	2489.2888888888892	0.0	0.0	7845.4
750	2408.3722222222214	0.0	0.0	7589.866666666667
760	2509.944444444444	0.0	0.0	7671.833333333333
770	2494.766666666667	0.0	0.0	7785.333333333333
780	2426.272222222223	0.0	0.0	7814.7
790	2471.8833333333328	0.0	0.0	8016.633333333333
800	2467.6166666666672	0.0	0.0	7896.966666666666
810	2476.6555555555556	0.0	0.0	7697.933333333333
820	2468.1444444444446	0.0	0.0	7818.3
830	2485.35	0.0	0.0	7794.166666666667
840	2441.666666666666	0.0	0.0	8446.666666666666
850	2470.677777777777	0.0	0.0	7981.9
860	2473.3277777777776	0.0	0.0	7960.033333333334
870	2426.5555555555557	0.0	0.0	7991.733333333334
880	2524.216666666667	0.0	0.0	7593.733333333334
890	2579.1833333333334	0.0	0.0	7967.666666666667
900	2487.677777777778	0.0	0.0	7964.6
910	2526.3888888888896	0.0	0.0	8151.866666666667
920	2501.5444444444443	0.0	0.0	7714.733333333334
930	2487.516666666667	0.0	0.0	8265.5
940	2492.1277777777773	0.0	0.0	8006.733333333334
950	2474.816666666666	0.0	0.0	7867.566666666667
960	2501.644444444444	0.0	0.0	7726.4
970	2458.9555555555553	0.0	0.0	7876.033333333334
980	2512.105555555556	0.0	0.0	7590.366666666667
990	2525.7000000000003	0.0	0.0	7830.833333333333
1000	2515.4555555555553	0.0	0.0	7833.433333333333
