0	1600.6666666666667	0.0	0.0	0.0
10	2057.8333333333335	1000.0	3877.0	10241.0
20	2107.5	0.0	0.0	8229.0
30	2191.0	0.0	0.0	9312.0
40	2045.6666666666667	0.0	0.0	8210.0
50	1975.6666666666667	0.0	0.0	12682.0
60	1966.3333333333333	0.0	0.0	9750.0
70	2197.1666666666665	0.0	0.0	6440.0
80	2034.3333333333333	0.0	0.0	11517.0
90	2107.6666666666665	0.0	0.0	8232.0
100	2050.1666666666665	0.0	0.0	8242.0
110	2153.3333333333335	0.0	0.0	7211.0
120	2112.6666666666665	0.0	0.0	8346.0
130	2278.3333333333335	0.0	0.0	8544.0
140	2185.6666666666665	0.0	0.0	6598.0
150	2061.8333333333335	0.0	0.0	9444.0
160	2318.3333333333335	0.0	0.0	11219.0
170	2477.0	0.0	0.0	6650.0
180	2325.1666666666665	0.0	0.0	9069.0
190	2055.8333333333335	0.0	0.0	11025.0
200	2064.1666666666665	0.0	0.0	9159.0
210	1919.6666666666667	0.0	0.0	9643.0
220	2547.0	0.0	0.0	9462.0
230	2446.5	0.0	0.0	7481.0
240	2446.8333333333335	0.0	0.0	8743.0
250	2512.8333333333335	0.0	0.0	8616.0
260	2748.3333333333335	0.0	0.0	7633.0
270	2694.6666666666665	0.0	0.0	9803.0
280	2286.8333333333335	0.0	0.0	9538.0
290	2870.5	0.0	0.0	5247.0
300	2540.1666666666665	0.0	0.0	8445.0
310	2580.3333333333335	0.0	0.0	10151.0
320	2360.3333333333335	0.0	0.0	6518.0
330	2680.8333333333335	0.0	0.0	6513.0
340	2923.0	0.0	0.0	9937.0
350	2734.3333333333335	0.0	0.0	8385.0
360	2971.6666666666665	0.0	0.0	8478.0
370	2828.3333333333335	0.0	0.0	8721.0
380	2555.8333333333335	0.0	0.0	8890.0
390	2967.0	0.0	0.0	11032.0
400	2959.1666666666665	0.0	0.0	5455.0
410	2999.6666666666665	0.0	0.0	7162.0
420	2381.3333333333335	0.0	0.0	9806.0
430	2965.3333333333335	0.0	0.0	11743.0
440	3197.8333333333335	0.0	0.0	9026.0
450	3075.1666666666665	0.0	0.0	10951.0
460	3191.6666666666665	0.0	0.0	11615.0
470	2900.6666666666665	0.0	0.0	8878.0
480	2928.0	0.0	0.0	11677.0
490	3194.1666666666665	0.0	0.0	7343.0
500	2825.0	0.0	0.0	13949.0
510	3205.8333333333335	0.0	0.0	11506.0
520	3100.0	0.0	0.0	9467.0
530	2941.0	0.0	0.0	8425.0
540	2733.5	0.0	0.0	7740.0
550	2619.8333333333335	0.0	0.0	11714.0
560	3557.1666666666665	0.0	0.0	11568.0
570	3393.3333333333335	0.0	0.0	10111.0
580	3092.0	0.0	0.0	8945.0
590	3530.5	0.0	0.0	12355.0
600	3616.8333333333335	0.0	0.0	8505.0
610	3531.6666666666665	0.0	0.0	10525.0
620	3458.3333333333335	0.0	0.0	8242.0
630	3662.8333333333335	0.0	0.0	9687.0
640	3188.1666666666665	0.0	0.0	11831.0
650	3232.1666666666665	0.0	0.0	7192.0
660	3100.8333333333335	0.0	0.0	9677.0
670	3110.6666666666665	0.0	0.0	14881.0
680	3411.1666666666665	0.0	0.0	10960.0
690	3432.0	0.0	0.0	11970.0
700	3344.6666666666665	0.0	0.0	9454.0
710	4053.3333333333335	0.0	0.0	10352.0
720	3154.1666666666665	0.0	0.0	12746.0
730	3222.8333333333335	0.0	0.0	10663.0
740	4022.5	0.0	0.0	9119.0
750	3780.0	0.0	0.0	9221.0
760	3589.8333333333335	0.0	0.0	10617.0
770	3386.8333333333335	0.0	0.0	7745.0
780	3830.0	0.0	0.0	9875.0
790	3930.1666666666665	0.0	0.0	14633.0
800	4163.666666666667	0.0	0.0	9356.0
810	3501.1666666666665	0.0	0.0	10650.0
820	3505.1666666666665	0.0	0.0	10377.0
830	3712.8333333333335	0.0	0.0	9924.0
840	3273.8333333333335	0.0	0.0	12885.0
850	3744.1666666666665	0.0	0.0	9410.0
860	3830.1666666666665	0.0	0.0	10320.0
870	3994.5	0.0	0.0	9537.0
880	3818.8333333333335	0.0	0.0	8551.0
890	4170.833333333333	0.0	0.0	10158.0
900	3990.8333333333335	0.0	0.0	9925.0
910	3883.0	0.0	0.0	9836.0
920	3802.5	0.0	0.0	6621.0
930	3883.6666666666665	0.0	0.0	10516.0
940	3707.5	0.0	0.0	9014.0
950	3942.6666666666665	0.0	0.0	11521.0
960	3946.6666666666665	0.0	0.0	10002.0
970	3789.8333333333335	0.0	0.0	8845.0
980	3909.3333333333335	0.0	0.0	10986.0
990	3798.3333333333335	0.0	0.0	11138.0
1000	3416.1666666666665	0.0	0.0	9974.0
