0	1585.6666666666667	0.0	0.0	0.0
10	2036.3333333333333	1000.0	3809.0	10343.0
20	1858.8333333333333	0.0	0.0	8984.0
30	1986.6666666666667	0.0	0.0	11558.0
40	1924.1666666666667	0.0	0.0	8469.0
50	2210.5	0.0	0.0	8544.0
60	1944.8333333333333	0.0	0.0	9862.0
70	2333.8333333333335	0.0	0.0	9753.0
80	2102.1666666666665	0.0	0.0	6198.0
90	2091.5	0.0	0.0	8125.0
100	2175.1666666666665	0.0	0.0	8213.0
110	2200.1666666666665	0.0	0.0	7363.0
120	2247.6666666666665	0.0	0.0	9832.0
130	2181.0	0.0	0.0	9441.0
140	2339.0	0.0	0.0	9995.0
150	1817.8333333333333	0.0	0.0	6725.0
160	1889.8333333333333	0.0	0.0	7550.0
170	2194.0	0.0	0.0	12986.0
180	1999.5	0.0	0.0	7427.0
190	1960.5	0.0	0.0	9987.0
200	2407.8333333333335	0.0	0.0	9008.0
210	2208.1666666666665	0.0	0.0	8737.0
220	2486.3333333333335	0.0	0.0	13009.0
230	2332.5	0.0	0.0	9525.0
240	2457.8333333333335	0.0	0.0	9702.0
250	2412.0	0.0	0.0	7246.0
260	2153.8333333333335	0.0	0.0	11128.0
270	2311.6666666666665	0.0	0.0	7857.0
280	2731.8333333333335	0.0	0.0	8959.0
290	2267.3333333333335	0.0	0.0	6495.0
300	2853.1666666666665	0.0	0.0	10888.0
310	2311.1666666666665	0.0	0.0	8373.0
320	2599.5	0.0	0.0	5555.0
330	2329.3333333333335	0.0	0.0	9701.0
340	2667.3333333333335	0.0	0.0	5893.0
350	2628.5	0.0	0.0	9144.0
360	2674.5	0.0	0.0	7954.0
370	2460.8333333333335	0.0	0.0	6119.0
380	2909.0	0.0	0.0	7413.0
390	2930.6666666666665	0.0	0.0	6701.0
400	2804.3333333333335	0.0	0.0	9422.0
410	2878.0	0.0	0.0	8226.0
420	2725.8333333333335	0.0	0.0	6434.0
430	3168.3333333333335	0.0	0.0	7536.0
440	3053.6666666666665	0.0	0.0	6310.0
450	2472.5	0.0	0.0	8826.0
460	3204.5	0.0	0.0	10321.0
470	3120.3333333333335	0.0	0.0	7082.0
480	3323.1666666666665	0.0	0.0	13314.0
490	2807.1666666666665	0.0	0.0	9249.0
500	2364.1666666666665	0.0	0.0	10529.0
510	2797.8333333333335	0.0	0.0	11526.0
520	3077.5	0.0	0.0	10419.0
530	3361.0	0.0	0.0	10126.0
540	3314.1666666666665	0.0	0.0	11860.0
550	3145.6666666666665	0.0	0.0	9452.0
560	3265.3333333333335	0.0	0.0	12571.0
570	3133.8333333333335	0.0	0.0	10011.0
580	3128.6666666666665	0.0	0.0	11258.0
590	3956.5	0.0	0.0	9454.0
600	3193.6666666666665	0.0	0.0	9657.0
610	2956.3333333333335	0.0	0.0	9738.0
620	3577.1666666666665	0.0	0.0	8951.0
630	3903.0	0.0	0.0	12260.0
640	3683.3333333333335	0.0	0.0	9845.0
650	3355.0	0.0	0.0	9939.0
660	3533.3333333333335	0.0	0.0	10014.0
670	3341.8333333333335	0.0	0.0	8675.0
680	3747.6666666666665	0.0	0.0	12588.0
690	3376.0	0.0	0.0	10021.0
700	4179.833333333333	0.0	0.0	10361.0
710	3989.6666666666665	0.0	0.0	10335.0
720	3663.5	0.0	0.0	7636.0
730	3456.1666666666665	0.0	0.0	11868.0
740	3858.6666666666665	0.0	0.0	8759.0
750	3235.6666666666665	0.0	0.0	11995.0
760	3029.1666666666665	0.0	0.0	10141.0
770	3955.5	0.0	0.0	10103.0
780	3779.3333333333335	0.0	0.0	11850.0
790	3900.8333333333335	0.0	0.0	9396.0
800	3467.5	0.0	0.0	10184.0
810	3676.0	0.0	0.0	8892.0
820	3484.8333333333335	0.0	0.0	7798.0
830	3653.1666666666665	0.0	0.0	9007.0
840	3829.8333333333335	0.0	0.0	8900.0
850	3810.0	0.0	0.0	13198.0
860	3309.8333333333335	0.0	0.0	10176.0
870	3332.1666666666665	0.0	0.0	9517.0
880	4153.333333333333	0.0	0.0	8881.0
890	4056.6666666666665	0.0	0.0	9888.0
900	3621.8333333333335	0.0	0.0	9550.0
910	3665.6666666666665	0.0	0.0	9801.0
920	3673.5	0.0	0.0	11051.0
930	3928.6666666666665	0.0	0.0	9506.0
940	3940.8333333333335	0.0	0.0	12998.0
950	3803.0	0.0	0.0	13585.0
960	3745.8333333333335	0.0	0.0	10456.0
970	4022.6666666666665	0.0	0.0	10715.0
980	3666.3333333333335	0.0	0.0	8248.0
990	3648.5	0.0	0.0	8816.0
1000	3780.5	0.0	0.0	8753.0
