0	1476.6666666666667	0.0	0.0
10	2334.5	0.0	20000.0
20	2311.6666666666665	7.0	20000.0
30	2313.5	263.0	20000.0
40	2375.6666666666665	764.0	20000.0
50	2436.1666666666665	1011.0	19509.0
60	2410.0	789.0	19582.0
70	2607.0	961.0	19619.0
80	2561.1666666666665	956.0	20000.0
90	2777.3333333333335	969.0	19915.0
100	2766.5	1113.0	19832.0
110	2729.1666666666665	1137.0	20000.0
120	3174.1666666666665	728.0	19741.0
130	3394.6666666666665	576.0	19617.0
140	3511.6666666666665	450.0	18641.0
150	3634.3333333333335	276.0	19655.0
160	3733.3333333333335	0.0	19669.0
170	3905.3333333333335	0.0	19214.0
180	3884.1666666666665	0.0	19333.0
190	3945.1666666666665	0.0	19293.0
200	3820.0	0.0	19563.0
210	4011.8333333333335	0.0	19937.0
220	3948.0	0.0	19837.0
230	4127.666666666667	0.0	19998.0
240	4010.1666666666665	0.0	19591.0
250	4228.833333333333	0.0	19567.0
260	4058.5	0.0	19745.0
270	4243.833333333333	0.0	19840.0
280	4220.833333333333	0.0	20000.0
290	4397.833333333333	0.0	20000.0
300	4130.333333333333	0.0	20000.0
310	4255.333333333333	0.0	19674.0
320	4114.833333333333	0.0	20000.0
330	4214.0	0.0	19979.0
340	4217.166666666667	0.0	19986.0
350	4268.5	0.0	19308.0
360	4136.5	0.0	19829.0
370	4321.666666666667	0.0	20000.0
380	4359.5	0.0	20000.0
390	4300.0	0.0	20000.0
400	4389.5	0.0	19824.0
410	4459.166666666667	0.0	20000.0
420	4342.833333333333	0.0	20000.0
430	4250.166666666667	0.0	19821.0
440	4287.833333333333	0.0	20000.0
450	4363.333333333333	0.0	19991.0
460	4369.666666666667	0.0	19688.0
470	4273.0	0.0	19990.0
480	4302.833333333333	0.0	20000.0
490	4217.666666666667	0.0	20000.0
500	4339.5	0.0	19819.0
510	4343.5	0.0	19811.0
520	4321.166666666667	0.0	20000.0
530	4509.333333333333	0.0	19908.0
540	4401.666666666667	0.0	19969.0
550	4310.166666666667	0.0	19994.0
560	4377.833333333333	0.0	20000.0
570	4306.666666666667	0.0	20000.0
580	4332.333333333333	0.0	20000.0
590	4213.166666666667	0.0	19880.0
600	4386.666666666667	0.0	19832.0
610	4374.666666666667	0.0	20000.0
620	4441.5	0.0	19852.0
630	4481.5	0.0	20000.0
640	4451.166666666667	0.0	19997.0
650	4319.833333333333	0.0	20000.0
660	4208.333333333333	0.0	20000.0
670	3959.6666666666665	0.0	20000.0
680	3856.6666666666665	0.0	20000.0
690	3892.6666666666665	0.0	20000.0
700	3898.5	0.0	20000.0
710	3840.6666666666665	0.0	19247.0
720	3860.8333333333335	0.0	20000.0
730	3704.1666666666665	0.0	20000.0
740	3749.6666666666665	0.0	20000.0
750	3711.6666666666665	0.0	19996.0
760	3699.3333333333335	0.0	19863.0
770	3967.1666666666665	0.0	19874.0
780	3789.0	0.0	20000.0
790	3927.5	0.0	20000.0
800	3939.3333333333335	0.0	20000.0
810	3896.5	0.0	19609.0
820	3739.5	0.0	20000.0
830	3658.5	0.0	20000.0
840	3540.6666666666665	0.0	20000.0
850	3881.8333333333335	0.0	20000.0
860	3809.6666666666665	0.0	20000.0
870	3666.3333333333335	0.0	19645.0
880	3788.0	0.0	19931.0
890	3768.8333333333335	0.0	19939.0
900	3699.3333333333335	0.0	20000.0
910	3756.1666666666665	0.0	19718.0
920	3811.3333333333335	0.0	19880.0
930	3539.8333333333335	0.0	20000.0
940	3689.1666666666665	0.0	19920.0
950	3826.8333333333335	0.0	19608.0
960	3552.3333333333335	0.0	19844.0
970	3675.3333333333335	0.0	19715.0
980	3739.0	0.0	20000.0
990	3772.3333333333335	0.0	20000.0
1000	3693.0	0.0	19836.0
