0	1463.3333333333333	0.0	0.0
10	2334.1666666666665	0.0	20000.0
20	2296.0	34.0	20000.0
30	2332.3333333333335	329.0	20000.0
40	2313.1666666666665	680.0	19309.0
50	2404.5	729.0	19883.0
60	2427.5	1083.0	19956.0
70	2541.1666666666665	1110.0	20000.0
80	2677.3333333333335	1002.0	20000.0
90	2690.1666666666665	1063.0	20000.0
100	2887.0	1072.0	20000.0
110	2879.3333333333335	824.0	19701.0
120	3044.1666666666665	553.0	19665.0
130	3295.1666666666665	485.0	19342.0
140	3577.1666666666665	295.0	19978.0
150	3792.6666666666665	233.0	19504.0
160	3706.5	223.0	19824.0
170	3621.6666666666665	223.0	19081.0
180	3787.8333333333335	62.0	19335.0
190	3781.1666666666665	0.0	19429.0
200	3855.5	0.0	19585.0
210	3935.3333333333335	0.0	19721.0
220	4026.0	0.0	19190.0
230	4152.5	0.0	19869.0
240	4270.166666666667	0.0	20000.0
250	4228.166666666667	0.0	19667.0
260	4087.0	0.0	19795.0
270	3915.1666666666665	0.0	20000.0
280	4184.166666666667	0.0	20000.0
290	4174.0	0.0	19515.0
300	4172.833333333333	0.0	20000.0
310	4032.1666666666665	0.0	20000.0
320	4203.666666666667	0.0	19811.0
330	4376.833333333333	0.0	19902.0
340	4222.666666666667	0.0	20000.0
350	4236.166666666667	0.0	20000.0
360	4070.8333333333335	0.0	19594.0
370	4281.0	0.0	20000.0
380	4332.0	0.0	19900.0
390	4453.166666666667	0.0	19920.0
400	4226.0	0.0	20000.0
410	4280.833333333333	0.0	19982.0
420	4284.333333333333	0.0	19946.0
430	4368.833333333333	0.0	20000.0
440	4303.833333333333	0.0	20000.0
450	4305.0	0.0	20000.0
460	4259.5	0.0	19950.0
470	4252.5	0.0	20000.0
480	4187.666666666667	0.0	19753.0
490	4215.5	0.0	20000.0
500	4349.0	0.0	19829.0
510	4347.333333333333	0.0	19846.0
520	4421.333333333333	0.0	20000.0
530	4370.833333333333	0.0	20000.0
540	4258.833333333333	0.0	20000.0
550	4308.333333333333	0.0	19865.0
560	4491.833333333333	0.0	20000.0
570	4492.666666666667	0.0	20000.0
580	4439.5	0.0	20000.0
590	4335.666666666667	0.0	20000.0
600	4533.833333333333	0.0	20000.0
610	4377.833333333333	0.0	20000.0
620	4414.5	0.0	19925.0
630	4285.333333333333	0.0	20000.0
640	4477.5	0.0	19780.0
650	4317.5	0.0	20000.0
660	3927.6666666666665	0.0	20000.0
670	4181.166666666667	0.0	20000.0
680	3882.3333333333335	0.0	19383.0
690	3913.6666666666665	0.0	19608.0
700	4063.6666666666665	0.0	20000.0
710	3791.1666666666665	0.0	19435.0
720	3966.8333333333335	0.0	20000.0
730	3934.1666666666665	0.0	20000.0
740	3835.5	0.0	20000.0
750	3751.0	0.0	20000.0
760	3923.3333333333335	0.0	19912.0
770	3807.3333333333335	0.0	20000.0
780	3665.3333333333335	0.0	20000.0
790	3679.0	0.0	20000.0
800	3630.3333333333335	0.0	19516.0
810	3800.3333333333335	0.0	19982.0
820	3942.0	0.0	19994.0
830	3683.1666666666665	0.0	19699.0
840	3724.1666666666665	0.0	19726.0
850	3750.8333333333335	0.0	20000.0
860	3875.5	0.0	20000.0
870	3786.6666666666665	0.0	19226.0
880	3634.3333333333335	0.0	20000.0
890	3741.0	0.0	19553.0
900	3935.3333333333335	0.0	20000.0
910	3819.6666666666665	0.0	19735.0
920	3680.1666666666665	0.0	20000.0
930	3839.3333333333335	0.0	19660.0
940	3855.6666666666665	0.0	20000.0
950	3791.1666666666665	0.0	19717.0
960	3675.5	0.0	19177.0
970	3821.3333333333335	0.0	20000.0
980	3669.5	0.0	19742.0
990	3771.5	0.0	19752.0
1000	3815.8333333333335	0.0	19717.0
