0	1450.0	0.0	0.0
10	2299.0	0.0	20000.0
20	2309.1666666666665	5.0	20000.0
30	2341.6666666666665	285.0	20000.0
40	2288.0	651.0	20000.0
50	2374.5	998.0	20000.0
60	2533.1666666666665	954.0	19671.0
70	2545.1666666666665	1202.0	20000.0
80	2590.1666666666665	1130.0	20000.0
90	2642.5	1888.0	20000.0
100	2644.3333333333335	1618.0	19972.0
110	2891.1666666666665	1141.0	19974.0
120	3166.3333333333335	128.0	20000.0
130	3369.3333333333335	0.0	20000.0
140	3768.0	0.0	19682.0
150	3729.5	0.0	20000.0
160	3795.6666666666665	0.0	19614.0
170	3604.8333333333335	0.0	19791.0
180	4030.3333333333335	0.0	19578.0
190	4035.8333333333335	0.0	20000.0
200	4067.1666666666665	0.0	19520.0
210	3953.0	0.0	19850.0
220	4184.833333333333	0.0	19819.0
230	4057.3333333333335	0.0	20000.0
240	4066.1666666666665	0.0	19621.0
250	4138.166666666667	0.0	19964.0
260	4150.666666666667	0.0	19888.0
270	4174.0	0.0	19102.0
280	4235.5	0.0	19901.0
290	4057.5	0.0	19861.0
300	4136.5	0.0	20000.0
310	4264.166666666667	0.0	19986.0
320	4077.3333333333335	0.0	20000.0
330	4320.0	0.0	20000.0
340	4255.5	0.0	19895.0
350	4429.0	0.0	20000.0
360	4297.333333333333	0.0	19886.0
370	4377.666666666667	0.0	20000.0
380	4287.0	0.0	20000.0
390	4265.666666666667	0.0	19494.0
400	4398.333333333333	0.0	19903.0
410	4148.333333333333	0.0	20000.0
420	4221.666666666667	0.0	20000.0
430	4289.0	0.0	19964.0
440	4302.0	0.0	19876.0
450	4381.166666666667	0.0	19614.0
460	4434.0	0.0	20000.0
470	4307.166666666667	0.0	19953.0
480	4243.5	0.0	20000.0
490	4452.5	0.0	19887.0
500	4339.166666666667	0.0	20000.0
510	4465.166666666667	0.0	20000.0
520	4485.666666666667	0.0	20000.0
530	4273.666666666667	0.0	20000.0
540	4246.0	0.0	20000.0
550	4208.5	0.0	19611.0
560	4267.5	0.0	20000.0
570	4290.0	0.0	20000.0
580	4343.5	0.0	19914.0
590	4171.166666666667	0.0	20000.0
600	4369.666666666667	0.0	20000.0
610	4420.333333333333	0.0	20000.0
620	4411.166666666667	0.0	19907.0
630	4407.333333333333	0.0	20000.0
640	4245.0	0.0	20000.0
650	4284.166666666667	0.0	20000.0
660	4514.333333333333	0.0	20000.0
670	4324.666666666667	0.0	20000.0
680	4427.166666666667	0.0	20000.0
690	4424.666666666667	0.0	19715.0
700	4414.5	0.0	19886.0
710	4320.0	0.0	20000.0
720	4384.166666666667	0.0	19440.0
730	4201.833333333333	0.0	20000.0
740	4028.8333333333335	0.0	20000.0
750	4034.5	0.0	19675.0
760	3897.5	0.0	20000.0
770	4079.8333333333335	0.0	19371.0
780	3965.6666666666665	0.0	19694.0
790	3972.5	0.0	19658.0
800	3641.6666666666665	0.0	20000.0
810	3837.1666666666665	0.0	20000.0
820	3761.5	0.0	20000.0
830	3812.1666666666665	0.0	20000.0
840	3764.8333333333335	0.0	19738.0
850	3791.0	0.0	19949.0
860	3815.1666666666665	0.0	19382.0
870	3602.0	0.0	19680.0
880	3788.1666666666665	0.0	20000.0
890	3840.5	0.0	20000.0
900	3613.5	0.0	19758.0
910	3676.1666666666665	0.0	20000.0
920	3853.6666666666665	0.0	19831.0
930	3794.8333333333335	0.0	20000.0
940	3707.0	0.0	19838.0
950	3877.5	0.0	20000.0
960	3784.5	0.0	20000.0
970	3767.1666666666665	0.0	19812.0
980	3703.1666666666665	0.0	19967.0
990	3676.6666666666665	0.0	20000.0
1000	3657.1666666666665	0.0	20000.0
