0	275.0	0.0	0.0	0.0
10	2102.25	140.0	844.0	9442.0
20	1895.5	134.0	517.0	7436.0
30	1933.5	301.0	1096.0	10568.0
40	2281.75	149.0	661.0	8442.0
50	2188.0	259.0	1123.0	9947.0
60	2409.5	17.0	68.0	11524.0
70	2347.5	0.0	0.0	8463.0
80	2506.25	0.0	0.0	9527.0
90	2123.5	0.0	0.0	8950.0
100	2334.75	0.0	0.0	9116.0
110	2253.0	0.0	0.0	8927.0
120	2349.0	0.0	0.0	7863.0
130	2248.25	0.0	0.0	9647.0
140	2272.0	0.0	0.0	10664.0
150	2291.0	0.0	0.0	9490.0
160	2002.0	0.0	0.0	9252.0
170	2456.75	0.0	0.0	7330.0
180	2564.5	0.0	0.0	8599.0
190	2918.0	0.0	0.0	8367.0
200	2496.25	0.0	0.0	14011.0
210	2642.5	0.0	0.0	8430.0
220	2679.75	0.0	0.0	8565.0
230	2892.75	0.0	0.0	9732.0
240	2793.25	0.0	0.0	9644.0
250	2968.0	0.0	0.0	8950.0
260	2892.75	0.0	0.0	10499.0
270	3153.0	0.0	0.0	11037.0
280	2574.5	0.0	0.0	9712.0
290	2758.0	0.0	0.0	13674.0
300	3141.25	0.0	0.0	6951.0
310	3020.25	0.0	0.0	6647.0
320	3202.0	0.0	0.0	10099.0
330	2643.5	0.0	0.0	8267.0
340	3080.0	0.0	0.0	8886.0
350	2874.0	0.0	0.0	10286.0
360	2970.25	0.0	0.0	10498.0
370	3082.0	0.0	0.0	9321.0
380	2986.25	0.0	0.0	8444.0
390	2835.0	0.0	0.0	13489.0
400	3502.75	0.0	0.0	10154.0
410	3044.5	0.0	0.0	12587.0
420	3339.0	0.0	0.0	10591.0
430	3315.75	0.0	0.0	7165.0
440	3186.0	0.0	0.0	11144.0
450	3074.5	0.0	0.0	11532.0
460	3140.25	0.0	0.0	10234.0
470	3489.25	0.0	0.0	10067.0
480	3573.75	0.0	0.0	9232.0
490	3620.0	0.0	0.0	9177.0
500	3528.0	0.0	0.0	10329.0
510	3568.5	0.0	0.0	9635.0
520	3519.0	0.0	0.0	10684.0
530	3128.0	0.0	0.0	13083.0
540	3154.75	0.0	0.0	10369.0
550	3543.5	0.0	0.0	9940.0
560	3809.5	0.0	0.0	10512.0
570	3623.5	0.0	0.0	10673.0
580	3004.5	0.0	0.0	9718.0
590	3920.75	0.0	0.0	10109.0
600	3423.75	0.0	0.0	11696.0
610	3406.5	0.0	0.0	7465.0
620	2991.5	0.0	0.0	9449.0
630	3424.75	0.0	0.0	12401.0
640	4024.5	0.0	0.0	11916.0
650	3531.75	0.0	0.0	9537.0
660	3387.0	0.0	0.0	8933.0
670	3895.5	0.0	0.0	9543.0
680	3168.5	0.0	0.0	12718.0
690	3372.75	0.0	0.0	10734.0
700	3758.0	0.0	0.0	12605.0
710	3592.25	0.0	0.0	9006.0
720	3809.0	0.0	0.0	11692.0
730	3856.75	0.0	0.0	8601.0
740	3750.5	0.0	0.0	10593.0
750	4089.0	0.0	0.0	11231.0
760	3094.5	0.0	0.0	6804.0
770	3625.0	0.0	0.0	8999.0
780	3961.75	0.0	0.0	11085.0
790	3894.75	0.0	0.0	10346.0
800	4038.0	0.0	0.0	11365.0
810	3703.25	0.0	0.0	10594.0
820	4207.5	0.0	0.0	8609.0
830	3956.5	0.0	0.0	9072.0
840	3936.0	0.0	0.0	11233.0
850	3742.5	0.0	0.0	12199.0
860	3703.0	0.0	0.0	9967.0
870	3834.0	0.0	0.0	8940.0
880	3996.0	0.0	0.0	11373.0
890	3845.25	0.0	0.0	9451.0
900	3799.0	0.0	0.0	10117.0
910	3717.5	0.0	0.0	10156.0
920	3788.75	0.0	0.0	9280.0
930	3831.0	0.0	0.0	10494.0
940	3810.5	0.0	0.0	9612.0
950	3558.5	0.0	0.0	10748.0
960	3818.5	0.0	0.0	11253.0
970	3739.0	0.0	0.0	10948.0
980	3455.5	0.0	0.0	10553.0
990	3966.75	0.0	0.0	10149.0
1000	4335.75	0.0	0.0	13083.0
