0	2324.75	0.0	0.0	0.0
10	2393.0	501.0	14119.0	14119.0
20	2366.0	219.0	12299.0	12299.0
30	2560.75	267.0	16032.0	16032.0
40	2954.5	13.0	783.0	10502.0
50	3061.75	0.0	0.0	7976.0
60	3251.0	0.0	0.0	6117.0
70	2774.5	0.0	0.0	11388.0
80	3349.75	0.0	0.0	10034.0
90	3405.75	0.0	0.0	9761.0
100	3258.0	0.0	0.0	9871.0
110	3151.25	0.0	0.0	10742.0
120	3103.0	0.0	0.0	10444.0
130	2912.75	0.0	0.0	10442.0
140	2842.75	0.0	0.0	8747.0
150	2859.0	0.0	0.0	10355.0
160	3098.25	0.0	0.0	10376.0
170	3278.25	0.0	0.0	6984.0
180	3639.25	0.0	0.0	11654.0
190	3251.0	0.0	0.0	10222.0
200	3804.0	0.0	0.0	11492.0
210	3118.25	0.0	0.0	9089.0
220	3753.25	0.0	0.0	9105.0
230	2991.25	0.0	0.0	10750.0
240	3526.5	0.0	0.0	8026.0
250	3655.5	0.0	0.0	9810.0
260	4320.5	0.0	0.0	11348.0
270	3282.5	0.0	0.0	7621.0
280	2874.5	0.0	0.0	10776.0
290	3135.75	0.0	0.0	7976.0
300	4008.0	0.0	0.0	11579.0
310	3611.25	0.0	0.0	14597.0
320	3221.0	0.0	0.0	11316.0
330	3786.5	0.0	0.0	11807.0
340	3732.75	0.0	0.0	10186.0
350	3181.5	0.0	0.0	10619.0
360	3737.0	0.0	0.0	9191.0
370	3717.75	0.0	0.0	12536.0
380	4003.5	0.0	0.0	10382.0
390	3772.0	0.0	0.0	10280.0
400	3907.0	0.0	0.0	10361.0
410	3011.5	0.0	0.0	9113.0
420	3280.5	0.0	0.0	10743.0
430	3464.75	0.0	0.0	9148.0
440	3811.75	0.0	0.0	9268.0
450	3331.75	0.0	0.0	7759.0
460	3620.75	0.0	0.0	9360.0
470	3957.0	0.0	0.0	12596.0
480	3581.5	0.0	0.0	12797.0
490	3568.75	0.0	0.0	9772.0
500	4080.5	0.0	0.0	12652.0
510	3883.5	0.0	0.0	9963.0
520	3614.25	0.0	0.0	10265.0
530	3399.5	0.0	0.0	6681.0
540	3906.75	0.0	0.0	9555.0
550	3823.75	0.0	0.0	13829.0
560	3682.75	0.0	0.0	9954.0
570	3884.0	0.0	0.0	8375.0
580	3573.5	0.0	0.0	13878.0
590	3521.0	0.0	0.0	11754.0
600	3480.5	0.0	0.0	11783.0
610	3822.75	0.0	0.0	10133.0
620	3924.0	0.0	0.0	8204.0
630	3665.75	0.0	0.0	9867.0
640	3819.25	0.0	0.0	10165.0
650	3969.0	0.0	0.0	10050.0
660	3827.0	0.0	0.0	11472.0
670	3662.75	0.0	0.0	11374.0
680	3930.75	0.0	0.0	11223.0
690	4137.0	0.0	0.0	10887.0
700	4217.5	0.0	0.0	9853.0
710	3995.0	0.0	0.0	9567.0
720	3709.25	0.0	0.0	9471.0
730	3776.0	0.0	0.0	9857.0
740	3728.75	0.0	0.0	10258.0
750	3701.5	0.0	0.0	10182.0
760	3657.75	0.0	0.0	10187.0
770	3743.75	0.0	0.0	10197.0
780	3695.0	0.0	0.0	10880.0
790	3613.25	0.0	0.0	9171.0
800	3829.5	0.0	0.0	14429.0
