0	1636.8222222222219	0.0	0.0	0.0
10	1830.611111111111	379.26666666666665	1070.2	10058.1
20	1995.9055555555558	204.13333333333333	814.8	9127.333333333334
30	2016.8111111111111	197.6	860.7	9594.133333333333
40	2063.855555555556	148.53333333333333	647.6666666666666	9111.9
50	2114.4833333333336	64.83333333333333	306.4	9066.333333333334
60	2090.4055555555556	5.633333333333334	32.63333333333333	8551.3
70	2203.0333333333333	0.0	0.0	8523.5
80	2161.838888888889	0.0	0.0	8355.166666666666
90	2185.144444444444	0.0	0.0	8751.033333333333
100	2211.8777777777777	0.0	0.0	9020.4
110	2272.055555555555	0.0	0.0	7901.966666666666
120	2252.7833333333338	0.0	0.0	8455.966666666667
130	2214.872222222222	0.0	0.0	8756.233333333334
140	2287.105555555556	0.0	0.0	8585.766666666666
150	2264.6166666666663	0.0	0.0	8278.0
160	2368.2166666666667	0.0	0.0	8676.4
170	2382.6666666666665	0.0	0.0	8446.6
180	2346.1444444444437	0.0	0.0	8936.066666666668
190	2391.5500000000006	0.0	0.0	9040.266666666666
200	2423.3555555555554	0.0	0.0	8203.866666666667
210	2425.605555555556	0.0	0.0	8509.5
220	2423.2944444444443	0.0	0.0	8693.166666666666
230	2420.333333333333	0.0	0.0	8945.4
240	2450.016666666667	0.0	0.0	8455.833333333334
250	2433.0222222222224	0.0	0.0	8543.666666666666
260	2456.4166666666665	0.0	0.0	7946.233333333334
270	2426.5111111111114	0.0	0.0	8428.566666666668
280	2473.055555555555	0.0	0.0	8374.733333333334
290	2551.1277777777773	0.0	0.0	8608.2
300	2564.905555555556	0.0	0.0	8385.966666666667
310	2530.466666666667	0.0	0.0	8839.466666666667
320	2618.144444444444	0.0	0.0	8803.133333333333
330	2534.188888888889	0.0	0.0	8310.733333333334
340	2655.666666666666	0.0	0.0	8377.9
350	2734.2222222222217	0.0	0.0	8660.766666666666
360	2770.2666666666673	0.0	0.0	8882.9
370	2790.755555555556	0.0	0.0	9199.966666666667
380	2761.8777777777777	0.0	0.0	9539.666666666666
390	2914.061111111111	0.0	0.0	9064.8
400	2871.116666666667	0.0	0.0	8954.633333333333
410	2775.6388888888887	0.0	0.0	10120.733333333334
420	2927.238888888889	0.0	0.0	8663.6
430	3012.411111111111	0.0	0.0	9525.733333333334
440	3081.516666666666	0.0	0.0	8705.6
450	3134.1888888888884	0.0	0.0	9506.9
460	3168.3888888888887	0.0	0.0	9867.2
470	3148.172222222223	0.0	0.0	9541.833333333334
480	3179.922222222222	0.0	0.0	9713.6
490	3147.588888888889	0.0	0.0	9985.766666666666
500	3145.7	0.0	0.0	9737.4
510	3350.033333333333	0.0	0.0	9961.533333333333
520	3281.3444444444444	0.0	0.0	9702.433333333332
530	3347.2722222222224	0.0	0.0	9625.366666666667
540	3385.6055555555554	0.0	0.0	9911.5
550	3396.0444444444443	0.0	0.0	10383.466666666667
560	3371.300000000001	0.0	0.0	9741.0
570	3369.0111111111123	0.0	0.0	10561.7
580	3377.9555555555557	0.0	0.0	10222.4
590	3444.6277777777777	0.0	0.0	9702.866666666667
600	3404.238888888889	0.0	0.0	10230.333333333334
610	3377.994444444444	0.0	0.0	10274.066666666668
620	3456.422222222222	0.0	0.0	10465.0
630	3467.911111111111	0.0	0.0	10141.033333333333
640	3542.233333333334	0.0	0.0	10239.266666666666
650	3567.233333333333	0.0	0.0	10517.566666666668
660	3537.76111111111	0.0	0.0	10013.8
670	3596.9833333333327	0.0	0.0	10292.133333333333
680	3640.538888888889	0.0	0.0	10264.766666666666
690	3559.0833333333335	0.0	0.0	9992.933333333332
700	3542.9722222222213	0.0	0.0	9936.933333333332
710	3533.2555555555546	0.0	0.0	10232.433333333332
720	3482.4777777777776	0.0	0.0	9994.266666666666
730	3676.3499999999995	0.0	0.0	10717.1
740	3435.8111111111107	0.0	0.0	9996.2
750	3652.933333333334	0.0	0.0	10252.966666666667
760	3615.333333333333	0.0	0.0	10746.1
770	3649.3055555555566	0.0	0.0	10528.866666666667
780	3747.983333333334	0.0	0.0	10615.1
790	3623.805555555556	0.0	0.0	10371.666666666666
800	3750.1499999999996	0.0	0.0	10629.833333333334
810	3757.027777777777	0.0	0.0	10508.2
820	3695.4555555555567	0.0	0.0	10487.3
830	3719.9888888888895	0.0	0.0	10397.2
840	3723.472222222222	0.0	0.0	10407.6
850	3718.322222222223	0.0	0.0	10478.733333333334
860	3690.444444444445	0.0	0.0	10313.166666666666
870	3752.1222222222227	0.0	0.0	10522.233333333334
880	3691.083333333333	0.0	0.0	10575.633333333333
890	3743.138888888888	0.0	0.0	10068.7
900	3709.9388888888902	0.0	0.0	10184.3
910	3736.4833333333327	0.0	0.0	10398.4
920	3799.6888888888893	0.0	0.0	10111.4
930	3745.3944444444437	0.0	0.0	10319.0
940	3746.277777777777	0.0	0.0	10270.2
950	3743.3611111111113	0.0	0.0	10339.333333333334
960	3796.0333333333333	0.0	0.0	10530.466666666667
970	3736.0999999999995	0.0	0.0	10043.8
980	3739.9000000000005	0.0	0.0	10404.566666666668
990	3749.2111111111108	0.0	0.0	10096.233333333334
1000	3780.916666666666	0.0	0.0	9960.833333333334
