0	1604.6666666666667	0.0	0.0	0.0
10	2057.8333333333335	452.0	1329.0	10402.0
20	1800.6666666666667	185.0	838.0	9260.0
30	1928.3333333333333	178.0	1075.0	11678.0
40	2046.1666666666667	110.0	529.0	7447.0
50	2201.5	74.0	488.0	8645.0
60	2067.8333333333335	1.0	3.0	7785.0
70	2566.8333333333335	0.0	0.0	11088.0
80	2399.8333333333335	0.0	0.0	6117.0
90	2328.6666666666665	0.0	0.0	11464.0
100	2326.6666666666665	0.0	0.0	9683.0
110	2599.3333333333335	0.0	0.0	6450.0
120	2183.1666666666665	0.0	0.0	7160.0
130	1990.1666666666667	0.0	0.0	7317.0
140	2164.5	0.0	0.0	7110.0
150	2016.8333333333333	0.0	0.0	7905.0
160	2101.1666666666665	0.0	0.0	8423.0
170	2176.0	0.0	0.0	8757.0
180	2035.3333333333333	0.0	0.0	9381.0
190	2562.3333333333335	0.0	0.0	12094.0
200	2007.1666666666667	0.0	0.0	6672.0
210	2240.0	0.0	0.0	7942.0
220	2181.3333333333335	0.0	0.0	12468.0
230	2838.3333333333335	0.0	0.0	9743.0
240	2500.3333333333335	0.0	0.0	7711.0
250	2802.1666666666665	0.0	0.0	6258.0
260	2920.5	0.0	0.0	10477.0
270	2349.0	0.0	0.0	8789.0
280	2754.3333333333335	0.0	0.0	4966.0
290	2170.5	0.0	0.0	6680.0
300	2163.6666666666665	0.0	0.0	5851.0
310	2393.8333333333335	0.0	0.0	10032.0
320	2656.0	0.0	0.0	8510.0
330	2624.8333333333335	0.0	0.0	7519.0
340	2949.0	0.0	0.0	7141.0
350	3350.8333333333335	0.0	0.0	8376.0
360	2709.6666666666665	0.0	0.0	9387.0
370	3320.5	0.0	0.0	5976.0
380	2863.0	0.0	0.0	9444.0
390	2896.6666666666665	0.0	0.0	10826.0
400	3132.5	0.0	0.0	8233.0
410	3146.1666666666665	0.0	0.0	12374.0
420	3461.0	0.0	0.0	10882.0
430	2791.5	0.0	0.0	10344.0
440	3138.3333333333335	0.0	0.0	9150.0
450	3300.6666666666665	0.0	0.0	11214.0
460	2941.3333333333335	0.0	0.0	11160.0
470	3468.1666666666665	0.0	0.0	9164.0
480	3170.3333333333335	0.0	0.0	12642.0
490	3676.6666666666665	0.0	0.0	11067.0
500	3134.8333333333335	0.0	0.0	13381.0
510	3634.6666666666665	0.0	0.0	9193.0
520	3230.6666666666665	0.0	0.0	11363.0
530	3288.0	0.0	0.0	9272.0
540	3481.8333333333335	0.0	0.0	9097.0
550	3642.1666666666665	0.0	0.0	11938.0
560	3065.5	0.0	0.0	10063.0
570	3636.6666666666665	0.0	0.0	10434.0
580	3404.1666666666665	0.0	0.0	12207.0
590	3490.8333333333335	0.0	0.0	8142.0
600	3353.1666666666665	0.0	0.0	9808.0
610	3592.5	0.0	0.0	9511.0
620	3176.5	0.0	0.0	11916.0
630	3409.3333333333335	0.0	0.0	9435.0
640	3729.6666666666665	0.0	0.0	11129.0
650	3016.3333333333335	0.0	0.0	10856.0
660	3547.6666666666665	0.0	0.0	10564.0
670	3577.5	0.0	0.0	9175.0
680	3703.3333333333335	0.0	0.0	10679.0
690	3594.5	0.0	0.0	10648.0
700	3484.8333333333335	0.0	0.0	12092.0
710	3179.0	0.0	0.0	13668.0
720	3860.0	0.0	0.0	9774.0
730	3681.6666666666665	0.0	0.0	8846.0
740	3691.5	0.0	0.0	10447.0
750	3569.8333333333335	0.0	0.0	10106.0
760	4082.1666666666665	0.0	0.0	8054.0
770	3792.6666666666665	0.0	0.0	10306.0
780	3825.0	0.0	0.0	10908.0
790	2949.3333333333335	0.0	0.0	7339.0
800	3653.3333333333335	0.0	0.0	12289.0
810	3956.8333333333335	0.0	0.0	7969.0
820	3465.5	0.0	0.0	10471.0
830	3960.6666666666665	0.0	0.0	10653.0
840	3781.5	0.0	0.0	9049.0
850	3934.1666666666665	0.0	0.0	12409.0
860	3975.6666666666665	0.0	0.0	10989.0
870	3648.1666666666665	0.0	0.0	9225.0
880	3218.6666666666665	0.0	0.0	9935.0
890	3540.1666666666665	0.0	0.0	10917.0
900	3968.6666666666665	0.0	0.0	8487.0
910	3960.5	0.0	0.0	9680.0
920	3196.5	0.0	0.0	8878.0
930	3719.8333333333335	0.0	0.0	12524.0
940	3965.1666666666665	0.0	0.0	11238.0
950	3847.3333333333335	0.0	0.0	10537.0
960	3979.3333333333335	0.0	0.0	9057.0
970	3954.8333333333335	0.0	0.0	8781.0
980	3692.1666666666665	0.0	0.0	10659.0
990	4046.3333333333335	0.0	0.0	9608.0
1000	3940.6666666666665	0.0	0.0	14322.0
