0	1600.0	0.0	0.0	0.0
10	1540.3333333333333	333.0	954.0	8811.0
20	1961.1666666666667	208.0	679.0	8271.0
30	1997.0	184.0	888.0	10463.0
40	2069.3333333333335	173.0	878.0	10034.0
50	1855.0	102.0	530.0	10521.0
60	1922.8333333333333	0.0	0.0	9776.0
70	2106.5	0.0	0.0	7440.0
80	1966.3333333333333	0.0	0.0	9875.0
90	2134.6666666666665	0.0	0.0	8571.0
100	2017.6666666666667	0.0	0.0	9768.0
110	1961.8333333333333	0.0	0.0	9029.0
120	2215.0	0.0	0.0	10203.0
130	2463.5	0.0	0.0	10126.0
140	2392.5	0.0	0.0	7102.0
150	1884.0	0.0	0.0	9795.0
160	2610.0	0.0	0.0	5010.0
170	2337.5	0.0	0.0	6201.0
180	2143.6666666666665	0.0	0.0	11247.0
190	2178.5	0.0	0.0	6561.0
200	2194.3333333333335	0.0	0.0	7794.0
210	2425.0	0.0	0.0	12806.0
220	3018.6666666666665	0.0	0.0	9376.0
230	2435.0	0.0	0.0	12073.0
240	2720.3333333333335	0.0	0.0	7674.0
250	2117.0	0.0	0.0	8129.0
260	2937.5	0.0	0.0	7490.0
270	2825.0	0.0	0.0	6639.0
280	2266.6666666666665	0.0	0.0	9113.0
290	2717.8333333333335	0.0	0.0	10270.0
300	2614.6666666666665	0.0	0.0	9090.0
310	2770.1666666666665	0.0	0.0	10756.0
320	3022.1666666666665	0.0	0.0	11743.0
330	3087.8333333333335	0.0	0.0	10818.0
340	2843.3333333333335	0.0	0.0	7589.0
350	3029.3333333333335	0.0	0.0	13362.0
360	3075.3333333333335	0.0	0.0	8682.0
370	3024.8333333333335	0.0	0.0	10067.0
380	3121.6666666666665	0.0	0.0	10543.0
390	3295.0	0.0	0.0	8315.0
400	3833.1666666666665	0.0	0.0	10647.0
410	3137.3333333333335	0.0	0.0	13698.0
420	2936.0	0.0	0.0	10554.0
430	3025.8333333333335	0.0	0.0	10755.0
440	3402.6666666666665	0.0	0.0	6801.0
450	3387.0	0.0	0.0	9553.0
460	3246.6666666666665	0.0	0.0	9826.0
470	3204.0	0.0	0.0	10236.0
480	3841.5	0.0	0.0	8553.0
490	3074.5	0.0	0.0	10403.0
500	2958.8333333333335	0.0	0.0	9693.0
510	3179.8333333333335	0.0	0.0	13091.0
520	3466.3333333333335	0.0	0.0	10568.0
530	3194.6666666666665	0.0	0.0	8195.0
540	3646.3333333333335	0.0	0.0	6929.0
550	4001.5	0.0	0.0	8750.0
560	3593.6666666666665	0.0	0.0	8817.0
570	3437.6666666666665	0.0	0.0	10232.0
580	3448.6666666666665	0.0	0.0	10542.0
590	3614.6666666666665	0.0	0.0	10408.0
600	3396.3333333333335	0.0	0.0	12295.0
610	3270.8333333333335	0.0	0.0	12603.0
620	4112.666666666667	0.0	0.0	8560.0
630	3331.0	0.0	0.0	9925.0
640	3651.5	0.0	0.0	10381.0
650	3558.0	0.0	0.0	12024.0
660	3812.8333333333335	0.0	0.0	9878.0
670	3838.8333333333335	0.0	0.0	10831.0
680	3837.8333333333335	0.0	0.0	9704.0
690	3656.3333333333335	0.0	0.0	8027.0
700	3834.0	0.0	0.0	8254.0
710	3757.8333333333335	0.0	0.0	7576.0
720	3321.0	0.0	0.0	11013.0
730	3633.0	0.0	0.0	7503.0
740	3493.3333333333335	0.0	0.0	10439.0
750	3694.8333333333335	0.0	0.0	10574.0
760	3492.6666666666665	0.0	0.0	12830.0
770	3630.0	0.0	0.0	11640.0
780	4069.1666666666665	0.0	0.0	9684.0
790	3807.3333333333335	0.0	0.0	10581.0
800	3925.5	0.0	0.0	8931.0
810	3635.3333333333335	0.0	0.0	10790.0
820	3618.3333333333335	0.0	0.0	9451.0
830	3460.5	0.0	0.0	10089.0
840	4017.8333333333335	0.0	0.0	9933.0
850	3997.5	0.0	0.0	9748.0
860	3954.5	0.0	0.0	11913.0
870	3915.0	0.0	0.0	10257.0
880	3632.8333333333335	0.0	0.0	11486.0
890	3777.3333333333335	0.0	0.0	11834.0
900	3954.1666666666665	0.0	0.0	11233.0
910	3538.3333333333335	0.0	0.0	10414.0
920	3880.6666666666665	0.0	0.0	10729.0
930	3902.0	0.0	0.0	9504.0
940	3599.8333333333335	0.0	0.0	12523.0
950	3796.1666666666665	0.0	0.0	9562.0
960	3759.5	0.0	0.0	9899.0
970	3813.0	0.0	0.0	10018.0
980	4214.166666666667	0.0	0.0	11319.0
990	3813.5	0.0	0.0	8915.0
1000	3641.0	0.0	0.0	11655.0
