0	1590.3333333333333	0.0	0.0	0.0
10	1797.0	312.0	822.0	7729.0
20	1977.1666666666667	271.0	857.0	8867.0
30	1990.1666666666667	142.0	604.0	6946.0
40	2194.5	265.0	1128.0	11810.0
50	2099.8333333333335	10.0	18.0	11246.0
60	2073.6666666666665	0.0	0.0	6827.0
70	2305.5	0.0	0.0	8535.0
80	2311.0	0.0	0.0	7960.0
90	2204.5	0.0	0.0	9538.0
100	2348.1666666666665	0.0	0.0	11005.0
110	2427.1666666666665	0.0	0.0	9168.0
120	2409.0	0.0	0.0	8138.0
130	2113.3333333333335	0.0	0.0	8295.0
140	2147.5	0.0	0.0	5305.0
150	2070.8333333333335	0.0	0.0	11035.0
160	2266.3333333333335	0.0	0.0	9845.0
170	2244.5	0.0	0.0	9588.0
180	2179.1666666666665	0.0	0.0	9232.0
190	2541.3333333333335	0.0	0.0	9608.0
200	2346.0	0.0	0.0	7443.0
210	2272.1666666666665	0.0	0.0	8893.0
220	2578.6666666666665	0.0	0.0	7443.0
230	2467.6666666666665	0.0	0.0	6510.0
240	2600.0	0.0	0.0	10880.0
250	2491.3333333333335	0.0	0.0	8104.0
260	2932.6666666666665	0.0	0.0	6938.0
270	2472.3333333333335	0.0	0.0	9673.0
280	2483.1666666666665	0.0	0.0	8309.0
290	2876.8333333333335	0.0	0.0	10436.0
300	2989.1666666666665	0.0	0.0	5009.0
310	2493.6666666666665	0.0	0.0	5831.0
320	2578.3333333333335	0.0	0.0	8392.0
330	2456.1666666666665	0.0	0.0	5598.0
340	2529.3333333333335	0.0	0.0	9689.0
350	2872.3333333333335	0.0	0.0	6860.0
360	2852.6666666666665	0.0	0.0	10206.0
370	3245.0	0.0	0.0	7513.0
380	2787.3333333333335	0.0	0.0	9816.0
390	3404.8333333333335	0.0	0.0	6018.0
400	2959.0	0.0	0.0	10714.0
410	2771.0	0.0	0.0	10292.0
420	2888.1666666666665	0.0	0.0	7759.0
430	3517.5	0.0	0.0	8071.0
440	2856.0	0.0	0.0	9069.0
450	3416.8333333333335	0.0	0.0	8042.0
460	3684.0	0.0	0.0	11273.0
470	3204.5	0.0	0.0	9393.0
480	3196.1666666666665	0.0	0.0	9970.0
490	2694.0	0.0	0.0	9900.0
500	3586.0	0.0	0.0	9055.0
510	3933.3333333333335	0.0	0.0	11640.0
520	3717.5	0.0	0.0	12059.0
530	3110.1666666666665	0.0	0.0	9821.0
540	3902.6666666666665	0.0	0.0	8952.0
550	3020.5	0.0	0.0	11341.0
560	3280.8333333333335	0.0	0.0	9383.0
570	3607.1666666666665	0.0	0.0	9473.0
580	3590.1666666666665	0.0	0.0	10300.0
590	3691.5	0.0	0.0	11175.0
600	3466.5	0.0	0.0	11791.0
610	3200.5	0.0	0.0	10388.0
620	3393.0	0.0	0.0	12401.0
630	3949.1666666666665	0.0	0.0	9423.0
640	3892.8333333333335	0.0	0.0	10911.0
650	3752.8333333333335	0.0	0.0	7467.0
660	3710.3333333333335	0.0	0.0	11116.0
670	4164.666666666667	0.0	0.0	12396.0
680	3868.1666666666665	0.0	0.0	7729.0
690	3491.1666666666665	0.0	0.0	9751.0
700	3560.1666666666665	0.0	0.0	9710.0
710	4014.5	0.0	0.0	10326.0
720	3236.0	0.0	0.0	9625.0
730	3479.1666666666665	0.0	0.0	9662.0
740	3662.5	0.0	0.0	7368.0
750	3273.5	0.0	0.0	11131.0
760	3655.3333333333335	0.0	0.0	10464.0
770	3395.0	0.0	0.0	11192.0
780	3906.1666666666665	0.0	0.0	10181.0
790	3646.1666666666665	0.0	0.0	11306.0
800	3743.5	0.0	0.0	7809.0
810	3698.0	0.0	0.0	9024.0
820	3921.0	0.0	0.0	10097.0
830	3471.1666666666665	0.0	0.0	10615.0
840	3758.8333333333335	0.0	0.0	13324.0
850	3582.3333333333335	0.0	0.0	12482.0
860	3956.0	0.0	0.0	10021.0
870	3659.1666666666665	0.0	0.0	9658.0
880	3740.0	0.0	0.0	12806.0
890	4094.3333333333335	0.0	0.0	8962.0
900	3842.5	0.0	0.0	13828.0
910	3834.6666666666665	0.0	0.0	8574.0
920	3887.5	0.0	0.0	11512.0
930	3539.6666666666665	0.0	0.0	11642.0
940	4205.166666666667	0.0	0.0	13140.0
950	3873.1666666666665	0.0	0.0	9319.0
960	3590.5	0.0	0.0	12259.0
970	3870.8333333333335	0.0	0.0	11561.0
980	3872.1666666666665	0.0	0.0	10242.0
990	3768.5	0.0	0.0	6997.0
1000	3649.8333333333335	0.0	0.0	7921.0
