0	1476.6666666666667	0.0	0.0
10	2351.1666666666665	42.0	20000.0
20	2321.1666666666665	820.0	20000.0
30	2401.8333333333335	138.0	20000.0
40	2544.8333333333335	0.0	20000.0
50	2485.0	0.0	20000.0
60	2619.5	0.0	20000.0
70	2737.0	0.0	20000.0
80	2658.8333333333335	0.0	20000.0
90	2763.1666666666665	0.0	20000.0
100	2833.1666666666665	0.0	19866.0
110	2928.6666666666665	0.0	20000.0
120	2875.1666666666665	0.0	19805.0
130	2999.5	0.0	20000.0
140	2979.1666666666665	0.0	20000.0
150	3162.8333333333335	0.0	19860.0
160	3123.1666666666665	0.0	19439.0
170	3396.5	0.0	19180.0
180	3100.8333333333335	0.0	19795.0
190	3207.8333333333335	0.0	19438.0
200	3253.6666666666665	0.0	19756.0
210	3396.3333333333335	0.0	19033.0
220	3267.0	0.0	18641.0
230	3397.3333333333335	0.0	19548.0
240	3131.0	0.0	19597.0
250	3284.1666666666665	0.0	19664.0
260	2991.6666666666665	0.0	17796.0
270	2679.8333333333335	0.0	19452.0
280	2948.6666666666665	0.0	18893.0
290	2982.8333333333335	0.0	18903.0
300	2924.6666666666665	0.0	19335.0
310	2842.1666666666665	0.0	19501.0
320	2903.6666666666665	0.0	18776.0
330	2924.6666666666665	0.0	18984.0
340	3140.8333333333335	0.0	19585.0
350	2836.3333333333335	0.0	19511.0
360	2857.1666666666665	0.0	20000.0
370	2753.5	0.0	19546.0
380	2771.3333333333335	0.0	19584.0
390	2861.8333333333335	0.0	19128.0
400	2968.1666666666665	0.0	19723.0
410	2967.0	0.0	19663.0
420	3018.1666666666665	0.0	19495.0
430	3135.3333333333335	0.0	19783.0
440	2931.3333333333335	0.0	19578.0
450	3209.8333333333335	0.0	19610.0
460	3073.5	0.0	19786.0
470	3026.1666666666665	0.0	20000.0
480	2990.8333333333335	0.0	20000.0
490	2940.1666666666665	0.0	19996.0
500	2934.6666666666665	0.0	20000.0
510	3109.0	0.0	19345.0
520	3035.6666666666665	0.0	19679.0
530	2973.6666666666665	0.0	19690.0
540	2938.1666666666665	0.0	19925.0
550	2940.8333333333335	0.0	19465.0
560	3220.6666666666665	0.0	20000.0
570	3024.3333333333335	0.0	19840.0
580	3300.6666666666665	0.0	19521.0
590	3049.0	0.0	19573.0
600	3141.8333333333335	0.0	20000.0
610	3034.6666666666665	0.0	18772.0
620	3112.0	0.0	19745.0
630	3238.3333333333335	0.0	20000.0
640	3282.1666666666665	0.0	19545.0
650	3279.3333333333335	0.0	20000.0
660	3283.1666666666665	0.0	19015.0
670	3459.1666666666665	0.0	20000.0
680	3461.5	0.0	19064.0
690	3478.6666666666665	0.0	19942.0
700	3159.5	0.0	20000.0
710	3405.0	0.0	19027.0
720	3470.5	0.0	19563.0
730	3359.3333333333335	0.0	20000.0
740	3403.0	0.0	19599.0
750	3514.5	0.0	20000.0
760	3371.5	0.0	20000.0
770	3394.1666666666665	0.0	20000.0
780	3280.1666666666665	0.0	20000.0
790	3144.0	0.0	19683.0
800	3475.1666666666665	0.0	19918.0
810	3462.0	0.0	19569.0
820	3580.1666666666665	0.0	19388.0
830	3409.0	0.0	19593.0
840	3694.5	0.0	20000.0
850	3493.3333333333335	0.0	19872.0
860	3420.1666666666665	0.0	20000.0
870	3410.0	0.0	19753.0
880	3580.8333333333335	0.0	19643.0
890	3569.8333333333335	0.0	20000.0
900	3429.1666666666665	0.0	19553.0
910	3528.8333333333335	0.0	19904.0
920	3552.0	0.0	19309.0
930	3490.5	0.0	19125.0
940	3622.3333333333335	0.0	19337.0
950	3528.5	0.0	19956.0
960	3801.0	0.0	19069.0
970	3596.1666666666665	0.0	20000.0
980	3902.3333333333335	0.0	19929.0
990	3655.1666666666665	0.0	20000.0
1000	3646.6666666666665	0.0	19916.0
