0	2887.3333333333335	0.0	0.0	0.0
10	2810.5	0.0	38.0	8430.0
20	2590.0	10.0	110.0	11079.0
30	2573.0	0.0	62.0	7920.0
40	2833.0	0.0	30.0	13193.0
50	2639.1666666666665	0.0	50.0	8461.0
60	2659.3333333333335	0.0	28.0	7652.0
70	2373.8333333333335	0.0	92.0	9335.0
80	2157.0	0.0	36.0	9644.0
90	2627.1666666666665	0.0	42.0	8466.0
100	2450.5	0.0	53.0	5663.0
110	2270.3333333333335	0.0	25.0	10881.0
120	2476.0	0.0	48.0	9666.0
130	2543.5	0.0	55.0	11116.0
140	2520.1666666666665	0.0	30.0	8814.0
150	2560.3333333333335	0.0	44.0	8268.0
160	2944.6666666666665	0.0	58.0	6687.0
170	3035.0	0.0	59.0	8555.0
180	3050.5	0.0	34.0	11632.0
190	2378.5	0.0	65.0	8310.0
200	3279.6666666666665	0.0	31.0	10608.0
210	3020.8333333333335	0.0	33.0	10190.0
220	3229.5	0.0	25.0	12109.0
230	2912.3333333333335	0.0	23.0	9720.0
240	3472.1666666666665	0.0	84.0	12346.0
250	3136.0	0.0	50.0	8073.0
260	3730.0	0.0	53.0	6123.0
270	3403.3333333333335	0.0	59.0	8207.0
280	3837.3333333333335	0.0	24.0	9608.0
290	3249.5	0.0	60.0	7619.0
300	2994.8333333333335	0.0	43.0	8504.0
310	3440.6666666666665	0.0	78.0	9787.0
320	2804.0	0.0	125.0	13248.0
330	3200.6666666666665	0.0	34.0	10356.0
340	3290.6666666666665	0.0	55.0	8833.0
350	3178.3333333333335	0.0	39.0	9502.0
360	3521.0	0.0	53.0	8330.0
370	3069.8333333333335	0.0	51.0	11963.0
380	3485.5	0.0	39.0	12053.0
390	3528.8333333333335	0.0	50.0	10151.0
400	3097.6666666666665	0.0	124.0	11803.0
410	3582.5	0.0	25.0	9070.0
420	3429.3333333333335	0.0	23.0	13372.0
430	3185.8333333333335	0.0	65.0	7650.0
440	3430.6666666666665	0.0	44.0	13019.0
450	3521.6666666666665	0.0	68.0	12204.0
460	3515.8333333333335	0.0	32.0	11244.0
470	4033.1666666666665	0.0	51.0	10175.0
480	3833.0	0.0	37.0	9415.0
490	3610.6666666666665	0.0	79.0	9802.0
500	3695.0	0.0	45.0	9140.0
510	3730.8333333333335	0.0	27.0	9160.0
520	3528.5	0.0	48.0	9280.0
530	4013.3333333333335	0.0	28.0	13708.0
540	3956.8333333333335	0.0	32.0	9302.0
550	3872.6666666666665	0.0	47.0	11131.0
560	3419.0	0.0	61.0	9124.0
570	3603.0	0.0	85.0	12513.0
580	3989.8333333333335	0.0	31.0	12238.0
590	3646.0	0.0	67.0	13035.0
600	3503.5	0.0	38.0	10519.0
610	3813.0	0.0	75.0	9646.0
620	4005.5	0.0	101.0	9947.0
630	3826.1666666666665	0.0	38.0	11082.0
640	3759.6666666666665	0.0	83.0	12809.0
650	3523.8333333333335	0.0	54.0	10370.0
660	3971.8333333333335	0.0	56.0	10497.0
670	3371.8333333333335	0.0	57.0	8651.0
680	3532.1666666666665	0.0	46.0	8579.0
690	3746.5	0.0	40.0	10666.0
700	3884.0	0.0	78.0	6775.0
710	3702.8333333333335	0.0	47.0	9972.0
720	3537.1666666666665	0.0	44.0	9881.0
730	3668.6666666666665	0.0	20.0	6768.0
740	3808.3333333333335	0.0	111.0	11920.0
750	3599.0	0.0	26.0	9281.0
760	3921.5	0.0	59.0	7128.0
770	3743.6666666666665	0.0	59.0	10170.0
780	4146.666666666667	0.0	54.0	11104.0
790	3832.8333333333335	0.0	104.0	12735.0
800	3872.6666666666665	0.0	42.0	6806.0
