0	1523.3333333333333	0.0	0.0	0.0
10	1627.0	1000.0	1000.0	8012.0
20	1772.6666666666667	0.0	0.0	5706.0
30	1704.3333333333333	0.0	0.0	7762.0
40	1683.0	0.0	0.0	7114.0
50	1630.0	0.0	0.0	7944.0
60	1312.8333333333333	0.0	0.0	6541.0
70	1607.3333333333333	0.0	0.0	7207.0
80	1730.3333333333333	0.0	0.0	7814.0
90	1734.6666666666667	0.0	0.0	9207.0
100	1489.0	0.0	0.0	7650.0
110	1838.1666666666667	0.0	0.0	7536.0
120	1517.0	0.0	0.0	6071.0
130	1720.5	0.0	0.0	5744.0
140	1452.6666666666667	0.0	0.0	7596.0
150	1588.5	0.0	0.0	6665.0
160	1481.6666666666667	0.0	0.0	9390.0
170	1608.3333333333333	0.0	0.0	6986.0
180	1476.0	0.0	0.0	7388.0
190	1733.0	0.0	0.0	5231.0
200	1439.6666666666667	0.0	0.0	5068.0
210	1439.0	0.0	0.0	6432.0
220	1458.6666666666667	0.0	0.0	7193.0
230	1432.6666666666667	0.0	0.0	6574.0
240	1392.0	0.0	0.0	6783.0
250	1516.6666666666667	0.0	0.0	4675.0
260	1475.6666666666667	0.0	0.0	7265.0
270	1534.5	0.0	0.0	6466.0
280	1375.0	0.0	0.0	8967.0
290	1362.3333333333333	0.0	0.0	5956.0
300	1190.0	0.0	0.0	5791.0
310	1359.6666666666667	0.0	0.0	7611.0
320	1275.0	0.0	0.0	6543.0
330	1389.3333333333333	0.0	0.0	5475.0
340	1386.5	0.0	0.0	6612.0
350	1222.5	0.0	0.0	5939.0
360	1428.3333333333333	0.0	0.0	5054.0
370	1439.6666666666667	0.0	0.0	7558.0
380	1297.6666666666667	0.0	0.0	5194.0
390	1392.3333333333333	0.0	0.0	7058.0
400	1421.6666666666667	0.0	0.0	7375.0
410	1160.3333333333333	0.0	0.0	6135.0
420	1175.0	0.0	0.0	6771.0
430	1406.0	0.0	0.0	5839.0
440	1375.0	0.0	0.0	3574.0
450	1243.0	0.0	0.0	3860.0
460	1439.3333333333333	0.0	0.0	5861.0
470	1229.6666666666667	0.0	0.0	5189.0
480	1343.6666666666667	0.0	0.0	6425.0
490	1294.6666666666667	0.0	0.0	4168.0
500	1359.3333333333333	0.0	0.0	7092.0
510	1349.6666666666667	0.0	0.0	5415.0
520	1260.0	0.0	0.0	7112.0
530	1193.3333333333333	0.0	0.0	6142.0
540	1361.6666666666667	0.0	0.0	5709.0
550	1306.3333333333333	0.0	0.0	5167.0
560	1409.8333333333333	0.0	0.0	5706.0
570	1295.6666666666667	0.0	0.0	6093.0
580	1339.6666666666667	0.0	0.0	5654.0
590	1271.5	0.0	0.0	5423.0
600	1432.3333333333333	0.0	0.0	5737.0
610	1449.0	0.0	0.0	5527.0
620	1343.0	0.0	0.0	5469.0
630	1439.3333333333333	0.0	0.0	7859.0
640	1464.6666666666667	0.0	0.0	4957.0
650	1182.0	0.0	0.0	6439.0
660	1285.3333333333333	0.0	0.0	4871.0
670	1299.6666666666667	0.0	0.0	5266.0
680	1215.6666666666667	0.0	0.0	6558.0
690	1397.0	0.0	0.0	6462.0
700	1337.6666666666667	0.0	0.0	6534.0
710	1308.3333333333333	0.0	0.0	6236.0
720	1296.0	0.0	0.0	7390.0
730	1368.6666666666667	0.0	0.0	5415.0
740	1295.6666666666667	0.0	0.0	5931.0
750	1404.3333333333333	0.0	0.0	5908.0
760	1176.6666666666667	0.0	0.0	5465.0
770	1203.6666666666667	0.0	0.0	4743.0
780	1192.0	0.0	0.0	6878.0
790	1283.6666666666667	0.0	0.0	5595.0
800	1432.3333333333333	0.0	0.0	7213.0
810	1202.6666666666667	0.0	0.0	5128.0
820	1162.6666666666667	0.0	0.0	4871.0
830	1246.6666666666667	0.0	0.0	5964.0
840	1157.3333333333333	0.0	0.0	6264.0
850	1190.6666666666667	0.0	0.0	6275.0
860	1204.3333333333333	0.0	0.0	4933.0
870	1310.0	0.0	0.0	6009.0
880	1228.3333333333333	0.0	0.0	5295.0
890	1098.6666666666667	0.0	0.0	6108.0
900	1250.3333333333333	0.0	0.0	5349.0
910	1165.0	0.0	0.0	5324.0
920	1176.6666666666667	0.0	0.0	5960.0
930	1259.6666666666667	0.0	0.0	6437.0
940	1273.0	0.0	0.0	5530.0
950	1223.3333333333333	0.0	0.0	4790.0
960	1258.6666666666667	0.0	0.0	5215.0
970	1128.0	0.0	0.0	5754.0
980	1177.0	0.0	0.0	5944.0
990	1173.6666666666667	0.0	0.0	5266.0
1000	1052.0	0.0	0.0	4283.0
