0	2796.6666666666665	0.0	0.0	0.0
10	2665.6666666666665	1000.0	5013.0	11211.0
20	2230.6666666666665	0.0	0.0	12004.0
30	2542.3333333333335	0.0	0.0	5006.0
40	2598.8333333333335	0.0	0.0	6821.0
50	2632.1666666666665	0.0	0.0	11391.0
60	2810.0	0.0	0.0	9069.0
70	2957.0	0.0	0.0	10250.0
80	2541.0	0.0	0.0	8573.0
90	2683.8333333333335	0.0	0.0	8099.0
100	2898.0	0.0	0.0	9167.0
110	2717.0	0.0	0.0	7406.0
120	2915.0	0.0	0.0	9666.0
130	2881.6666666666665	0.0	0.0	9212.0
140	2860.3333333333335	0.0	0.0	9469.0
150	2824.5	0.0	0.0	9082.0
160	2775.0	0.0	0.0	10081.0
170	3271.3333333333335	0.0	0.0	7247.0
180	3503.1666666666665	0.0	0.0	13311.0
190	3304.1666666666665	0.0	0.0	8772.0
200	3172.5	0.0	0.0	11542.0
210	3007.1666666666665	0.0	0.0	13252.0
220	2927.5	0.0	0.0	10947.0
230	3636.3333333333335	0.0	0.0	11788.0
240	4080.0	0.0	0.0	9563.0
250	3279.5	0.0	0.0	10641.0
260	3907.0	0.0	0.0	10074.0
270	3438.5	0.0	0.0	9474.0
280	3188.0	0.0	0.0	9331.0
290	3733.0	0.0	0.0	12807.0
300	3652.5	0.0	0.0	9706.0
310	3045.1666666666665	0.0	0.0	10431.0
320	3004.8333333333335	0.0	0.0	11517.0
330	3592.3333333333335	0.0	0.0	9232.0
340	3914.1666666666665	0.0	0.0	10460.0
350	3298.3333333333335	0.0	0.0	13433.0
360	3068.8333333333335	0.0	0.0	13630.0
370	3624.6666666666665	0.0	0.0	10355.0
380	3842.5	0.0	0.0	12085.0
390	3933.5	0.0	0.0	9490.0
400	3497.1666666666665	0.0	0.0	9170.0
410	3381.3333333333335	0.0	0.0	9526.0
420	3615.0	0.0	0.0	13641.0
430	3645.8333333333335	0.0	0.0	11425.0
440	3727.5	0.0	0.0	11332.0
450	3532.6666666666665	0.0	0.0	7641.0
460	3435.1666666666665	0.0	0.0	11490.0
470	3666.8333333333335	0.0	0.0	7725.0
480	3608.8333333333335	0.0	0.0	8050.0
490	3640.5	0.0	0.0	12689.0
500	3697.0	0.0	0.0	7289.0
510	3990.0	0.0	0.0	9848.0
520	3734.5	0.0	0.0	8550.0
530	3730.3333333333335	0.0	0.0	10119.0
540	3387.8333333333335	0.0	0.0	11897.0
550	3864.8333333333335	0.0	0.0	8210.0
560	3976.8333333333335	0.0	0.0	11340.0
570	3619.1666666666665	0.0	0.0	10013.0
580	3748.8333333333335	0.0	0.0	6875.0
590	3641.8333333333335	0.0	0.0	10589.0
600	3847.8333333333335	0.0	0.0	7788.0
610	4094.3333333333335	0.0	0.0	11666.0
620	3928.3333333333335	0.0	0.0	12116.0
630	3652.5	0.0	0.0	9937.0
640	3673.3333333333335	0.0	0.0	9914.0
650	3881.5	0.0	0.0	11747.0
660	3881.6666666666665	0.0	0.0	7663.0
670	3948.1666666666665	0.0	0.0	8801.0
680	3497.5	0.0	0.0	9590.0
690	3904.1666666666665	0.0	0.0	6742.0
700	3925.1666666666665	0.0	0.0	11064.0
710	3903.5	0.0	0.0	10799.0
720	3174.1666666666665	0.0	0.0	9359.0
730	3521.8333333333335	0.0	0.0	10454.0
740	3752.0	0.0	0.0	8791.0
750	3562.1666666666665	0.0	0.0	13500.0
760	3835.1666666666665	0.0	0.0	10433.0
770	3632.0	0.0	0.0	9505.0
780	3577.1666666666665	0.0	0.0	11395.0
790	3996.1666666666665	0.0	0.0	8709.0
800	3703.5	0.0	0.0	9100.0
810	3748.0	0.0	0.0	9764.0
820	3088.3333333333335	0.0	0.0	10831.0
830	3885.3333333333335	0.0	0.0	14274.0
840	3977.8333333333335	0.0	0.0	8962.0
850	3560.1666666666665	0.0	0.0	10730.0
860	3873.8333333333335	0.0	0.0	8346.0
870	3774.0	0.0	0.0	9381.0
880	3661.0	0.0	0.0	11631.0
890	3747.5	0.0	0.0	9389.0
900	3483.1666666666665	0.0	0.0	10221.0
910	3892.1666666666665	0.0	0.0	11236.0
920	3924.3333333333335	0.0	0.0	9269.0
930	3411.0	0.0	0.0	10731.0
940	3894.1666666666665	0.0	0.0	13096.0
950	3867.5	0.0	0.0	11556.0
960	3811.5	0.0	0.0	7785.0
970	4159.666666666667	0.0	0.0	11150.0
980	3653.3333333333335	0.0	0.0	12667.0
990	3590.0	0.0	0.0	10434.0
1000	3884.0	0.0	0.0	10879.0
