0	1456.6666666666667	0.0	0.0
10	2245.8333333333335	0.0	20000.0
20	2282.8333333333335	34.0	20000.0
30	2303.1666666666665	235.0	20000.0
40	2392.6666666666665	731.0	19875.0
50	2485.5	0.0	20000.0
60	2575.3333333333335	0.0	20000.0
70	2694.3333333333335	0.0	20000.0
80	2723.1666666666665	0.0	19630.0
90	2861.5	0.0	20000.0
100	2890.1666666666665	0.0	19848.0
110	3154.5	0.0	19789.0
120	2953.1666666666665	0.0	19506.0
130	3237.1666666666665	0.0	19632.0
140	3232.3333333333335	0.0	19644.0
150	3300.6666666666665	0.0	20000.0
160	3255.1666666666665	0.0	19274.0
170	3195.8333333333335	0.0	19364.0
180	3321.5	0.0	18964.0
190	3197.6666666666665	0.0	19430.0
200	3365.3333333333335	0.0	19535.0
210	3201.5	0.0	19800.0
220	3394.6666666666665	0.0	19604.0
230	3481.6666666666665	0.0	18485.0
240	2989.5	0.0	19210.0
250	3315.8333333333335	0.0	19612.0
260	3516.0	0.0	19004.0
270	3405.6666666666665	0.0	18953.0
280	3604.6666666666665	0.0	19897.0
290	3518.6666666666665	0.0	20000.0
300	3733.3333333333335	0.0	19249.0
310	3597.0	0.0	19519.0
320	3532.3333333333335	0.0	19659.0
330	3821.8333333333335	0.0	19201.0
340	3810.6666666666665	0.0	18874.0
350	3820.6666666666665	0.0	19648.0
360	3970.1666666666665	0.0	19097.0
370	3905.3333333333335	0.0	19113.0
380	4199.666666666667	0.0	19278.0
390	3803.5	0.0	19791.0
400	4069.8333333333335	0.0	19493.0
410	4154.833333333333	0.0	19495.0
420	4039.1666666666665	0.0	19003.0
430	4047.1666666666665	0.0	19510.0
440	4145.5	0.0	19875.0
450	4118.166666666667	0.0	20000.0
460	3896.0	0.0	20000.0
470	3951.0	0.0	19440.0
480	4150.833333333333	0.0	19979.0
490	4182.166666666667	0.0	19693.0
500	4065.0	0.0	19872.0
510	4224.333333333333	0.0	19846.0
520	4163.5	0.0	19475.0
530	3977.6666666666665	0.0	19918.0
540	4184.166666666667	0.0	19963.0
550	4030.6666666666665	0.0	20000.0
560	4269.0	0.0	20000.0
570	4129.166666666667	0.0	20000.0
580	4299.333333333333	0.0	19961.0
590	4285.0	0.0	19807.0
600	4144.0	0.0	19844.0
610	4166.5	0.0	20000.0
620	4136.666666666667	0.0	19821.0
630	4317.0	0.0	19801.0
640	4413.666666666667	0.0	19796.0
650	4366.5	0.0	19678.0
660	4276.166666666667	0.0	19898.0
670	4424.0	0.0	20000.0
680	4367.5	0.0	19940.0
690	4470.833333333333	0.0	19931.0
700	4173.166666666667	0.0	20000.0
710	4302.333333333333	0.0	19863.0
720	4353.666666666667	0.0	19840.0
730	4310.833333333333	0.0	19892.0
740	4338.666666666667	0.0	19986.0
750	4426.166666666667	0.0	20000.0
760	4295.333333333333	0.0	19686.0
770	4407.0	0.0	20000.0
780	4435.833333333333	0.0	19789.0
790	4399.0	0.0	20000.0
800	4424.0	0.0	19946.0
810	4330.5	0.0	20000.0
820	4223.166666666667	0.0	19816.0
830	4114.166666666667	0.0	20000.0
840	3748.8333333333335	0.0	20000.0
850	3777.1666666666665	0.0	20000.0
860	3780.8333333333335	0.0	20000.0
870	3747.5	0.0	20000.0
880	3747.6666666666665	0.0	19935.0
890	3661.8333333333335	0.0	18977.0
900	3792.6666666666665	0.0	20000.0
910	3679.3333333333335	0.0	20000.0
920	3437.6666666666665	0.0	18739.0
930	3664.0	0.0	20000.0
940	3705.5	0.0	20000.0
950	3588.8333333333335	0.0	19926.0
960	3515.8333333333335	0.0	19441.0
970	3722.0	0.0	19845.0
980	3639.0	0.0	19781.0
990	3676.6666666666665	0.0	19324.0
1000	3677.6666666666665	0.0	19614.0
