0	1450.0	0.0	0.0
10	2312.3333333333335	0.0	20000.0
20	2244.6666666666665	27.0	20000.0
30	2443.0	220.0	19779.0
40	2359.6666666666665	515.0	19865.0
50	2416.5	238.0	20000.0
60	2694.3333333333335	0.0	19905.0
70	2769.6666666666665	0.0	20000.0
80	2643.3333333333335	0.0	19988.0
90	2781.3333333333335	0.0	19930.0
100	2785.8333333333335	0.0	20000.0
110	2938.3333333333335	0.0	19554.0
120	2997.3333333333335	0.0	19849.0
130	3044.0	0.0	19699.0
140	3049.6666666666665	0.0	19780.0
150	3101.5	0.0	19327.0
160	3131.3333333333335	0.0	19691.0
170	3175.8333333333335	0.0	19741.0
180	3187.8333333333335	0.0	19312.0
190	3144.0	0.0	18848.0
200	3192.5	0.0	19012.0
210	3249.8333333333335	0.0	19278.0
220	3313.3333333333335	0.0	18316.0
230	3232.1666666666665	0.0	18751.0
240	3136.3333333333335	0.0	19118.0
250	3278.3333333333335	0.0	19250.0
260	3245.8333333333335	0.0	18702.0
270	3239.8333333333335	0.0	18650.0
280	3265.5	0.0	18858.0
290	3398.1666666666665	0.0	19551.0
300	3260.6666666666665	0.0	19190.0
310	3257.8333333333335	0.0	19546.0
320	3447.3333333333335	0.0	18435.0
330	3399.5	0.0	19765.0
340	3546.3333333333335	0.0	18260.0
350	3732.1666666666665	0.0	19484.0
360	3585.3333333333335	0.0	19462.0
370	3595.3333333333335	0.0	18887.0
380	3612.6666666666665	0.0	19636.0
390	3725.3333333333335	0.0	18865.0
400	3809.1666666666665	0.0	19352.0
410	3597.1666666666665	0.0	18279.0
420	3824.1666666666665	0.0	19320.0
430	3980.1666666666665	0.0	19276.0
440	3730.1666666666665	0.0	19384.0
450	3761.5	0.0	19742.0
460	3890.0	0.0	19487.0
470	4039.0	0.0	19964.0
480	3964.1666666666665	0.0	19932.0
490	3951.0	0.0	19785.0
500	4078.1666666666665	0.0	19696.0
510	4017.3333333333335	0.0	20000.0
520	3955.1666666666665	0.0	19633.0
530	4010.6666666666665	0.0	19685.0
540	4189.166666666667	0.0	19493.0
550	3922.6666666666665	0.0	19532.0
560	4161.833333333333	0.0	19918.0
570	4205.666666666667	0.0	20000.0
580	4017.8333333333335	0.0	19653.0
590	4057.8333333333335	0.0	19571.0
600	4081.6666666666665	0.0	20000.0
610	4145.833333333333	0.0	19791.0
620	4162.5	0.0	19776.0
630	4048.5	0.0	20000.0
640	4150.166666666667	0.0	19872.0
650	4192.5	0.0	19894.0
660	4081.0	0.0	19859.0
670	4207.5	0.0	20000.0
680	4147.166666666667	0.0	19889.0
690	4135.0	0.0	20000.0
700	4222.166666666667	0.0	19359.0
710	4244.666666666667	0.0	19954.0
720	4273.0	0.0	19795.0
730	4230.5	0.0	19829.0
740	4381.5	0.0	20000.0
750	4302.333333333333	0.0	19899.0
760	4274.666666666667	0.0	20000.0
770	4288.666666666667	0.0	20000.0
780	4167.833333333333	0.0	19960.0
790	4256.0	0.0	19500.0
800	4225.333333333333	0.0	19728.0
810	4272.666666666667	0.0	19935.0
820	4340.833333333333	0.0	20000.0
830	4279.5	0.0	19646.0
840	4394.5	0.0	19822.0
850	4388.833333333333	0.0	19853.0
860	4402.333333333333	0.0	20000.0
870	4374.666666666667	0.0	20000.0
880	4399.0	0.0	20000.0
890	4395.5	0.0	19949.0
900	4394.333333333333	0.0	19825.0
910	4323.0	0.0	20000.0
920	4376.666666666667	0.0	20000.0
930	4283.833333333333	0.0	20000.0
940	4401.0	0.0	20000.0
950	4471.666666666667	0.0	20000.0
960	4330.666666666667	0.0	20000.0
970	4378.0	0.0	19841.0
980	4368.166666666667	0.0	19917.0
990	4370.666666666667	0.0	19932.0
1000	4435.666666666667	0.0	20000.0
