0	2327.5	0.0	0.0	0.0
10	2043.0	90.0	3363.0	9325.0
20	2521.8333333333335	285.0	4195.0	12401.0
30	2317.3333333333335	256.0	3741.0	10281.0
40	2245.0	154.0	2155.0	6626.0
50	2053.5	178.0	3444.0	7719.0
60	2165.6666666666665	37.0	1738.0	9251.0
70	2101.3333333333335	0.0	0.0	10007.0
80	2297.0	0.0	0.0	8795.0
90	2272.8333333333335	0.0	0.0	6529.0
100	2350.0	0.0	0.0	8058.0
110	2086.3333333333335	0.0	0.0	3888.0
120	2326.6666666666665	0.0	0.0	8099.0
130	2382.5	0.0	0.0	8820.0
140	2547.3333333333335	0.0	0.0	7046.0
150	2464.1666666666665	0.0	0.0	6887.0
160	2062.8333333333335	0.0	0.0	6418.0
170	2531.3333333333335	0.0	0.0	9729.0
180	2642.6666666666665	0.0	0.0	8341.0
190	2630.3333333333335	0.0	0.0	10768.0
200	2816.1666666666665	0.0	0.0	9911.0
210	2964.3333333333335	0.0	0.0	8500.0
220	3077.1666666666665	0.0	0.0	6468.0
230	2776.6666666666665	0.0	0.0	6640.0
240	2742.1666666666665	0.0	0.0	10429.0
250	2403.5	0.0	0.0	8427.0
260	3060.6666666666665	0.0	0.0	8379.0
270	2505.8333333333335	0.0	0.0	13167.0
280	3044.8333333333335	0.0	0.0	13582.0
290	2873.5	0.0	0.0	7822.0
300	2856.0	0.0	0.0	9321.0
310	3061.3333333333335	0.0	0.0	10419.0
320	2823.1666666666665	0.0	0.0	9401.0
330	3319.3333333333335	0.0	0.0	8593.0
340	2999.8333333333335	0.0	0.0	7649.0
350	3419.0	0.0	0.0	7332.0
360	2620.0	0.0	0.0	10921.0
370	2911.0	0.0	0.0	8998.0
380	3480.5	0.0	0.0	6974.0
390	3282.3333333333335	0.0	0.0	12733.0
400	3879.3333333333335	0.0	0.0	10136.0
410	3458.3333333333335	0.0	0.0	10414.0
420	3438.5	0.0	0.0	10055.0
430	3861.3333333333335	0.0	0.0	10694.0
440	3165.5	0.0	0.0	9096.0
450	3587.0	0.0	0.0	10109.0
460	3650.6666666666665	0.0	0.0	10691.0
470	3734.8333333333335	0.0	0.0	11378.0
480	2905.8333333333335	0.0	0.0	13700.0
490	2753.3333333333335	0.0	0.0	10637.0
500	3654.6666666666665	0.0	0.0	15282.0
510	3416.3333333333335	0.0	0.0	11443.0
520	3337.0	0.0	0.0	11500.0
530	3590.5	0.0	0.0	9991.0
540	3645.3333333333335	0.0	0.0	9842.0
550	3089.3333333333335	0.0	0.0	8542.0
560	3557.8333333333335	0.0	0.0	8514.0
570	3167.8333333333335	0.0	0.0	9606.0
580	3876.5	0.0	0.0	10816.0
590	3725.0	0.0	0.0	12355.0
600	3594.6666666666665	0.0	0.0	11731.0
610	3651.3333333333335	0.0	0.0	10053.0
620	3916.0	0.0	0.0	7064.0
630	3178.8333333333335	0.0	0.0	10244.0
640	3960.3333333333335	0.0	0.0	9573.0
650	3858.3333333333335	0.0	0.0	8558.0
660	3431.5	0.0	0.0	10485.0
670	3702.8333333333335	0.0	0.0	9613.0
680	3437.3333333333335	0.0	0.0	12427.0
690	3734.3333333333335	0.0	0.0	10754.0
700	3814.6666666666665	0.0	0.0	10663.0
710	3704.8333333333335	0.0	0.0	9136.0
720	3867.1666666666665	0.0	0.0	9851.0
730	3691.5	0.0	0.0	9811.0
740	3633.8333333333335	0.0	0.0	11323.0
750	3783.8333333333335	0.0	0.0	9635.0
760	3349.1666666666665	0.0	0.0	10027.0
770	3686.6666666666665	0.0	0.0	9099.0
780	3590.5	0.0	0.0	9615.0
790	4198.166666666667	0.0	0.0	13286.0
800	3374.1666666666665	0.0	0.0	12132.0
