0	2253.8333333333335	0.0	0.0	0.0
10	2242.8333333333335	199.0	4321.0	11130.0
20	2330.1666666666665	188.0	2844.0	8044.0
30	2201.0	109.0	2376.0	6987.0
40	2419.1666666666665	104.0	2876.0	7790.0
50	2270.5	74.0	2114.0	7450.0
60	2391.1666666666665	162.0	3079.0	9063.0
70	2586.5	164.0	3614.0	12393.0
80	2541.8333333333335	0.0	0.0	7763.0
90	2496.3333333333335	0.0	0.0	12314.0
100	2648.6666666666665	0.0	0.0	6166.0
110	2662.0	0.0	0.0	11606.0
120	2339.5	0.0	0.0	7052.0
130	2385.1666666666665	0.0	0.0	8488.0
140	2370.5	0.0	0.0	8599.0
150	2403.8333333333335	0.0	0.0	9323.0
160	2583.1666666666665	0.0	0.0	11998.0
170	2394.0	0.0	0.0	6810.0
180	2597.5	0.0	0.0	6531.0
190	2829.1666666666665	0.0	0.0	12762.0
200	2799.6666666666665	0.0	0.0	9927.0
210	2279.8333333333335	0.0	0.0	8603.0
220	2792.8333333333335	0.0	0.0	5671.0
230	2580.5	0.0	0.0	11284.0
240	2513.8333333333335	0.0	0.0	6860.0
250	2974.3333333333335	0.0	0.0	9591.0
260	2983.5	0.0	0.0	9697.0
270	2927.1666666666665	0.0	0.0	9981.0
280	2555.6666666666665	0.0	0.0	8948.0
290	2838.6666666666665	0.0	0.0	10286.0
300	2938.0	0.0	0.0	9070.0
310	3031.8333333333335	0.0	0.0	7865.0
320	2950.0	0.0	0.0	7846.0
330	2660.3333333333335	0.0	0.0	12997.0
340	2907.0	0.0	0.0	7292.0
350	2700.3333333333335	0.0	0.0	5812.0
360	3087.6666666666665	0.0	0.0	11314.0
370	3288.5	0.0	0.0	10823.0
380	2714.1666666666665	0.0	0.0	9661.0
390	3337.0	0.0	0.0	7653.0
400	3126.3333333333335	0.0	0.0	9992.0
410	3261.0	0.0	0.0	7770.0
420	2915.0	0.0	0.0	13042.0
430	3653.0	0.0	0.0	10205.0
440	3374.8333333333335	0.0	0.0	7791.0
450	3431.1666666666665	0.0	0.0	10293.0
460	3435.5	0.0	0.0	11541.0
470	3707.8333333333335	0.0	0.0	9335.0
480	3157.6666666666665	0.0	0.0	7696.0
490	3706.3333333333335	0.0	0.0	12814.0
500	2949.6666666666665	0.0	0.0	8804.0
510	3364.3333333333335	0.0	0.0	11795.0
520	2948.8333333333335	0.0	0.0	9572.0
530	3679.6666666666665	0.0	0.0	11553.0
540	3212.6666666666665	0.0	0.0	10651.0
550	3493.3333333333335	0.0	0.0	10157.0
560	3747.3333333333335	0.0	0.0	14480.0
570	3188.3333333333335	0.0	0.0	9821.0
580	3563.0	0.0	0.0	9693.0
590	3554.6666666666665	0.0	0.0	9974.0
600	3647.0	0.0	0.0	14559.0
610	3348.3333333333335	0.0	0.0	7716.0
620	3502.8333333333335	0.0	0.0	11036.0
630	3193.3333333333335	0.0	0.0	8688.0
640	3401.8333333333335	0.0	0.0	6890.0
650	3483.0	0.0	0.0	12097.0
660	3523.3333333333335	0.0	0.0	10940.0
670	3917.1666666666665	0.0	0.0	10435.0
680	3629.8333333333335	0.0	0.0	6873.0
690	3817.1666666666665	0.0	0.0	10915.0
700	3285.5	0.0	0.0	9300.0
710	3523.8333333333335	0.0	0.0	11198.0
720	3881.5	0.0	0.0	10063.0
730	3982.3333333333335	0.0	0.0	9367.0
740	3917.0	0.0	0.0	10315.0
750	3959.5	0.0	0.0	9770.0
760	3918.3333333333335	0.0	0.0	10108.0
770	3620.5	0.0	0.0	9714.0
780	3886.1666666666665	0.0	0.0	8749.0
790	3732.8333333333335	0.0	0.0	9048.0
800	3694.8333333333335	0.0	0.0	12615.0
