0	2096.25	0.0	0.0	0.0
10	2156.5	425.0	6648.0	9747.0
20	2519.0	348.0	4994.0	7343.0
30	2489.25	227.0	1794.0	10497.0
40	2607.5	0.0	0.0	7531.0
50	2324.25	0.0	0.0	10581.0
60	2500.75	0.0	0.0	13446.0
70	2668.25	0.0	0.0	12628.0
80	2747.25	0.0	0.0	9722.0
90	3089.5	0.0	0.0	9560.0
100	3070.5	0.0	0.0	12416.0
110	2974.0	0.0	0.0	12127.0
120	2799.0	0.0	0.0	9786.0
130	2701.0	0.0	0.0	9641.0
140	2568.75	0.0	0.0	6106.0
150	1932.25	0.0	0.0	6796.0
160	2347.0	0.0	0.0	9935.0
170	2874.5	0.0	0.0	11498.0
180	2667.25	0.0	0.0	9912.0
190	2872.0	0.0	0.0	12794.0
200	3183.25	0.0	0.0	9105.0
210	2567.5	0.0	0.0	8495.0
220	2958.25	0.0	0.0	7698.0
230	2726.5	0.0	0.0	11373.0
240	2802.5	0.0	0.0	10025.0
250	3473.0	0.0	0.0	11818.0
260	3350.5	0.0	0.0	11433.0
270	3311.75	0.0	0.0	11354.0
280	3102.5	0.0	0.0	6946.0
290	4025.0	0.0	0.0	7024.0
300	3471.5	0.0	0.0	12392.0
310	3469.25	0.0	0.0	11791.0
320	3455.5	0.0	0.0	9282.0
330	3606.5	0.0	0.0	12041.0
340	3085.5	0.0	0.0	11181.0
350	3461.0	0.0	0.0	12464.0
360	3668.0	0.0	0.0	10718.0
370	3649.5	0.0	0.0	10995.0
380	3141.25	0.0	0.0	10454.0
390	3393.75	0.0	0.0	9235.0
400	3695.25	0.0	0.0	13402.0
410	3611.75	0.0	0.0	8356.0
420	3149.5	0.0	0.0	9447.0
430	4001.75	0.0	0.0	12411.0
440	3118.0	0.0	0.0	11581.0
450	3338.25	0.0	0.0	12340.0
460	4101.25	0.0	0.0	10085.0
470	3917.75	0.0	0.0	12262.0
480	3674.5	0.0	0.0	11941.0
490	2842.0	0.0	0.0	9583.0
500	3702.5	0.0	0.0	9587.0
510	3703.75	0.0	0.0	10179.0
520	3723.25	0.0	0.0	9299.0
530	3048.75	0.0	0.0	11785.0
540	3651.0	0.0	0.0	11660.0
550	3836.75	0.0	0.0	10131.0
560	3953.25	0.0	0.0	9940.0
570	3499.5	0.0	0.0	12345.0
580	4031.75	0.0	0.0	11021.0
590	3979.0	0.0	0.0	8408.0
600	3609.0	0.0	0.0	14846.0
610	3812.5	0.0	0.0	12271.0
620	3923.75	0.0	0.0	8040.0
630	3658.0	0.0	0.0	12090.0
640	4128.5	0.0	0.0	8777.0
650	3793.0	0.0	0.0	11734.0
660	3738.75	0.0	0.0	8315.0
670	3818.25	0.0	0.0	9883.0
680	3620.25	0.0	0.0	11815.0
690	3609.25	0.0	0.0	10960.0
700	3811.5	0.0	0.0	8197.0
710	3830.75	0.0	0.0	10563.0
720	3731.25	0.0	0.0	7425.0
730	3914.0	0.0	0.0	10687.0
740	3371.75	0.0	0.0	10095.0
750	3803.5	0.0	0.0	9359.0
760	3412.25	0.0	0.0	10756.0
770	3794.0	0.0	0.0	9723.0
780	3867.75	0.0	0.0	10078.0
790	4037.25	0.0	0.0	9886.0
800	3802.25	0.0	0.0	9995.0
