0	2796.6666666666665	0.0	0.0	0.0
10	2696.0	246.0	1069.0	7682.0
20	2174.3333333333335	298.0	1449.0	10022.0
30	2129.3333333333335	362.0	1720.0	11254.0
40	2557.0	94.0	351.0	10857.0
50	2551.3333333333335	0.0	0.0	10030.0
60	2467.3333333333335	0.0	0.0	9106.0
70	2272.5	0.0	0.0	8220.0
80	2631.8333333333335	0.0	0.0	7479.0
90	3027.8333333333335	0.0	0.0	8804.0
100	2460.0	0.0	0.0	8827.0
110	2689.6666666666665	0.0	0.0	10953.0
120	2572.5	0.0	0.0	8562.0
130	2399.3333333333335	0.0	0.0	8588.0
140	2866.8333333333335	0.0	0.0	10515.0
150	2893.1666666666665	0.0	0.0	6534.0
160	3158.6666666666665	0.0	0.0	8160.0
170	3073.8333333333335	0.0	0.0	10532.0
180	3094.1666666666665	0.0	0.0	7847.0
190	3368.1666666666665	0.0	0.0	9492.0
200	2969.8333333333335	0.0	0.0	11447.0
210	3192.0	0.0	0.0	10830.0
220	3038.8333333333335	0.0	0.0	8413.0
230	3231.3333333333335	0.0	0.0	7030.0
240	3277.6666666666665	0.0	0.0	10941.0
250	3711.1666666666665	0.0	0.0	8399.0
260	3621.5	0.0	0.0	7602.0
270	3339.6666666666665	0.0	0.0	10040.0
280	3277.1666666666665	0.0	0.0	8161.0
290	3107.3333333333335	0.0	0.0	9416.0
300	3647.3333333333335	0.0	0.0	7219.0
310	3532.0	0.0	0.0	9617.0
320	3133.0	0.0	0.0	8927.0
330	3333.6666666666665	0.0	0.0	8589.0
340	3288.0	0.0	0.0	9167.0
350	3264.6666666666665	0.0	0.0	9283.0
360	3692.1666666666665	0.0	0.0	9788.0
370	2925.0	0.0	0.0	8256.0
380	3588.6666666666665	0.0	0.0	8877.0
390	3602.3333333333335	0.0	0.0	8844.0
400	3263.8333333333335	0.0	0.0	10908.0
410	3622.0	0.0	0.0	9994.0
420	3647.3333333333335	0.0	0.0	10062.0
430	3570.3333333333335	0.0	0.0	10608.0
440	3637.5	0.0	0.0	12755.0
450	3406.6666666666665	0.0	0.0	9514.0
460	3710.1666666666665	0.0	0.0	9404.0
470	3050.6666666666665	0.0	0.0	7938.0
480	3939.5	0.0	0.0	9492.0
490	3659.6666666666665	0.0	0.0	11505.0
500	3706.5	0.0	0.0	8825.0
510	3179.8333333333335	0.0	0.0	12058.0
520	3743.0	0.0	0.0	12067.0
530	3696.3333333333335	0.0	0.0	9124.0
540	3651.6666666666665	0.0	0.0	11265.0
550	3992.1666666666665	0.0	0.0	10480.0
560	3907.5	0.0	0.0	12569.0
570	3698.8333333333335	0.0	0.0	10041.0
580	1658.3333333333333	0.0	0.0	6701.0
590	3687.5	0.0	0.0	13589.0
600	3633.8333333333335	0.0	0.0	10732.0
610	3459.1666666666665	0.0	0.0	11757.0
620	3896.0	0.0	0.0	9720.0
630	3112.6666666666665	0.0	0.0	9710.0
640	3662.5	0.0	0.0	11718.0
650	3695.5	0.0	0.0	11243.0
660	4064.5	0.0	0.0	11490.0
670	3862.8333333333335	0.0	0.0	11151.0
680	3756.1666666666665	0.0	0.0	11313.0
690	3827.3333333333335	0.0	0.0	11077.0
700	3683.3333333333335	0.0	0.0	10035.0
710	3964.1666666666665	0.0	0.0	12504.0
720	3665.0	0.0	0.0	10593.0
730	3469.5	0.0	0.0	10257.0
740	3704.5	0.0	0.0	10272.0
750	3619.1666666666665	0.0	0.0	12170.0
760	3529.5	0.0	0.0	9501.0
770	3466.1666666666665	0.0	0.0	13300.0
780	3438.6666666666665	0.0	0.0	11444.0
790	3714.3333333333335	0.0	0.0	9380.0
800	3928.3333333333335	0.0	0.0	7690.0
