0	2605.5	0.0	0.0	0.0
10	2141.0	1000.0	1000.0	11232.0
20	2285.75	0.0	0.0	7014.0
30	2714.5	0.0	0.0	10564.0
40	2673.75	0.0	0.0	8171.0
50	2398.25	0.0	0.0	10302.0
60	2686.5	0.0	0.0	5748.0
70	2376.25	0.0	0.0	10544.0
80	2380.75	0.0	0.0	9458.0
90	2637.75	0.0	0.0	5234.0
100	2349.5	0.0	0.0	7552.0
110	2411.75	0.0	0.0	8577.0
120	2934.75	0.0	0.0	9631.0
130	2491.5	0.0	0.0	9488.0
140	2761.0	0.0	0.0	8159.0
150	2815.75	0.0	0.0	9756.0
160	2379.5	0.0	0.0	11330.0
170	2862.75	0.0	0.0	10013.0
180	2466.0	0.0	0.0	10248.0
190	2594.0	0.0	0.0	10443.0
200	2909.0	0.0	0.0	8422.0
210	3008.25	0.0	0.0	9791.0
220	3143.75	0.0	0.0	8433.0
230	2411.0	0.0	0.0	10436.0
240	2864.5	0.0	0.0	7835.0
250	3497.5	0.0	0.0	6190.0
260	3022.25	0.0	0.0	7910.0
270	3159.75	0.0	0.0	10085.0
280	3422.5	0.0	0.0	9527.0
290	3111.75	0.0	0.0	10229.0
300	3225.75	0.0	0.0	9009.0
310	3139.25	0.0	0.0	8690.0
320	3502.25	0.0	0.0	8118.0
330	3596.75	0.0	0.0	11131.0
340	3590.25	0.0	0.0	10152.0
350	3493.0	0.0	0.0	12308.0
360	3124.0	0.0	0.0	8787.0
370	3526.25	0.0	0.0	9322.0
380	3823.0	0.0	0.0	10391.0
390	3482.5	0.0	0.0	11696.0
400	3117.0	0.0	0.0	12373.0
410	3926.75	0.0	0.0	8583.0
420	3773.75	0.0	0.0	7307.0
430	3608.25	0.0	0.0	11405.0
440	3287.0	0.0	0.0	10857.0
450	3643.5	0.0	0.0	8768.0
460	2943.5	0.0	0.0	9424.0
470	3841.5	0.0	0.0	11677.0
480	3802.0	0.0	0.0	12269.0
490	2541.75	0.0	0.0	9092.0
500	3786.0	0.0	0.0	8084.0
510	2935.75	0.0	0.0	9511.0
520	3534.0	0.0	0.0	8970.0
530	3630.0	0.0	0.0	11083.0
540	3168.5	0.0	0.0	8378.0
550	3450.75	0.0	0.0	7623.0
560	2959.5	0.0	0.0	11971.0
570	3721.5	0.0	0.0	9380.0
580	3825.75	0.0	0.0	10753.0
590	3357.75	0.0	0.0	8397.0
600	3809.0	0.0	0.0	12122.0
610	4182.0	0.0	0.0	8492.0
620	2661.25	0.0	0.0	10510.0
630	3221.75	0.0	0.0	10123.0
640	3194.0	0.0	0.0	11302.0
650	3950.25	0.0	0.0	9802.0
660	3841.25	0.0	0.0	8498.0
670	3920.75	0.0	0.0	9843.0
680	3767.75	0.0	0.0	9962.0
690	3810.25	0.0	0.0	9675.0
700	3625.75	0.0	0.0	9679.0
710	3431.25	0.0	0.0	10822.0
720	3667.25	0.0	0.0	8896.0
730	3294.75	0.0	0.0	12410.0
740	3720.75	0.0	0.0	11495.0
750	3606.75	0.0	0.0	10940.0
760	3648.0	0.0	0.0	9258.0
770	3473.75	0.0	0.0	10359.0
780	3672.75	0.0	0.0	10313.0
790	4141.0	0.0	0.0	11040.0
800	3967.25	0.0	0.0	10949.0
