0	2771.8333333333335	0.0	0.0	0.0
10	2247.1666666666665	103.0	13762.0	13762.0
20	2664.3333333333335	65.0	13172.0	13172.0
30	2550.8333333333335	77.0	8803.0	8803.0
40	2342.1666666666665	104.0	11178.0	11178.0
50	3029.5	126.0	11439.0	11439.0
60	2481.6666666666665	50.0	11623.0	11623.0
70	2914.6666666666665	57.0	11126.0	11126.0
80	3012.0	41.0	7538.0	7538.0
90	3310.3333333333335	66.0	12588.0	12588.0
100	2395.6666666666665	29.0	8467.0	8467.0
110	3279.0	32.0	10349.0	10349.0
120	3561.5	35.0	8803.0	8803.0
130	3891.6666666666665	25.0	9215.0	9215.0
140	3565.3333333333335	26.0	12291.0	12291.0
150	3609.6666666666665	38.0	13706.0	13706.0
160	3447.3333333333335	26.0	10821.0	10821.0
170	3590.8333333333335	23.0	13204.0	13204.0
180	3002.5	22.0	7183.0	7183.0
190	3259.6666666666665	17.0	11611.0	11611.0
200	2843.1666666666665	18.0	9822.0	9822.0
210	3396.0	13.0	10977.0	10977.0
220	3689.3333333333335	7.0	4972.0	10461.0
230	3328.1666666666665	0.0	0.0	10250.0
240	3291.1666666666665	0.0	0.0	9601.0
250	3347.0	0.0	0.0	13983.0
260	3381.0	0.0	0.0	8522.0
270	3778.8333333333335	0.0	0.0	13490.0
280	3642.1666666666665	0.0	0.0	12601.0
290	3230.8333333333335	0.0	0.0	10759.0
300	3600.8333333333335	0.0	0.0	10303.0
310	3924.0	0.0	0.0	10413.0
320	3795.8333333333335	0.0	0.0	10854.0
330	3531.5	0.0	0.0	9515.0
340	3793.6666666666665	0.0	0.0	8755.0
350	3936.0	0.0	0.0	12612.0
360	3886.8333333333335	0.0	0.0	8104.0
370	3899.0	0.0	0.0	9221.0
380	3732.5	0.0	0.0	9025.0
390	3291.5	0.0	0.0	8053.0
400	3730.5	0.0	0.0	10224.0
410	3955.0	0.0	0.0	10386.0
420	3896.3333333333335	0.0	0.0	12797.0
430	3297.5	0.0	0.0	11797.0
440	3743.5	0.0	0.0	9975.0
450	3858.6666666666665	0.0	0.0	9541.0
460	3752.6666666666665	0.0	0.0	10983.0
470	3604.3333333333335	0.0	0.0	9227.0
480	3658.8333333333335	0.0	0.0	9011.0
490	3757.5	0.0	0.0	9796.0
500	3951.0	0.0	0.0	8693.0
510	3830.6666666666665	0.0	0.0	10040.0
520	3821.8333333333335	0.0	0.0	10181.0
530	3921.5	0.0	0.0	7670.0
540	3698.3333333333335	0.0	0.0	15137.0
550	4026.6666666666665	0.0	0.0	8712.0
560	3818.6666666666665	0.0	0.0	8192.0
570	3694.0	0.0	0.0	10555.0
580	3745.6666666666665	0.0	0.0	13601.0
590	3418.8333333333335	0.0	0.0	8223.0
600	3799.0	0.0	0.0	10547.0
610	3945.3333333333335	0.0	0.0	9242.0
620	3945.3333333333335	0.0	0.0	8829.0
630	3487.1666666666665	0.0	0.0	8551.0
640	3914.0	0.0	0.0	8021.0
650	3996.3333333333335	0.0	0.0	12353.0
660	3602.6666666666665	0.0	0.0	11315.0
670	3365.3333333333335	0.0	0.0	11405.0
680	3726.1666666666665	0.0	0.0	8738.0
690	3463.5	0.0	0.0	7634.0
700	4032.8333333333335	0.0	0.0	9440.0
710	3854.0	0.0	0.0	7917.0
720	3643.1666666666665	0.0	0.0	9498.0
730	3564.6666666666665	0.0	0.0	10291.0
740	4007.5	0.0	0.0	13116.0
750	3772.0	0.0	0.0	11003.0
760	3914.3333333333335	0.0	0.0	8958.0
770	3635.3333333333335	0.0	0.0	10669.0
780	3787.3333333333335	0.0	0.0	10357.0
790	3934.0	0.0	0.0	8964.0
800	3630.1666666666665	0.0	0.0	9327.0
