0	2555.6666666666665	0.0	0.0	0.0
10	2437.8333333333335	103.0	10128.0	10128.0
20	2528.1666666666665	38.0	11235.0	11235.0
30	2477.3333333333335	75.0	11376.0	11376.0
40	2569.6666666666665	115.0	11611.0	11611.0
50	2640.8333333333335	108.0	11428.0	11428.0
60	2490.8333333333335	58.0	10785.0	10785.0
70	2420.0	40.0	14395.0	14395.0
80	2521.0	50.0	7493.0	7493.0
90	2878.5	26.0	9434.0	9434.0
100	2493.5	20.0	7259.0	7259.0
110	3258.1666666666665	44.0	9730.0	9730.0
120	2978.5	29.0	10828.0	10828.0
130	3275.1666666666665	33.0	11503.0	11503.0
140	3163.3333333333335	20.0	10440.0	10440.0
150	3529.0	30.0	13869.0	13869.0
160	3731.0	21.0	9467.0	9467.0
170	3447.6666666666665	26.0	10917.0	10917.0
180	3347.1666666666665	18.0	13603.0	13603.0
190	3117.6666666666665	44.0	11039.0	11039.0
200	3520.3333333333335	37.0	10870.0	10870.0
210	3192.3333333333335	33.0	13319.0	13319.0
220	3492.1666666666665	20.0	11711.0	11711.0
230	3326.1666666666665	12.0	6487.0	10534.0
240	3105.1666666666665	0.0	0.0	11403.0
250	3918.6666666666665	0.0	0.0	11514.0
260	3394.1666666666665	0.0	0.0	12401.0
270	3427.8333333333335	0.0	0.0	12333.0
280	3561.6666666666665	0.0	0.0	11395.0
290	3138.5	0.0	0.0	11583.0
300	3479.8333333333335	0.0	0.0	8307.0
310	3963.5	0.0	0.0	12981.0
320	3828.0	0.0	0.0	9825.0
330	3791.6666666666665	0.0	0.0	8699.0
340	3644.8333333333335	0.0	0.0	8209.0
350	3615.5	0.0	0.0	13986.0
360	3423.1666666666665	0.0	0.0	9592.0
370	3956.8333333333335	0.0	0.0	9797.0
380	4169.833333333333	0.0	0.0	10903.0
390	3766.1666666666665	0.0	0.0	9456.0
400	4214.5	0.0	0.0	10163.0
410	3544.6666666666665	0.0	0.0	9531.0
420	3930.5	0.0	0.0	11406.0
430	3822.0	0.0	0.0	11969.0
440	3851.3333333333335	0.0	0.0	12202.0
450	3590.0	0.0	0.0	10051.0
460	4042.0	0.0	0.0	10767.0
470	3594.3333333333335	0.0	0.0	8262.0
480	3758.3333333333335	0.0	0.0	11999.0
490	3993.8333333333335	0.0	0.0	8712.0
500	4229.166666666667	0.0	0.0	14525.0
510	3737.8333333333335	0.0	0.0	12213.0
520	4048.1666666666665	0.0	0.0	10686.0
530	3985.0	0.0	0.0	11720.0
540	3824.5	0.0	0.0	14946.0
550	3668.3333333333335	0.0	0.0	10827.0
560	3809.3333333333335	0.0	0.0	11310.0
570	3838.5	0.0	0.0	9119.0
580	3655.1666666666665	0.0	0.0	10709.0
590	3623.8333333333335	0.0	0.0	9980.0
600	3665.6666666666665	0.0	0.0	8418.0
610	3737.3333333333335	0.0	0.0	12096.0
620	3445.3333333333335	0.0	0.0	11007.0
630	3892.8333333333335	0.0	0.0	11606.0
640	3487.1666666666665	0.0	0.0	12973.0
650	4222.166666666667	0.0	0.0	7897.0
660	4028.6666666666665	0.0	0.0	10776.0
670	3780.0	0.0	0.0	8027.0
680	3095.1666666666665	0.0	0.0	10289.0
690	3658.3333333333335	0.0	0.0	7293.0
700	3869.3333333333335	0.0	0.0	11967.0
710	3926.1666666666665	0.0	0.0	7781.0
720	3816.0	0.0	0.0	13032.0
730	3861.6666666666665	0.0	0.0	11886.0
740	3560.5	0.0	0.0	9552.0
750	4109.833333333333	0.0	0.0	9478.0
760	3958.1666666666665	0.0	0.0	10076.0
770	3297.0	0.0	0.0	11844.0
780	3451.3333333333335	0.0	0.0	11235.0
790	4239.5	0.0	0.0	8635.0
800	3392.6666666666665	0.0	0.0	9662.0
