0	1456.6666666666667	0.0	0.0
10	2313.8333333333335	1000.0	19950.0
20	2364.6666666666665	0.0	20000.0
30	2342.1666666666665	0.0	20000.0
40	2488.8333333333335	0.0	20000.0
50	2498.8333333333335	0.0	20000.0
60	2486.8333333333335	0.0	20000.0
70	2735.8333333333335	0.0	19631.0
80	2629.8333333333335	0.0	19996.0
90	2665.6666666666665	0.0	19784.0
100	2776.8333333333335	0.0	19654.0
110	2927.5	0.0	20000.0
120	2772.1666666666665	0.0	19543.0
130	2825.3333333333335	0.0	19716.0
140	2953.3333333333335	0.0	19791.0
150	3113.5	0.0	19960.0
160	2958.0	0.0	19366.0
170	2975.1666666666665	0.0	19388.0
180	3139.6666666666665	0.0	18037.0
190	3208.0	0.0	19883.0
200	3289.5	0.0	19316.0
210	3219.1666666666665	0.0	18368.0
220	2773.0	0.0	17928.0
230	3282.3333333333335	0.0	19261.0
240	3325.5	0.0	19088.0
250	3215.1666666666665	0.0	18766.0
260	2899.8333333333335	0.0	18840.0
270	2819.8333333333335	0.0	19498.0
280	2588.3333333333335	0.0	18901.0
290	2735.8333333333335	0.0	20000.0
300	2735.0	0.0	19673.0
310	2827.5	0.0	20000.0
320	2807.5	0.0	20000.0
330	2790.0	0.0	19864.0
340	2695.1666666666665	0.0	19018.0
350	2789.6666666666665	0.0	19693.0
360	2644.0	0.0	19549.0
370	2790.0	0.0	19985.0
380	2742.8333333333335	0.0	19775.0
390	3053.0	0.0	19657.0
400	2906.6666666666665	0.0	19843.0
410	3151.8333333333335	0.0	19875.0
420	2918.5	0.0	20000.0
430	3072.5	0.0	19577.0
440	3091.0	0.0	19600.0
450	3028.6666666666665	0.0	19634.0
460	2935.6666666666665	0.0	19748.0
470	3043.8333333333335	0.0	19130.0
480	2902.8333333333335	0.0	19840.0
490	2957.1666666666665	0.0	20000.0
500	2915.1666666666665	0.0	20000.0
510	3143.6666666666665	0.0	19265.0
520	2977.1666666666665	0.0	18841.0
530	2957.6666666666665	0.0	20000.0
540	3122.0	0.0	19525.0
550	3019.3333333333335	0.0	19899.0
560	2854.1666666666665	0.0	19132.0
570	3247.1666666666665	0.0	19643.0
580	3242.8333333333335	0.0	19310.0
590	3120.3333333333335	0.0	19219.0
600	3163.5	0.0	19701.0
610	3283.5	0.0	20000.0
620	3202.1666666666665	0.0	19309.0
630	3148.0	0.0	19902.0
640	3352.1666666666665	0.0	19691.0
650	3262.1666666666665	0.0	20000.0
660	3089.5	0.0	19560.0
670	3162.6666666666665	0.0	20000.0
680	3045.5	0.0	19346.0
690	3267.1666666666665	0.0	19009.0
700	3292.3333333333335	0.0	19260.0
710	3184.6666666666665	0.0	19964.0
720	3381.1666666666665	0.0	19988.0
730	3201.6666666666665	0.0	19811.0
740	3222.1666666666665	0.0	19011.0
750	3412.6666666666665	0.0	19709.0
760	3553.0	0.0	19561.0
770	3181.3333333333335	0.0	20000.0
780	3361.6666666666665	0.0	19819.0
790	3420.6666666666665	0.0	19557.0
800	3310.1666666666665	0.0	19924.0
810	3486.3333333333335	0.0	19685.0
820	3437.0	0.0	19697.0
830	3220.5	0.0	19123.0
840	3468.1666666666665	0.0	19423.0
850	3340.5	0.0	19711.0
860	3377.8333333333335	0.0	19537.0
870	3149.1666666666665	0.0	19226.0
880	3294.6666666666665	0.0	19830.0
890	3381.6666666666665	0.0	19423.0
900	3406.1666666666665	0.0	20000.0
910	3589.8333333333335	0.0	20000.0
920	3421.5	0.0	19453.0
930	3556.5	0.0	19858.0
940	3564.0	0.0	20000.0
950	3654.5	0.0	19610.0
960	3342.5	0.0	19305.0
970	3480.6666666666665	0.0	20000.0
980	3433.8333333333335	0.0	20000.0
990	3366.6666666666665	0.0	20000.0
1000	3442.8333333333335	0.0	19833.0
