0	1476.6666666666667	0.0	0.0
10	2267.5	1000.0	19623.0
20	2319.6666666666665	0.0	20000.0
30	2481.1666666666665	0.0	20000.0
40	2504.1666666666665	0.0	20000.0
50	2539.3333333333335	0.0	20000.0
60	2588.3333333333335	0.0	20000.0
70	2653.0	0.0	20000.0
80	2679.1666666666665	0.0	19814.0
90	2652.8333333333335	0.0	19750.0
100	2820.6666666666665	0.0	19869.0
110	2804.3333333333335	0.0	19658.0
120	2822.5	0.0	19633.0
130	2879.5	0.0	19719.0
140	3173.0	0.0	19256.0
150	2934.3333333333335	0.0	19908.0
160	3161.0	0.0	19161.0
170	3173.8333333333335	0.0	19519.0
180	3149.1666666666665	0.0	19773.0
190	3161.8333333333335	0.0	19920.0
200	3214.3333333333335	0.0	19484.0
210	3124.6666666666665	0.0	19710.0
220	3284.1666666666665	0.0	18817.0
230	3278.6666666666665	0.0	18583.0
240	2950.0	0.0	19079.0
250	2766.8333333333335	0.0	19674.0
260	2797.8333333333335	0.0	19229.0
270	2806.1666666666665	0.0	19134.0
280	2912.8333333333335	0.0	19408.0
290	2781.8333333333335	0.0	19788.0
300	2711.8333333333335	0.0	19282.0
310	2905.1666666666665	0.0	20000.0
320	2932.6666666666665	0.0	19801.0
330	2839.1666666666665	0.0	20000.0
340	2870.0	0.0	19674.0
350	3000.3333333333335	0.0	19911.0
360	2959.8333333333335	0.0	20000.0
370	2717.1666666666665	0.0	20000.0
380	2776.6666666666665	0.0	19166.0
390	2769.6666666666665	0.0	19980.0
400	3006.0	0.0	20000.0
410	2810.6666666666665	0.0	20000.0
420	2889.0	0.0	19418.0
430	3097.8333333333335	0.0	19744.0
440	3039.8333333333335	0.0	19282.0
450	2795.1666666666665	0.0	19295.0
460	3109.1666666666665	0.0	19206.0
470	2955.6666666666665	0.0	20000.0
480	3021.8333333333335	0.0	19816.0
490	3096.8333333333335	0.0	18892.0
500	3245.0	0.0	19381.0
510	3223.8333333333335	0.0	19880.0
520	3302.8333333333335	0.0	19464.0
530	3037.3333333333335	0.0	19859.0
540	3114.6666666666665	0.0	20000.0
550	3050.6666666666665	0.0	19731.0
560	3174.8333333333335	0.0	18198.0
570	3332.3333333333335	0.0	19704.0
580	3239.5	0.0	18677.0
590	3153.3333333333335	0.0	19851.0
600	3292.6666666666665	0.0	19462.0
610	3391.6666666666665	0.0	19475.0
620	3283.0	0.0	19573.0
630	3397.6666666666665	0.0	19432.0
640	3350.6666666666665	0.0	20000.0
650	3088.5	0.0	20000.0
660	3467.0	0.0	19209.0
670	3518.3333333333335	0.0	19677.0
680	3247.0	0.0	19832.0
690	3186.8333333333335	0.0	20000.0
700	3110.3333333333335	0.0	19785.0
710	3360.5	0.0	19998.0
720	3300.3333333333335	0.0	19770.0
730	3519.3333333333335	0.0	20000.0
740	3564.0	0.0	19772.0
750	3337.0	0.0	20000.0
760	3125.3333333333335	0.0	19798.0
770	3192.3333333333335	0.0	19485.0
780	3254.8333333333335	0.0	19471.0
790	3349.5	0.0	19433.0
800	3418.0	0.0	20000.0
810	3303.3333333333335	0.0	19730.0
820	3529.6666666666665	0.0	20000.0
830	3422.5	0.0	19337.0
840	3445.3333333333335	0.0	19426.0
850	3545.5	0.0	19837.0
860	3422.5	0.0	20000.0
870	3380.8333333333335	0.0	19704.0
880	3350.6666666666665	0.0	20000.0
890	3365.5	0.0	19813.0
900	3775.1666666666665	0.0	19935.0
910	3294.6666666666665	0.0	20000.0
920	3341.8333333333335	0.0	19554.0
930	3417.0	0.0	19886.0
940	3486.1666666666665	0.0	19987.0
950	3594.6666666666665	0.0	19856.0
960	3526.6666666666665	0.0	20000.0
970	3516.1666666666665	0.0	19713.0
980	3707.1666666666665	0.0	20000.0
990	3216.6666666666665	0.0	20000.0
1000	3635.1666666666665	0.0	19704.0
