0	1463.3333333333333	0.0	0.0
10	2329.6666666666665	1000.0	19779.0
20	2312.0	0.0	20000.0
30	2343.0	0.0	20000.0
40	2268.0	0.0	20000.0
50	2481.5	0.0	20000.0
60	2515.8333333333335	0.0	20000.0
70	2639.3333333333335	0.0	20000.0
80	2745.3333333333335	0.0	20000.0
90	2643.1666666666665	0.0	20000.0
100	2755.6666666666665	0.0	19666.0
110	2806.3333333333335	0.0	19972.0
120	3015.3333333333335	0.0	19585.0
130	3209.1666666666665	0.0	19722.0
140	3062.5	0.0	19815.0
150	3031.3333333333335	0.0	19824.0
160	3117.8333333333335	0.0	19690.0
170	3259.0	0.0	19390.0
180	3130.3333333333335	0.0	19799.0
190	3065.0	0.0	19552.0
200	3181.1666666666665	0.0	19626.0
210	3376.0	0.0	19207.0
220	3400.8333333333335	0.0	19030.0
230	3276.1666666666665	0.0	18672.0
240	2955.6666666666665	0.0	19215.0
250	2979.5	0.0	19382.0
260	2834.1666666666665	0.0	19629.0
270	2917.1666666666665	0.0	19859.0
280	2954.0	0.0	20000.0
290	2960.6666666666665	0.0	19373.0
300	2912.3333333333335	0.0	19930.0
310	2928.3333333333335	0.0	19780.0
320	2726.6666666666665	0.0	19517.0
330	2886.3333333333335	0.0	19901.0
340	2770.5	0.0	19774.0
350	2870.6666666666665	0.0	19881.0
360	2848.5	0.0	19635.0
370	2770.6666666666665	0.0	20000.0
380	2728.1666666666665	0.0	19481.0
390	2973.5	0.0	20000.0
400	3045.5	0.0	19477.0
410	2955.5	0.0	20000.0
420	2969.3333333333335	0.0	19759.0
430	3053.5	0.0	19238.0
440	2773.0	0.0	20000.0
450	2715.0	0.0	19597.0
460	2958.1666666666665	0.0	20000.0
470	3081.0	0.0	19840.0
480	3125.8333333333335	0.0	18875.0
490	3136.8333333333335	0.0	19696.0
500	3257.0	0.0	19861.0
510	3143.0	0.0	19194.0
520	3247.0	0.0	19484.0
530	3207.3333333333335	0.0	19650.0
540	3253.8333333333335	0.0	20000.0
550	3103.8333333333335	0.0	20000.0
560	3160.0	0.0	19966.0
570	3257.0	0.0	19777.0
580	3250.8333333333335	0.0	19872.0
590	2978.8333333333335	0.0	19827.0
600	3120.0	0.0	20000.0
610	3309.6666666666665	0.0	19347.0
620	3135.8333333333335	0.0	19774.0
630	3085.5	0.0	19729.0
640	3402.8333333333335	0.0	19128.0
650	3044.8333333333335	0.0	19647.0
660	3020.1666666666665	0.0	19724.0
670	3336.6666666666665	0.0	19307.0
680	3292.0	0.0	19703.0
690	3615.0	0.0	19781.0
700	3188.8333333333335	0.0	19904.0
710	3427.1666666666665	0.0	19448.0
720	3473.8333333333335	0.0	19579.0
730	3451.1666666666665	0.0	19700.0
740	3296.5	0.0	19526.0
750	3391.5	0.0	19878.0
760	3382.3333333333335	0.0	20000.0
770	3344.5	0.0	19775.0
780	3398.0	0.0	19548.0
790	3640.3333333333335	0.0	19877.0
800	3303.6666666666665	0.0	20000.0
810	3448.6666666666665	0.0	20000.0
820	3386.3333333333335	0.0	19786.0
830	3333.1666666666665	0.0	19214.0
840	3481.0	0.0	20000.0
850	3305.6666666666665	0.0	19990.0
860	3337.6666666666665	0.0	19850.0
870	3365.8333333333335	0.0	20000.0
880	3435.6666666666665	0.0	19959.0
890	3639.8333333333335	0.0	19690.0
900	3657.5	0.0	19952.0
910	3266.1666666666665	0.0	20000.0
920	3433.3333333333335	0.0	20000.0
930	3515.0	0.0	19675.0
940	3643.6666666666665	0.0	19760.0
950	3488.3333333333335	0.0	20000.0
960	3512.8333333333335	0.0	19656.0
970	3461.5	0.0	19702.0
980	3474.1666666666665	0.0	20000.0
990	3633.5	0.0	20000.0
1000	3452.6666666666665	0.0	19874.0
