0	1592.1666666666667	0.0	0.0	0.0
10	1710.6666666666667	1000.0	1000.0	8514.0
20	1520.6666666666667	0.0	0.0	8622.0
30	1605.6666666666667	0.0	0.0	7745.0
40	1833.5	0.0	0.0	9066.0
50	1761.0	0.0	0.0	8288.0
60	1595.5	0.0	0.0	8318.0
70	1597.8333333333333	0.0	0.0	7100.0
80	1759.5	0.0	0.0	7005.0
90	1877.6666666666667	0.0	0.0	5717.0
100	1637.3333333333333	0.0	0.0	6539.0
110	1605.5	0.0	0.0	8397.0
120	1755.0	0.0	0.0	7536.0
130	1428.3333333333333	0.0	0.0	4745.0
140	1479.6666666666667	0.0	0.0	7502.0
150	1506.0	0.0	0.0	7026.0
160	1545.0	0.0	0.0	9106.0
170	1593.0	0.0	0.0	8581.0
180	1550.0	0.0	0.0	5908.0
190	1664.3333333333333	0.0	0.0	6415.0
200	1566.6666666666667	0.0	0.0	10527.0
210	1474.6666666666667	0.0	0.0	6998.0
220	1329.3333333333333	0.0	0.0	7340.0
230	1475.0	0.0	0.0	6210.0
240	1594.8333333333333	0.0	0.0	6928.0
250	1391.6666666666667	0.0	0.0	7822.0
260	1478.8333333333333	0.0	0.0	7177.0
270	1436.6666666666667	0.0	0.0	5235.0
280	1207.3333333333333	0.0	0.0	6908.0
290	1394.3333333333333	0.0	0.0	6230.0
300	1380.6666666666667	0.0	0.0	6143.0
310	1407.3333333333333	0.0	0.0	5753.0
320	1388.0	0.0	0.0	5487.0
330	1370.6666666666667	0.0	0.0	6519.0
340	1449.5	0.0	0.0	5726.0
350	1319.0	0.0	0.0	5632.0
360	1480.8333333333333	0.0	0.0	5103.0
370	1292.0	0.0	0.0	5389.0
380	1456.3333333333333	0.0	0.0	6248.0
390	1425.3333333333333	0.0	0.0	6611.0
400	1367.8333333333333	0.0	0.0	6580.0
410	1338.3333333333333	0.0	0.0	5762.0
420	1308.3333333333333	0.0	0.0	4339.0
430	1562.6666666666667	0.0	0.0	7410.0
440	1386.6666666666667	0.0	0.0	8072.0
450	1257.0	0.0	0.0	7286.0
460	1376.6666666666667	0.0	0.0	5463.0
470	1175.0	0.0	0.0	5342.0
480	1264.6666666666667	0.0	0.0	5657.0
490	1347.0	0.0	0.0	6496.0
500	1295.3333333333333	0.0	0.0	5470.0
510	1290.6666666666667	0.0	0.0	4793.0
520	1287.6666666666667	0.0	0.0	7224.0
530	1400.0	0.0	0.0	6784.0
540	1313.0	0.0	0.0	6912.0
550	1417.0	0.0	0.0	4458.0
560	1293.0	0.0	0.0	5708.0
570	1323.0	0.0	0.0	5290.0
580	1374.3333333333333	0.0	0.0	6171.0
590	1471.0	0.0	0.0	4063.0
600	1417.6666666666667	0.0	0.0	4804.0
610	1446.6666666666667	0.0	0.0	6610.0
620	1311.3333333333333	0.0	0.0	6070.0
630	1284.0	0.0	0.0	7570.0
640	1265.6666666666667	0.0	0.0	6316.0
650	1360.6666666666667	0.0	0.0	6742.0
660	1460.3333333333333	0.0	0.0	7731.0
670	1279.6666666666667	0.0	0.0	5153.0
680	1406.3333333333333	0.0	0.0	5328.0
690	1260.3333333333333	0.0	0.0	6680.0
700	1352.6666666666667	0.0	0.0	6430.0
710	1157.0	0.0	0.0	5877.0
720	1375.0	0.0	0.0	7381.0
730	1371.3333333333333	0.0	0.0	6584.0
740	1250.3333333333333	0.0	0.0	7135.0
750	1342.3333333333333	0.0	0.0	5022.0
760	1369.0	0.0	0.0	6149.0
770	1164.3333333333333	0.0	0.0	4684.0
780	1324.3333333333333	0.0	0.0	5716.0
790	1327.3333333333333	0.0	0.0	5493.0
800	1401.6666666666667	0.0	0.0	4615.0
810	1244.3333333333333	0.0	0.0	5257.0
820	1303.0	0.0	0.0	5644.0
830	1475.0	0.0	0.0	6205.0
840	1384.3333333333333	0.0	0.0	6358.0
850	1366.6666666666667	0.0	0.0	5972.0
860	1355.0	0.0	0.0	7029.0
870	1373.3333333333333	0.0	0.0	5970.0
880	1311.0	0.0	0.0	5976.0
890	1138.6666666666667	0.0	0.0	6909.0
900	1293.3333333333333	0.0	0.0	5367.0
910	1108.3333333333333	0.0	0.0	4294.0
920	1219.6666666666667	0.0	0.0	6372.0
930	1305.6666666666667	0.0	0.0	5060.0
940	1149.3333333333333	0.0	0.0	5135.0
950	1314.3333333333333	0.0	0.0	5266.0
960	1129.3333333333333	0.0	0.0	4486.0
970	1265.0	0.0	0.0	5163.0
980	1206.0	0.0	0.0	5301.0
990	1362.0	0.0	0.0	6750.0
1000	1206.6666666666667	0.0	0.0	7058.0
