0	1554.3333333333333	0.0	0.0	0.0
10	1937.3333333333333	1000.0	1000.0	8471.0
20	1630.8333333333333	0.0	0.0	8238.0
30	1953.8333333333333	0.0	0.0	8692.0
40	1862.1666666666667	0.0	0.0	5924.0
50	2059.8333333333335	0.0	0.0	11959.0
60	1888.6666666666667	0.0	0.0	6856.0
70	2018.3333333333333	0.0	0.0	5448.0
80	2007.1666666666667	0.0	0.0	7062.0
90	1847.6666666666667	0.0	0.0	6887.0
100	1667.6666666666667	0.0	0.0	7441.0
110	1854.5	0.0	0.0	5788.0
120	1818.5	0.0	0.0	6483.0
130	1646.6666666666667	0.0	0.0	5865.0
140	1472.3333333333333	0.0	0.0	6133.0
150	1584.6666666666667	0.0	0.0	5450.0
160	1483.0	0.0	0.0	9113.0
170	1481.0	0.0	0.0	7172.0
180	1417.3333333333333	0.0	0.0	5967.0
190	1672.0	0.0	0.0	8078.0
200	1535.3333333333333	0.0	0.0	8314.0
210	1586.3333333333333	0.0	0.0	4751.0
220	1562.0	0.0	0.0	5180.0
230	1683.3333333333333	0.0	0.0	8957.0
240	1378.0	0.0	0.0	5404.0
250	1407.6666666666667	0.0	0.0	6190.0
260	1423.6666666666667	0.0	0.0	5725.0
270	1540.3333333333333	0.0	0.0	6125.0
280	1309.0	0.0	0.0	6349.0
290	1477.0	0.0	0.0	6734.0
300	1397.3333333333333	0.0	0.0	5956.0
310	1412.0	0.0	0.0	6402.0
320	1374.3333333333333	0.0	0.0	7274.0
330	1463.6666666666667	0.0	0.0	5231.0
340	1412.0	0.0	0.0	8703.0
350	1560.6666666666667	0.0	0.0	6999.0
360	1352.6666666666667	0.0	0.0	6814.0
370	1368.0	0.0	0.0	6408.0
380	1379.3333333333333	0.0	0.0	5967.0
390	1194.6666666666667	0.0	0.0	7524.0
400	1349.3333333333333	0.0	0.0	6102.0
410	1170.3333333333333	0.0	0.0	6204.0
420	1445.3333333333333	0.0	0.0	6811.0
430	1405.3333333333333	0.0	0.0	5011.0
440	1337.6666666666667	0.0	0.0	4920.0
450	1417.0	0.0	0.0	5259.0
460	1300.3333333333333	0.0	0.0	5071.0
470	1382.3333333333333	0.0	0.0	6602.0
480	1246.3333333333333	0.0	0.0	5306.0
490	1272.6666666666667	0.0	0.0	7691.0
500	1579.0	0.0	0.0	5508.0
510	1312.0	0.0	0.0	4609.0
520	1410.6666666666667	0.0	0.0	5063.0
530	1299.3333333333333	0.0	0.0	5707.0
540	1274.3333333333333	0.0	0.0	6968.0
550	1280.3333333333333	0.0	0.0	4846.0
560	1273.6666666666667	0.0	0.0	4955.0
570	1548.0	0.0	0.0	7002.0
580	1300.3333333333333	0.0	0.0	5129.0
590	1451.3333333333333	0.0	0.0	5914.0
600	1343.0	0.0	0.0	7012.0
610	1283.6666666666667	0.0	0.0	6541.0
620	1405.3333333333333	0.0	0.0	5851.0
630	1188.6666666666667	0.0	0.0	3809.0
640	1392.6666666666667	0.0	0.0	6218.0
650	1284.0	0.0	0.0	7677.0
660	1318.6666666666667	0.0	0.0	5770.0
670	1259.3333333333333	0.0	0.0	4744.0
680	1243.0	0.0	0.0	4947.0
690	1373.0	0.0	0.0	5553.0
700	1456.3333333333333	0.0	0.0	5657.0
710	1504.0	0.0	0.0	5730.0
720	1318.3333333333333	0.0	0.0	6082.0
730	1160.3333333333333	0.0	0.0	5020.0
740	1108.6666666666667	0.0	0.0	5719.0
750	1262.0	0.0	0.0	6316.0
760	1247.6666666666667	0.0	0.0	6486.0
770	1200.6666666666667	0.0	0.0	5231.0
780	1156.6666666666667	0.0	0.0	5251.0
790	1357.3333333333333	0.0	0.0	6789.0
800	1339.6666666666667	0.0	0.0	6718.0
810	1368.6666666666667	0.0	0.0	7168.0
820	1362.6666666666667	0.0	0.0	5715.0
830	1247.0	0.0	0.0	6214.0
840	1444.6666666666667	0.0	0.0	6739.0
850	1290.6666666666667	0.0	0.0	5322.0
860	1186.0	0.0	0.0	6150.0
870	1326.0	0.0	0.0	7222.0
880	1411.0	0.0	0.0	7321.0
890	1175.6666666666667	0.0	0.0	5920.0
900	1371.6666666666667	0.0	0.0	5115.0
910	1251.6666666666667	0.0	0.0	5297.0
920	1240.3333333333333	0.0	0.0	6491.0
930	1285.3333333333333	0.0	0.0	7813.0
940	1152.3333333333333	0.0	0.0	5746.0
950	1271.3333333333333	0.0	0.0	5647.0
960	1317.6666666666667	0.0	0.0	5830.0
970	1525.0	0.0	0.0	5619.0
980	1229.3333333333333	0.0	0.0	6235.0
990	1439.6666666666667	0.0	0.0	5161.0
1000	1289.3333333333333	0.0	0.0	5367.0
