0	1652.3333333333333	0.0	0.0	0.0
10	1703.6666666666667	1000.0	1000.0	6798.0
20	1755.6666666666667	0.0	0.0	8738.0
30	1758.6666666666667	0.0	0.0	6793.0
40	1508.6666666666667	0.0	0.0	6662.0
50	1800.0	0.0	0.0	5787.0
60	1645.5	0.0	0.0	5953.0
70	1500.1666666666667	0.0	0.0	7440.0
80	1659.3333333333333	0.0	0.0	6919.0
90	1590.6666666666667	0.0	0.0	4860.0
100	1648.0	0.0	0.0	5111.0
110	1507.0	0.0	0.0	9502.0
120	1447.0	0.0	0.0	7371.0
130	1503.8333333333333	0.0	0.0	5158.0
140	1463.3333333333333	0.0	0.0	5553.0
150	1388.6666666666667	0.0	0.0	8254.0
160	1229.3333333333333	0.0	0.0	5711.0
170	1347.0	0.0	0.0	5445.0
180	1361.3333333333333	0.0	0.0	5948.0
190	1404.3333333333333	0.0	0.0	7147.0
200	1362.6666666666667	0.0	0.0	5366.0
210	1404.0	0.0	0.0	5708.0
220	1294.0	0.0	0.0	6090.0
230	1271.6666666666667	0.0	0.0	6235.0
240	1572.5	0.0	0.0	6525.0
250	1389.0	0.0	0.0	6680.0
260	1323.0	0.0	0.0	6698.0
270	1544.3333333333333	0.0	0.0	6383.0
280	1491.0	0.0	0.0	4996.0
290	1311.3333333333333	0.0	0.0	9341.0
300	1520.0	0.0	0.0	5815.0
310	1422.6666666666667	0.0	0.0	6952.0
320	1417.0	0.0	0.0	5120.0
330	1219.3333333333333	0.0	0.0	6350.0
340	1447.0	0.0	0.0	7783.0
350	1534.6666666666667	0.0	0.0	7292.0
360	1409.3333333333333	0.0	0.0	5320.0
370	1475.6666666666667	0.0	0.0	5828.0
380	1569.3333333333333	0.0	0.0	5253.0
390	1239.5	0.0	0.0	5036.0
400	1404.3333333333333	0.0	0.0	5687.0
410	1456.6666666666667	0.0	0.0	6443.0
420	1281.0	0.0	0.0	6018.0
430	1296.0	0.0	0.0	4960.0
440	1386.1666666666667	0.0	0.0	6753.0
450	1261.6666666666667	0.0	0.0	6282.0
460	1236.0	0.0	0.0	6313.0
470	1322.0	0.0	0.0	6502.0
480	1283.0	0.0	0.0	4542.0
490	1396.3333333333333	0.0	0.0	5756.0
500	1101.0	0.0	0.0	6756.0
510	1488.3333333333333	0.0	0.0	6384.0
520	1263.6666666666667	0.0	0.0	5130.0
530	1415.6666666666667	0.0	0.0	5638.0
540	1359.6666666666667	0.0	0.0	5428.0
550	1524.5	0.0	0.0	5682.0
560	1296.6666666666667	0.0	0.0	5742.0
570	1296.3333333333333	0.0	0.0	5290.0
580	1240.3333333333333	0.0	0.0	4787.0
590	1355.0	0.0	0.0	7017.0
600	1187.0	0.0	0.0	4696.0
610	1329.6666666666667	0.0	0.0	4942.0
620	1416.3333333333333	0.0	0.0	6042.0
630	1280.3333333333333	0.0	0.0	6882.0
640	1119.0	0.0	0.0	6480.0
650	1312.0	0.0	0.0	5092.0
660	1296.6666666666667	0.0	0.0	6936.0
670	1307.0	0.0	0.0	5993.0
680	1213.6666666666667	0.0	0.0	5248.0
690	1289.8333333333333	0.0	0.0	6556.0
700	1208.6666666666667	0.0	0.0	7003.0
710	1289.3333333333333	0.0	0.0	5498.0
720	1138.3333333333333	0.0	0.0	3512.0
730	1189.6666666666667	0.0	0.0	5282.0
740	1248.0	0.0	0.0	4553.0
750	1165.3333333333333	0.0	0.0	4929.0
760	1224.3333333333333	0.0	0.0	4457.0
770	1223.3333333333333	0.0	0.0	5755.0
780	1235.6666666666667	0.0	0.0	6011.0
790	1287.6666666666667	0.0	0.0	6731.0
800	1225.0	0.0	0.0	7028.0
810	1300.6666666666667	0.0	0.0	5946.0
820	1263.0	0.0	0.0	5601.0
830	1320.6666666666667	0.0	0.0	8098.0
840	1158.6666666666667	0.0	0.0	4525.0
850	1334.0	0.0	0.0	5146.0
860	1194.3333333333333	0.0	0.0	6544.0
870	1214.3333333333333	0.0	0.0	4719.0
880	1344.6666666666667	0.0	0.0	7589.0
890	1201.0	0.0	0.0	4469.0
900	1247.0	0.0	0.0	5629.0
910	1263.0	0.0	0.0	6781.0
920	1216.6666666666667	0.0	0.0	5855.0
930	1219.3333333333333	0.0	0.0	3717.0
940	1185.6666666666667	0.0	0.0	4230.0
950	1299.6666666666667	0.0	0.0	5764.0
960	1167.3333333333333	0.0	0.0	5563.0
970	1332.0	0.0	0.0	6295.0
980	1215.0	0.0	0.0	5182.0
990	1339.6666666666667	0.0	0.0	5950.0
1000	1161.3333333333333	0.0	0.0	4208.0
