0	1582.0	0.0	0.0	0.0
10	1778.3333333333333	1000.0	1000.0	8550.0
20	1713.5	0.0	0.0	6561.0
30	1503.6666666666667	0.0	0.0	6560.0
40	1559.3333333333333	0.0	0.0	7458.0
50	1701.6666666666667	0.0	0.0	7440.0
60	1737.0	0.0	0.0	5962.0
70	1350.3333333333333	0.0	0.0	10037.0
80	1597.5	0.0	0.0	9273.0
90	1753.0	0.0	0.0	6892.0
100	1594.0	0.0	0.0	5517.0
110	1354.3333333333333	0.0	0.0	6539.0
120	1846.5	0.0	0.0	7198.0
130	1591.0	0.0	0.0	5849.0
140	1545.6666666666667	0.0	0.0	9719.0
150	1679.6666666666667	0.0	0.0	7016.0
160	1812.1666666666667	0.0	0.0	10025.0
170	1683.3333333333333	0.0	0.0	5311.0
180	1512.1666666666667	0.0	0.0	6780.0
190	1665.0	0.0	0.0	6761.0
200	1581.0	0.0	0.0	6727.0
210	1636.3333333333333	0.0	0.0	7880.0
220	1625.0	0.0	0.0	8537.0
230	1571.6666666666667	0.0	0.0	7842.0
240	1756.3333333333333	0.0	0.0	8369.0
250	1828.6666666666667	0.0	0.0	6328.0
260	1700.8333333333333	0.0	0.0	5808.0
270	1594.0	0.0	0.0	7514.0
280	1353.0	0.0	0.0	6800.0
290	1553.6666666666667	0.0	0.0	6833.0
300	1344.1666666666667	0.0	0.0	5989.0
310	1643.3333333333333	0.0	0.0	7113.0
320	1545.6666666666667	0.0	0.0	5549.0
330	1546.3333333333333	0.0	0.0	4473.0
340	1436.3333333333333	0.0	0.0	6454.0
350	1370.6666666666667	0.0	0.0	5316.0
360	1516.3333333333333	0.0	0.0	7390.0
370	1426.0	0.0	0.0	7120.0
380	1525.3333333333333	0.0	0.0	7882.0
390	1364.3333333333333	0.0	0.0	4962.0
400	1330.6666666666667	0.0	0.0	6139.0
410	1338.6666666666667	0.0	0.0	7581.0
420	1429.3333333333333	0.0	0.0	5992.0
430	1353.3333333333333	0.0	0.0	8374.0
440	1381.0	0.0	0.0	7372.0
450	1526.0	0.0	0.0	4249.0
460	1570.3333333333333	0.0	0.0	6439.0
470	1459.3333333333333	0.0	0.0	5227.0
480	1343.3333333333333	0.0	0.0	5898.0
490	1301.6666666666667	0.0	0.0	6470.0
500	1456.0	0.0	0.0	6341.0
510	1302.6666666666667	0.0	0.0	5275.0
520	1621.0	0.0	0.0	4949.0
530	1427.0	0.0	0.0	8713.0
540	1195.6666666666667	0.0	0.0	6829.0
550	1407.6666666666667	0.0	0.0	5083.0
560	1294.0	0.0	0.0	5898.0
570	1329.0	0.0	0.0	5762.0
580	1200.0	0.0	0.0	7201.0
590	1411.3333333333333	0.0	0.0	6034.0
600	1267.0	0.0	0.0	5036.0
610	1266.0	0.0	0.0	7785.0
620	1269.0	0.0	0.0	6362.0
630	1253.0	0.0	0.0	6898.0
640	1374.6666666666667	0.0	0.0	6083.0
650	1401.0	0.0	0.0	6212.0
660	1238.0	0.0	0.0	5287.0
670	1531.6666666666667	0.0	0.0	5036.0
680	1268.6666666666667	0.0	0.0	4739.0
690	1328.3333333333333	0.0	0.0	5359.0
700	1385.6666666666667	0.0	0.0	6070.0
710	1353.0	0.0	0.0	6186.0
720	1498.3333333333333	0.0	0.0	5021.0
730	1300.3333333333333	0.0	0.0	5301.0
740	1426.3333333333333	0.0	0.0	6668.0
750	1342.6666666666667	0.0	0.0	3764.0
760	1246.6666666666667	0.0	0.0	4542.0
770	1447.3333333333333	0.0	0.0	5415.0
780	1215.6666666666667	0.0	0.0	7376.0
790	1431.0	0.0	0.0	3870.0
800	1210.3333333333333	0.0	0.0	5862.0
810	1401.6666666666667	0.0	0.0	6577.0
820	1273.3333333333333	0.0	0.0	6258.0
830	1302.6666666666667	0.0	0.0	5720.0
840	1423.0	0.0	0.0	5526.0
850	1351.0	0.0	0.0	7088.0
860	1372.0	0.0	0.0	6739.0
870	1317.0	0.0	0.0	7398.0
880	1188.0	0.0	0.0	5347.0
890	1291.0	0.0	0.0	5433.0
900	1288.6666666666667	0.0	0.0	6179.0
910	1432.3333333333333	0.0	0.0	4702.0
920	1394.3333333333333	0.0	0.0	5487.0
930	1324.3333333333333	0.0	0.0	5795.0
940	1317.6666666666667	0.0	0.0	6617.0
950	1305.6666666666667	0.0	0.0	7101.0
960	1305.3333333333333	0.0	0.0	4089.0
970	1288.6666666666667	0.0	0.0	5600.0
980	1311.0	0.0	0.0	6020.0
990	1208.5	0.0	0.0	4561.0
1000	1134.6666666666667	0.0	0.0	5327.0
