0	1692.8333333333333	0.0	0.0	0.0
10	1735.5	213.0	880.0	5664.0
20	1697.5	128.0	1491.0	7704.0
30	1847.1666666666667	118.0	1670.0	8113.0
40	2071.1666666666665	63.0	773.0	5688.0
50	2025.6666666666667	52.0	1540.0	7802.0
60	2034.8333333333333	68.0	1536.0	7919.0
70	2271.3333333333335	68.0	1599.0	8029.0
80	2070.1666666666665	35.0	2102.0	9512.0
90	2207.0	168.0	2269.0	8574.0
100	2078.5	86.0	2870.0	11190.0
110	2034.5	1.0	263.0	7042.0
120	2018.8333333333333	0.0	0.0	10147.0
130	2421.0	0.0	0.0	9633.0
140	2695.8333333333335	0.0	0.0	9558.0
150	2740.3333333333335	0.0	0.0	12857.0
160	2699.0	0.0	0.0	8175.0
170	2361.8333333333335	0.0	0.0	7740.0
180	2707.0	0.0	0.0	9079.0
190	2328.5	0.0	0.0	9129.0
200	2502.1666666666665	0.0	0.0	10147.0
210	2332.3333333333335	0.0	0.0	7437.0
220	2217.3333333333335	0.0	0.0	7910.0
230	2666.8333333333335	0.0	0.0	11105.0
240	2671.3333333333335	0.0	0.0	5656.0
250	2646.3333333333335	0.0	0.0	9023.0
260	2384.6666666666665	0.0	0.0	11215.0
270	2496.3333333333335	0.0	0.0	7715.0
280	2667.8333333333335	0.0	0.0	11664.0
290	2768.6666666666665	0.0	0.0	9122.0
300	2757.5	0.0	0.0	10141.0
310	2618.0	0.0	0.0	10128.0
320	2787.8333333333335	0.0	0.0	10796.0
330	2724.5	0.0	0.0	8883.0
340	2841.0	0.0	0.0	9400.0
350	2955.6666666666665	0.0	0.0	9320.0
360	2728.5	0.0	0.0	11597.0
370	3345.5	0.0	0.0	6374.0
380	3122.0	0.0	0.0	10878.0
390	3313.6666666666665	0.0	0.0	8191.0
400	3457.5	0.0	0.0	10618.0
410	3493.3333333333335	0.0	0.0	8313.0
420	3548.0	0.0	0.0	8249.0
430	3375.5	0.0	0.0	13338.0
440	3532.3333333333335	0.0	0.0	9501.0
450	3327.8333333333335	0.0	0.0	10853.0
460	3006.1666666666665	0.0	0.0	13203.0
470	3831.3333333333335	0.0	0.0	9045.0
480	3502.8333333333335	0.0	0.0	13393.0
490	3398.1666666666665	0.0	0.0	11660.0
500	3323.1666666666665	0.0	0.0	9377.0
510	3781.6666666666665	0.0	0.0	13053.0
520	4231.666666666667	0.0	0.0	10540.0
530	3483.8333333333335	0.0	0.0	9481.0
540	3546.6666666666665	0.0	0.0	13042.0
550	3618.0	0.0	0.0	9972.0
560	4254.5	0.0	0.0	9894.0
570	3446.8333333333335	0.0	0.0	10619.0
580	3835.6666666666665	0.0	0.0	9285.0
590	3518.1666666666665	0.0	0.0	10134.0
600	3873.6666666666665	0.0	0.0	12424.0
610	3728.5	0.0	0.0	9103.0
620	3521.5	0.0	0.0	10400.0
630	3631.6666666666665	0.0	0.0	9101.0
640	3668.1666666666665	0.0	0.0	11566.0
650	3513.0	0.0	0.0	11152.0
660	3879.6666666666665	0.0	0.0	9902.0
670	3405.5	0.0	0.0	6295.0
680	3594.1666666666665	0.0	0.0	10525.0
690	3678.5	0.0	0.0	9550.0
700	3766.5	0.0	0.0	12643.0
710	3975.1666666666665	0.0	0.0	9032.0
720	3683.0	0.0	0.0	11242.0
730	4002.8333333333335	0.0	0.0	9506.0
740	3822.5	0.0	0.0	9989.0
750	3870.3333333333335	0.0	0.0	8036.0
760	3782.8333333333335	0.0	0.0	8521.0
770	3448.8333333333335	0.0	0.0	10666.0
780	3649.6666666666665	0.0	0.0	12125.0
790	3891.1666666666665	0.0	0.0	8890.0
800	3513.0	0.0	0.0	9572.0
810	3528.0	0.0	0.0	8769.0
820	3786.3333333333335	0.0	0.0	9959.0
830	3872.6666666666665	0.0	0.0	11628.0
840	3875.5	0.0	0.0	12597.0
850	3757.0	0.0	0.0	11908.0
860	3991.3333333333335	0.0	0.0	12461.0
870	3328.6666666666665	0.0	0.0	12012.0
880	4128.0	0.0	0.0	10117.0
890	3325.5	0.0	0.0	10493.0
900	3672.0	0.0	0.0	6229.0
910	3660.8333333333335	0.0	0.0	11883.0
920	3553.6666666666665	0.0	0.0	10010.0
930	3703.6666666666665	0.0	0.0	12647.0
940	3710.0	0.0	0.0	9360.0
950	3664.5	0.0	0.0	10335.0
960	4106.166666666667	0.0	0.0	11327.0
970	3732.6666666666665	0.0	0.0	9344.0
980	4008.1666666666665	0.0	0.0	12014.0
990	3473.8333333333335	0.0	0.0	7593.0
1000	3630.8333333333335	0.0	0.0	11076.0
