0	1669.8333333333333	0.0	0.0	0.0
10	1760.0	251.0	1244.0	7483.0
20	1834.3333333333333	63.0	1692.0	8058.0
30	2130.3333333333335	162.0	3705.0	12458.0
40	1923.1666666666667	62.0	1279.0	6986.0
50	2259.6666666666665	83.0	1487.0	7373.0
60	2373.3333333333335	99.0	2248.0	9341.0
70	2240.8333333333335	49.0	1548.0	7484.0
80	2290.3333333333335	128.0	4226.0	13604.0
90	1928.1666666666667	103.0	2947.0	11736.0
100	2392.1666666666665	0.0	0.0	9339.0
110	2088.3333333333335	0.0	0.0	7840.0
120	2111.0	0.0	0.0	8426.0
130	2403.5	0.0	0.0	7448.0
140	2569.3333333333335	0.0	0.0	8255.0
150	2595.6666666666665	0.0	0.0	10465.0
160	2175.1666666666665	0.0	0.0	11882.0
170	2751.8333333333335	0.0	0.0	7712.0
180	2842.3333333333335	0.0	0.0	4738.0
190	2730.1666666666665	0.0	0.0	9769.0
200	2479.6666666666665	0.0	0.0	11049.0
210	2531.5	0.0	0.0	8840.0
220	2641.3333333333335	0.0	0.0	12485.0
230	2823.1666666666665	0.0	0.0	6506.0
240	2859.0	0.0	0.0	7274.0
250	3097.5	0.0	0.0	11276.0
260	3051.8333333333335	0.0	0.0	13000.0
270	3472.8333333333335	0.0	0.0	10375.0
280	2652.3333333333335	0.0	0.0	11062.0
290	3170.6666666666665	0.0	0.0	7981.0
300	3058.1666666666665	0.0	0.0	8308.0
310	3165.6666666666665	0.0	0.0	7252.0
320	3218.0	0.0	0.0	11986.0
330	3241.6666666666665	0.0	0.0	7828.0
340	2925.6666666666665	0.0	0.0	7725.0
350	2710.6666666666665	0.0	0.0	13865.0
360	3304.6666666666665	0.0	0.0	9411.0
370	3321.0	0.0	0.0	9855.0
380	3466.0	0.0	0.0	7592.0
390	3548.3333333333335	0.0	0.0	8397.0
400	3265.3333333333335	0.0	0.0	11158.0
410	2873.3333333333335	0.0	0.0	10677.0
420	3751.8333333333335	0.0	0.0	9581.0
430	2896.3333333333335	0.0	0.0	14372.0
440	3928.8333333333335	0.0	0.0	9461.0
450	3396.1666666666665	0.0	0.0	11773.0
460	3169.3333333333335	0.0	0.0	9505.0
470	3873.1666666666665	0.0	0.0	9534.0
480	3051.0	0.0	0.0	10448.0
490	3279.3333333333335	0.0	0.0	11555.0
500	3756.1666666666665	0.0	0.0	9463.0
510	3922.6666666666665	0.0	0.0	10909.0
520	3572.3333333333335	0.0	0.0	12055.0
530	3704.1666666666665	0.0	0.0	9368.0
540	3379.0	0.0	0.0	7954.0
550	3432.6666666666665	0.0	0.0	7322.0
560	3848.6666666666665	0.0	0.0	12655.0
570	3391.5	0.0	0.0	9038.0
580	3283.0	0.0	0.0	11821.0
590	3831.3333333333335	0.0	0.0	11380.0
600	2928.3333333333335	0.0	0.0	11010.0
610	4009.5	0.0	0.0	11648.0
620	3599.6666666666665	0.0	0.0	7883.0
630	4091.0	0.0	0.0	10377.0
640	3853.8333333333335	0.0	0.0	10009.0
650	3675.0	0.0	0.0	12240.0
660	3947.6666666666665	0.0	0.0	9467.0
670	3480.1666666666665	0.0	0.0	10103.0
680	3592.3333333333335	0.0	0.0	8239.0
690	3789.3333333333335	0.0	0.0	9083.0
700	3840.0	0.0	0.0	11040.0
710	3446.5	0.0	0.0	8992.0
720	3801.3333333333335	0.0	0.0	6802.0
730	3946.8333333333335	0.0	0.0	9490.0
740	3962.5	0.0	0.0	10707.0
750	3783.5	0.0	0.0	10906.0
760	3730.6666666666665	0.0	0.0	9651.0
770	3520.0	0.0	0.0	10482.0
780	3476.1666666666665	0.0	0.0	10918.0
790	3977.3333333333335	0.0	0.0	8988.0
800	3281.1666666666665	0.0	0.0	12699.0
810	3903.8333333333335	0.0	0.0	9192.0
820	3502.1666666666665	0.0	0.0	9927.0
830	3790.3333333333335	0.0	0.0	12481.0
840	3693.6666666666665	0.0	0.0	12093.0
850	3444.1666666666665	0.0	0.0	8631.0
860	3906.1666666666665	0.0	0.0	10246.0
870	3650.3333333333335	0.0	0.0	14281.0
880	3974.6666666666665	0.0	0.0	7182.0
890	3851.6666666666665	0.0	0.0	6840.0
900	3669.0	0.0	0.0	6974.0
910	3805.8333333333335	0.0	0.0	10232.0
920	4025.1666666666665	0.0	0.0	11687.0
930	3821.1666666666665	0.0	0.0	10648.0
940	3712.0	0.0	0.0	9423.0
950	3504.1666666666665	0.0	0.0	9120.0
960	3568.6666666666665	0.0	0.0	11088.0
970	3786.6666666666665	0.0	0.0	11935.0
980	3708.0	0.0	0.0	11385.0
990	3914.5	0.0	0.0	12216.0
1000	3900.1666666666665	0.0	0.0	7971.0
