0	1639.0	0.0	0.0	0.0
10	1704.3333333333333	62.0	1996.0	8841.0
20	1611.1666666666667	9.0	702.0	6234.0
30	1962.1666666666667	187.0	1980.0	8436.0
40	1968.1666666666667	91.0	2304.0	9954.0
50	2180.6666666666665	77.0	1320.0	7680.0
60	2116.1666666666665	103.0	3389.0	11296.0
70	2040.6666666666667	82.0	1925.0	8747.0
80	2357.8333333333335	106.0	2856.0	11054.0
90	2440.8333333333335	48.0	2491.0	10419.0
100	2147.0	52.0	1806.0	7270.0
110	2103.3333333333335	77.0	2139.0	9137.0
120	2438.1666666666665	106.0	2886.0	12864.0
130	2463.8333333333335	0.0	0.0	8657.0
140	2526.0	0.0	0.0	8223.0
150	2421.5	0.0	0.0	8909.0
160	2613.8333333333335	0.0	0.0	5343.0
170	2451.5	0.0	0.0	9439.0
180	2668.3333333333335	0.0	0.0	5890.0
190	2627.8333333333335	0.0	0.0	12873.0
200	2611.8333333333335	0.0	0.0	11731.0
210	2579.8333333333335	0.0	0.0	8016.0
220	2562.0	0.0	0.0	8974.0
230	2830.1666666666665	0.0	0.0	9685.0
240	2912.0	0.0	0.0	8114.0
250	2681.3333333333335	0.0	0.0	12190.0
260	2746.8333333333335	0.0	0.0	9145.0
270	2696.3333333333335	0.0	0.0	5797.0
280	2968.3333333333335	0.0	0.0	10066.0
290	3266.5	0.0	0.0	10412.0
300	3176.6666666666665	0.0	0.0	8515.0
310	2602.6666666666665	0.0	0.0	10523.0
320	2931.3333333333335	0.0	0.0	13271.0
330	2873.5	0.0	0.0	8769.0
340	3084.1666666666665	0.0	0.0	6676.0
350	3132.8333333333335	0.0	0.0	9092.0
360	3001.0	0.0	0.0	12188.0
370	3283.0	0.0	0.0	10797.0
380	3469.6666666666665	0.0	0.0	8171.0
390	3950.8333333333335	0.0	0.0	7867.0
400	3061.8333333333335	0.0	0.0	10189.0
410	3304.8333333333335	0.0	0.0	10496.0
420	3311.8333333333335	0.0	0.0	10483.0
430	3667.6666666666665	0.0	0.0	8157.0
440	3545.8333333333335	0.0	0.0	13905.0
450	3897.5	0.0	0.0	11008.0
460	3129.5	0.0	0.0	9676.0
470	3939.8333333333335	0.0	0.0	11021.0
480	3230.1666666666665	0.0	0.0	11444.0
490	3613.0	0.0	0.0	12452.0
500	3548.5	0.0	0.0	7945.0
510	3276.0	0.0	0.0	9240.0
520	3555.1666666666665	0.0	0.0	9117.0
530	2938.5	0.0	0.0	7928.0
540	3086.5	0.0	0.0	11911.0
550	3694.3333333333335	0.0	0.0	12595.0
560	3984.8333333333335	0.0	0.0	12284.0
570	3547.8333333333335	0.0	0.0	11455.0
580	3859.5	0.0	0.0	7654.0
590	3741.1666666666665	0.0	0.0	10631.0
600	3573.5	0.0	0.0	8720.0
610	3763.1666666666665	0.0	0.0	12473.0
620	3658.0	0.0	0.0	9191.0
630	3864.5	0.0	0.0	11857.0
640	3748.1666666666665	0.0	0.0	11506.0
650	3447.6666666666665	0.0	0.0	8793.0
660	4071.5	0.0	0.0	8817.0
670	3940.1666666666665	0.0	0.0	9477.0
680	3661.3333333333335	0.0	0.0	10897.0
690	3845.3333333333335	0.0	0.0	11502.0
700	4065.6666666666665	0.0	0.0	10429.0
710	3893.5	0.0	0.0	9854.0
720	3621.5	0.0	0.0	8927.0
730	3278.3333333333335	0.0	0.0	8656.0
740	3280.5	0.0	0.0	9782.0
750	3695.5	0.0	0.0	12930.0
760	3563.0	0.0	0.0	7320.0
770	4049.8333333333335	0.0	0.0	10353.0
780	3752.6666666666665	0.0	0.0	11634.0
790	3503.6666666666665	0.0	0.0	10141.0
800	3912.1666666666665	0.0	0.0	10091.0
810	3845.6666666666665	0.0	0.0	13078.0
820	3625.0	0.0	0.0	10419.0
830	3579.6666666666665	0.0	0.0	7928.0
840	3600.0	0.0	0.0	10478.0
850	3938.6666666666665	0.0	0.0	11658.0
860	3885.5	0.0	0.0	9621.0
870	3512.5	0.0	0.0	11277.0
880	3761.5	0.0	0.0	10948.0
890	3913.8333333333335	0.0	0.0	11337.0
900	3842.1666666666665	0.0	0.0	11766.0
910	3877.6666666666665	0.0	0.0	10734.0
920	3574.1666666666665	0.0	0.0	9819.0
930	3877.8333333333335	0.0	0.0	12373.0
940	3901.3333333333335	0.0	0.0	7303.0
950	4064.6666666666665	0.0	0.0	7922.0
960	3582.1666666666665	0.0	0.0	10217.0
970	3957.3333333333335	0.0	0.0	9537.0
980	3749.3333333333335	0.0	0.0	10453.0
990	3566.1666666666665	0.0	0.0	9858.0
1000	3534.1666666666665	0.0	0.0	7900.0
