0	1681.8333333333333	0.0	0.0	0.0
10	1636.6666666666667	152.0	1363.0	8374.0
20	1610.1666666666667	275.0	2477.0	10131.0
30	1999.8333333333333	187.0	2420.0	10445.0
40	2180.5	43.0	1862.0	9341.0
50	2082.5	197.0	3339.0	12003.0
60	1995.5	57.0	1704.0	8248.0
70	2186.0	25.0	760.0	5903.0
80	1961.0	43.0	1337.0	7214.0
90	2220.0	21.0	283.0	7813.0
100	2041.5	0.0	0.0	10068.0
110	2275.1666666666665	0.0	0.0	9745.0
120	2248.3333333333335	0.0	0.0	9806.0
130	2303.0	0.0	0.0	8913.0
140	1937.1666666666667	0.0	0.0	6293.0
150	2178.3333333333335	0.0	0.0	8963.0
160	2215.8333333333335	0.0	0.0	6826.0
170	1825.5	0.0	0.0	7654.0
180	2112.3333333333335	0.0	0.0	11257.0
190	2111.8333333333335	0.0	0.0	6462.0
200	1904.3333333333333	0.0	0.0	8044.0
210	2367.3333333333335	0.0	0.0	9141.0
220	2153.3333333333335	0.0	0.0	8442.0
230	2423.1666666666665	0.0	0.0	11291.0
240	2403.6666666666665	0.0	0.0	9315.0
250	2317.6666666666665	0.0	0.0	7197.0
260	1868.5	0.0	0.0	6915.0
270	2405.1666666666665	0.0	0.0	7639.0
280	2152.5	0.0	0.0	6917.0
290	2476.1666666666665	0.0	0.0	5966.0
300	2373.8333333333335	0.0	0.0	6769.0
310	2499.0	0.0	0.0	7756.0
320	2411.6666666666665	0.0	0.0	5680.0
330	2680.3333333333335	0.0	0.0	7603.0
340	2706.1666666666665	0.0	0.0	8674.0
350	2022.8333333333333	0.0	0.0	8118.0
360	2557.3333333333335	0.0	0.0	12060.0
370	2349.8333333333335	0.0	0.0	9548.0
380	2025.5	0.0	0.0	10405.0
390	3154.6666666666665	0.0	0.0	11213.0
400	2869.0	0.0	0.0	6013.0
410	2652.1666666666665	0.0	0.0	7959.0
420	3033.5	0.0	0.0	10730.0
430	2881.5	0.0	0.0	9583.0
440	2707.8333333333335	0.0	0.0	10103.0
450	2521.6666666666665	0.0	0.0	10064.0
460	2821.1666666666665	0.0	0.0	6172.0
470	3054.8333333333335	0.0	0.0	8349.0
480	2661.8333333333335	0.0	0.0	10506.0
490	3629.8333333333335	0.0	0.0	9553.0
500	3108.1666666666665	0.0	0.0	10675.0
510	3023.6666666666665	0.0	0.0	12423.0
520	3481.6666666666665	0.0	0.0	9137.0
530	3454.8333333333335	0.0	0.0	11240.0
540	3573.0	0.0	0.0	10836.0
550	3793.1666666666665	0.0	0.0	12873.0
560	3214.5	0.0	0.0	9500.0
570	3048.6666666666665	0.0	0.0	10402.0
580	3400.0	0.0	0.0	10460.0
590	2973.1666666666665	0.0	0.0	8828.0
600	3279.6666666666665	0.0	0.0	6561.0
610	3513.0	0.0	0.0	12819.0
620	3587.3333333333335	0.0	0.0	8467.0
630	3313.5	0.0	0.0	10322.0
640	3474.0	0.0	0.0	9162.0
650	3260.1666666666665	0.0	0.0	12135.0
660	4049.3333333333335	0.0	0.0	12065.0
670	3964.5	0.0	0.0	10059.0
680	3925.5	0.0	0.0	10163.0
690	3731.5	0.0	0.0	8736.0
700	3650.5	0.0	0.0	11400.0
710	3715.1666666666665	0.0	0.0	11327.0
720	3040.0	0.0	0.0	8459.0
730	3703.8333333333335	0.0	0.0	12804.0
740	3489.6666666666665	0.0	0.0	10046.0
750	3567.5	0.0	0.0	8639.0
760	3780.1666666666665	0.0	0.0	11046.0
770	4034.5	0.0	0.0	10010.0
780	3734.5	0.0	0.0	9455.0
790	3671.5	0.0	0.0	11069.0
800	3599.6666666666665	0.0	0.0	8609.0
810	3685.3333333333335	0.0	0.0	9384.0
820	3745.1666666666665	0.0	0.0	7202.0
830	3618.6666666666665	0.0	0.0	12847.0
840	3749.1666666666665	0.0	0.0	13189.0
850	3901.3333333333335	0.0	0.0	11575.0
860	2939.3333333333335	0.0	0.0	10137.0
870	3679.6666666666665	0.0	0.0	8449.0
880	3744.6666666666665	0.0	0.0	11581.0
890	3797.3333333333335	0.0	0.0	8652.0
900	4135.166666666667	0.0	0.0	9738.0
910	3981.6666666666665	0.0	0.0	13674.0
920	3622.8333333333335	0.0	0.0	10202.0
930	4002.6666666666665	0.0	0.0	11429.0
940	3947.1666666666665	0.0	0.0	11358.0
950	3943.0	0.0	0.0	11359.0
960	3939.6666666666665	0.0	0.0	13326.0
970	3778.5	0.0	0.0	11623.0
980	3697.3333333333335	0.0	0.0	8876.0
990	3687.1666666666665	0.0	0.0	7997.0
1000	3532.6666666666665	0.0	0.0	10503.0
