0	2268.5	0.0	0.0	0.0
10	2155.0	22.0	23.0	7642.0
20	2321.3333333333335	87.0	95.0	10245.0
30	2415.1666666666665	113.0	129.0	11611.0
40	2209.3333333333335	106.0	127.0	7056.0
50	2435.3333333333335	245.0	302.0	10678.0
60	2484.3333333333335	97.0	104.0	9114.0
70	2425.5	134.0	160.0	11925.0
80	2148.1666666666665	196.0	204.0	8043.0
90	2195.5	0.0	0.0	6402.0
100	2196.5	0.0	0.0	9356.0
110	2303.5	0.0	0.0	11170.0
120	2107.6666666666665	0.0	0.0	9423.0
130	2372.6666666666665	0.0	0.0	7689.0
140	2900.8333333333335	0.0	0.0	9001.0
150	2646.1666666666665	0.0	0.0	9739.0
160	2579.3333333333335	0.0	0.0	10537.0
170	2310.6666666666665	0.0	0.0	7898.0
180	2813.6666666666665	0.0	0.0	8519.0
190	2505.6666666666665	0.0	0.0	7642.0
200	2658.3333333333335	0.0	0.0	10032.0
210	2670.8333333333335	0.0	0.0	8782.0
220	2823.8333333333335	0.0	0.0	7709.0
230	2353.0	0.0	0.0	13713.0
240	2495.0	0.0	0.0	8679.0
250	2853.0	0.0	0.0	11864.0
260	3144.0	0.0	0.0	9330.0
270	2861.8333333333335	0.0	0.0	10319.0
280	3098.5	0.0	0.0	10100.0
290	2892.8333333333335	0.0	0.0	11862.0
300	3156.6666666666665	0.0	0.0	10722.0
310	2920.6666666666665	0.0	0.0	8212.0
320	2923.5	0.0	0.0	8139.0
330	3018.5	0.0	0.0	11221.0
340	3202.3333333333335	0.0	0.0	13406.0
350	3207.5	0.0	0.0	10386.0
360	3045.8333333333335	0.0	0.0	12890.0
370	3495.0	0.0	0.0	10108.0
380	3405.6666666666665	0.0	0.0	11687.0
390	3366.8333333333335	0.0	0.0	10901.0
400	3785.3333333333335	0.0	0.0	12538.0
410	3004.1666666666665	0.0	0.0	9740.0
420	3800.6666666666665	0.0	0.0	8591.0
430	3149.3333333333335	0.0	0.0	10872.0
440	3938.8333333333335	0.0	0.0	13399.0
450	3515.3333333333335	0.0	0.0	7708.0
460	3450.1666666666665	0.0	0.0	9324.0
470	4020.0	0.0	0.0	11714.0
480	3590.8333333333335	0.0	0.0	9578.0
490	3748.8333333333335	0.0	0.0	15247.0
500	4031.0	0.0	0.0	10581.0
510	3807.1666666666665	0.0	0.0	14125.0
520	3534.1666666666665	0.0	0.0	13270.0
530	3721.5	0.0	0.0	11325.0
540	3929.3333333333335	0.0	0.0	11091.0
550	3972.5	0.0	0.0	10693.0
560	3652.5	0.0	0.0	9228.0
570	3024.5	0.0	0.0	9192.0
580	3546.8333333333335	0.0	0.0	11785.0
590	3408.5	0.0	0.0	9693.0
600	4004.8333333333335	0.0	0.0	10068.0
610	3940.0	0.0	0.0	11224.0
620	3540.0	0.0	0.0	9082.0
630	3700.8333333333335	0.0	0.0	11459.0
640	3579.1666666666665	0.0	0.0	9876.0
650	3730.3333333333335	0.0	0.0	10939.0
660	3765.5	0.0	0.0	9648.0
670	3911.1666666666665	0.0	0.0	9598.0
680	3946.5	0.0	0.0	8617.0
690	3826.0	0.0	0.0	7433.0
700	3833.1666666666665	0.0	0.0	13416.0
710	3984.8333333333335	0.0	0.0	11509.0
720	3804.3333333333335	0.0	0.0	10075.0
730	3751.3333333333335	0.0	0.0	11858.0
740	3525.1666666666665	0.0	0.0	10580.0
750	3584.0	0.0	0.0	11241.0
760	3936.1666666666665	0.0	0.0	9421.0
770	3998.5	0.0	0.0	10189.0
780	3577.3333333333335	0.0	0.0	8672.0
790	3833.3333333333335	0.0	0.0	12422.0
800	3637.5	0.0	0.0	11710.0
