0	2223.3333333333335	0.0	0.0	0.0
10	2137.0	83.0	94.0	7733.0
20	2249.0	86.0	106.0	12134.0
30	2319.1666666666665	133.0	182.0	10169.0
40	2421.8333333333335	136.0	174.0	10386.0
50	2376.6666666666665	133.0	159.0	8493.0
60	2522.0	186.0	196.0	8904.0
70	2341.1666666666665	162.0	212.0	15481.0
80	2370.1666666666665	81.0	91.0	9120.0
90	2478.6666666666665	0.0	0.0	9762.0
100	2791.0	0.0	0.0	7755.0
110	2758.0	0.0	0.0	9193.0
120	2455.1666666666665	0.0	0.0	7616.0
130	2312.5	0.0	0.0	9737.0
140	2503.3333333333335	0.0	0.0	7187.0
150	2448.1666666666665	0.0	0.0	9384.0
160	2459.1666666666665	0.0	0.0	6661.0
170	2572.6666666666665	0.0	0.0	8878.0
180	2524.1666666666665	0.0	0.0	10588.0
190	2428.5	0.0	0.0	7022.0
200	2423.1666666666665	0.0	0.0	9828.0
210	2463.1666666666665	0.0	0.0	9448.0
220	2923.5	0.0	0.0	11646.0
230	2584.0	0.0	0.0	12115.0
240	2442.6666666666665	0.0	0.0	8974.0
250	3027.1666666666665	0.0	0.0	7640.0
260	2788.1666666666665	0.0	0.0	8123.0
270	2990.3333333333335	0.0	0.0	8092.0
280	3157.5	0.0	0.0	9684.0
290	3132.3333333333335	0.0	0.0	7166.0
300	3100.1666666666665	0.0	0.0	8774.0
310	2556.5	0.0	0.0	10747.0
320	2801.1666666666665	0.0	0.0	10561.0
330	3077.1666666666665	0.0	0.0	7007.0
340	3375.1666666666665	0.0	0.0	5525.0
350	3436.5	0.0	0.0	9264.0
360	3224.6666666666665	0.0	0.0	10188.0
370	3766.3333333333335	0.0	0.0	8093.0
380	3271.3333333333335	0.0	0.0	9970.0
390	3185.6666666666665	0.0	0.0	10989.0
400	3106.1666666666665	0.0	0.0	10126.0
410	3717.1666666666665	0.0	0.0	10265.0
420	3515.5	0.0	0.0	10096.0
430	3481.8333333333335	0.0	0.0	13658.0
440	3319.1666666666665	0.0	0.0	9289.0
450	3468.1666666666665	0.0	0.0	7245.0
460	3914.3333333333335	0.0	0.0	9465.0
470	3322.0	0.0	0.0	7925.0
480	3535.0	0.0	0.0	9151.0
490	3642.5	0.0	0.0	9349.0
500	3460.3333333333335	0.0	0.0	8586.0
510	3339.1666666666665	0.0	0.0	7999.0
520	3909.5	0.0	0.0	11255.0
530	3448.8333333333335	0.0	0.0	9281.0
540	3223.6666666666665	0.0	0.0	11922.0
550	3570.3333333333335	0.0	0.0	13660.0
560	3421.8333333333335	0.0	0.0	11108.0
570	3662.6666666666665	0.0	0.0	8126.0
580	3759.6666666666665	0.0	0.0	10280.0
590	3747.0	0.0	0.0	9432.0
600	3358.0	0.0	0.0	12279.0
610	3534.1666666666665	0.0	0.0	10173.0
620	3525.3333333333335	0.0	0.0	11381.0
630	3618.6666666666665	0.0	0.0	10820.0
640	3600.5	0.0	0.0	13462.0
650	3943.5	0.0	0.0	11072.0
660	3593.3333333333335	0.0	0.0	11646.0
670	3645.0	0.0	0.0	6235.0
680	3581.6666666666665	0.0	0.0	9876.0
690	3677.1666666666665	0.0	0.0	10729.0
700	3449.1666666666665	0.0	0.0	8754.0
710	4020.3333333333335	0.0	0.0	13794.0
720	3571.3333333333335	0.0	0.0	9302.0
730	3728.1666666666665	0.0	0.0	11548.0
740	3703.6666666666665	0.0	0.0	7929.0
750	3284.8333333333335	0.0	0.0	9587.0
760	2965.6666666666665	0.0	0.0	10790.0
770	3427.5	0.0	0.0	7766.0
780	3905.5	0.0	0.0	12519.0
790	3963.6666666666665	0.0	0.0	9544.0
800	3820.5	0.0	0.0	12134.0
