0	2206.8333333333335	0.0	0.0	0.0
10	2216.3333333333335	33.0	53.0	6823.0
20	2364.0	28.0	32.0	7907.0
30	2320.6666666666665	80.0	94.0	9886.0
40	2345.3333333333335	71.0	80.0	10349.0
50	2574.5	335.0	377.0	13011.0
60	2319.0	352.0	381.0	12945.0
70	2580.1666666666665	46.0	52.0	7207.0
80	2611.1666666666665	55.0	58.0	9370.0
90	2718.8333333333335	0.0	0.0	7145.0
100	2165.0	0.0	0.0	9468.0
110	2456.1666666666665	0.0	0.0	7043.0
120	2412.8333333333335	0.0	0.0	7446.0
130	2103.3333333333335	0.0	0.0	7820.0
140	2397.1666666666665	0.0	0.0	6961.0
150	1990.8333333333333	0.0	0.0	8648.0
160	2369.1666666666665	0.0	0.0	7087.0
170	2437.0	0.0	0.0	7655.0
180	2594.8333333333335	0.0	0.0	6463.0
190	2921.5	0.0	0.0	10384.0
200	2697.5	0.0	0.0	9386.0
210	2648.1666666666665	0.0	0.0	7784.0
220	2511.8333333333335	0.0	0.0	6152.0
230	2830.1666666666665	0.0	0.0	7256.0
240	2816.5	0.0	0.0	11779.0
250	3125.5	0.0	0.0	8834.0
260	3284.3333333333335	0.0	0.0	8391.0
270	3576.8333333333335	0.0	0.0	8588.0
280	3253.8333333333335	0.0	0.0	8884.0
290	3479.5	0.0	0.0	12378.0
300	3701.8333333333335	0.0	0.0	8196.0
310	3516.0	0.0	0.0	12885.0
320	3122.3333333333335	0.0	0.0	12624.0
330	3475.1666666666665	0.0	0.0	9171.0
340	3074.6666666666665	0.0	0.0	11426.0
350	2946.0	0.0	0.0	10993.0
360	3357.8333333333335	0.0	0.0	10893.0
370	3261.1666666666665	0.0	0.0	11855.0
380	3636.1666666666665	0.0	0.0	10844.0
390	3249.1666666666665	0.0	0.0	11629.0
400	3225.6666666666665	0.0	0.0	12118.0
410	3874.1666666666665	0.0	0.0	11568.0
420	2989.1666666666665	0.0	0.0	9914.0
430	3234.3333333333335	0.0	0.0	8645.0
440	4128.5	0.0	0.0	10129.0
450	3309.3333333333335	0.0	0.0	10335.0
460	3699.0	0.0	0.0	10498.0
470	3865.6666666666665	0.0	0.0	11340.0
480	3630.3333333333335	0.0	0.0	10208.0
490	4003.5	0.0	0.0	8880.0
500	3655.0	0.0	0.0	10837.0
510	3501.0	0.0	0.0	8446.0
520	3499.1666666666665	0.0	0.0	10317.0
530	3022.0	0.0	0.0	8897.0
540	4040.5	0.0	0.0	10748.0
550	3169.3333333333335	0.0	0.0	12273.0
560	3650.5	0.0	0.0	12316.0
570	3386.8333333333335	0.0	0.0	10265.0
580	3940.1666666666665	0.0	0.0	12777.0
590	3542.5	0.0	0.0	10644.0
600	3659.5	0.0	0.0	11811.0
610	3664.3333333333335	0.0	0.0	10678.0
620	3945.1666666666665	0.0	0.0	12806.0
630	3718.0	0.0	0.0	8374.0
640	3668.8333333333335	0.0	0.0	10272.0
650	3661.6666666666665	0.0	0.0	10229.0
660	3901.8333333333335	0.0	0.0	12543.0
670	3701.0	0.0	0.0	9152.0
680	3467.0	0.0	0.0	7607.0
690	3777.8333333333335	0.0	0.0	10352.0
700	3877.1666666666665	0.0	0.0	9106.0
710	3723.8333333333335	0.0	0.0	9958.0
720	3693.1666666666665	0.0	0.0	12509.0
730	3514.0	0.0	0.0	9376.0
740	3573.5	0.0	0.0	12340.0
750	3883.3333333333335	0.0	0.0	11417.0
760	3686.6666666666665	0.0	0.0	13460.0
770	3804.3333333333335	0.0	0.0	10379.0
780	3755.5	0.0	0.0	8748.0
790	3725.8333333333335	0.0	0.0	7767.0
800	3895.3333333333335	0.0	0.0	13490.0
