0	2276.25	0.0	0.0	0.0
10	1857.75	24.0	10627.0	10627.0
20	2477.5	61.0	13669.0	13669.0
30	2567.25	43.0	10922.0	10922.0
40	2272.25	1.0	6086.0	6086.0
50	2672.0	24.0	9226.0	9226.0
60	2487.25	42.0	10340.0	10340.0
70	2274.25	9.0	9392.0	9392.0
80	2379.75	5.0	9847.0	9847.0
90	2560.75	3.0	6792.0	6792.0
100	2465.5	29.0	12826.0	12826.0
110	2584.0	14.0	10009.0	10009.0
120	2554.5	19.0	11753.0	11753.0
130	2139.75	8.0	11453.0	11453.0
140	2308.0	11.0	11560.0	11560.0
150	2899.75	4.0	10650.0	10650.0
160	2883.5	9.0	11765.0	11765.0
170	2988.75	4.0	11266.0	11266.0
180	2651.5	3.0	12383.0	12383.0
190	3046.0	6.0	14026.0	14026.0
200	3203.25	5.0	6259.0	6259.0
210	3104.5	7.0	9965.0	9965.0
220	3386.0	10.0	11813.0	11813.0
230	3342.0	12.0	9754.0	9754.0
240	3330.0	4.0	11928.0	11928.0
250	3772.25	6.0	6624.0	6624.0
260	2878.0	7.0	9388.0	9388.0
270	3359.0	7.0	10800.0	10800.0
280	3619.5	7.0	11139.0	11139.0
290	3199.75	11.0	11913.0	11913.0
300	3146.25	6.0	11421.0	11421.0
310	3462.75	1.0	9258.0	9258.0
320	3651.75	15.0	9605.0	9605.0
330	3504.75	6.0	10355.0	10355.0
340	2532.0	5.0	11318.0	11318.0
350	3676.5	7.0	10353.0	10353.0
360	3457.5	10.0	11200.0	11200.0
370	3881.0	7.0	12835.0	12835.0
380	3885.0	10.0	14796.0	14796.0
390	3655.0	12.0	10140.0	10140.0
400	3048.25	7.0	10337.0	10337.0
410	4230.0	5.0	11867.0	11867.0
420	4133.5	5.0	11773.0	11773.0
430	3639.75	2.0	7623.0	7623.0
440	3598.25	2.0	10016.0	10016.0
450	3396.25	6.0	9573.0	9573.0
460	3728.75	7.0	10145.0	10145.0
470	3595.75	6.0	10873.0	10873.0
480	3250.25	10.0	7906.0	7906.0
490	3672.25	7.0	11423.0	11423.0
500	3473.5	6.0	11149.0	11149.0
510	3984.25	5.0	13101.0	13101.0
520	3761.25	7.0	9888.0	9888.0
530	3899.25	6.0	10952.0	10952.0
540	3529.75	9.0	14412.0	14412.0
550	3372.75	7.0	11138.0	11138.0
560	3592.0	15.0	12553.0	12553.0
570	3967.0	5.0	8846.0	8846.0
580	3482.75	10.0	10993.0	10993.0
590	3838.75	12.0	12924.0	12924.0
600	3234.75	8.0	12294.0	12294.0
610	3751.0	13.0	11422.0	11422.0
620	3958.0	4.0	11909.0	11909.0
630	3662.75	6.0	10175.0	10175.0
640	3688.0	10.0	10082.0	10082.0
650	3683.25	11.0	12275.0	12275.0
660	3632.5	6.0	9783.0	9783.0
670	3364.25	7.0	11221.0	11221.0
680	4035.75	5.0	10869.0	10869.0
690	4046.75	2.0	10474.0	10474.0
700	3714.0	12.0	11641.0	11641.0
710	3759.75	7.0	9152.0	9152.0
720	3745.25	8.0	12881.0	12881.0
730	3765.0	8.0	12399.0	12399.0
740	3599.5	10.0	12469.0	12469.0
750	3446.5	6.0	8738.0	8738.0
760	3563.5	4.0	13044.0	13044.0
770	3524.25	6.0	11551.0	11551.0
780	3636.5	10.0	9299.0	9299.0
790	3959.25	4.0	13264.0	13264.0
800	3607.5	7.0	9301.0	9301.0
