0	2650.3333333333335	0.0	0.0	0.0
10	2654.6666666666665	619.0	4293.0	11631.0
20	2541.6666666666665	381.0	2000.0	9953.0
30	2344.5	0.0	0.0	8767.0
40	2403.1666666666665	0.0	0.0	9288.0
50	2477.3333333333335	0.0	0.0	8763.0
60	2445.6666666666665	0.0	0.0	8282.0
70	2323.0	0.0	0.0	10527.0
80	2701.3333333333335	0.0	0.0	10002.0
90	2764.6666666666665	0.0	0.0	6768.0
100	2721.3333333333335	0.0	0.0	9688.0
110	2729.3333333333335	0.0	0.0	9462.0
120	2590.6666666666665	0.0	0.0	11404.0
130	2566.8333333333335	0.0	0.0	11389.0
140	3337.1666666666665	0.0	0.0	10241.0
150	3197.8333333333335	0.0	0.0	8425.0
160	2659.0	0.0	0.0	10268.0
170	3064.3333333333335	0.0	0.0	8685.0
180	3031.6666666666665	0.0	0.0	12153.0
190	3090.0	0.0	0.0	10529.0
200	3521.5	0.0	0.0	9654.0
210	3322.6666666666665	0.0	0.0	9658.0
220	3719.8333333333335	0.0	0.0	12546.0
230	3278.6666666666665	0.0	0.0	11574.0
240	3443.3333333333335	0.0	0.0	10327.0
250	3478.5	0.0	0.0	8261.0
260	3497.3333333333335	0.0	0.0	6515.0
270	3647.5	0.0	0.0	9455.0
280	3426.6666666666665	0.0	0.0	8445.0
290	3070.1666666666665	0.0	0.0	13968.0
300	3358.0	0.0	0.0	9094.0
310	3246.3333333333335	0.0	0.0	9899.0
320	3718.5	0.0	0.0	9470.0
330	3594.1666666666665	0.0	0.0	10879.0
340	3361.8333333333335	0.0	0.0	9795.0
350	3108.1666666666665	0.0	0.0	11093.0
360	3056.1666666666665	0.0	0.0	9546.0
370	3145.8333333333335	0.0	0.0	10089.0
380	3607.0	0.0	0.0	11050.0
390	3384.5	0.0	0.0	10663.0
400	3302.1666666666665	0.0	0.0	9240.0
410	3759.6666666666665	0.0	0.0	10115.0
420	3550.0	0.0	0.0	9722.0
430	3461.3333333333335	0.0	0.0	13484.0
440	3336.1666666666665	0.0	0.0	10201.0
450	3745.6666666666665	0.0	0.0	11560.0
460	3625.1666666666665	0.0	0.0	6858.0
470	4081.1666666666665	0.0	0.0	8715.0
480	3674.0	0.0	0.0	9086.0
490	3593.3333333333335	0.0	0.0	10217.0
500	3580.8333333333335	0.0	0.0	10340.0
510	3930.0	0.0	0.0	11869.0
520	2883.8333333333335	0.0	0.0	9988.0
530	3761.1666666666665	0.0	0.0	10492.0
540	3977.8333333333335	0.0	0.0	7377.0
550	3578.6666666666665	0.0	0.0	12267.0
560	3645.6666666666665	0.0	0.0	9067.0
570	3674.8333333333335	0.0	0.0	12598.0
580	3878.0	0.0	0.0	11361.0
590	3596.8333333333335	0.0	0.0	11262.0
600	3826.5	0.0	0.0	11768.0
610	3856.1666666666665	0.0	0.0	8843.0
620	4064.0	0.0	0.0	8349.0
630	3522.5	0.0	0.0	10527.0
640	3555.0	0.0	0.0	8568.0
650	3855.5	0.0	0.0	12997.0
660	3772.8333333333335	0.0	0.0	11289.0
670	3708.1666666666665	0.0	0.0	8405.0
680	3886.8333333333335	0.0	0.0	12482.0
690	3962.3333333333335	0.0	0.0	10462.0
700	3625.6666666666665	0.0	0.0	12130.0
710	3886.5	0.0	0.0	8831.0
720	4109.0	0.0	0.0	10312.0
730	4060.1666666666665	0.0	0.0	11604.0
740	3822.6666666666665	0.0	0.0	10783.0
750	3771.3333333333335	0.0	0.0	9982.0
760	3692.0	0.0	0.0	12425.0
770	3886.8333333333335	0.0	0.0	10026.0
780	3808.3333333333335	0.0	0.0	10278.0
790	3578.3333333333335	0.0	0.0	10175.0
800	3868.8333333333335	0.0	0.0	10854.0
