0	2560.6666666666665	0.0	0.0	0.0
10	2906.1666666666665	0.0	949.0	6254.0
20	2436.6666666666665	32.0	1400.0	9375.0
30	2616.3333333333335	37.0	1242.0	10442.0
40	2499.3333333333335	11.0	1713.0	12960.0
50	2810.1666666666665	17.0	923.0	6597.0
60	2372.0	73.0	1591.0	12014.0
70	2689.6666666666665	86.0	1034.0	7686.0
80	2690.3333333333335	111.0	1790.0	12412.0
90	3007.0	59.0	1752.0	13595.0
100	2831.1666666666665	12.0	1348.0	12127.0
110	2895.8333333333335	5.0	1018.0	8025.0
120	3336.0	16.0	1645.0	12781.0
130	3025.0	0.0	1613.0	11667.0
140	2941.3333333333335	35.0	1068.0	7862.0
150	3433.1666666666665	0.0	1125.0	8833.0
160	3135.6666666666665	0.0	1616.0	11995.0
170	3505.3333333333335	0.0	1321.0	9933.0
180	3472.6666666666665	0.0	1233.0	9799.0
190	3652.6666666666665	0.0	1194.0	9542.0
200	3454.8333333333335	0.0	1362.0	10464.0
210	3106.6666666666665	0.0	1219.0	8776.0
220	3517.5	0.0	1418.0	9630.0
230	3260.8333333333335	0.0	1593.0	11381.0
240	3118.6666666666665	0.0	1429.0	9219.0
250	3623.1666666666665	0.0	1721.0	12468.0
260	3685.8333333333335	0.0	1446.0	9539.0
270	3125.8333333333335	0.0	1510.0	8996.0
280	3415.1666666666665	0.0	1531.0	9205.0
290	3259.6666666666665	0.0	1503.0	10694.0
300	3506.6666666666665	0.0	1803.0	12319.0
310	3715.0	0.0	2064.0	13840.0
320	3823.6666666666665	0.0	1412.0	8690.0
330	3524.0	0.0	1245.0	7791.0
340	3421.6666666666665	0.0	1413.0	8180.0
350	3675.5	0.0	1468.0	10117.0
360	3610.3333333333335	0.0	1402.0	8195.0
370	3607.6666666666665	0.0	1125.0	8424.0
380	3923.3333333333335	0.0	1534.0	11478.0
390	3854.1666666666665	0.0	1235.0	8993.0
400	3713.6666666666665	0.0	1552.0	11953.0
410	3465.6666666666665	0.0	1468.0	10399.0
420	3697.6666666666665	0.0	1379.0	10102.0
430	3989.3333333333335	0.0	1598.0	10531.0
440	3846.1666666666665	0.0	1649.0	10556.0
450	3637.3333333333335	0.0	1004.0	7509.0
460	3782.6666666666665	0.0	1516.0	9647.0
470	3961.5	0.0	1421.0	10331.0
480	4063.1666666666665	0.0	1889.0	12446.0
490	3523.1666666666665	0.0	1301.0	8438.0
500	3620.6666666666665	0.0	1359.0	9963.0
510	3625.8333333333335	0.0	1323.0	8941.0
520	4009.8333333333335	0.0	1342.0	8177.0
530	3774.1666666666665	0.0	1891.0	12500.0
540	3803.1666666666665	0.0	1395.0	9136.0
550	3544.6666666666665	0.0	1597.0	10917.0
560	3700.6666666666665	0.0	1333.0	8198.0
570	3813.6666666666665	0.0	1205.0	7916.0
580	3877.1666666666665	0.0	1509.0	10378.0
590	3484.6666666666665	0.0	1271.0	9470.0
600	3742.1666666666665	0.0	1285.0	8515.0
610	3745.5	0.0	1664.0	10224.0
620	3747.6666666666665	0.0	1333.0	9599.0
630	3550.6666666666665	0.0	1912.0	10905.0
640	4197.5	0.0	1239.0	9076.0
650	3907.3333333333335	0.0	1507.0	11633.0
660	3947.0	0.0	1826.0	11336.0
670	3424.8333333333335	0.0	1298.0	7775.0
680	3509.1666666666665	0.0	1817.0	11794.0
690	3790.5	0.0	1433.0	9700.0
700	3746.3333333333335	0.0	1406.0	12046.0
710	4059.5	0.0	1456.0	10417.0
720	3539.3333333333335	0.0	1313.0	9339.0
730	3542.6666666666665	0.0	1719.0	12481.0
740	3499.5	0.0	1713.0	11480.0
750	3867.3333333333335	0.0	1117.0	6429.0
760	3714.1666666666665	0.0	1717.0	9764.0
770	3661.6666666666665	0.0	1501.0	10383.0
780	3573.8333333333335	0.0	1766.0	11803.0
790	3572.8333333333335	0.0	1803.0	11694.0
800	3501.3333333333335	0.0	1439.0	8982.0
