0	2418.3333333333335	0.0	0.0	0.0
10	2466.5	1000.0	1000.0	9426.0
20	2281.3333333333335	0.0	0.0	11563.0
30	3097.1666666666665	0.0	0.0	7950.0
40	2515.6666666666665	0.0	0.0	9604.0
50	2590.8333333333335	0.0	0.0	11027.0
60	2650.8333333333335	0.0	0.0	7942.0
70	2849.0	0.0	0.0	10799.0
80	3109.5	0.0	0.0	14735.0
90	3589.0	0.0	0.0	9118.0
100	3252.8333333333335	0.0	0.0	11303.0
110	3347.0	0.0	0.0	7514.0
120	3316.6666666666665	0.0	0.0	8508.0
130	3157.1666666666665	0.0	0.0	9713.0
140	3505.6666666666665	0.0	0.0	9977.0
150	3509.3333333333335	0.0	0.0	8907.0
160	3148.1666666666665	0.0	0.0	11857.0
170	3235.5	0.0	0.0	9921.0
180	3380.0	0.0	0.0	8541.0
190	3719.8333333333335	0.0	0.0	12172.0
200	3317.1666666666665	0.0	0.0	10202.0
210	3422.8333333333335	0.0	0.0	8357.0
220	3346.3333333333335	0.0	0.0	9512.0
230	3276.8333333333335	0.0	0.0	13807.0
240	3498.8333333333335	0.0	0.0	7469.0
250	3692.1666666666665	0.0	0.0	10843.0
260	3875.0	0.0	0.0	10993.0
270	3580.8333333333335	0.0	0.0	11806.0
280	3640.8333333333335	0.0	0.0	9290.0
290	3494.5	0.0	0.0	10308.0
300	3493.8333333333335	0.0	0.0	10168.0
310	3180.8333333333335	0.0	0.0	11898.0
320	3587.6666666666665	0.0	0.0	11643.0
330	3665.8333333333335	0.0	0.0	9031.0
340	3559.3333333333335	0.0	0.0	11654.0
350	3077.6666666666665	0.0	0.0	11399.0
360	3561.6666666666665	0.0	0.0	10889.0
370	3702.3333333333335	0.0	0.0	10668.0
380	3288.3333333333335	0.0	0.0	8929.0
390	3437.1666666666665	0.0	0.0	10903.0
400	3922.1666666666665	0.0	0.0	8121.0
410	3457.6666666666665	0.0	0.0	9058.0
420	3488.5	0.0	0.0	10569.0
430	3741.5	0.0	0.0	9959.0
440	3758.8333333333335	0.0	0.0	8553.0
450	3907.3333333333335	0.0	0.0	9173.0
460	3610.8333333333335	0.0	0.0	10153.0
470	3519.5	0.0	0.0	8965.0
480	3817.3333333333335	0.0	0.0	8478.0
490	3327.5	0.0	0.0	10932.0
500	3761.5	0.0	0.0	11940.0
510	4010.3333333333335	0.0	0.0	9213.0
520	3609.1666666666665	0.0	0.0	11910.0
530	3817.1666666666665	0.0	0.0	10928.0
540	3923.0	0.0	0.0	12575.0
550	3774.6666666666665	0.0	0.0	8189.0
560	3739.1666666666665	0.0	0.0	11771.0
570	3792.6666666666665	0.0	0.0	10149.0
580	3837.1666666666665	0.0	0.0	8929.0
590	3995.1666666666665	0.0	0.0	6848.0
600	3544.8333333333335	0.0	0.0	12905.0
