0	2654.5	0.0	0.0	0.0
10	2407.6666666666665	1000.0	1000.0	9151.0
20	2630.3333333333335	0.0	0.0	9001.0
30	2775.5	0.0	0.0	7619.0
40	2474.0	0.0	0.0	13344.0
50	2645.8333333333335	0.0	0.0	9361.0
60	2744.8333333333335	0.0	0.0	9833.0
70	2725.0	0.0	0.0	8950.0
80	2678.0	0.0	0.0	10839.0
90	3128.3333333333335	0.0	0.0	8570.0
100	3177.0	0.0	0.0	7583.0
110	3263.5	0.0	0.0	11826.0
120	2764.3333333333335	0.0	0.0	10609.0
130	3428.3333333333335	0.0	0.0	11761.0
140	3423.1666666666665	0.0	0.0	6882.0
150	3284.1666666666665	0.0	0.0	13570.0
160	3508.1666666666665	0.0	0.0	9835.0
170	3506.5	0.0	0.0	10267.0
180	4070.3333333333335	0.0	0.0	6518.0
190	3280.3333333333335	0.0	0.0	11325.0
200	3373.1666666666665	0.0	0.0	10827.0
210	3676.3333333333335	0.0	0.0	8684.0
220	3253.8333333333335	0.0	0.0	9465.0
230	3094.1666666666665	0.0	0.0	7369.0
240	3521.5	0.0	0.0	10571.0
250	3072.0	0.0	0.0	10549.0
260	3591.0	0.0	0.0	10174.0
270	3490.1666666666665	0.0	0.0	8558.0
280	3237.0	0.0	0.0	7371.0
290	3103.3333333333335	0.0	0.0	10488.0
300	3522.3333333333335	0.0	0.0	9800.0
310	3381.3333333333335	0.0	0.0	11275.0
320	3270.1666666666665	0.0	0.0	12559.0
330	3312.6666666666665	0.0	0.0	10520.0
340	3609.5	0.0	0.0	10631.0
350	3496.3333333333335	0.0	0.0	9624.0
360	3764.6666666666665	0.0	0.0	11647.0
370	3413.8333333333335	0.0	0.0	10194.0
380	3938.8333333333335	0.0	0.0	11352.0
390	3647.8333333333335	0.0	0.0	8136.0
400	3869.6666666666665	0.0	0.0	10893.0
410	3861.8333333333335	0.0	0.0	13625.0
420	3804.3333333333335	0.0	0.0	9205.0
430	3467.0	0.0	0.0	8613.0
440	3876.5	0.0	0.0	8576.0
450	3938.6666666666665	0.0	0.0	11362.0
460	3875.8333333333335	0.0	0.0	11721.0
470	3749.8333333333335	0.0	0.0	9329.0
480	3943.8333333333335	0.0	0.0	7875.0
490	3668.3333333333335	0.0	0.0	10363.0
500	3895.5	0.0	0.0	10163.0
510	3596.3333333333335	0.0	0.0	12757.0
520	3920.8333333333335	0.0	0.0	8577.0
530	4088.3333333333335	0.0	0.0	12665.0
540	3628.6666666666665	0.0	0.0	12445.0
550	4167.833333333333	0.0	0.0	8203.0
560	3860.5	0.0	0.0	9467.0
570	3659.6666666666665	0.0	0.0	11137.0
580	3753.0	0.0	0.0	7718.0
590	3581.6666666666665	0.0	0.0	10733.0
600	3904.0	0.0	0.0	10939.0
