0	2220.0	0.0	0.0	0.0
10	2172.0	55.0	4338.0	8935.0
20	2123.5	21.0	5128.0	11146.0
30	2447.6666666666665	46.0	4678.0	9742.0
40	2256.6666666666665	32.0	3490.0	7694.0
50	2485.0	45.0	5170.0	10538.0
60	2626.8333333333335	47.0	4644.0	9957.0
70	2724.1666666666665	53.0	5503.0	10958.0
80	2621.5	43.0	7020.0	13948.0
90	2728.6666666666665	6.0	4476.0	9460.0
100	2237.3333333333335	27.0	3307.0	6804.0
110	2402.3333333333335	89.0	4278.0	8752.0
120	2460.8333333333335	21.0	4213.0	8938.0
130	2453.5	26.0	3628.0	7761.0
140	2753.3333333333335	8.0	3986.0	7762.0
150	2704.6666666666665	11.0	4080.0	8307.0
160	2614.1666666666665	15.0	4025.0	8359.0
170	2166.8333333333335	20.0	6389.0	12819.0
180	2802.1666666666665	10.0	3227.0	6806.0
190	2416.3333333333335	12.0	6016.0	11781.0
200	2492.8333333333335	29.0	5118.0	10116.0
210	2830.0	8.0	6317.0	12215.0
220	3255.3333333333335	3.0	4227.0	8328.0
230	3281.3333333333335	1.0	3671.0	7205.0
240	2774.5	14.0	7258.0	13928.0
250	3213.0	12.0	5428.0	10662.0
260	3149.3333333333335	1.0	5147.0	9936.0
270	3041.1666666666665	12.0	5754.0	11406.0
280	3622.8333333333335	6.0	3026.0	5729.0
290	3321.5	5.0	5382.0	10102.0
300	3295.1666666666665	4.0	6139.0	11971.0
310	2970.5	1.0	4493.0	8614.0
320	3779.0	4.0	5848.0	11642.0
330	3317.1666666666665	2.0	5444.0	10952.0
340	3741.6666666666665	2.0	7991.0	15388.0
350	3646.5	3.0	4915.0	9855.0
360	3423.1666666666665	7.0	6889.0	13735.0
370	3753.6666666666665	4.0	5343.0	10590.0
380	3200.6666666666665	4.0	5155.0	10246.0
390	4062.0	1.0	5430.0	10149.0
400	3631.5	4.0	6152.0	11754.0
410	3511.5	1.0	6746.0	12984.0
420	3667.6666666666665	0.0	4736.0	9108.0
430	3987.6666666666665	1.0	5922.0	11646.0
440	3504.8333333333335	0.0	4118.0	8335.0
450	3447.6666666666665	2.0	5218.0	9900.0
460	3770.8333333333335	4.0	5872.0	10869.0
470	3926.3333333333335	0.0	5215.0	9777.0
480	3658.3333333333335	1.0	4330.0	8395.0
490	3641.5	3.0	6626.0	12973.0
500	3103.8333333333335	3.0	5446.0	10865.0
510	3686.5	0.0	3985.0	7588.0
520	3841.6666666666665	0.0	4044.0	7508.0
530	3863.6666666666665	2.0	5938.0	11450.0
540	4027.0	3.0	5460.0	10539.0
550	3378.3333333333335	1.0	4321.0	8155.0
560	3683.3333333333335	0.0	5143.0	10219.0
570	3984.0	1.0	4252.0	8482.0
580	3699.6666666666665	1.0	5326.0	10083.0
590	3603.3333333333335	0.0	3632.0	7235.0
600	3860.8333333333335	4.0	4746.0	9360.0
610	3646.0	2.0	5440.0	10722.0
620	3748.5	0.0	5823.0	11152.0
630	3706.3333333333335	2.0	6373.0	12473.0
640	3273.8333333333335	0.0	5611.0	11458.0
650	3983.5	3.0	5439.0	10524.0
660	4022.5	2.0	5854.0	11874.0
670	3576.6666666666665	4.0	4908.0	9175.0
680	4152.666666666667	2.0	6073.0	12041.0
690	3522.3333333333335	1.0	3986.0	7825.0
700	3688.8333333333335	0.0	5064.0	9828.0
710	3610.5	1.0	5681.0	11204.0
720	3592.6666666666665	0.0	4797.0	9447.0
730	4003.6666666666665	3.0	5334.0	10226.0
740	4038.5	0.0	5787.0	11407.0
750	3968.8333333333335	0.0	4677.0	8831.0
760	3698.3333333333335	5.0	5981.0	11182.0
770	3848.0	0.0	4684.0	8862.0
780	3756.0	2.0	4537.0	8795.0
790	3785.6666666666665	2.0	4065.0	7536.0
800	3758.5	2.0	5680.0	11154.0
