0	2562.5	0.0	0.0	0.0
10	2407.0	115.0	156.0	8176.0
20	2393.3333333333335	76.0	92.0	6121.0
30	2600.8333333333335	19.0	21.0	5615.0
40	2784.3333333333335	93.0	96.0	8098.0
50	2976.0	50.0	69.0	7148.0
60	3041.3333333333335	82.0	106.0	12262.0
70	2415.6666666666665	45.0	78.0	9206.0
80	3000.5	93.0	110.0	9164.0
90	2896.1666666666665	45.0	47.0	8055.0
100	2976.8333333333335	145.0	171.0	7189.0
110	3128.0	133.0	164.0	10102.0
120	3163.8333333333335	104.0	110.0	7461.0
130	2846.6666666666665	0.0	0.0	13104.0
140	2967.3333333333335	0.0	0.0	9530.0
150	3200.6666666666665	0.0	0.0	8903.0
160	2950.5	0.0	0.0	12324.0
170	3142.5	0.0	0.0	13124.0
180	2961.6666666666665	0.0	0.0	10334.0
190	3086.5	0.0	0.0	10585.0
200	3275.5	0.0	0.0	8974.0
210	3027.1666666666665	0.0	0.0	7454.0
220	2705.0	0.0	0.0	6970.0
230	3180.8333333333335	0.0	0.0	10109.0
240	3468.1666666666665	0.0	0.0	10272.0
250	3320.1666666666665	0.0	0.0	8661.0
260	3501.0	0.0	0.0	10518.0
270	3601.8333333333335	0.0	0.0	10246.0
280	3532.5	0.0	0.0	12276.0
290	3541.8333333333335	0.0	0.0	10693.0
300	3628.5	0.0	0.0	11737.0
310	3657.5	0.0	0.0	11285.0
320	3935.1666666666665	0.0	0.0	8313.0
330	3592.3333333333335	0.0	0.0	10713.0
340	4008.0	0.0	0.0	8598.0
350	3476.1666666666665	0.0	0.0	9869.0
360	3625.5	0.0	0.0	9565.0
370	3092.3333333333335	0.0	0.0	11175.0
380	3582.8333333333335	0.0	0.0	11567.0
390	3927.5	0.0	0.0	9491.0
400	3318.1666666666665	0.0	0.0	14301.0
410	3273.6666666666665	0.0	0.0	11128.0
420	3436.8333333333335	0.0	0.0	11013.0
430	3503.1666666666665	0.0	0.0	7455.0
440	3534.6666666666665	0.0	0.0	14314.0
450	4086.6666666666665	0.0	0.0	9905.0
460	3384.8333333333335	0.0	0.0	8558.0
470	3699.1666666666665	0.0	0.0	10890.0
480	4023.5	0.0	0.0	11464.0
490	3919.0	0.0	0.0	11390.0
500	3637.3333333333335	0.0	0.0	9091.0
510	3770.5	0.0	0.0	11258.0
520	3719.8333333333335	0.0	0.0	8989.0
530	3253.6666666666665	0.0	0.0	12125.0
540	3862.3333333333335	0.0	0.0	10960.0
550	3305.1666666666665	0.0	0.0	10383.0
560	3826.5	0.0	0.0	12066.0
570	3791.8333333333335	0.0	0.0	12575.0
580	3668.1666666666665	0.0	0.0	8010.0
590	3412.3333333333335	0.0	0.0	10780.0
600	3749.5	0.0	0.0	12006.0
