0	2525.6666666666665	0.0	0.0	0.0
10	2536.6666666666665	1000.0	1000.0	10632.0
20	2829.5	0.0	0.0	8774.0
30	2509.8333333333335	0.0	0.0	11427.0
40	2683.0	0.0	0.0	8789.0
50	2749.0	0.0	0.0	11018.0
60	2706.6666666666665	0.0	0.0	8518.0
70	2987.6666666666665	0.0	0.0	9704.0
80	3214.3333333333335	0.0	0.0	6696.0
90	3193.5	0.0	0.0	9508.0
100	2900.3333333333335	0.0	0.0	8725.0
110	2955.0	0.0	0.0	9642.0
120	3553.3333333333335	0.0	0.0	9360.0
130	2993.0	0.0	0.0	11719.0
140	3543.5	0.0	0.0	8831.0
150	3434.5	0.0	0.0	12539.0
160	3282.3333333333335	0.0	0.0	11036.0
170	3837.5	0.0	0.0	8197.0
180	3331.3333333333335	0.0	0.0	9711.0
190	3321.6666666666665	0.0	0.0	11383.0
200	3282.6666666666665	0.0	0.0	11016.0
210	2808.1666666666665	0.0	0.0	7651.0
220	3237.6666666666665	0.0	0.0	9307.0
230	3847.1666666666665	0.0	0.0	11232.0
240	3886.1666666666665	0.0	0.0	10595.0
250	3666.5	0.0	0.0	10945.0
260	3757.3333333333335	0.0	0.0	9334.0
270	3798.6666666666665	0.0	0.0	10029.0
280	3450.8333333333335	0.0	0.0	9970.0
290	2808.3333333333335	0.0	0.0	11030.0
300	3958.6666666666665	0.0	0.0	7168.0
310	3073.8333333333335	0.0	0.0	11036.0
320	3574.6666666666665	0.0	0.0	10605.0
330	3591.8333333333335	0.0	0.0	9209.0
340	3936.8333333333335	0.0	0.0	10020.0
350	3806.3333333333335	0.0	0.0	9777.0
360	3176.5	0.0	0.0	10090.0
370	3462.6666666666665	0.0	0.0	8347.0
380	4197.5	0.0	0.0	8818.0
390	3832.1666666666665	0.0	0.0	10817.0
400	3626.5	0.0	0.0	12471.0
410	4020.1666666666665	0.0	0.0	11548.0
420	3763.3333333333335	0.0	0.0	11577.0
430	4103.833333333333	0.0	0.0	6745.0
440	4145.5	0.0	0.0	11603.0
450	3582.6666666666665	0.0	0.0	9548.0
460	3741.5	0.0	0.0	8758.0
470	4147.5	0.0	0.0	8705.0
480	3670.5	0.0	0.0	9410.0
490	3976.3333333333335	0.0	0.0	9323.0
500	3798.6666666666665	0.0	0.0	7403.0
510	3514.6666666666665	0.0	0.0	7977.0
520	3790.5	0.0	0.0	9215.0
530	3591.0	0.0	0.0	6852.0
540	3822.6666666666665	0.0	0.0	10552.0
550	3982.5	0.0	0.0	10915.0
560	3947.1666666666665	0.0	0.0	10328.0
570	3753.0	0.0	0.0	12361.0
580	3734.0	0.0	0.0	9361.0
590	3389.5	0.0	0.0	9036.0
600	3990.6666666666665	0.0	0.0	7197.0
