0	2821.8333333333335	0.0	0.0	0.0
10	2612.1666666666665	1000.0	1000.0	8380.0
20	2432.5	0.0	0.0	9974.0
30	2380.1666666666665	0.0	0.0	9689.0
40	2530.3333333333335	0.0	0.0	9714.0
50	3180.1666666666665	0.0	0.0	10100.0
60	2945.1666666666665	0.0	0.0	10006.0
70	2882.6666666666665	0.0	0.0	9661.0
80	3325.1666666666665	0.0	0.0	5268.0
90	3485.8333333333335	0.0	0.0	11659.0
100	3472.6666666666665	0.0	0.0	8606.0
110	3063.3333333333335	0.0	0.0	9172.0
120	3333.6666666666665	0.0	0.0	8668.0
130	3091.3333333333335	0.0	0.0	10029.0
140	3616.6666666666665	0.0	0.0	9187.0
150	3090.0	0.0	0.0	9781.0
160	3391.0	0.0	0.0	9695.0
170	3452.8333333333335	0.0	0.0	10006.0
180	2973.0	0.0	0.0	10217.0
190	3167.8333333333335	0.0	0.0	7872.0
200	3495.0	0.0	0.0	8853.0
210	3662.0	0.0	0.0	10985.0
220	3181.1666666666665	0.0	0.0	9379.0
230	3790.0	0.0	0.0	8300.0
240	3413.1666666666665	0.0	0.0	10981.0
250	3747.6666666666665	0.0	0.0	12250.0
260	3573.1666666666665	0.0	0.0	9788.0
270	3569.6666666666665	0.0	0.0	9268.0
280	3342.3333333333335	0.0	0.0	11193.0
290	4049.6666666666665	0.0	0.0	9821.0
300	3953.5	0.0	0.0	11422.0
310	3795.5	0.0	0.0	7971.0
320	3586.8333333333335	0.0	0.0	10289.0
330	3889.3333333333335	0.0	0.0	9208.0
340	3643.5	0.0	0.0	13430.0
350	3906.5	0.0	0.0	9430.0
360	3682.5	0.0	0.0	13876.0
370	3626.8333333333335	0.0	0.0	10543.0
380	3828.5	0.0	0.0	11200.0
390	4050.5	0.0	0.0	8894.0
400	3797.3333333333335	0.0	0.0	7932.0
410	3639.8333333333335	0.0	0.0	8548.0
420	3647.3333333333335	0.0	0.0	10188.0
430	3643.5	0.0	0.0	12246.0
440	3427.5	0.0	0.0	10068.0
450	3735.8333333333335	0.0	0.0	12161.0
460	3725.6666666666665	0.0	0.0	11746.0
470	3730.0	0.0	0.0	9594.0
480	3803.1666666666665	0.0	0.0	10071.0
490	3719.0	0.0	0.0	10948.0
500	3954.6666666666665	0.0	0.0	10632.0
510	2936.5	0.0	0.0	8973.0
520	3631.3333333333335	0.0	0.0	8870.0
530	3581.0	0.0	0.0	9743.0
540	3879.5	0.0	0.0	10766.0
550	3978.5	0.0	0.0	11705.0
560	3725.0	0.0	0.0	11004.0
570	3894.1666666666665	0.0	0.0	12444.0
580	3611.5	0.0	0.0	11512.0
590	3672.3333333333335	0.0	0.0	11447.0
600	3920.3333333333335	0.0	0.0	9435.0
