0	1766.8333333333333	0.0	0.0	0.0
10	1826.6666666666667	0.0	3129.0	6976.0
20	1790.8333333333333	0.0	2609.0	5857.0
30	1631.1666666666667	0.0	2361.0	4930.0
40	1681.6666666666667	0.0	3119.0	6981.0
50	1698.8333333333333	0.0	2059.0	4479.0
60	1604.3333333333333	0.0	3206.0	7284.0
70	1609.0	0.0	3017.0	6866.0
80	1761.0	0.0	2523.0	5455.0
90	1936.1666666666667	0.0	2318.0	5236.0
100	1686.0	0.0	2004.0	4388.0
110	1665.5	0.0	3540.0	8071.0
120	1727.8333333333333	0.0	2538.0	5600.0
130	1753.3333333333333	0.0	3384.0	7415.0
140	1771.5	0.0	2449.0	5441.0
150	1748.6666666666667	0.0	2992.0	6855.0
160	1826.5	0.0	3700.0	8359.0
170	1868.1666666666667	0.0	2537.0	5659.0
180	1609.6666666666667	0.0	2583.0	5798.0
190	1753.5	0.0	2743.0	6041.0
200	1788.1666666666667	0.0	2885.0	6565.0
210	1776.5	0.0	2744.0	6041.0
220	1693.5	0.0	3039.0	6408.0
230	1756.0	0.0	2905.0	6388.0
240	1659.5	0.0	2676.0	5921.0
250	1544.8333333333333	0.0	3667.0	8048.0
260	1675.3333333333333	0.0	2590.0	6049.0
270	1783.3333333333333	0.0	3240.0	7189.0
280	1569.3333333333333	0.0	2488.0	5836.0
290	1825.1666666666667	0.0	3121.0	7127.0
300	1852.5	0.0	2349.0	5181.0
310	1617.5	0.0	2482.0	5847.0
320	1692.1666666666667	0.0	2488.0	5574.0
330	1705.3333333333333	0.0	1860.0	4317.0
340	1726.3333333333333	0.0	2740.0	6220.0
350	1799.6666666666667	0.0	3696.0	7997.0
360	1805.6666666666667	0.0	2349.0	5129.0
370	1723.3333333333333	0.0	2185.0	4917.0
380	1664.6666666666667	0.0	2713.0	6036.0
390	1665.8333333333333	0.0	2909.0	6174.0
400	1734.3333333333333	0.0	1679.0	4193.0
410	1762.3333333333333	0.0	2156.0	4816.0
420	1674.5	0.0	2624.0	6169.0
430	1768.6666666666667	0.0	2900.0	6301.0
440	1642.5	0.0	2110.0	4805.0
450	1536.3333333333333	0.0	3239.0	7336.0
460	1766.0	0.0	2581.0	5892.0
470	1665.1666666666667	0.0	2754.0	6096.0
480	1652.0	0.0	2075.0	4532.0
490	1756.0	0.0	3685.0	8047.0
500	1746.6666666666667	0.0	2515.0	5538.0
510	1752.3333333333333	0.0	2670.0	6311.0
520	1682.0	0.0	3055.0	6845.0
530	1617.6666666666667	0.0	2377.0	5361.0
540	1739.8333333333333	0.0	3683.0	8134.0
550	1673.5	0.0	2403.0	5480.0
560	1585.1666666666667	0.0	2194.0	4935.0
570	1644.3333333333333	0.0	3034.0	6671.0
580	1666.0	0.0	2414.0	5733.0
590	1629.5	0.0	2239.0	5131.0
600	1493.6666666666667	0.0	2910.0	6867.0
610	1617.8333333333333	0.0	2016.0	4246.0
620	1733.5	0.0	4157.0	8805.0
630	1582.5	0.0	2471.0	5586.0
640	1586.1666666666667	0.0	2670.0	5875.0
650	1436.8333333333333	0.0	3116.0	6543.0
660	1622.3333333333333	0.0	2370.0	5232.0
670	1438.8333333333333	0.0	2833.0	6158.0
680	1633.6666666666667	0.0	2827.0	6163.0
690	1580.1666666666667	0.0	2477.0	5837.0
700	1484.5	0.0	2151.0	5060.0
710	1570.6666666666667	0.0	2506.0	5454.0
720	1456.5	0.0	1908.0	4401.0
730	1572.0	0.0	2985.0	6600.0
740	1543.6666666666667	0.0	2880.0	6384.0
750	1550.0	0.0	2772.0	6381.0
760	1634.5	0.0	2642.0	6335.0
770	1634.6666666666667	0.0	2194.0	5047.0
780	1652.5	0.0	2767.0	6289.0
790	1608.6666666666667	0.0	2771.0	6463.0
800	1451.3333333333333	0.0	2263.0	5387.0
810	1616.5	0.0	2533.0	5583.0
820	1610.0	0.0	2686.0	6439.0
830	1598.6666666666667	0.0	2398.0	5320.0
840	1686.1666666666667	0.0	2401.0	5564.0
850	1811.0	0.0	1700.0	3646.0
860	1701.3333333333333	0.0	2116.0	4639.0
870	1711.1666666666667	0.0	2068.0	4584.0
880	1791.3333333333333	0.0	2083.0	4567.0
890	1675.3333333333333	0.0	3401.0	7579.0
900	1689.0	0.0	2335.0	5130.0
910	1713.6666666666667	0.0	3082.0	7254.0
920	1710.3333333333333	0.0	2470.0	5591.0
930	1436.5	0.0	2924.0	6626.0
940	1734.5	0.0	2821.0	6767.0
950	1655.3333333333333	0.0	1960.0	4400.0
960	1549.1666666666667	0.0	2253.0	4812.0
970	1585.6666666666667	0.0	1857.0	4267.0
980	1643.6666666666667	0.0	2615.0	5948.0
990	1441.6666666666667	0.0	3226.0	7376.0
1000	1609.1666666666667	0.0	2043.0	4474.0
