0	1812.6666666666667	0.0	0.0	0.0
10	1939.8333333333333	0.0	3219.0	7070.0
20	1747.6666666666667	0.0	3390.0	7562.0
30	1805.1666666666667	0.0	3217.0	7354.0
40	1822.5	0.0	3285.0	7398.0
50	1866.3333333333333	0.0	3133.0	6797.0
60	1856.8333333333333	0.0	3153.0	7072.0
70	1864.3333333333333	0.0	3396.0	7275.0
80	1748.1666666666667	0.0	2448.0	5593.0
90	1675.8333333333333	0.0	2974.0	6375.0
100	1722.8333333333333	0.0	2828.0	6377.0
110	1721.3333333333333	0.0	2027.0	4424.0
120	1771.3333333333333	0.0	2671.0	5728.0
130	1581.8333333333333	0.0	3326.0	7606.0
140	1552.5	0.0	3931.0	8581.0
150	1725.8333333333333	0.0	2544.0	5698.0
160	1569.6666666666667	0.0	2440.0	5417.0
170	1699.6666666666667	0.0	3283.0	6936.0
180	1921.0	0.0	3645.0	8211.0
190	1818.1666666666667	0.0	2663.0	6053.0
200	1758.6666666666667	0.0	2336.0	5313.0
210	1715.0	0.0	2604.0	5702.0
220	1783.3333333333333	0.0	3075.0	6861.0
230	1840.8333333333333	0.0	2304.0	4883.0
240	1679.8333333333333	0.0	2224.0	5504.0
250	1813.1666666666667	0.0	2861.0	6140.0
260	1688.1666666666667	0.0	2240.0	5001.0
270	1676.1666666666667	0.0	2852.0	6717.0
280	1552.6666666666667	0.0	1804.0	3906.0
290	1555.6666666666667	0.0	2323.0	5054.0
300	1573.8333333333333	0.0	2941.0	6758.0
310	1755.3333333333333	0.0	2651.0	5728.0
320	1741.5	0.0	2258.0	5140.0
330	1814.3333333333333	0.0	2794.0	5841.0
340	1661.8333333333333	0.0	3241.0	7373.0
350	1728.3333333333333	0.0	1930.0	4286.0
360	1605.1666666666667	0.0	2208.0	4701.0
370	1780.3333333333333	0.0	3117.0	6799.0
380	1750.8333333333333	0.0	2496.0	5790.0
390	1752.8333333333333	0.0	2693.0	6270.0
400	1787.0	0.0	2568.0	6008.0
410	1750.0	0.0	3154.0	6738.0
420	1627.8333333333333	0.0	2477.0	5951.0
430	1548.5	0.0	3049.0	6693.0
440	1477.6666666666667	0.0	1987.0	4340.0
450	1617.8333333333333	0.0	2109.0	4643.0
460	1683.5	0.0	2655.0	6009.0
470	1677.0	0.0	2823.0	6466.0
480	1801.1666666666667	0.0	2101.0	4848.0
490	1781.1666666666667	0.0	2084.0	4693.0
500	1790.6666666666667	0.0	2370.0	5565.0
510	1580.8333333333333	0.0	3300.0	7215.0
520	1551.1666666666667	0.0	2276.0	5022.0
530	1784.8333333333333	0.0	2361.0	4876.0
540	1772.8333333333333	0.0	1999.0	4261.0
550	1749.3333333333333	0.0	2253.0	4955.0
560	1495.5	0.0	2081.0	4311.0
570	1617.8333333333333	0.0	2398.0	5238.0
580	1642.5	0.0	3137.0	6977.0
590	1685.0	0.0	3291.0	6777.0
600	1514.3333333333333	0.0	2694.0	6318.0
610	1787.3333333333333	0.0	2291.0	4994.0
620	1685.8333333333333	0.0	2579.0	5651.0
630	1604.0	0.0	2722.0	6463.0
640	1633.8333333333333	0.0	2219.0	5175.0
650	1677.6666666666667	0.0	2970.0	6702.0
660	1741.8333333333333	0.0	3189.0	7133.0
670	1731.6666666666667	0.0	2346.0	5606.0
680	1453.5	0.0	2416.0	5853.0
690	1736.6666666666667	0.0	2057.0	4527.0
700	1705.1666666666667	0.0	3436.0	7424.0
710	1600.1666666666667	0.0	2790.0	6456.0
720	1663.8333333333333	0.0	2250.0	5166.0
730	1506.0	0.0	2243.0	5050.0
740	1749.0	0.0	2884.0	6610.0
750	1574.6666666666667	0.0	3058.0	7253.0
760	1563.0	0.0	2487.0	5196.0
770	1700.5	0.0	3176.0	6996.0
780	1687.1666666666667	0.0	2614.0	5825.0
790	1559.5	0.0	2419.0	5391.0
800	1533.6666666666667	0.0	2270.0	5514.0
810	1658.6666666666667	0.0	2360.0	5698.0
820	1717.3333333333333	0.0	3275.0	7072.0
830	1819.1666666666667	0.0	2652.0	5873.0
840	1734.6666666666667	0.0	2003.0	4136.0
850	1547.3333333333333	0.0	2424.0	5537.0
860	1518.3333333333333	0.0	2700.0	5936.0
870	1642.3333333333333	0.0	2464.0	5728.0
880	1745.8333333333333	0.0	2942.0	6444.0
890	1734.3333333333333	0.0	2362.0	5163.0
900	1791.1666666666667	0.0	2445.0	5385.0
910	1716.6666666666667	0.0	2250.0	4976.0
920	1783.8333333333333	0.0	2891.0	6137.0
930	1684.5	0.0	3060.0	6933.0
940	1685.1666666666667	0.0	2320.0	5404.0
950	1675.3333333333333	0.0	2164.0	4571.0
960	1577.0	0.0	1989.0	4625.0
970	1515.5	0.0	3227.0	7277.0
980	1700.3333333333333	0.0	1858.0	4537.0
990	1554.8333333333333	0.0	2486.0	5782.0
1000	1763.3333333333333	0.0	2669.0	6501.0
