0	2543.5	0.0	0.0	0.0
10	2704.0	48.0	4944.0	10384.0
20	2318.1666666666665	10.0	3501.0	7397.0
30	2368.0	76.0	4868.0	9626.0
40	2518.5	14.0	4247.0	9210.0
50	2721.3333333333335	34.0	4689.0	9361.0
60	2827.0	58.0	5334.0	10740.0
70	2361.6666666666665	26.0	5538.0	10996.0
80	2799.6666666666665	23.0	3662.0	7240.0
90	3034.8333333333335	12.0	5848.0	11733.0
100	2941.1666666666665	2.0	3944.0	7573.0
110	3174.6666666666665	15.0	5898.0	11497.0
120	2814.8333333333335	12.0	5128.0	9992.0
130	3111.5	14.0	6854.0	13684.0
140	3028.3333333333335	0.0	4919.0	9643.0
150	2918.1666666666665	4.0	5622.0	10922.0
160	3682.8333333333335	2.0	5706.0	10896.0
170	3276.8333333333335	5.0	6266.0	12229.0
180	3007.3333333333335	5.0	6127.0	12235.0
190	3524.3333333333335	6.0	6535.0	12684.0
200	3196.5	3.0	7124.0	13639.0
210	3425.6666666666665	6.0	5883.0	11465.0
220	3125.3333333333335	13.0	7607.0	14796.0
230	3716.0	0.0	5195.0	10077.0
240	3854.1666666666665	1.0	5190.0	10289.0
250	2826.1666666666665	3.0	6775.0	12860.0
260	3497.0	0.0	3794.0	7330.0
270	3355.5	2.0	5121.0	9933.0
280	3459.3333333333335	1.0	7190.0	13806.0
290	3854.1666666666665	3.0	4929.0	9522.0
300	3928.8333333333335	1.0	5640.0	10912.0
310	3120.6666666666665	0.0	5844.0	11172.0
320	3551.3333333333335	2.0	4978.0	9594.0
330	3576.1666666666665	2.0	5550.0	10754.0
340	3426.0	0.0	4821.0	9506.0
350	2959.1666666666665	0.0	5875.0	11447.0
360	3737.5	3.0	6577.0	12909.0
370	3812.6666666666665	5.0	5407.0	11136.0
380	3844.1666666666665	4.0	5551.0	10621.0
390	4008.6666666666665	0.0	4176.0	8127.0
400	3844.0	0.0	4572.0	9241.0
410	3889.5	0.0	4404.0	8592.0
420	3766.6666666666665	0.0	6034.0	11535.0
430	3551.1666666666665	1.0	6683.0	12897.0
440	3814.6666666666665	1.0	4680.0	8980.0
450	3101.6666666666665	3.0	5212.0	10104.0
460	3636.3333333333335	1.0	6552.0	12813.0
470	3897.1666666666665	0.0	4818.0	9320.0
480	3615.6666666666665	2.0	5542.0	11276.0
490	3823.6666666666665	2.0	6459.0	12297.0
500	3677.6666666666665	1.0	4994.0	9676.0
510	3751.5	0.0	6399.0	12588.0
520	4126.333333333333	0.0	4029.0	7939.0
530	4026.5	2.0	5063.0	9937.0
540	3945.8333333333335	0.0	5296.0	10658.0
550	3927.3333333333335	0.0	3683.0	7552.0
560	3847.1666666666665	3.0	5133.0	10364.0
570	3506.6666666666665	2.0	5100.0	9862.0
580	3670.6666666666665	7.0	4218.0	8157.0
590	3760.0	3.0	4791.0	9567.0
600	3776.6666666666665	0.0	6123.0	11772.0
610	3922.0	1.0	6542.0	12813.0
620	3812.6666666666665	1.0	4633.0	8757.0
630	3775.8333333333335	2.0	5146.0	9724.0
640	3997.3333333333335	0.0	6187.0	11893.0
650	3518.0	2.0	4190.0	8022.0
660	3767.6666666666665	1.0	5126.0	10219.0
670	3637.1666666666665	2.0	5805.0	11291.0
680	3837.6666666666665	3.0	5238.0	10372.0
690	3888.0	1.0	4985.0	9630.0
700	3539.6666666666665	1.0	4397.0	8859.0
710	3820.3333333333335	0.0	4710.0	9616.0
720	3872.5	1.0	4391.0	8948.0
730	3745.6666666666665	1.0	4634.0	9245.0
740	3653.0	1.0	4675.0	9347.0
750	3917.5	2.0	5992.0	11719.0
760	3924.1666666666665	1.0	5909.0	11904.0
770	3317.6666666666665	2.0	5634.0	10946.0
780	4012.8333333333335	0.0	4672.0	9142.0
790	3897.0	0.0	6601.0	12653.0
800	3659.3333333333335	0.0	4873.0	9923.0
810	4017.0	2.0	5687.0	11016.0
820	3713.3333333333335	0.0	4477.0	8775.0
830	3864.1666666666665	3.0	4677.0	9145.0
840	3849.6666666666665	0.0	5344.0	10201.0
850	3818.3333333333335	0.0	6136.0	11260.0
860	3850.6666666666665	2.0	5892.0	11019.0
870	3846.0	4.0	5719.0	11041.0
880	3831.5	2.0	4470.0	8734.0
890	4083.3333333333335	4.0	6442.0	12642.0
900	4065.3333333333335	0.0	5646.0	10879.0
910	3785.5	0.0	4479.0	8772.0
920	4004.5	0.0	4141.0	7811.0
930	3871.0	4.0	6229.0	12308.0
940	3557.6666666666665	1.0	5012.0	9911.0
950	4035.5	0.0	4880.0	9705.0
960	4101.333333333333	2.0	5597.0	10779.0
970	4025.3333333333335	3.0	4907.0	9702.0
980	4006.8333333333335	2.0	5700.0	11172.0
990	3441.8333333333335	0.0	6728.0	13130.0
1000	3563.3333333333335	1.0	5153.0	9857.0
