0	2671.6666666666665	0.0	0.0	0.0
10	2508.3333333333335	74.0	4560.0	9383.0
20	2033.6666666666667	11.0	3940.0	8655.0
30	2490.6666666666665	6.0	4961.0	10070.0
40	2226.8333333333335	56.0	4077.0	8683.0
50	2576.1666666666665	50.0	4077.0	8536.0
60	2589.8333333333335	12.0	3501.0	7384.0
70	2863.6666666666665	10.0	5987.0	12009.0
80	2660.1666666666665	83.0	5035.0	10463.0
90	2834.0	22.0	5880.0	12167.0
100	2666.3333333333335	23.0	5116.0	10386.0
110	2466.3333333333335	21.0	7583.0	15057.0
120	3191.5	1.0	4404.0	8714.0
130	3263.5	11.0	6042.0	12156.0
140	3223.0	4.0	5497.0	10663.0
150	3377.3333333333335	2.0	4937.0	9567.0
160	3743.0	1.0	3884.0	7554.0
170	3483.8333333333335	4.0	4163.0	8384.0
180	3561.5	5.0	4477.0	8852.0
190	3404.5	5.0	5542.0	10919.0
200	2934.3333333333335	2.0	5964.0	11408.0
210	3343.0	5.0	5825.0	11633.0
220	3561.6666666666665	4.0	4648.0	8711.0
230	3459.1666666666665	4.0	3832.0	7093.0
240	3921.5	1.0	5520.0	11065.0
250	3448.6666666666665	9.0	4683.0	9519.0
260	3753.5	1.0	6093.0	12077.0
270	2819.0	3.0	6067.0	12243.0
280	3165.5	5.0	5149.0	10377.0
290	3819.3333333333335	1.0	4579.0	8918.0
300	3156.6666666666665	3.0	3760.0	7400.0
310	3488.1666666666665	1.0	4927.0	9639.0
320	3121.6666666666665	1.0	6483.0	12525.0
330	2913.0	2.0	4975.0	9603.0
340	3520.3333333333335	2.0	5720.0	10741.0
350	3699.0	2.0	6967.0	13704.0
360	3703.6666666666665	1.0	5838.0	11098.0
370	3225.3333333333335	2.0	5863.0	11523.0
380	4081.3333333333335	1.0	4820.0	9135.0
390	3760.8333333333335	0.0	5568.0	10787.0
400	3648.5	1.0	7322.0	13942.0
410	3652.6666666666665	4.0	6123.0	11235.0
420	3411.8333333333335	2.0	4755.0	9018.0
430	3970.1666666666665	0.0	4886.0	9175.0
440	3612.5	4.0	5495.0	10323.0
450	3693.1666666666665	3.0	5919.0	11283.0
460	3457.8333333333335	0.0	5761.0	11191.0
470	3824.8333333333335	0.0	5997.0	11998.0
480	3699.6666666666665	1.0	6471.0	12701.0
490	3753.5	1.0	5648.0	10663.0
500	3854.8333333333335	0.0	3616.0	6929.0
510	3550.8333333333335	2.0	5462.0	10410.0
520	3489.0	4.0	5678.0	10877.0
530	3982.3333333333335	1.0	4826.0	8963.0
540	4045.1666666666665	1.0	6572.0	13131.0
550	3792.8333333333335	1.0	6447.0	12621.0
560	3698.0	1.0	5860.0	11526.0
570	3917.3333333333335	2.0	5987.0	11450.0
580	3668.6666666666665	1.0	6233.0	12261.0
590	3984.5	2.0	4914.0	9851.0
600	3521.8333333333335	0.0	4270.0	8466.0
610	3741.0	3.0	6635.0	12754.0
620	3710.8333333333335	1.0	5707.0	11050.0
630	3622.8333333333335	0.0	5850.0	11520.0
640	3771.6666666666665	1.0	7008.0	13732.0
650	3443.3333333333335	4.0	5789.0	11296.0
660	3627.8333333333335	2.0	6009.0	11538.0
670	4001.6666666666665	0.0	5552.0	10813.0
680	3466.5	3.0	5374.0	10246.0
690	3782.3333333333335	3.0	5521.0	10573.0
700	3708.1666666666665	0.0	5380.0	10459.0
710	3940.0	1.0	5474.0	10910.0
720	3834.5	2.0	5901.0	11359.0
730	3734.5	1.0	5374.0	10571.0
740	3499.8333333333335	0.0	5531.0	11074.0
750	3716.3333333333335	2.0	5530.0	10349.0
760	3837.5	1.0	6318.0	12323.0
770	3267.3333333333335	0.0	4248.0	8467.0
780	3900.5	3.0	5652.0	10761.0
790	3748.5	2.0	4741.0	9382.0
800	4059.0	1.0	6010.0	11900.0
810	4024.6666666666665	0.0	5212.0	10520.0
820	3844.6666666666665	0.0	6796.0	13272.0
830	3841.1666666666665	2.0	3944.0	7847.0
840	3914.1666666666665	0.0	3670.0	7349.0
850	4013.5	3.0	5583.0	10938.0
860	3955.8333333333335	0.0	5211.0	10434.0
870	3903.6666666666665	0.0	5885.0	11428.0
880	3630.5	2.0	5466.0	10762.0
890	3742.8333333333335	1.0	5076.0	10000.0
900	3561.0	0.0	4647.0	9293.0
910	3698.6666666666665	1.0	5056.0	9701.0
920	4093.6666666666665	0.0	5147.0	9558.0
930	3961.0	2.0	5235.0	10294.0
940	3798.0	0.0	6092.0	12333.0
950	3903.1666666666665	1.0	6833.0	13341.0
960	3456.3333333333335	1.0	4991.0	9986.0
970	3859.5	2.0	4689.0	9251.0
980	4031.8333333333335	0.0	3873.0	7496.0
990	4017.1666666666665	0.0	5691.0	11038.0
1000	4007.5	1.0	5763.0	11372.0
