0	227.0	0.0	0.0	0.0
10	1757.0	501.0	2114.0	11504.0
20	1896.5	499.0	1728.0	12131.0
30	1833.5	0.0	0.0	5383.0
40	1866.0	0.0	0.0	10283.0
50	2327.75	0.0	0.0	8871.0
60	2222.0	0.0	0.0	8034.0
70	1915.75	0.0	0.0	11894.0
80	2181.5	0.0	0.0	7324.0
90	2401.75	0.0	0.0	8115.0
100	1978.75	0.0	0.0	9172.0
110	2354.0	0.0	0.0	9294.0
120	2486.75	0.0	0.0	10952.0
130	2594.5	0.0	0.0	10536.0
140	2634.75	0.0	0.0	6902.0
150	2626.75	0.0	0.0	9060.0
160	2401.5	0.0	0.0	8171.0
170	2370.25	0.0	0.0	6648.0
180	2206.0	0.0	0.0	8012.0
190	2832.75	0.0	0.0	11186.0
200	2659.75	0.0	0.0	11366.0
210	2809.0	0.0	0.0	8808.0
220	2480.75	0.0	0.0	11384.0
230	2747.0	0.0	0.0	10884.0
240	2912.0	0.0	0.0	7448.0
250	2941.25	0.0	0.0	9529.0
260	2898.5	0.0	0.0	12287.0
270	2962.5	0.0	0.0	8041.0
280	2909.5	0.0	0.0	9586.0
290	2826.5	0.0	0.0	13108.0
300	3444.5	0.0	0.0	12269.0
310	3426.25	0.0	0.0	6683.0
320	3202.25	0.0	0.0	11403.0
330	2964.75	0.0	0.0	10038.0
340	3392.5	0.0	0.0	10636.0
350	3638.25	0.0	0.0	12289.0
360	3281.0	0.0	0.0	11709.0
370	3117.5	0.0	0.0	12463.0
380	3528.5	0.0	0.0	11784.0
390	3336.75	0.0	0.0	13598.0
400	3429.5	0.0	0.0	10065.0
410	3165.0	0.0	0.0	13475.0
420	3066.75	0.0	0.0	7862.0
430	3736.25	0.0	0.0	10718.0
440	3693.0	0.0	0.0	11755.0
450	2785.25	0.0	0.0	10586.0
460	3210.0	0.0	0.0	13595.0
470	3258.0	0.0	0.0	11870.0
480	3312.0	0.0	0.0	8370.0
490	3664.75	0.0	0.0	8965.0
500	2993.75	0.0	0.0	12615.0
510	3582.5	0.0	0.0	7543.0
520	3323.0	0.0	0.0	9764.0
530	3904.0	0.0	0.0	10247.0
540	3478.75	0.0	0.0	8846.0
550	3414.75	0.0	0.0	11535.0
560	4128.5	0.0	0.0	11303.0
570	3734.75	0.0	0.0	11778.0
580	3474.5	0.0	0.0	10409.0
590	3843.0	0.0	0.0	8619.0
600	3891.5	0.0	0.0	12998.0
610	4231.75	0.0	0.0	10341.0
620	3874.25	0.0	0.0	12387.0
630	3879.75	0.0	0.0	11668.0
640	3788.75	0.0	0.0	10391.0
650	3613.0	0.0	0.0	11299.0
660	4014.75	0.0	0.0	12409.0
670	3645.25	0.0	0.0	9417.0
680	4033.25	0.0	0.0	12244.0
690	3765.0	0.0	0.0	11605.0
700	3533.25	0.0	0.0	10086.0
710	3733.0	0.0	0.0	13771.0
720	3621.75	0.0	0.0	12742.0
730	4054.75	0.0	0.0	11638.0
740	3567.25	0.0	0.0	7656.0
750	3785.5	0.0	0.0	11915.0
760	3569.75	0.0	0.0	8697.0
770	4136.5	0.0	0.0	12704.0
780	3419.75	0.0	0.0	11452.0
790	4273.0	0.0	0.0	9391.0
800	3771.5	0.0	0.0	10778.0
810	3730.75	0.0	0.0	12997.0
820	3676.25	0.0	0.0	9368.0
830	3417.5	0.0	0.0	8726.0
840	3620.75	0.0	0.0	9737.0
850	4029.0	0.0	0.0	11662.0
860	4007.25	0.0	0.0	12210.0
870	3951.5	0.0	0.0	10439.0
880	3564.5	0.0	0.0	9652.0
890	3508.5	0.0	0.0	8135.0
900	4035.5	0.0	0.0	7937.0
910	3909.25	0.0	0.0	10988.0
920	3788.0	0.0	0.0	13904.0
930	3810.5	0.0	0.0	11087.0
940	3343.75	0.0	0.0	8264.0
950	3934.25	0.0	0.0	13536.0
960	3972.5	0.0	0.0	10219.0
970	3793.25	0.0	0.0	10157.0
980	4174.75	0.0	0.0	11974.0
990	3842.75	0.0	0.0	9341.0
1000	3672.25	0.0	0.0	10040.0
