0	238.0	0.0	0.0	0.0
10	2030.0	412.0	1782.0	10945.0
20	1965.25	340.0	1224.0	8956.0
30	1773.75	248.0	1081.0	10541.0
40	2124.5	0.0	0.0	8459.0
50	2270.25	0.0	0.0	7007.0
60	2323.75	0.0	0.0	5890.0
70	2333.25	0.0	0.0	9167.0
80	2103.25	0.0	0.0	7847.0
90	2174.5	0.0	0.0	9553.0
100	2320.5	0.0	0.0	8506.0
110	2047.75	0.0	0.0	6928.0
120	2141.0	0.0	0.0	5702.0
130	2276.75	0.0	0.0	9096.0
140	1941.25	0.0	0.0	12348.0
150	2186.75	0.0	0.0	8256.0
160	2477.5	0.0	0.0	8515.0
170	2419.25	0.0	0.0	9391.0
180	2431.25	0.0	0.0	7085.0
190	2545.0	0.0	0.0	10614.0
200	2468.5	0.0	0.0	5286.0
210	2679.5	0.0	0.0	11037.0
220	2538.5	0.0	0.0	13429.0
230	2789.25	0.0	0.0	8066.0
240	2060.5	0.0	0.0	7655.0
250	2610.5	0.0	0.0	10742.0
260	2901.5	0.0	0.0	8901.0
270	3026.5	0.0	0.0	13363.0
280	3188.5	0.0	0.0	10538.0
290	3198.5	0.0	0.0	8995.0
300	3185.25	0.0	0.0	9499.0
310	2865.5	0.0	0.0	10090.0
320	2754.25	0.0	0.0	7967.0
330	3427.75	0.0	0.0	9115.0
340	2856.75	0.0	0.0	9112.0
350	3385.75	0.0	0.0	9240.0
360	3578.0	0.0	0.0	10660.0
370	2843.75	0.0	0.0	9419.0
380	3608.75	0.0	0.0	9293.0
390	3309.5	0.0	0.0	9659.0
400	3369.25	0.0	0.0	9759.0
410	2809.75	0.0	0.0	9758.0
420	3237.75	0.0	0.0	7605.0
430	3016.0	0.0	0.0	13391.0
440	3426.0	0.0	0.0	11456.0
450	3920.0	0.0	0.0	8401.0
460	3146.0	0.0	0.0	11436.0
470	3673.75	0.0	0.0	10965.0
480	3711.75	0.0	0.0	12242.0
490	2996.5	0.0	0.0	9676.0
500	2843.0	0.0	0.0	12814.0
510	3313.0	0.0	0.0	9617.0
520	3640.0	0.0	0.0	7950.0
530	3220.5	0.0	0.0	10954.0
540	3145.5	0.0	0.0	12079.0
550	2971.25	0.0	0.0	13859.0
560	4115.5	0.0	0.0	11449.0
570	3903.75	0.0	0.0	13301.0
580	3539.25	0.0	0.0	9516.0
590	3655.0	0.0	0.0	9952.0
600	3368.0	0.0	0.0	8383.0
610	3716.75	0.0	0.0	9829.0
620	3235.0	0.0	0.0	10010.0
630	4121.25	0.0	0.0	8945.0
640	3821.0	0.0	0.0	9157.0
650	3136.25	0.0	0.0	11916.0
660	3185.25	0.0	0.0	11476.0
670	3366.25	0.0	0.0	11767.0
680	2990.25	0.0	0.0	13932.0
690	3113.75	0.0	0.0	11200.0
700	3405.25	0.0	0.0	9645.0
710	3772.0	0.0	0.0	9530.0
720	3362.25	0.0	0.0	10838.0
730	3904.0	0.0	0.0	10211.0
740	4229.0	0.0	0.0	12832.0
750	3719.25	0.0	0.0	9947.0
760	3404.75	0.0	0.0	11387.0
770	3751.75	0.0	0.0	8391.0
780	3735.75	0.0	0.0	8777.0
790	3696.75	0.0	0.0	9705.0
800	3911.25	0.0	0.0	12028.0
810	3304.75	0.0	0.0	11861.0
820	4062.25	0.0	0.0	10005.0
830	3365.5	0.0	0.0	12356.0
840	4097.75	0.0	0.0	14491.0
850	3914.75	0.0	0.0	8791.0
860	3683.0	0.0	0.0	13269.0
870	3426.0	0.0	0.0	9596.0
880	3947.75	0.0	0.0	9041.0
890	3890.0	0.0	0.0	7881.0
900	3791.0	0.0	0.0	12120.0
910	3452.25	0.0	0.0	10695.0
920	3722.25	0.0	0.0	9073.0
930	3690.75	0.0	0.0	11512.0
940	3857.0	0.0	0.0	8901.0
950	3235.5	0.0	0.0	10594.0
960	3889.75	0.0	0.0	13617.0
970	4129.75	0.0	0.0	10064.0
980	3770.5	0.0	0.0	9946.0
990	3589.75	0.0	0.0	10247.0
1000	3151.25	0.0	0.0	10018.0
