0	2496.6666666666665	0.0	0.0	0.0
10	2655.8333333333335	163.0	550.0	7935.0
20	2260.8333333333335	130.0	691.0	9073.0
30	1941.6666666666667	92.0	409.0	5832.0
40	2461.8333333333335	74.0	434.0	6367.0
50	2366.3333333333335	221.0	874.0	9650.0
60	2369.0	248.0	1101.0	12456.0
70	2429.3333333333335	72.0	279.0	7239.0
80	2232.6666666666665	0.0	0.0	13713.0
90	2565.8333333333335	0.0	0.0	12080.0
100	2712.5	0.0	0.0	7060.0
110	2460.8333333333335	0.0	0.0	8924.0
120	2428.3333333333335	0.0	0.0	8624.0
130	2621.6666666666665	0.0	0.0	7524.0
140	2778.6666666666665	0.0	0.0	10199.0
150	2721.1666666666665	0.0	0.0	10439.0
160	2630.3333333333335	0.0	0.0	10496.0
170	2636.6666666666665	0.0	0.0	12740.0
180	2332.6666666666665	0.0	0.0	8972.0
190	2821.6666666666665	0.0	0.0	8499.0
200	3046.0	0.0	0.0	9824.0
210	2900.5	0.0	0.0	9500.0
220	2985.5	0.0	0.0	12164.0
230	3232.6666666666665	0.0	0.0	9929.0
240	3647.5	0.0	0.0	8850.0
250	3768.6666666666665	0.0	0.0	12572.0
260	3639.8333333333335	0.0	0.0	11374.0
270	4038.8333333333335	0.0	0.0	9975.0
280	3264.5	0.0	0.0	10767.0
290	3162.6666666666665	0.0	0.0	10389.0
300	2866.6666666666665	0.0	0.0	11734.0
310	3288.6666666666665	0.0	0.0	10850.0
320	3661.3333333333335	0.0	0.0	13816.0
330	3441.8333333333335	0.0	0.0	10218.0
340	3448.8333333333335	0.0	0.0	12838.0
350	3699.3333333333335	0.0	0.0	11046.0
360	4019.0	0.0	0.0	12216.0
370	3769.0	0.0	0.0	6867.0
380	3801.8333333333335	0.0	0.0	9725.0
390	3913.3333333333335	0.0	0.0	10326.0
400	3416.0	0.0	0.0	10977.0
410	3546.5	0.0	0.0	12875.0
420	3564.0	0.0	0.0	11266.0
430	3462.0	0.0	0.0	13327.0
440	3843.1666666666665	0.0	0.0	8458.0
450	3649.8333333333335	0.0	0.0	10818.0
460	3757.1666666666665	0.0	0.0	12032.0
470	3636.8333333333335	0.0	0.0	9737.0
480	3773.3333333333335	0.0	0.0	8986.0
490	3723.8333333333335	0.0	0.0	6607.0
500	3813.3333333333335	0.0	0.0	11672.0
510	3947.0	0.0	0.0	11145.0
520	3609.6666666666665	0.0	0.0	8625.0
530	3961.0	0.0	0.0	11661.0
540	3883.6666666666665	0.0	0.0	12821.0
550	4135.833333333333	0.0	0.0	10906.0
560	3722.0	0.0	0.0	9917.0
570	3847.5	0.0	0.0	9111.0
580	3884.5	0.0	0.0	12588.0
590	3546.6666666666665	0.0	0.0	10488.0
600	3887.1666666666665	0.0	0.0	11747.0
610	3267.6666666666665	0.0	0.0	9551.0
620	3648.1666666666665	0.0	0.0	11485.0
630	3570.6666666666665	0.0	0.0	9755.0
640	4110.5	0.0	0.0	8542.0
650	3808.1666666666665	0.0	0.0	12326.0
660	4043.5	0.0	0.0	12724.0
670	3743.8333333333335	0.0	0.0	8089.0
680	3792.3333333333335	0.0	0.0	10491.0
690	2869.3333333333335	0.0	0.0	7717.0
700	3656.5	0.0	0.0	10315.0
710	3914.8333333333335	0.0	0.0	10682.0
720	3906.6666666666665	0.0	0.0	10496.0
730	3621.5	0.0	0.0	8702.0
740	3994.5	0.0	0.0	10605.0
750	3780.1666666666665	0.0	0.0	10853.0
760	4134.5	0.0	0.0	10808.0
770	3793.0	0.0	0.0	9166.0
780	3573.8333333333335	0.0	0.0	11064.0
790	3285.8333333333335	0.0	0.0	9752.0
800	3822.0	0.0	0.0	11183.0
