0	620.6666666666666	0.0	0.0	0.0
10	1046.3333333333333	131.0	131.0	3688.0
20	642.6666666666666	385.0	385.0	5019.0
30	813.1666666666666	484.0	484.0	5692.0
40	1043.0	0.0	0.0	5190.0
50	1806.6666666666667	0.0	0.0	4839.0
60	1945.8333333333333	0.0	0.0	7908.0
70	1600.6666666666667	0.0	0.0	8175.0
80	2258.0	0.0	0.0	7481.0
90	2552.6666666666665	0.0	0.0	8798.0
100	1843.5	0.0	0.0	9138.0
110	2459.0	0.0	0.0	7514.0
120	2111.5	0.0	0.0	9129.0
130	2669.8333333333335	0.0	0.0	9422.0
140	2668.0	0.0	0.0	10194.0
150	2494.6666666666665	0.0	0.0	6720.0
160	2180.1666666666665	0.0	0.0	7424.0
170	2569.3333333333335	0.0	0.0	7529.0
180	2358.1666666666665	0.0	0.0	8522.0
190	2402.6666666666665	0.0	0.0	9411.0
200	2260.6666666666665	0.0	0.0	7242.0
210	2556.3333333333335	0.0	0.0	8889.0
220	2483.8333333333335	0.0	0.0	7956.0
230	2532.6666666666665	0.0	0.0	8699.0
240	2385.0	0.0	0.0	9924.0
250	1998.8333333333333	0.0	0.0	8451.0
260	2493.3333333333335	0.0	0.0	8818.0
270	2321.0	0.0	0.0	11537.0
280	2434.3333333333335	0.0	0.0	7393.0
290	2514.0	0.0	0.0	9201.0
300	2401.3333333333335	0.0	0.0	8324.0
310	2492.0	0.0	0.0	7804.0
320	2510.1666666666665	0.0	0.0	6904.0
330	2387.6666666666665	0.0	0.0	9317.0
340	2263.6666666666665	0.0	0.0	8576.0
350	2386.6666666666665	0.0	0.0	8862.0
360	2511.0	0.0	0.0	8483.0
370	1827.6666666666667	0.0	0.0	9606.0
380	1783.1666666666667	0.0	0.0	7883.0
390	2250.3333333333335	0.0	0.0	8294.0
400	2183.8333333333335	0.0	0.0	7691.0
410	2223.5	0.0	0.0	7755.0
420	2287.1666666666665	0.0	0.0	6517.0
430	1968.6666666666667	0.0	0.0	8395.0
440	2400.8333333333335	0.0	0.0	8232.0
450	2038.0	0.0	0.0	7086.0
460	2113.3333333333335	0.0	0.0	9361.0
470	2348.8333333333335	0.0	0.0	9845.0
480	2256.0	0.0	0.0	10235.0
490	1934.0	0.0	0.0	6201.0
500	1948.0	0.0	0.0	8084.0
510	1718.0	0.0	0.0	6210.0
520	2050.3333333333335	0.0	0.0	8622.0
530	2328.6666666666665	0.0	0.0	7805.0
540	2091.0	0.0	0.0	8033.0
550	2310.0	0.0	0.0	9383.0
560	2300.8333333333335	0.0	0.0	9349.0
570	2086.1666666666665	0.0	0.0	7974.0
580	1848.1666666666667	0.0	0.0	7826.0
590	1762.0	0.0	0.0	9419.0
600	2496.3333333333335	0.0	0.0	8062.0
610	1786.3333333333333	0.0	0.0	8334.0
620	2385.3333333333335	0.0	0.0	10177.0
630	2092.6666666666665	0.0	0.0	9382.0
640	2237.3333333333335	0.0	0.0	10834.0
650	2366.0	0.0	0.0	7780.0
660	2219.6666666666665	0.0	0.0	10348.0
670	2174.3333333333335	0.0	0.0	8344.0
680	2486.5	0.0	0.0	9299.0
690	2374.0	0.0	0.0	8883.0
700	2335.3333333333335	0.0	0.0	10089.0
710	2529.3333333333335	0.0	0.0	10127.0
720	2457.6666666666665	0.0	0.0	7722.0
730	2654.3333333333335	0.0	0.0	9626.0
740	2202.0	0.0	0.0	8527.0
750	2443.8333333333335	0.0	0.0	8739.0
760	2489.3333333333335	0.0	0.0	10768.0
770	2505.3333333333335	0.0	0.0	7815.0
780	2398.0	0.0	0.0	7095.0
790	2346.0	0.0	0.0	10248.0
800	2496.3333333333335	0.0	0.0	8292.0
810	2604.0	0.0	0.0	9469.0
820	2638.0	0.0	0.0	8701.0
830	2412.0	0.0	0.0	8575.0
840	2262.1666666666665	0.0	0.0	7987.0
850	1918.3333333333333	0.0	0.0	9925.0
860	1570.0	0.0	0.0	9204.0
870	1961.0	0.0	0.0	8983.0
880	1965.6666666666667	0.0	0.0	9010.0
890	1813.1666666666667	0.0	0.0	7475.0
900	2194.0	0.0	0.0	9588.0
910	2397.5	0.0	0.0	10334.0
920	1936.0	0.0	0.0	8794.0
930	1728.8333333333333	0.0	0.0	8261.0
940	2404.6666666666665	0.0	0.0	7818.0
950	2370.3333333333335	0.0	0.0	8786.0
960	2360.3333333333335	0.0	0.0	7416.0
970	2062.0	0.0	0.0	9751.0
980	2418.0	0.0	0.0	8486.0
990	1799.3333333333333	0.0	0.0	8978.0
1000	1871.0	0.0	0.0	9414.0
