0	2417.6666666666665	0.0	0.0	0.0
10	2249.6666666666665	742.0	15992.0	15992.0
20	2390.3333333333335	258.0	5645.0	11300.0
30	2409.1666666666665	0.0	0.0	8324.0
40	2469.1666666666665	0.0	0.0	9673.0
50	2526.1666666666665	0.0	0.0	9425.0
60	3142.5	0.0	0.0	8313.0
70	3414.0	0.0	0.0	10446.0
80	3436.0	0.0	0.0	9018.0
90	2988.6666666666665	0.0	0.0	10918.0
100	3025.0	0.0	0.0	9208.0
110	3230.1666666666665	0.0	0.0	6986.0
120	3078.0	0.0	0.0	10736.0
130	3782.5	0.0	0.0	9411.0
140	3409.5	0.0	0.0	14547.0
150	3440.3333333333335	0.0	0.0	8874.0
160	3527.1666666666665	0.0	0.0	9601.0
170	3394.5	0.0	0.0	10168.0
180	2951.3333333333335	0.0	0.0	7666.0
190	3326.5	0.0	0.0	9054.0
200	3462.0	0.0	0.0	13612.0
210	3507.3333333333335	0.0	0.0	10889.0
220	3828.0	0.0	0.0	13997.0
230	3778.3333333333335	0.0	0.0	12386.0
240	3363.5	0.0	0.0	9970.0
250	3717.5	0.0	0.0	10350.0
260	3549.1666666666665	0.0	0.0	10111.0
270	4017.3333333333335	0.0	0.0	9690.0
280	3373.3333333333335	0.0	0.0	10026.0
290	3437.0	0.0	0.0	6061.0
300	3223.6666666666665	0.0	0.0	11583.0
310	3828.5	0.0	0.0	11734.0
320	3847.5	0.0	0.0	13041.0
330	3623.5	0.0	0.0	9912.0
340	3788.3333333333335	0.0	0.0	10279.0
350	3860.8333333333335	0.0	0.0	10130.0
360	3887.8333333333335	0.0	0.0	8625.0
370	3810.1666666666665	0.0	0.0	8544.0
380	2900.6666666666665	0.0	0.0	10907.0
390	3698.3333333333335	0.0	0.0	11143.0
400	3554.8333333333335	0.0	0.0	10662.0
410	3542.0	0.0	0.0	13131.0
420	3839.6666666666665	0.0	0.0	13664.0
430	3529.1666666666665	0.0	0.0	13364.0
440	3614.0	0.0	0.0	9928.0
450	3689.0	0.0	0.0	13384.0
460	4066.5	0.0	0.0	10215.0
470	3803.0	0.0	0.0	6931.0
480	3772.0	0.0	0.0	13461.0
490	4001.5	0.0	0.0	12555.0
500	3851.3333333333335	0.0	0.0	11477.0
510	3685.0	0.0	0.0	13103.0
520	3713.1666666666665	0.0	0.0	11257.0
530	3665.6666666666665	0.0	0.0	9939.0
540	3561.1666666666665	0.0	0.0	8457.0
550	3610.6666666666665	0.0	0.0	12070.0
560	3232.1666666666665	0.0	0.0	12779.0
570	3944.8333333333335	0.0	0.0	10742.0
580	3545.3333333333335	0.0	0.0	12224.0
590	4076.6666666666665	0.0	0.0	11610.0
600	3683.1666666666665	0.0	0.0	9816.0
610	3835.5	0.0	0.0	9057.0
620	3787.0	0.0	0.0	10713.0
630	3930.1666666666665	0.0	0.0	11262.0
640	3936.1666666666665	0.0	0.0	11866.0
650	3826.5	0.0	0.0	9528.0
660	3512.0	0.0	0.0	12154.0
670	4020.1666666666665	0.0	0.0	9901.0
680	3883.8333333333335	0.0	0.0	10764.0
690	3774.0	0.0	0.0	8109.0
700	3653.0	0.0	0.0	8823.0
710	4079.3333333333335	0.0	0.0	8978.0
720	4053.6666666666665	0.0	0.0	10211.0
730	3853.6666666666665	0.0	0.0	12740.0
740	3690.3333333333335	0.0	0.0	9983.0
750	3925.5	0.0	0.0	11259.0
760	3827.6666666666665	0.0	0.0	8991.0
770	3887.6666666666665	0.0	0.0	11654.0
780	3736.6666666666665	0.0	0.0	14374.0
790	3444.8333333333335	0.0	0.0	9485.0
800	3657.3333333333335	0.0	0.0	12688.0
