0	2696.5	0.0	0.0	0.0
10	2384.8333333333335	372.0	8173.0	8173.0
20	2453.3333333333335	624.0	15846.0	15846.0
30	2727.3333333333335	4.0	311.0	7053.0
40	2515.8333333333335	0.0	0.0	8929.0
50	2491.1666666666665	0.0	0.0	10214.0
60	2528.5	0.0	0.0	6947.0
70	2638.6666666666665	0.0	0.0	11649.0
80	2471.5	0.0	0.0	7030.0
90	2668.5	0.0	0.0	10643.0
100	3007.3333333333335	0.0	0.0	7517.0
110	3083.8333333333335	0.0	0.0	6525.0
120	2462.6666666666665	0.0	0.0	7605.0
130	3138.1666666666665	0.0	0.0	8563.0
140	2969.0	0.0	0.0	8006.0
150	3213.8333333333335	0.0	0.0	11424.0
160	2185.6666666666665	0.0	0.0	12967.0
170	3307.8333333333335	0.0	0.0	5922.0
180	3301.0	0.0	0.0	8287.0
190	3027.0	0.0	0.0	8282.0
200	2728.8333333333335	0.0	0.0	12701.0
210	3421.6666666666665	0.0	0.0	8219.0
220	2969.3333333333335	0.0	0.0	9811.0
230	3568.1666666666665	0.0	0.0	11262.0
240	3512.0	0.0	0.0	10745.0
250	3253.1666666666665	0.0	0.0	12936.0
260	3418.8333333333335	0.0	0.0	7266.0
270	3137.3333333333335	0.0	0.0	14540.0
280	3223.5	0.0	0.0	9377.0
290	3288.3333333333335	0.0	0.0	6657.0
300	3210.1666666666665	0.0	0.0	9870.0
310	3815.1666666666665	0.0	0.0	11354.0
320	3406.0	0.0	0.0	10199.0
330	3613.8333333333335	0.0	0.0	9245.0
340	3245.0	0.0	0.0	10069.0
350	3390.5	0.0	0.0	7835.0
360	3656.0	0.0	0.0	9354.0
370	3718.6666666666665	0.0	0.0	12281.0
380	3428.0	0.0	0.0	11285.0
390	3658.8333333333335	0.0	0.0	10149.0
400	3594.5	0.0	0.0	9544.0
410	3381.0	0.0	0.0	9494.0
420	3053.1666666666665	0.0	0.0	7779.0
430	2994.5	0.0	0.0	10750.0
440	3398.6666666666665	0.0	0.0	10132.0
450	3902.0	0.0	0.0	10752.0
460	3435.6666666666665	0.0	0.0	9430.0
470	3546.6666666666665	0.0	0.0	12403.0
480	3900.8333333333335	0.0	0.0	8510.0
490	3995.0	0.0	0.0	10276.0
500	3496.1666666666665	0.0	0.0	11033.0
510	3773.1666666666665	0.0	0.0	8590.0
520	3541.0	0.0	0.0	12792.0
530	3281.6666666666665	0.0	0.0	12595.0
540	3787.8333333333335	0.0	0.0	9736.0
550	3921.8333333333335	0.0	0.0	12362.0
560	3699.5	0.0	0.0	12540.0
570	3701.5	0.0	0.0	8205.0
580	3705.6666666666665	0.0	0.0	10192.0
590	3274.1666666666665	0.0	0.0	9156.0
600	3886.1666666666665	0.0	0.0	13858.0
610	3894.8333333333335	0.0	0.0	10282.0
620	3670.8333333333335	0.0	0.0	9983.0
630	3538.5	0.0	0.0	8529.0
640	3701.3333333333335	0.0	0.0	8473.0
650	3586.1666666666665	0.0	0.0	7407.0
660	3873.8333333333335	0.0	0.0	9367.0
670	3750.3333333333335	0.0	0.0	10932.0
680	3552.3333333333335	0.0	0.0	9036.0
690	4046.5	0.0	0.0	11997.0
700	3948.5	0.0	0.0	10954.0
710	3893.8333333333335	0.0	0.0	9280.0
720	3729.8333333333335	0.0	0.0	9098.0
730	3780.8333333333335	0.0	0.0	7096.0
740	3454.6666666666665	0.0	0.0	9427.0
750	3657.0	0.0	0.0	10789.0
760	3702.8333333333335	0.0	0.0	10407.0
770	3913.3333333333335	0.0	0.0	11197.0
780	3435.8333333333335	0.0	0.0	9053.0
790	4025.5	0.0	0.0	9096.0
800	4054.5	0.0	0.0	10614.0
