0	2157.3333333333335	0.0	0.0	0.0
10	1918.5	2.0	151.0	10853.0
20	2304.0	0.0	18.0	11190.0
30	2089.0	1.0	59.0	9400.0
40	2249.1666666666665	0.0	24.0	7020.0
50	2445.5	1.0	48.0	9678.0
60	2346.6666666666665	0.0	19.0	10652.0
70	2567.5	0.0	46.0	7880.0
80	2578.1666666666665	0.0	41.0	9634.0
90	2302.8333333333335	0.0	25.0	7381.0
100	2541.3333333333335	0.0	58.0	9506.0
110	2431.1666666666665	0.0	19.0	8247.0
120	2635.5	0.0	62.0	10671.0
130	2446.5	0.0	38.0	6930.0
140	2620.3333333333335	0.0	17.0	12733.0
150	2356.8333333333335	0.0	51.0	7107.0
160	2595.3333333333335	0.0	69.0	9342.0
170	2387.1666666666665	0.0	51.0	8574.0
180	2204.1666666666665	0.0	57.0	9870.0
190	2366.1666666666665	0.0	16.0	11356.0
200	2429.6666666666665	0.0	42.0	10730.0
210	2360.6666666666665	0.0	37.0	10123.0
220	2742.0	0.0	23.0	8514.0
230	2674.6666666666665	0.0	61.0	10476.0
240	2455.6666666666665	0.0	23.0	10052.0
250	2840.6666666666665	0.0	55.0	12648.0
260	2438.0	0.0	61.0	6747.0
270	2982.1666666666665	0.0	41.0	8620.0
280	2469.0	0.0	41.0	6400.0
290	2616.8333333333335	0.0	23.0	11207.0
300	2770.0	0.0	26.0	7991.0
310	2596.5	0.0	33.0	7184.0
320	2337.5	0.0	64.0	10100.0
330	2727.6666666666665	0.0	25.0	9566.0
340	2862.8333333333335	0.0	19.0	10724.0
350	3131.5	0.0	74.0	8987.0
360	3039.1666666666665	0.0	46.0	9300.0
370	3359.3333333333335	0.0	29.0	9837.0
380	3414.1666666666665	0.0	26.0	10291.0
390	3168.5	0.0	31.0	8799.0
400	3138.1666666666665	0.0	25.0	8210.0
410	3217.8333333333335	0.0	18.0	9809.0
420	3178.8333333333335	0.0	64.0	8264.0
430	3550.1666666666665	0.0	27.0	11236.0
440	2853.1666666666665	0.0	109.0	11298.0
450	3566.6666666666665	0.0	100.0	13460.0
460	3554.6666666666665	0.0	94.0	8728.0
470	3064.3333333333335	0.0	24.0	7517.0
480	3489.6666666666665	0.0	52.0	12103.0
490	3114.1666666666665	0.0	64.0	10444.0
500	3480.1666666666665	0.0	83.0	9983.0
510	3154.5	0.0	68.0	6496.0
520	3298.0	0.0	39.0	8403.0
530	3586.5	0.0	55.0	8999.0
540	3116.8333333333335	0.0	88.0	12458.0
550	3764.8333333333335	0.0	18.0	7812.0
560	3588.0	0.0	30.0	9761.0
570	3573.0	0.0	98.0	9754.0
580	3665.8333333333335	0.0	32.0	9344.0
590	3742.5	0.0	80.0	12163.0
600	3449.8333333333335	0.0	72.0	13251.0
610	3496.1666666666665	0.0	51.0	12564.0
620	3525.6666666666665	0.0	107.0	10487.0
630	3806.8333333333335	0.0	55.0	9596.0
640	3576.5	0.0	38.0	7803.0
650	3516.3333333333335	0.0	80.0	10543.0
660	3881.8333333333335	0.0	26.0	10403.0
670	3704.0	0.0	70.0	8572.0
680	3729.6666666666665	0.0	26.0	11003.0
690	3724.0	0.0	81.0	10218.0
700	3623.6666666666665	0.0	62.0	9155.0
710	3555.3333333333335	0.0	119.0	12073.0
720	3797.8333333333335	0.0	54.0	12420.0
730	3607.5	0.0	57.0	8591.0
740	3986.5	0.0	88.0	9733.0
750	3573.1666666666665	0.0	38.0	11530.0
760	3771.1666666666665	0.0	94.0	9485.0
770	3753.3333333333335	0.0	73.0	7325.0
780	3901.5	0.0	64.0	11465.0
790	3716.5	0.0	68.0	9093.0
800	3621.6666666666665	0.0	34.0	11572.0
