0	2024.8333333333333	0.0	0.0	0.0
10	2142.3333333333335	0.0	85.0	8467.0
20	2202.8333333333335	0.0	29.0	9101.0
30	2358.8333333333335	1.0	41.0	10625.0
40	2279.6666666666665	0.0	15.0	5867.0
50	2346.3333333333335	0.0	48.0	8935.0
60	2363.6666666666665	1.0	95.0	12718.0
70	2515.5	0.0	56.0	9725.0
80	2290.6666666666665	0.0	14.0	6553.0
90	2557.1666666666665	0.0	50.0	12442.0
100	2556.3333333333335	0.0	23.0	5718.0
110	2536.3333333333335	0.0	15.0	6898.0
120	2320.1666666666665	0.0	55.0	11495.0
130	2768.6666666666665	0.0	63.0	10526.0
140	2878.8333333333335	0.0	34.0	9625.0
150	2524.3333333333335	0.0	25.0	8637.0
160	2844.5	0.0	25.0	8967.0
170	2724.6666666666665	0.0	26.0	10254.0
180	2742.5	0.0	15.0	8270.0
190	2812.1666666666665	0.0	61.0	13527.0
200	2290.5	0.0	34.0	9789.0
210	2643.5	0.0	33.0	7788.0
220	2608.6666666666665	0.0	67.0	11803.0
230	2506.8333333333335	0.0	54.0	7133.0
240	2622.1666666666665	0.0	22.0	10303.0
250	2868.8333333333335	0.0	52.0	8876.0
260	2693.5	0.0	85.0	11836.0
270	2796.0	0.0	75.0	8950.0
280	3039.5	0.0	39.0	8912.0
290	2784.5	0.0	78.0	8432.0
300	3093.0	0.0	21.0	8937.0
310	2696.3333333333335	0.0	21.0	10707.0
320	2832.8333333333335	0.0	44.0	11515.0
330	2716.1666666666665	0.0	47.0	8387.0
340	3152.1666666666665	0.0	29.0	9977.0
350	3031.0	0.0	56.0	7187.0
360	2308.6666666666665	0.0	110.0	10770.0
370	3249.1666666666665	0.0	62.0	8754.0
380	2710.0	0.0	46.0	13533.0
390	2901.8333333333335	0.0	40.0	7597.0
400	3717.0	0.0	29.0	8195.0
410	3064.6666666666665	0.0	46.0	10808.0
420	3654.5	0.0	26.0	6840.0
430	3625.6666666666665	0.0	95.0	8867.0
440	3498.5	0.0	59.0	11256.0
450	2876.5	0.0	26.0	10334.0
460	3186.1666666666665	0.0	48.0	8759.0
470	3496.6666666666665	0.0	24.0	10427.0
480	3080.1666666666665	0.0	58.0	9782.0
490	3025.6666666666665	0.0	45.0	9296.0
500	3400.0	0.0	76.0	8781.0
510	3255.6666666666665	0.0	82.0	11143.0
520	3788.5	0.0	53.0	9403.0
530	3683.5	0.0	105.0	12417.0
540	3378.6666666666665	0.0	57.0	12024.0
550	3468.3333333333335	0.0	47.0	8982.0
560	3334.8333333333335	0.0	46.0	9552.0
570	3844.8333333333335	0.0	25.0	10967.0
580	3885.1666666666665	0.0	38.0	7905.0
590	3864.1666666666665	0.0	91.0	14665.0
600	3888.3333333333335	0.0	32.0	12129.0
610	3988.1666666666665	0.0	100.0	10955.0
620	3366.6666666666665	0.0	57.0	12901.0
630	3970.1666666666665	0.0	101.0	12718.0
640	3974.1666666666665	0.0	82.0	8733.0
650	3500.8333333333335	0.0	79.0	11141.0
660	3803.0	0.0	47.0	11400.0
670	4076.0	0.0	84.0	9421.0
680	3586.8333333333335	0.0	44.0	9310.0
690	3950.6666666666665	0.0	56.0	11975.0
700	3916.0	0.0	76.0	8559.0
710	3642.0	0.0	26.0	12382.0
720	4139.166666666667	0.0	73.0	11892.0
730	3230.8333333333335	0.0	33.0	11161.0
740	3500.0	0.0	75.0	11176.0
750	3829.1666666666665	0.0	43.0	10677.0
760	3652.3333333333335	0.0	97.0	9866.0
770	3610.3333333333335	0.0	48.0	11479.0
780	3604.1666666666665	0.0	37.0	11008.0
790	3892.3333333333335	0.0	53.0	8686.0
800	3739.6666666666665	0.0	43.0	10156.0
