0	2658.3333333333335	0.0	0.0	0.0
10	2548.0	1000.0	1000.0	9739.0
20	2616.0	0.0	0.0	12292.0
30	2441.0	0.0	0.0	11347.0
40	2309.0	0.0	0.0	8464.0
50	2090.5	0.0	0.0	8639.0
60	2570.8333333333335	0.0	0.0	9089.0
70	2264.8333333333335	0.0	0.0	8735.0
80	2979.3333333333335	0.0	0.0	9187.0
90	2699.6666666666665	0.0	0.0	9362.0
100	2697.8333333333335	0.0	0.0	8990.0
110	2749.6666666666665	0.0	0.0	8211.0
120	3190.5	0.0	0.0	10092.0
130	3314.6666666666665	0.0	0.0	10200.0
140	2820.5	0.0	0.0	8324.0
150	2886.5	0.0	0.0	8809.0
160	3360.1666666666665	0.0	0.0	9683.0
170	3371.5	0.0	0.0	6497.0
180	3049.8333333333335	0.0	0.0	11000.0
190	2989.3333333333335	0.0	0.0	11135.0
200	3124.6666666666665	0.0	0.0	7819.0
210	2923.1666666666665	0.0	0.0	10998.0
220	3662.3333333333335	0.0	0.0	9221.0
230	3230.8333333333335	0.0	0.0	9012.0
240	3399.3333333333335	0.0	0.0	6936.0
250	3264.5	0.0	0.0	11389.0
260	3242.6666666666665	0.0	0.0	11191.0
270	2965.3333333333335	0.0	0.0	12405.0
280	3411.1666666666665	0.0	0.0	7611.0
290	3182.8333333333335	0.0	0.0	10696.0
300	3216.5	0.0	0.0	11627.0
310	3231.6666666666665	0.0	0.0	8518.0
320	3462.8333333333335	0.0	0.0	8618.0
330	3258.1666666666665	0.0	0.0	9668.0
340	3515.8333333333335	0.0	0.0	7854.0
350	3102.5	0.0	0.0	10254.0
360	3322.6666666666665	0.0	0.0	8709.0
370	3210.0	0.0	0.0	12239.0
380	3628.3333333333335	0.0	0.0	9107.0
390	3628.3333333333335	0.0	0.0	11043.0
400	2942.1666666666665	0.0	0.0	8891.0
410	3368.8333333333335	0.0	0.0	10326.0
420	3676.1666666666665	0.0	0.0	10545.0
430	3922.1666666666665	0.0	0.0	8733.0
440	4065.3333333333335	0.0	0.0	9477.0
450	3755.0	0.0	0.0	12126.0
460	3558.1666666666665	0.0	0.0	11840.0
470	3915.3333333333335	0.0	0.0	9369.0
480	3640.6666666666665	0.0	0.0	10608.0
490	3439.3333333333335	0.0	0.0	10319.0
500	3928.3333333333335	0.0	0.0	9297.0
510	4066.3333333333335	0.0	0.0	9519.0
520	3331.3333333333335	0.0	0.0	12663.0
530	4023.1666666666665	0.0	0.0	10899.0
540	3481.8333333333335	0.0	0.0	11118.0
550	3672.6666666666665	0.0	0.0	9648.0
560	4025.8333333333335	0.0	0.0	9686.0
570	3886.1666666666665	0.0	0.0	11362.0
580	3713.0	0.0	0.0	11204.0
590	3739.1666666666665	0.0	0.0	11216.0
600	3523.0	0.0	0.0	11211.0
610	3310.0	0.0	0.0	12795.0
620	3611.8333333333335	0.0	0.0	10567.0
630	3942.3333333333335	0.0	0.0	8876.0
640	3795.0	0.0	0.0	8846.0
650	3823.8333333333335	0.0	0.0	12366.0
660	3367.8333333333335	0.0	0.0	10466.0
670	3936.8333333333335	0.0	0.0	11253.0
680	3249.0	0.0	0.0	11869.0
690	3668.6666666666665	0.0	0.0	9510.0
700	3814.5	0.0	0.0	6367.0
710	3932.1666666666665	0.0	0.0	9961.0
720	3907.3333333333335	0.0	0.0	9895.0
730	3834.0	0.0	0.0	10587.0
740	3859.5	0.0	0.0	8380.0
750	3624.8333333333335	0.0	0.0	10344.0
760	4096.833333333333	0.0	0.0	10876.0
770	3632.6666666666665	0.0	0.0	9306.0
780	4014.8333333333335	0.0	0.0	12339.0
790	3721.8333333333335	0.0	0.0	11323.0
800	3671.1666666666665	0.0	0.0	9812.0
