0	277.0	0.0	0.0	0.0
10	1962.1666666666667	894.0	3736.0	6142.0
20	1883.8333333333333	106.0	267.0	10223.0
30	1999.3333333333333	0.0	0.0	7711.0
40	2113.3333333333335	0.0	0.0	10740.0
50	2148.3333333333335	0.0	0.0	9414.0
60	2254.8333333333335	0.0	0.0	8335.0
70	2040.3333333333333	0.0	0.0	8506.0
80	2255.1666666666665	0.0	0.0	10298.0
90	2199.5	0.0	0.0	6395.0
100	2152.3333333333335	0.0	0.0	7446.0
110	2395.8333333333335	0.0	0.0	8662.0
120	2344.5	0.0	0.0	9680.0
130	2480.0	0.0	0.0	11973.0
140	2612.3333333333335	0.0	0.0	7584.0
150	2596.6666666666665	0.0	0.0	5532.0
160	2438.3333333333335	0.0	0.0	12618.0
170	2667.5	0.0	0.0	8474.0
180	2625.8333333333335	0.0	0.0	7514.0
190	2307.8333333333335	0.0	0.0	7294.0
200	2555.1666666666665	0.0	0.0	7185.0
210	2620.6666666666665	0.0	0.0	8467.0
220	2475.5	0.0	0.0	7188.0
230	2253.5	0.0	0.0	10060.0
240	2495.6666666666665	0.0	0.0	11490.0
250	2204.0	0.0	0.0	10092.0
260	2540.3333333333335	0.0	0.0	8504.0
270	2852.5	0.0	0.0	7462.0
280	2715.0	0.0	0.0	8442.0
290	2325.6666666666665	0.0	0.0	8882.0
300	2585.0	0.0	0.0	6727.0
310	2957.5	0.0	0.0	10004.0
320	2805.6666666666665	0.0	0.0	8893.0
330	2159.0	0.0	0.0	9624.0
340	3049.3333333333335	0.0	0.0	10501.0
350	2848.3333333333335	0.0	0.0	9546.0
360	2911.6666666666665	0.0	0.0	8032.0
370	2842.5	0.0	0.0	7962.0
380	2751.5	0.0	0.0	10219.0
390	2819.5	0.0	0.0	8430.0
400	3023.3333333333335	0.0	0.0	10516.0
410	3135.6666666666665	0.0	0.0	7447.0
420	3124.3333333333335	0.0	0.0	8432.0
430	3252.6666666666665	0.0	0.0	11444.0
440	3265.5	0.0	0.0	10280.0
450	2760.6666666666665	0.0	0.0	8700.0
460	3288.1666666666665	0.0	0.0	12490.0
470	3266.0	0.0	0.0	10129.0
480	3461.8333333333335	0.0	0.0	8499.0
490	3728.3333333333335	0.0	0.0	6333.0
500	3688.0	0.0	0.0	9097.0
510	3467.6666666666665	0.0	0.0	11819.0
520	3711.5	0.0	0.0	10017.0
530	3153.8333333333335	0.0	0.0	9950.0
540	3615.8333333333335	0.0	0.0	11584.0
550	2776.0	0.0	0.0	9985.0
560	3615.0	0.0	0.0	10324.0
570	3070.3333333333335	0.0	0.0	7025.0
580	3582.1666666666665	0.0	0.0	8848.0
590	3575.1666666666665	0.0	0.0	9688.0
600	3766.0	0.0	0.0	9466.0
610	3461.8333333333335	0.0	0.0	9528.0
620	3610.8333333333335	0.0	0.0	7546.0
630	3167.1666666666665	0.0	0.0	10294.0
640	3701.5	0.0	0.0	9362.0
650	3636.6666666666665	0.0	0.0	11962.0
660	3855.3333333333335	0.0	0.0	9567.0
670	3576.5	0.0	0.0	12272.0
680	3946.8333333333335	0.0	0.0	8266.0
690	3922.1666666666665	0.0	0.0	11902.0
700	3729.1666666666665	0.0	0.0	10809.0
710	3990.3333333333335	0.0	0.0	8314.0
720	3519.8333333333335	0.0	0.0	13175.0
730	3673.0	0.0	0.0	11526.0
740	3752.0	0.0	0.0	10357.0
750	3766.8333333333335	0.0	0.0	10387.0
760	2895.3333333333335	0.0	0.0	10389.0
770	3672.3333333333335	0.0	0.0	8023.0
780	3636.1666666666665	0.0	0.0	11812.0
790	3510.1666666666665	0.0	0.0	10276.0
800	3823.1666666666665	0.0	0.0	7757.0
810	3756.1666666666665	0.0	0.0	10046.0
820	3824.8333333333335	0.0	0.0	8485.0
830	3904.0	0.0	0.0	9720.0
840	3583.6666666666665	0.0	0.0	10065.0
850	3200.6666666666665	0.0	0.0	9232.0
860	3662.6666666666665	0.0	0.0	7994.0
870	3452.3333333333335	0.0	0.0	13863.0
880	3574.0	0.0	0.0	11822.0
890	3631.0	0.0	0.0	11428.0
900	3812.3333333333335	0.0	0.0	11837.0
910	3585.8333333333335	0.0	0.0	8710.0
920	3609.5	0.0	0.0	12362.0
930	3758.0	0.0	0.0	9184.0
940	3532.5	0.0	0.0	12949.0
950	3859.0	0.0	0.0	10816.0
960	3906.6666666666665	0.0	0.0	9130.0
970	3494.8333333333335	0.0	0.0	12271.0
980	3668.6666666666665	0.0	0.0	14280.0
990	3839.1666666666665	0.0	0.0	8660.0
1000	3995.0	0.0	0.0	12551.0
