0	1476.6666666666667	0.0	0.0
10	2285.0	0.0	20000.0
20	2315.8333333333335	0.0	20000.0
30	2381.1666666666665	0.0	20000.0
40	2423.5	0.0	20000.0
50	2376.1666666666665	0.0	20000.0
60	2462.3333333333335	11.0	20000.0
70	2444.5	10.0	20000.0
80	2468.6666666666665	34.0	19773.0
90	2708.1666666666665	39.0	20000.0
100	2747.3333333333335	59.0	19887.0
110	2816.6666666666665	25.0	19833.0
120	2746.1666666666665	47.0	20000.0
130	2852.8333333333335	66.0	20000.0
140	2812.3333333333335	84.0	19374.0
150	2945.5	30.0	19713.0
160	2968.5	20.0	19558.0
170	3207.5	6.0	19963.0
180	3180.6666666666665	3.0	19617.0
190	3253.8333333333335	1.0	19556.0
200	2809.3333333333335	0.0	19034.0
210	2872.3333333333335	0.0	18487.0
220	2951.5	0.0	19679.0
230	2681.5	0.0	19009.0
240	2935.5	3.0	20000.0
250	2988.0	11.0	19712.0
260	2875.3333333333335	9.0	19111.0
270	2652.8333333333335	17.0	19249.0
280	2961.6666666666665	27.0	19760.0
290	2860.5	11.0	19351.0
300	2785.6666666666665	13.0	19359.0
310	2939.3333333333335	20.0	20000.0
320	2713.6666666666665	38.0	19864.0
330	3020.1666666666665	13.0	19284.0
340	2949.0	27.0	19661.0
350	2838.3333333333335	62.0	20000.0
360	2791.6666666666665	58.0	20000.0
370	2917.5	48.0	19653.0
380	2887.0	62.0	19865.0
390	2839.1666666666665	66.0	19470.0
400	3025.3333333333335	79.0	19818.0
410	2926.5	1.0	19716.0
420	3030.5	0.0	19549.0
430	3053.6666666666665	0.0	19665.0
440	3127.1666666666665	0.0	19889.0
450	3064.5	0.0	19583.0
460	3065.1666666666665	0.0	19346.0
470	3089.3333333333335	0.0	20000.0
480	2993.3333333333335	0.0	19693.0
490	3130.8333333333335	0.0	19884.0
500	3125.8333333333335	0.0	20000.0
510	3062.1666666666665	0.0	19497.0
520	3016.5	0.0	19519.0
530	3288.0	0.0	19567.0
540	3158.3333333333335	0.0	20000.0
550	3161.0	0.0	19653.0
560	3308.6666666666665	0.0	19572.0
570	3205.8333333333335	0.0	20000.0
580	3124.0	0.0	20000.0
590	3305.1666666666665	0.0	20000.0
600	3191.6666666666665	0.0	20000.0
610	3372.1666666666665	0.0	19885.0
620	3087.1666666666665	0.0	19707.0
630	3299.0	0.0	19629.0
640	3341.1666666666665	0.0	19664.0
650	3236.0	0.0	19780.0
660	3427.0	0.0	19352.0
670	3286.5	0.0	19112.0
680	3430.1666666666665	0.0	19818.0
690	3452.1666666666665	0.0	19432.0
700	3322.1666666666665	0.0	19774.0
710	3292.6666666666665	0.0	19797.0
720	3476.1666666666665	0.0	19216.0
730	3564.3333333333335	0.0	19267.0
740	3305.1666666666665	0.0	20000.0
750	3530.1666666666665	0.0	20000.0
760	3480.5	0.0	19745.0
770	3386.1666666666665	0.0	19431.0
780	3367.1666666666665	0.0	19838.0
790	3438.1666666666665	0.0	19391.0
800	3507.0	0.0	19455.0
810	3635.8333333333335	0.0	19685.0
820	3534.0	0.0	19510.0
830	3563.5	0.0	19854.0
840	3345.5	0.0	19892.0
850	3506.0	0.0	19565.0
860	3490.6666666666665	0.0	19047.0
870	3654.0	0.0	20000.0
880	3608.5	0.0	19868.0
890	3888.3333333333335	0.0	19651.0
900	3536.0	0.0	19582.0
910	3494.8333333333335	0.0	20000.0
920	3636.0	0.0	19871.0
930	3474.5	0.0	20000.0
940	3629.1666666666665	0.0	19863.0
950	3527.1666666666665	0.0	19735.0
960	3367.6666666666665	0.0	20000.0
970	3381.5	0.0	19790.0
980	3509.6666666666665	0.0	19437.0
990	3666.1666666666665	0.0	19624.0
1000	3738.8333333333335	0.0	20000.0
