0	1476.6666666666667	0.0	0.0
10	2276.6666666666665	0.0	20000.0
20	2302.8333333333335	0.0	20000.0
30	2400.3333333333335	0.0	20000.0
40	2323.3333333333335	2.0	20000.0
50	2477.1666666666665	4.0	20000.0
60	2460.3333333333335	3.0	20000.0
70	2488.0	8.0	20000.0
80	2611.5	83.0	19870.0
90	2679.0	133.0	20000.0
100	2716.1666666666665	80.0	19475.0
110	2826.3333333333335	40.0	19932.0
120	2849.8333333333335	9.0	20000.0
130	3021.8333333333335	24.0	19942.0
140	2889.5	16.0	19592.0
150	2822.6666666666665	21.0	19834.0
160	3008.5	5.0	19574.0
170	3183.0	7.0	19753.0
180	3338.8333333333335	0.0	19112.0
190	2860.3333333333335	0.0	18494.0
200	2853.3333333333335	0.0	19331.0
210	3154.6666666666665	0.0	17958.0
220	3238.3333333333335	0.0	19710.0
230	3232.1666666666665	1.0	18943.0
240	3160.5	0.0	18951.0
250	3172.5	1.0	19401.0
260	3180.0	0.0	19994.0
270	3262.6666666666665	0.0	19091.0
280	3474.5	0.0	19011.0
290	3120.0	0.0	18314.0
300	3425.6666666666665	0.0	19772.0
310	3291.0	0.0	18249.0
320	3114.1666666666665	1.0	19624.0
330	3265.3333333333335	1.0	18985.0
340	3006.8333333333335	0.0	19571.0
350	2962.3333333333335	1.0	18942.0
360	2857.8333333333335	0.0	19612.0
370	2963.8333333333335	4.0	19534.0
380	3100.3333333333335	10.0	19512.0
390	2990.5	18.0	19476.0
400	3136.5	22.0	19729.0
410	3136.3333333333335	16.0	20000.0
420	2964.1666666666665	14.0	19459.0
430	3150.6666666666665	20.0	19540.0
440	3082.6666666666665	15.0	20000.0
450	3096.0	18.0	19695.0
460	3098.6666666666665	22.0	19613.0
470	3197.0	28.0	19764.0
480	3006.1666666666665	36.0	19363.0
490	3063.5	35.0	20000.0
500	2886.3333333333335	36.0	19869.0
510	3074.1666666666665	64.0	19830.0
520	3163.6666666666665	27.0	19136.0
530	3056.1666666666665	70.0	19602.0
540	3306.3333333333335	65.0	19391.0
550	3107.3333333333335	25.0	19621.0
560	3157.3333333333335	15.0	19793.0
570	3116.3333333333335	0.0	20000.0
580	3228.0	0.0	19625.0
590	3052.0	0.0	18968.0
600	3083.0	0.0	19878.0
610	3052.8333333333335	0.0	19671.0
620	2941.3333333333335	0.0	20000.0
630	3118.5	0.0	19731.0
640	3092.0	0.0	19835.0
650	3189.8333333333335	0.0	19498.0
660	3215.1666666666665	0.0	19455.0
670	3147.1666666666665	0.0	19630.0
680	3379.0	0.0	19519.0
690	3250.3333333333335	0.0	19804.0
700	3407.0	0.0	20000.0
710	3332.6666666666665	0.0	19634.0
720	3247.0	0.0	19954.0
730	3392.3333333333335	0.0	19524.0
740	3185.6666666666665	0.0	19401.0
750	3357.5	0.0	18992.0
760	3414.8333333333335	0.0	19699.0
770	3388.0	0.0	19329.0
780	3441.0	0.0	19684.0
790	3335.3333333333335	0.0	19157.0
800	3469.5	0.0	20000.0
810	3491.5	0.0	19231.0
820	3646.8333333333335	0.0	19670.0
830	3683.8333333333335	0.0	19686.0
840	3372.8333333333335	0.0	19469.0
850	3651.1666666666665	0.0	19894.0
860	3567.0	0.0	19700.0
870	3551.8333333333335	0.0	20000.0
880	3420.1666666666665	0.0	20000.0
890	3447.8333333333335	0.0	20000.0
900	3510.6666666666665	0.0	19506.0
910	3376.6666666666665	0.0	19793.0
920	3554.6666666666665	0.0	19859.0
930	3407.5	0.0	20000.0
940	3461.6666666666665	0.0	19840.0
950	3610.1666666666665	0.0	19620.0
960	3611.3333333333335	0.0	20000.0
970	3612.3333333333335	0.0	19807.0
980	3607.8333333333335	0.0	19595.0
990	3532.5	0.0	20000.0
1000	3613.1666666666665	0.0	20000.0
