0	1448.1666666666667	0.0	0.0
10	2362.5	0.0	20000.0
20	2319.5	0.0	20000.0
30	2249.6666666666665	0.0	20000.0
40	2328.1666666666665	4.0	20000.0
50	2407.5	9.0	20000.0
60	2539.0	6.0	20000.0
70	2551.8333333333335	10.0	20000.0
80	2532.5	15.0	20000.0
90	2619.8333333333335	12.0	19548.0
100	2601.1666666666665	35.0	19792.0
110	2720.3333333333335	17.0	19993.0
120	2788.8333333333335	21.0	19424.0
130	2868.3333333333335	12.0	20000.0
140	2945.6666666666665	19.0	19873.0
150	3147.3333333333335	3.0	18586.0
160	3293.3333333333335	0.0	19331.0
170	3111.8333333333335	0.0	19581.0
180	3287.5	0.0	19900.0
190	3144.0	0.0	19564.0
200	3349.1666666666665	0.0	18540.0
210	3294.6666666666665	1.0	19490.0
220	3306.1666666666665	0.0	18048.0
230	3032.6666666666665	0.0	19153.0
240	3277.6666666666665	0.0	19285.0
250	3319.3333333333335	1.0	19817.0
260	2783.6666666666665	0.0	17770.0
270	3382.8333333333335	0.0	17984.0
280	2848.6666666666665	0.0	19267.0
290	2876.6666666666665	0.0	19123.0
300	3328.8333333333335	0.0	18141.0
310	3247.8333333333335	0.0	18874.0
320	3152.5	0.0	18622.0
330	3388.8333333333335	0.0	18853.0
340	3188.8333333333335	0.0	18149.0
350	3266.6666666666665	0.0	18941.0
360	3657.3333333333335	0.0	18372.0
370	3064.3333333333335	0.0	19133.0
380	3109.5	1.0	19155.0
390	3158.6666666666665	0.0	19402.0
400	2984.5	0.0	19603.0
410	3023.0	2.0	18883.0
420	3118.8333333333335	4.0	18866.0
430	2861.1666666666665	2.0	20000.0
440	2779.3333333333335	7.0	19264.0
450	2907.6666666666665	7.0	19659.0
460	3043.5	4.0	18933.0
470	2990.1666666666665	5.0	20000.0
480	3122.1666666666665	12.0	19484.0
490	2772.5	26.0	20000.0
500	3042.0	27.0	19728.0
510	3099.6666666666665	29.0	19375.0
520	3210.8333333333335	21.0	18928.0
530	3025.6666666666665	18.0	19678.0
540	3262.8333333333335	27.0	20000.0
550	3257.8333333333335	28.0	19811.0
560	3137.3333333333335	21.0	20000.0
570	3119.0	15.0	20000.0
580	3043.0	46.0	19274.0
590	3087.3333333333335	37.0	18857.0
600	2964.5	23.0	19913.0
610	3313.1666666666665	17.0	19909.0
620	3158.8333333333335	27.0	19846.0
630	3174.8333333333335	71.0	19403.0
640	3292.1666666666665	52.0	19895.0
650	3242.1666666666665	70.0	19630.0
660	3086.3333333333335	60.0	20000.0
670	3118.1666666666665	48.0	19566.0
680	3198.8333333333335	96.0	20000.0
690	3326.3333333333335	32.0	19664.0
700	3410.3333333333335	0.0	20000.0
710	3239.0	0.0	19393.0
720	3209.1666666666665	0.0	20000.0
730	3327.1666666666665	0.0	19672.0
740	3278.5	0.0	19691.0
750	3261.8333333333335	0.0	19452.0
760	3243.8333333333335	0.0	20000.0
770	3265.5	0.0	19730.0
780	3447.6666666666665	0.0	19238.0
790	3509.1666666666665	0.0	19617.0
800	3322.0	0.0	20000.0
810	3344.6666666666665	0.0	20000.0
820	3056.0	0.0	19919.0
830	3379.8333333333335	0.0	19558.0
840	3501.8333333333335	0.0	19736.0
850	3353.8333333333335	0.0	19670.0
860	3642.3333333333335	0.0	19606.0
870	3605.3333333333335	0.0	19926.0
880	3539.6666666666665	0.0	19711.0
890	3464.5	0.0	19435.0
900	3543.8333333333335	0.0	19573.0
910	3608.8333333333335	0.0	19560.0
920	3412.0	0.0	19863.0
930	3716.6666666666665	0.0	19015.0
940	3499.5	0.0	20000.0
950	3578.8333333333335	0.0	19855.0
960	3426.1666666666665	0.0	20000.0
970	3572.1666666666665	0.0	19592.0
980	3594.3333333333335	0.0	19634.0
990	3557.5	0.0	19765.0
1000	3353.8333333333335	0.0	20000.0
