0	1070.1000000000001	0.0	0.0	0.0
10	1217.0277777777776	0.0	6047.6	6047.6
20	1385.4555555555555	0.0	6472.3	6472.3
30	1513.5166666666662	0.0	6893.933333333333	6893.933333333333
40	1765.3833333333334	0.0	7068.1	7068.1
50	1791.2055555555553	0.0	7668.9	7668.9
60	1904.7666666666664	0.06666666666666667	7351.533333333334	7351.533333333334
70	2014.4666666666665	0.43333333333333335	7168.0	7168.0
80	2026.9888888888888	1.8666666666666667	7558.833333333333	7558.833333333333
90	2051.3833333333337	3.2666666666666666	7760.6	7760.6
100	2017.7888888888888	6.0	7970.233333333334	7970.233333333334
110	2046.0888888888883	7.966666666666667	8329.933333333332	8329.933333333332
120	2035.1999999999998	12.866666666666667	8348.2	8348.2
130	2066.7611111111114	16.733333333333334	8626.833333333334	8626.833333333334
140	1990.8000000000002	22.7	8588.866666666667	8588.866666666667
150	2041.8722222222225	28.166666666666668	9025.1	9025.1
160	2093.355555555556	31.633333333333333	8920.6	8920.6
170	2086.744444444444	40.9	9250.166666666666	9250.166666666666
180	2019.4000000000003	46.766666666666666	9194.3	9194.3
190	1938.138888888889	54.63333333333333	9723.333333333334	9723.333333333334
200	2062.4999999999995	54.5	8908.433333333332	8908.433333333332
210	2049.0499999999997	65.13333333333334	9397.733333333334	9397.733333333334
220	2069.0222222222224	72.63333333333334	9621.066666666668	9621.066666666668
230	2039.0388888888895	75.73333333333333	9412.4	9412.4
240	2025.177777777778	84.3	9399.966666666667	9399.966666666667
250	1965.4	85.6	8842.666666666666	9008.766666666666
260	2042.3166666666666	90.03333333333333	8738.1	9539.066666666668
270	2047.0666666666666	76.53333333333333	7446.8	9411.033333333333
280	2039.7444444444445	49.93333333333333	5329.066666666667	8922.266666666666
290	2070.8333333333335	50.7	4917.233333333334	9258.8
300	2026.2777777777776	17.533333333333335	1729.1	8852.266666666666
310	2059.8888888888887	2.2	270.1	8685.5
320	2092.6888888888893	1.1666666666666667	106.73333333333333	8767.333333333334
330	2065.116666666667	0.0	0.0	8619.633333333333
340	2136.7888888888892	0.0	0.0	8661.5
350	2115.133333333333	0.0	0.0	8499.3
360	2182.6111111111113	0.0	0.0	8484.2
370	2177.1888888888884	0.0	0.0	8543.366666666667
380	2097.8777777777777	0.0	0.0	9117.533333333333
390	2203.0722222222225	0.0	0.0	8564.966666666667
400	2149.788888888889	0.0	0.0	8926.666666666666
410	2163.027777777778	0.0	0.0	8782.933333333332
420	2228.538888888889	0.0	0.0	8526.166666666666
430	2280.0833333333335	0.0	0.0	8559.1
440	2230.6888888888884	0.0	0.0	9233.933333333332
450	2269.3222222222225	0.0	0.0	8448.366666666667
460	2133.3388888888885	0.0	0.0	8560.233333333334
470	2197.633333333333	0.0	0.0	8698.333333333334
480	2236.4999999999995	0.0	0.0	8782.233333333334
490	2175.5111111111105	0.0	0.0	8793.933333333332
500	2172.8	0.0	0.0	9071.733333333334
510	2274.2944444444447	0.0	0.0	8967.6
520	2276.733333333333	0.0	0.0	8908.533333333333
530	2269.8777777777777	0.0	0.0	9083.233333333334
540	2271.266666666667	0.0	0.0	9247.1
550	2238.155555555555	0.0	0.0	8975.2
560	2301.8777777777777	0.0	0.0	8975.833333333334
570	2307.4833333333327	0.0	0.0	8738.5
580	2304.1111111111104	0.0	0.0	8889.466666666667
590	2330.011111111111	0.0	0.0	8652.0
600	2313.6277777777777	0.0	0.0	8900.666666666666
610	2325.8166666666666	0.0	0.0	9159.966666666667
620	2299.1	0.0	0.0	9044.1
630	2251.4166666666665	0.0	0.0	8672.0
640	2227.5666666666666	0.0	0.0	8872.5
650	2218.122222222222	0.0	0.0	8891.2
660	2190.294444444444	0.0	0.0	8839.266666666666
670	2205.5333333333333	0.0	0.0	8616.5
680	2127.7666666666664	0.0	0.0	8893.4
690	2132.616666666667	0.0	0.0	9024.033333333333
700	2188.266666666667	0.0	0.0	9034.9
710	2122.1666666666665	0.0	0.0	9190.3
720	2269.7166666666662	0.0	0.0	9014.133333333333
730	2195.4500000000003	0.0	0.0	8833.733333333334
740	2270.394444444444	0.0	0.0	8879.733333333334
750	2243.927777777778	0.0	0.0	8712.966666666667
760	2217.127777777778	0.0	0.0	9291.433333333332
770	2237.1277777777777	0.0	0.0	8794.333333333334
780	2205.6833333333334	0.0	0.0	9206.566666666668
790	2214.4666666666662	0.0	0.0	8925.333333333334
800	2194.55	0.0	0.0	9032.566666666668
810	2201.327777777778	0.0	0.0	9109.3
820	2166.4999999999995	0.0	0.0	9053.566666666668
830	2279.85	0.0	0.0	8793.966666666667
840	2264.522222222222	0.0	0.0	9346.8
850	2177.922222222222	0.0	0.0	9412.8
860	2157.4500000000003	0.0	0.0	9095.833333333334
870	2262.9666666666662	0.0	0.0	9376.8
880	2280.9666666666667	0.0	0.0	8974.7
890	2281.005555555555	0.0	0.0	8903.4
900	2211.527777777778	0.0	0.0	8642.266666666666
910	2246.622222222222	0.0	0.0	8798.8
920	2237.311111111111	0.0	0.0	9146.233333333334
930	2263.5	0.0	0.0	8620.566666666668
940	2265.127777777778	0.0	0.0	8914.333333333334
950	2204.511111111111	0.0	0.0	9158.433333333332
960	2244.3333333333335	0.0	0.0	8655.3
970	2173.494444444444	0.0	0.0	8797.7
980	2260.144444444444	0.0	0.0	9081.733333333334
990	2342.0666666666666	0.0	0.0	9461.2
1000	2238.9	0.0	0.0	8999.933333333332
