0	1105.6666666666667	0.0	0.0	0.0
10	913.0	0.0	4771.0	4771.0
20	1609.0	0.0	6500.0	6500.0
30	2004.3333333333333	0.0	9341.0	9341.0
40	1718.1666666666667	0.0	6731.0	6731.0
50	1306.3333333333333	0.0	6986.0	6986.0
60	1578.8333333333333	0.0	8860.0	8860.0
70	1497.5	0.0	3869.0	3869.0
80	1429.8333333333333	2.0	6341.0	6341.0
90	1299.3333333333333	0.0	6348.0	6348.0
100	1614.3333333333333	6.0	7554.0	7554.0
110	1703.3333333333333	11.0	8374.0	8374.0
120	1764.3333333333333	25.0	10197.0	10197.0
130	2241.6666666666665	19.0	8762.0	8762.0
140	2114.3333333333335	34.0	7733.0	7733.0
150	1837.0	24.0	10163.0	10163.0
160	2315.1666666666665	48.0	10502.0	10502.0
170	2390.5	54.0	8761.0	8761.0
180	2198.0	67.0	9847.0	9847.0
190	2389.8333333333335	25.0	9220.0	9220.0
200	1884.8333333333333	39.0	7848.0	7848.0
210	2402.5	37.0	8455.0	8455.0
220	2590.5	51.0	9068.0	9068.0
230	2463.1666666666665	26.0	7787.0	7787.0
240	2479.8333333333335	63.0	8519.0	8519.0
250	2549.1666666666665	51.0	8086.0	8086.0
260	2453.3333333333335	61.0	8397.0	8397.0
270	1945.5	120.0	10396.0	10396.0
280	2269.0	128.0	11494.0	11494.0
290	1980.0	105.0	10420.0	10420.0
300	1668.0	4.0	441.0	10834.0
310	2393.8333333333335	0.0	0.0	7063.0
320	2110.3333333333335	0.0	0.0	7889.0
330	1899.6666666666667	0.0	0.0	7207.0
340	2296.8333333333335	0.0	0.0	7583.0
350	2322.1666666666665	0.0	0.0	9730.0
360	2117.6666666666665	0.0	0.0	7065.0
370	2206.0	0.0	0.0	8045.0
380	2065.0	0.0	0.0	10541.0
390	1471.3333333333333	0.0	0.0	8014.0
400	1399.3333333333333	0.0	0.0	10059.0
410	1870.0	0.0	0.0	9909.0
420	2415.5	0.0	0.0	9276.0
430	1856.0	0.0	0.0	9145.0
440	2049.0	0.0	0.0	11948.0
450	2602.0	0.0	0.0	8087.0
460	1343.3333333333333	0.0	0.0	8583.0
470	1971.5	0.0	0.0	10626.0
480	2428.5	0.0	0.0	7530.0
490	1756.3333333333333	0.0	0.0	9106.0
500	1247.3333333333333	0.0	0.0	7516.0
510	2014.0	0.0	0.0	7637.0
520	2442.0	0.0	0.0	8632.0
530	2387.0	0.0	0.0	8284.0
540	2481.3333333333335	0.0	0.0	7401.0
550	2406.0	0.0	0.0	9862.0
560	2699.3333333333335	0.0	0.0	9004.0
570	2419.3333333333335	0.0	0.0	8608.0
580	2445.8333333333335	0.0	0.0	7911.0
590	2282.0	0.0	0.0	8532.0
600	1971.3333333333333	0.0	0.0	7490.0
610	1696.6666666666667	0.0	0.0	7218.0
620	1867.5	0.0	0.0	9439.0
630	2093.1666666666665	0.0	0.0	9225.0
640	1876.8333333333333	0.0	0.0	7947.0
650	1763.6666666666667	0.0	0.0	8281.0
660	1966.1666666666667	0.0	0.0	8028.0
670	2058.6666666666665	0.0	0.0	7803.0
680	2206.3333333333335	0.0	0.0	10470.0
690	2250.3333333333335	0.0	0.0	7919.0
700	1886.5	0.0	0.0	8968.0
710	2035.6666666666667	0.0	0.0	9848.0
720	2406.3333333333335	0.0	0.0	9733.0
730	2122.6666666666665	0.0	0.0	8178.0
740	2425.3333333333335	0.0	0.0	10045.0
750	2717.0	0.0	0.0	10271.0
760	2261.8333333333335	0.0	0.0	10067.0
770	2706.0	0.0	0.0	8943.0
780	2405.8333333333335	0.0	0.0	8018.0
790	1752.5	0.0	0.0	8409.0
800	1848.0	0.0	0.0	9212.0
810	2162.3333333333335	0.0	0.0	8510.0
820	2002.5	0.0	0.0	9090.0
830	2172.6666666666665	0.0	0.0	11851.0
840	1716.6666666666667	0.0	0.0	9361.0
850	1963.6666666666667	0.0	0.0	10744.0
860	1791.6666666666667	0.0	0.0	8553.0
870	2003.3333333333333	0.0	0.0	9445.0
880	1809.3333333333333	0.0	0.0	8506.0
890	2505.3333333333335	0.0	0.0	9154.0
900	1945.5	0.0	0.0	8584.0
910	2553.3333333333335	0.0	0.0	9239.0
920	2377.6666666666665	0.0	0.0	9950.0
930	2400.0	0.0	0.0	9033.0
940	2497.0	0.0	0.0	8738.0
950	2469.0	0.0	0.0	7413.0
960	2188.6666666666665	0.0	0.0	7824.0
970	2456.0	0.0	0.0	8562.0
980	2255.6666666666665	0.0	0.0	7580.0
990	2493.1666666666665	0.0	0.0	9957.0
1000	2402.6666666666665	0.0	0.0	10442.0
