0	1584.8333333333333	0.0	0.0	0.0
10	1623.6666666666667	359.0	1116.0	9169.0
20	1983.3333333333333	179.0	736.0	9344.0
30	1620.5	198.0	824.0	8968.0
40	1860.6666666666667	165.0	621.0	7688.0
50	1696.3333333333333	0.0	201.0	5157.0
60	2101.5	84.0	460.0	7082.0
70	2069.3333333333335	15.0	110.0	9318.0
80	2000.6666666666667	0.0	0.0	8143.0
90	1915.5	0.0	0.0	6426.0
100	2013.1666666666667	0.0	0.0	10476.0
110	1765.8333333333333	0.0	0.0	6269.0
120	1519.5	0.0	0.0	5388.0
130	1669.6666666666667	0.0	0.0	7558.0
140	1777.1666666666667	0.0	0.0	6342.0
150	1662.3333333333333	0.0	0.0	8089.0
160	1677.6666666666667	0.0	0.0	7599.0
170	1642.0	0.0	0.0	7916.0
180	1374.6666666666667	0.0	0.0	6167.0
190	1712.0	0.0	0.0	11596.0
200	1547.3333333333333	0.0	0.0	6822.0
210	1681.8333333333333	0.0	0.0	6505.0
220	1646.6666666666667	0.0	0.0	5287.0
230	1572.0	0.0	0.0	5790.0
240	1696.3333333333333	0.0	0.0	8161.0
250	1549.5	0.0	0.0	6384.0
260	1424.6666666666667	0.0	0.0	4779.0
270	1412.6666666666667	0.0	0.0	5556.0
280	1646.3333333333333	0.0	0.0	7459.0
290	1483.1666666666667	0.0	0.0	6968.0
300	1339.1666666666667	0.0	0.0	6140.0
310	1544.1666666666667	0.0	0.0	5291.0
320	1590.8333333333333	0.0	0.0	6210.0
330	1537.0	0.0	0.0	6245.0
340	1481.6666666666667	0.0	0.0	7720.0
350	1282.3333333333333	0.0	0.0	6061.0
360	1577.0	0.0	0.0	5855.0
370	1130.0	0.0	0.0	6266.0
380	1363.6666666666667	0.0	0.0	6715.0
390	1248.3333333333333	0.0	0.0	4556.0
400	1526.6666666666667	0.0	0.0	5550.0
410	1410.6666666666667	0.0	0.0	5075.0
420	1606.3333333333333	0.0	0.0	5102.0
430	1428.6666666666667	0.0	0.0	7571.0
440	1552.6666666666667	0.0	0.0	6028.0
450	1389.0	0.0	0.0	5145.0
460	1448.1666666666667	0.0	0.0	6080.0
470	1448.0	0.0	0.0	8032.0
480	1277.3333333333333	0.0	0.0	6469.0
490	1476.0	0.0	0.0	5923.0
500	1384.3333333333333	0.0	0.0	8443.0
510	1400.6666666666667	0.0	0.0	5783.0
520	1371.6666666666667	0.0	0.0	6649.0
530	1279.0	0.0	0.0	5606.0
540	1445.3333333333333	0.0	0.0	6823.0
550	1292.6666666666667	0.0	0.0	6129.0
560	1482.0	0.0	0.0	6481.0
570	1465.6666666666667	0.0	0.0	7030.0
580	1317.3333333333333	0.0	0.0	7274.0
590	1321.0	0.0	0.0	6993.0
600	1186.6666666666667	0.0	0.0	5735.0
610	1327.6666666666667	0.0	0.0	4732.0
620	1246.3333333333333	0.0	0.0	5743.0
630	1208.3333333333333	0.0	0.0	5638.0
640	1284.3333333333333	0.0	0.0	5042.0
650	1362.6666666666667	0.0	0.0	4576.0
660	1205.0	0.0	0.0	5648.0
670	1204.3333333333333	0.0	0.0	3605.0
680	1380.6666666666667	0.0	0.0	5635.0
690	1333.6666666666667	0.0	0.0	4460.0
700	1204.0	0.0	0.0	4986.0
710	1437.3333333333333	0.0	0.0	4324.0
720	1394.3333333333333	0.0	0.0	6999.0
730	1530.3333333333333	0.0	0.0	5067.0
740	1299.0	0.0	0.0	4314.0
750	1373.0	0.0	0.0	6839.0
760	1329.0	0.0	0.0	6196.0
770	1264.0	0.0	0.0	6757.0
780	1205.0	0.0	0.0	5582.0
790	1279.6666666666667	0.0	0.0	5056.0
800	1326.0	0.0	0.0	4584.0
810	1289.0	0.0	0.0	4462.0
820	1264.6666666666667	0.0	0.0	7406.0
830	1236.0	0.0	0.0	5213.0
840	1268.3333333333333	0.0	0.0	4646.0
850	1284.3333333333333	0.0	0.0	5331.0
860	1271.3333333333333	0.0	0.0	4318.0
870	1345.3333333333333	0.0	0.0	6487.0
880	1179.3333333333333	0.0	0.0	4499.0
890	1284.6666666666667	0.0	0.0	6673.0
900	1167.6666666666667	0.0	0.0	6627.0
910	1259.0	0.0	0.0	5698.0
920	1408.6666666666667	0.0	0.0	5020.0
930	1359.6666666666667	0.0	0.0	5342.0
940	1242.3333333333333	0.0	0.0	4841.0
950	1287.6666666666667	0.0	0.0	6079.0
960	1369.0	0.0	0.0	4383.0
970	1152.0	0.0	0.0	5080.0
980	1195.0	0.0	0.0	5316.0
990	1219.0	0.0	0.0	4899.0
1000	1247.3333333333333	0.0	0.0	5078.0
