0	2521.1666666666665	0.0	0.0	0.0
10	2830.8333333333335	37.0	2452.0	9133.0
20	2743.3333333333335	4.0	2763.0	8850.0
30	2604.5	4.0	2703.0	11581.0
40	2588.3333333333335	6.0	1301.0	7567.0
50	2608.6666666666665	6.0	1738.0	7612.0
60	2465.6666666666665	1.0	2589.0	9738.0
70	2594.1666666666665	18.0	2052.0	7085.0
80	1969.6666666666667	26.0	3098.0	11573.0
90	2642.0	17.0	3222.0	13128.0
100	2704.5	19.0	2692.0	9385.0
110	2638.0	7.0	2366.0	9978.0
120	2577.0	6.0	1814.0	8602.0
130	2767.1666666666665	0.0	2284.0	6842.0
140	2808.6666666666665	1.0	1699.0	6722.0
150	2534.6666666666665	2.0	3377.0	11644.0
160	2571.5	0.0	1606.0	7138.0
170	3181.1666666666665	3.0	1441.0	6664.0
180	2839.8333333333335	0.0	3060.0	11594.0
190	2882.0	1.0	1846.0	7344.0
200	2696.5	0.0	3152.0	12291.0
210	3408.8333333333335	0.0	2025.0	8817.0
220	2941.1666666666665	0.0	2752.0	10594.0
230	3071.0	2.0	2468.0	11702.0
240	3080.0	0.0	2668.0	9868.0
250	3367.0	0.0	2494.0	10231.0
260	3380.3333333333335	0.0	1781.0	7437.0
270	3627.8333333333335	0.0	2571.0	9412.0
280	3543.3333333333335	0.0	2412.0	10643.0
290	3652.1666666666665	0.0	2813.0	11492.0
300	3622.6666666666665	0.0	2455.0	8089.0
310	3066.6666666666665	0.0	3804.0	13832.0
320	3378.5	0.0	2714.0	10932.0
330	3499.5	0.0	3206.0	14141.0
340	3571.5	1.0	1955.0	8148.0
350	3300.5	0.0	2688.0	11434.0
360	3809.1666666666665	0.0	1795.0	6379.0
370	3650.5	0.0	2763.0	10727.0
380	3348.0	0.0	2765.0	12213.0
390	3633.3333333333335	0.0	2172.0	10625.0
400	3716.6666666666665	0.0	2196.0	9916.0
410	3038.3333333333335	0.0	2396.0	11062.0
420	4004.3333333333335	0.0	2399.0	11116.0
430	3835.0	0.0	1826.0	9780.0
440	3955.5	0.0	2264.0	10223.0
450	3939.1666666666665	0.0	2172.0	12516.0
460	3729.1666666666665	0.0	2098.0	12418.0
470	4122.333333333333	0.0	1850.0	11072.0
480	3919.1666666666665	0.0	2108.0	9672.0
490	3361.1666666666665	0.0	1503.0	9159.0
500	3705.0	0.0	2749.0	11437.0
510	3466.8333333333335	0.0	3311.0	12806.0
520	3440.0	0.0	2912.0	12028.0
530	2816.6666666666665	0.0	1934.0	8536.0
540	3751.1666666666665	0.0	2621.0	10084.0
550	4206.833333333333	0.0	1987.0	10438.0
560	3399.6666666666665	0.0	1981.0	9614.0
570	3394.8333333333335	0.0	3216.0	13869.0
580	3973.6666666666665	0.0	1907.0	10333.0
590	3754.1666666666665	0.0	1518.0	8964.0
600	3730.3333333333335	0.0	1492.0	8776.0
610	3494.6666666666665	0.0	1821.0	10535.0
620	3474.3333333333335	0.0	1922.0	8831.0
630	3826.8333333333335	0.0	2662.0	11377.0
640	3682.3333333333335	0.0	2019.0	10552.0
650	3609.3333333333335	0.0	3093.0	12921.0
660	4123.166666666667	0.0	2618.0	9689.0
670	3640.8333333333335	0.0	3023.0	8655.0
680	3871.0	0.0	2814.0	9910.0
690	4025.3333333333335	0.0	2306.0	10732.0
700	3395.0	0.0	2564.0	12125.0
710	4129.833333333333	0.0	1644.0	8161.0
720	3852.8333333333335	0.0	2820.0	12585.0
730	3688.0	0.0	2559.0	12347.0
740	3461.1666666666665	0.0	1994.0	9200.0
750	3944.0	0.0	2500.0	9654.0
760	3708.1666666666665	0.0	1825.0	8754.0
770	3925.8333333333335	0.0	2840.0	9924.0
780	3790.6666666666665	0.0	2041.0	9114.0
790	4046.5	0.0	1655.0	7159.0
800	3861.0	0.0	2078.0	7751.0
