0	2699.6666666666665	0.0	0.0	0.0
10	2608.3333333333335	9.0	2544.0	10841.0
20	2706.6666666666665	5.0	863.0	6466.0
30	2721.6666666666665	18.0	2313.0	8864.0
40	2628.6666666666665	19.0	3341.0	11074.0
50	2783.1666666666665	14.0	1952.0	7952.0
60	2791.5	33.0	3580.0	11781.0
70	2507.6666666666665	0.0	939.0	6219.0
80	2496.5	18.0	2958.0	9942.0
90	2693.6666666666665	9.0	2661.0	9340.0
100	2735.8333333333335	2.0	2162.0	7810.0
110	2497.8333333333335	6.0	1872.0	7636.0
120	2489.5	5.0	2921.0	10303.0
130	2621.8333333333335	6.0	4004.0	12813.0
140	3054.0	4.0	3036.0	10646.0
150	2177.6666666666665	3.0	2763.0	9054.0
160	2348.5	1.0	2619.0	10165.0
170	2645.3333333333335	0.0	1553.0	6794.0
180	2214.0	0.0	1987.0	6735.0
190	2793.3333333333335	1.0	2041.0	7793.0
200	3046.0	2.0	3144.0	12278.0
210	3073.0	2.0	1902.0	7994.0
220	3315.8333333333335	0.0	2035.0	8553.0
230	2673.0	0.0	2253.0	9433.0
240	2855.8333333333335	0.0	2163.0	9911.0
250	2858.5	0.0	3125.0	12388.0
260	2955.8333333333335	0.0	2235.0	9425.0
270	3446.6666666666665	0.0	2515.0	10132.0
280	3041.8333333333335	0.0	2808.0	12646.0
290	3302.8333333333335	0.0	2076.0	10655.0
300	2911.8333333333335	0.0	2874.0	12519.0
310	3109.0	0.0	2526.0	9164.0
320	3684.6666666666665	0.0	2633.0	12113.0
330	3603.8333333333335	0.0	1784.0	8089.0
340	3168.1666666666665	0.0	2460.0	11129.0
350	3645.1666666666665	0.0	2790.0	11146.0
360	3507.5	0.0	2425.0	10136.0
370	3103.3333333333335	0.0	2500.0	10600.0
380	3065.1666666666665	0.0	2392.0	12421.0
390	3943.1666666666665	0.0	1834.0	7331.0
400	3903.8333333333335	0.0	2541.0	13138.0
410	2869.8333333333335	0.0	1715.0	8348.0
420	3721.1666666666665	0.0	3302.0	13295.0
430	3807.8333333333335	0.0	2122.0	9754.0
440	3720.1666666666665	0.0	1523.0	7817.0
450	3426.1666666666665	0.0	2744.0	13249.0
460	3881.0	0.0	2045.0	10186.0
470	3331.8333333333335	0.0	1576.0	8368.0
480	3572.6666666666665	0.0	1887.0	9102.0
490	3427.8333333333335	0.0	2185.0	9868.0
500	3500.5	0.0	1808.0	9864.0
510	3432.0	0.0	2181.0	12517.0
520	4078.3333333333335	0.0	2955.0	13844.0
530	3967.8333333333335	0.0	2648.0	9765.0
540	3839.0	0.0	1992.0	8335.0
550	3355.0	0.0	3038.0	10361.0
560	3294.8333333333335	0.0	3023.0	10408.0
570	3849.1666666666665	0.0	2405.0	11280.0
580	3638.6666666666665	0.0	1936.0	9828.0
590	3285.1666666666665	0.0	1640.0	7944.0
600	3652.6666666666665	0.0	1682.0	9750.0
610	3974.8333333333335	0.0	2519.0	12452.0
620	3593.8333333333335	0.0	1679.0	7795.0
630	3732.8333333333335	0.0	2259.0	11133.0
640	3704.1666666666665	0.0	2328.0	9121.0
650	3951.0	0.0	2098.0	10374.0
660	3503.3333333333335	0.0	1428.0	10493.0
670	3725.8333333333335	0.0	1519.0	9178.0
680	3825.5	0.0	1710.0	10697.0
690	3667.1666666666665	0.0	977.0	6606.0
700	3692.3333333333335	0.0	1158.0	6825.0
710	3815.3333333333335	0.0	1713.0	7671.0
720	3449.0	0.0	1326.0	8971.0
730	3890.3333333333335	0.0	2868.0	13585.0
740	3687.0	0.0	1750.0	11596.0
750	3278.5	0.0	1208.0	8273.0
760	3681.6666666666665	0.0	1473.0	10719.0
770	3931.8333333333335	0.0	1845.0	10899.0
780	3845.0	0.0	1795.0	9086.0
790	3666.3333333333335	0.0	2135.0	10657.0
800	3828.8333333333335	0.0	2151.0	11715.0
