0	1707.0	0.0	0.0	0.0
10	1728.3333333333333	1000.0	1000.0	7790.0
20	1522.3333333333333	0.0	0.0	8686.0
30	1559.3333333333333	0.0	0.0	7194.0
40	1575.0	0.0	0.0	8032.0
50	1683.3333333333333	0.0	0.0	8135.0
60	1479.6666666666667	0.0	0.0	8137.0
70	1676.3333333333333	0.0	0.0	9045.0
80	1755.8333333333333	0.0	0.0	5379.0
90	1820.0	0.0	0.0	7515.0
100	1323.3333333333333	0.0	0.0	8022.0
110	1602.6666666666667	0.0	0.0	4947.0
120	1528.3333333333333	0.0	0.0	5683.0
130	1477.6666666666667	0.0	0.0	6623.0
140	1270.1666666666667	0.0	0.0	7626.0
150	1469.5	0.0	0.0	6971.0
160	1303.3333333333333	0.0	0.0	8803.0
170	1689.6666666666667	0.0	0.0	6051.0
180	1557.6666666666667	0.0	0.0	6911.0
190	1494.6666666666667	0.0	0.0	9946.0
200	1159.0	0.0	0.0	6074.0
210	1269.3333333333333	0.0	0.0	5265.0
220	1388.3333333333333	0.0	0.0	5328.0
230	1307.0	0.0	0.0	5460.0
240	1363.6666666666667	0.0	0.0	4416.0
250	1408.8333333333333	0.0	0.0	7152.0
260	1411.8333333333333	0.0	0.0	8118.0
270	1342.3333333333333	0.0	0.0	5384.0
280	1453.3333333333333	0.0	0.0	6263.0
290	1588.6666666666667	0.0	0.0	5651.0
300	1541.6666666666667	0.0	0.0	6736.0
310	1385.6666666666667	0.0	0.0	5695.0
320	1340.6666666666667	0.0	0.0	7460.0
330	1410.0	0.0	0.0	5273.0
340	1311.0	0.0	0.0	7041.0
350	1431.3333333333333	0.0	0.0	6390.0
360	1336.0	0.0	0.0	4474.0
370	1309.3333333333333	0.0	0.0	7346.0
380	1261.3333333333333	0.0	0.0	5117.0
390	1206.6666666666667	0.0	0.0	6090.0
400	1424.0	0.0	0.0	6638.0
410	1513.0	0.0	0.0	5413.0
420	1291.0	0.0	0.0	5702.0
430	1366.3333333333333	0.0	0.0	5986.0
440	1324.0	0.0	0.0	5623.0
450	1261.3333333333333	0.0	0.0	6667.0
460	1406.3333333333333	0.0	0.0	4888.0
470	1330.0	0.0	0.0	6821.0
480	1235.3333333333333	0.0	0.0	4728.0
490	1261.6666666666667	0.0	0.0	5667.0
500	1394.6666666666667	0.0	0.0	6380.0
510	1251.3333333333333	0.0	0.0	6245.0
520	1241.6666666666667	0.0	0.0	5850.0
530	1304.6666666666667	0.0	0.0	5722.0
540	1331.3333333333333	0.0	0.0	5658.0
550	1251.0	0.0	0.0	5426.0
560	1323.0	0.0	0.0	5960.0
570	1422.3333333333333	0.0	0.0	7445.0
580	1440.6666666666667	0.0	0.0	6743.0
590	1369.6666666666667	0.0	0.0	5550.0
600	1354.0	0.0	0.0	7413.0
610	1405.6666666666667	0.0	0.0	5058.0
620	1478.0	0.0	0.0	6134.0
630	1291.3333333333333	0.0	0.0	4456.0
640	1294.0	0.0	0.0	5779.0
650	1427.0	0.0	0.0	6212.0
660	1316.3333333333333	0.0	0.0	4729.0
670	1380.6666666666667	0.0	0.0	5358.0
680	1299.0	0.0	0.0	6004.0
690	1291.6666666666667	0.0	0.0	5867.0
700	1255.0	0.0	0.0	5554.0
710	1382.6666666666667	0.0	0.0	6570.0
720	1330.0	0.0	0.0	5524.0
730	1213.6666666666667	0.0	0.0	4988.0
740	1253.0	0.0	0.0	6710.0
750	1468.3333333333333	0.0	0.0	5470.0
760	1444.0	0.0	0.0	4821.0
770	1205.6666666666667	0.0	0.0	5452.0
780	1322.0	0.0	0.0	5971.0
790	1231.0	0.0	0.0	4066.0
800	1368.0	0.0	0.0	5155.0
810	1399.3333333333333	0.0	0.0	5191.0
820	1168.6666666666667	0.0	0.0	5629.0
830	1229.0	0.0	0.0	5782.0
840	1247.6666666666667	0.0	0.0	4612.0
850	1294.6666666666667	0.0	0.0	6464.0
860	1123.6666666666667	0.0	0.0	6908.0
870	1308.0	0.0	0.0	6109.0
880	1296.0	0.0	0.0	6339.0
890	1393.3333333333333	0.0	0.0	4737.0
900	1290.0	0.0	0.0	6056.0
910	1299.0	0.0	0.0	5715.0
920	1325.0	0.0	0.0	5217.0
930	1146.6666666666667	0.0	0.0	6434.0
940	1194.0	0.0	0.0	4844.0
950	1208.0	0.0	0.0	4441.0
960	1276.3333333333333	0.0	0.0	5499.0
970	1264.6666666666667	0.0	0.0	5916.0
980	1162.6666666666667	0.0	0.0	5194.0
990	1068.6666666666667	0.0	0.0	5528.0
1000	1215.6666666666667	0.0	0.0	3644.0
