0	1758.0	0.0	0.0	0.0
10	1708.0	1000.0	1000.0	6134.0
20	1577.6666666666667	0.0	0.0	8070.0
30	1612.5	0.0	0.0	5737.0
40	1410.3333333333333	0.0	0.0	5034.0
50	1526.6666666666667	0.0	0.0	6597.0
60	1766.6666666666667	0.0	0.0	8425.0
70	1487.0	0.0	0.0	6524.0
80	1737.6666666666667	0.0	0.0	7874.0
90	1602.3333333333333	0.0	0.0	6991.0
100	1677.6666666666667	0.0	0.0	8403.0
110	1509.0	0.0	0.0	6843.0
120	1790.3333333333333	0.0	0.0	7589.0
130	1486.3333333333333	0.0	0.0	8094.0
140	1742.0	0.0	0.0	6671.0
150	1400.3333333333333	0.0	0.0	6451.0
160	1537.6666666666667	0.0	0.0	6428.0
170	1565.3333333333333	0.0	0.0	8678.0
180	1485.6666666666667	0.0	0.0	6387.0
190	1520.3333333333333	0.0	0.0	8264.0
200	1510.8333333333333	0.0	0.0	6976.0
210	1366.6666666666667	0.0	0.0	7672.0
220	1597.6666666666667	0.0	0.0	7681.0
230	1438.0	0.0	0.0	7755.0
240	1565.6666666666667	0.0	0.0	7778.0
250	1470.0	0.0	0.0	9156.0
260	1623.3333333333333	0.0	0.0	5655.0
270	1492.0	0.0	0.0	6229.0
280	1507.8333333333333	0.0	0.0	7689.0
290	1421.0	0.0	0.0	7597.0
300	1333.0	0.0	0.0	6770.0
310	1518.0	0.0	0.0	6936.0
320	1391.6666666666667	0.0	0.0	5157.0
330	1355.3333333333333	0.0	0.0	7352.0
340	1375.3333333333333	0.0	0.0	6127.0
350	1372.3333333333333	0.0	0.0	4725.0
360	1330.3333333333333	0.0	0.0	6782.0
370	1311.0	0.0	0.0	8632.0
380	1348.6666666666667	0.0	0.0	6636.0
390	1349.3333333333333	0.0	0.0	5446.0
400	1286.0	0.0	0.0	6528.0
410	1251.6666666666667	0.0	0.0	6016.0
420	1428.6666666666667	0.0	0.0	6938.0
430	1368.3333333333333	0.0	0.0	6911.0
440	1406.3333333333333	0.0	0.0	5597.0
450	1370.0	0.0	0.0	6005.0
460	1388.6666666666667	0.0	0.0	6447.0
470	1388.3333333333333	0.0	0.0	6531.0
480	1291.8333333333333	0.0	0.0	6477.0
490	1415.3333333333333	0.0	0.0	6258.0
500	1386.3333333333333	0.0	0.0	6466.0
510	1317.0	0.0	0.0	6763.0
520	1276.0	0.0	0.0	4600.0
530	1191.0	0.0	0.0	4448.0
540	1452.3333333333333	0.0	0.0	7098.0
550	1346.0	0.0	0.0	4468.0
560	1250.6666666666667	0.0	0.0	6363.0
570	1292.3333333333333	0.0	0.0	6574.0
580	1312.6666666666667	0.0	0.0	4917.0
590	1430.3333333333333	0.0	0.0	6991.0
600	1372.6666666666667	0.0	0.0	5040.0
610	1161.3333333333333	0.0	0.0	6825.0
620	1341.3333333333333	0.0	0.0	8278.0
630	1382.3333333333333	0.0	0.0	6786.0
640	1214.0	0.0	0.0	5038.0
650	1230.0	0.0	0.0	6126.0
660	1171.3333333333333	0.0	0.0	6507.0
670	1367.0	0.0	0.0	6138.0
680	1380.1666666666667	0.0	0.0	5951.0
690	1333.3333333333333	0.0	0.0	6509.0
700	1352.3333333333333	0.0	0.0	5411.0
710	1393.0	0.0	0.0	4714.0
720	1196.0	0.0	0.0	6453.0
730	1322.8333333333333	0.0	0.0	6547.0
740	1223.6666666666667	0.0	0.0	6685.0
750	1290.0	0.0	0.0	5058.0
760	1152.0	0.0	0.0	4910.0
770	1249.3333333333333	0.0	0.0	4828.0
780	1300.6666666666667	0.0	0.0	6043.0
790	1368.0	0.0	0.0	6976.0
800	1420.3333333333333	0.0	0.0	5382.0
810	1477.0	0.0	0.0	7450.0
820	1218.3333333333333	0.0	0.0	6869.0
830	1297.0	0.0	0.0	6091.0
840	1281.0	0.0	0.0	6012.0
850	1191.6666666666667	0.0	0.0	5880.0
860	1259.3333333333333	0.0	0.0	6869.0
870	1107.6666666666667	0.0	0.0	4557.0
880	1252.6666666666667	0.0	0.0	4810.0
890	1118.0	0.0	0.0	5818.0
900	1351.6666666666667	0.0	0.0	4689.0
910	1179.6666666666667	0.0	0.0	4799.0
920	1258.6666666666667	0.0	0.0	5366.0
930	1375.6666666666667	0.0	0.0	4162.0
940	1264.6666666666667	0.0	0.0	5069.0
950	1200.6666666666667	0.0	0.0	7355.0
960	1101.0	0.0	0.0	6317.0
970	1219.6666666666667	0.0	0.0	6353.0
980	1248.6666666666667	0.0	0.0	3693.0
990	1262.0	0.0	0.0	6699.0
1000	1189.6666666666667	0.0	0.0	4687.0
