0	2388.6666666666665	0.0	0.0	0.0
10	2349.8333333333335	984.0	984.0	13244.0
20	2622.0	16.0	16.0	7353.0
30	2423.6666666666665	0.0	0.0	6307.0
40	2544.6666666666665	0.0	0.0	11622.0
50	2556.3333333333335	0.0	0.0	10088.0
60	2633.1666666666665	0.0	0.0	10292.0
70	2269.8333333333335	0.0	0.0	7943.0
80	2097.5	0.0	0.0	7215.0
90	2441.0	0.0	0.0	6753.0
100	2260.3333333333335	0.0	0.0	7965.0
110	2367.0	0.0	0.0	7298.0
120	2273.1666666666665	0.0	0.0	9270.0
130	2314.3333333333335	0.0	0.0	10502.0
140	2495.3333333333335	0.0	0.0	5562.0
150	2100.1666666666665	0.0	0.0	9964.0
160	2387.3333333333335	0.0	0.0	8654.0
170	2663.6666666666665	0.0	0.0	10220.0
180	2098.1666666666665	0.0	0.0	8852.0
190	2614.8333333333335	0.0	0.0	9018.0
200	2462.3333333333335	0.0	0.0	6614.0
210	2460.1666666666665	0.0	0.0	10499.0
220	2969.3333333333335	0.0	0.0	9861.0
230	2636.5	0.0	0.0	8349.0
240	2761.5	0.0	0.0	10890.0
250	3031.6666666666665	0.0	0.0	10399.0
260	2699.1666666666665	0.0	0.0	4990.0
270	2940.8333333333335	0.0	0.0	7938.0
280	2463.0	0.0	0.0	7201.0
290	2949.5	0.0	0.0	8025.0
300	3043.6666666666665	0.0	0.0	6770.0
310	2782.1666666666665	0.0	0.0	9129.0
320	2644.5	0.0	0.0	8105.0
330	2841.8333333333335	0.0	0.0	5029.0
340	2906.0	0.0	0.0	8546.0
350	2929.5	0.0	0.0	6853.0
360	3229.8333333333335	0.0	0.0	11048.0
370	3365.1666666666665	0.0	0.0	8842.0
380	2669.3333333333335	0.0	0.0	11372.0
390	2608.8333333333335	0.0	0.0	10848.0
400	3020.3333333333335	0.0	0.0	10486.0
410	2957.0	0.0	0.0	11098.0
420	3419.0	0.0	0.0	8831.0
430	3307.3333333333335	0.0	0.0	11462.0
440	3282.1666666666665	0.0	0.0	13739.0
450	3201.5	0.0	0.0	14210.0
460	3301.8333333333335	0.0	0.0	8665.0
470	3255.3333333333335	0.0	0.0	9345.0
480	3413.0	0.0	0.0	10232.0
490	3204.6666666666665	0.0	0.0	10869.0
500	3374.3333333333335	0.0	0.0	7309.0
510	3763.1666666666665	0.0	0.0	10426.0
520	3154.5	0.0	0.0	9285.0
530	3263.5	0.0	0.0	8956.0
540	3535.5	0.0	0.0	11868.0
550	3878.3333333333335	0.0	0.0	9488.0
560	3682.0	0.0	0.0	8829.0
570	3450.1666666666665	0.0	0.0	13552.0
580	2958.6666666666665	0.0	0.0	10716.0
590	3476.6666666666665	0.0	0.0	11350.0
600	4180.166666666667	0.0	0.0	8771.0
610	3772.1666666666665	0.0	0.0	11586.0
620	3675.3333333333335	0.0	0.0	7510.0
630	3877.8333333333335	0.0	0.0	11924.0
640	3973.0	0.0	0.0	10082.0
650	3713.0	0.0	0.0	9570.0
660	3795.6666666666665	0.0	0.0	7176.0
670	3737.0	0.0	0.0	7744.0
680	3076.3333333333335	0.0	0.0	11206.0
690	3482.0	0.0	0.0	6920.0
700	3820.5	0.0	0.0	10168.0
710	3765.5	0.0	0.0	10616.0
720	3411.6666666666665	0.0	0.0	11298.0
730	3934.6666666666665	0.0	0.0	13977.0
740	3943.8333333333335	0.0	0.0	12188.0
750	3814.0	0.0	0.0	11231.0
760	3857.5	0.0	0.0	10213.0
770	3903.3333333333335	0.0	0.0	9075.0
780	3734.0	0.0	0.0	8601.0
790	3890.0	0.0	0.0	12943.0
800	3545.6666666666665	0.0	0.0	8713.0
