0	2447.0	0.0	0.0	0.0
10	2655.8333333333335	866.0	866.0	11157.0
20	2430.3333333333335	134.0	134.0	6919.0
30	2487.3333333333335	0.0	0.0	7056.0
40	2318.6666666666665	0.0	0.0	11163.0
50	2650.3333333333335	0.0	0.0	10681.0
60	2554.6666666666665	0.0	0.0	8664.0
70	2653.5	0.0	0.0	7741.0
80	2781.6666666666665	0.0	0.0	8145.0
90	2389.6666666666665	0.0	0.0	9149.0
100	2070.1666666666665	0.0	0.0	7758.0
110	2142.1666666666665	0.0	0.0	7460.0
120	2295.6666666666665	0.0	0.0	7976.0
130	2120.6666666666665	0.0	0.0	12445.0
140	2564.0	0.0	0.0	7983.0
150	2932.8333333333335	0.0	0.0	9472.0
160	2689.6666666666665	0.0	0.0	9809.0
170	2817.6666666666665	0.0	0.0	8558.0
180	2505.1666666666665	0.0	0.0	8916.0
190	2940.8333333333335	0.0	0.0	7990.0
200	2574.1666666666665	0.0	0.0	10198.0
210	2762.1666666666665	0.0	0.0	3847.0
220	2693.8333333333335	0.0	0.0	9547.0
230	2480.6666666666665	0.0	0.0	10402.0
240	2750.5	0.0	0.0	7431.0
250	2738.3333333333335	0.0	0.0	10192.0
260	2722.0	0.0	0.0	11390.0
270	2314.1666666666665	0.0	0.0	10590.0
280	3231.5	0.0	0.0	6852.0
290	3344.6666666666665	0.0	0.0	9585.0
300	3190.5	0.0	0.0	9853.0
310	3215.8333333333335	0.0	0.0	10474.0
320	2981.6666666666665	0.0	0.0	9549.0
330	3630.5	0.0	0.0	7433.0
340	3054.3333333333335	0.0	0.0	10660.0
350	3673.0	0.0	0.0	9311.0
360	3089.1666666666665	0.0	0.0	9711.0
370	2863.0	0.0	0.0	10412.0
380	3008.1666666666665	0.0	0.0	11937.0
390	3371.8333333333335	0.0	0.0	9195.0
400	3262.5	0.0	0.0	10370.0
410	3796.3333333333335	0.0	0.0	7622.0
420	3664.3333333333335	0.0	0.0	8543.0
430	3444.1666666666665	0.0	0.0	10032.0
440	3547.8333333333335	0.0	0.0	11549.0
450	3220.6666666666665	0.0	0.0	11612.0
460	3716.5	0.0	0.0	7948.0
470	3195.5	0.0	0.0	13121.0
480	3030.5	0.0	0.0	10786.0
490	3257.3333333333335	0.0	0.0	9650.0
500	3964.8333333333335	0.0	0.0	9932.0
510	3678.5	0.0	0.0	13892.0
520	3385.3333333333335	0.0	0.0	12223.0
530	3435.0	0.0	0.0	11629.0
540	3177.5	0.0	0.0	11988.0
550	3104.8333333333335	0.0	0.0	10313.0
560	3532.6666666666665	0.0	0.0	12074.0
570	3494.6666666666665	0.0	0.0	12089.0
580	2949.3333333333335	0.0	0.0	10951.0
590	3196.5	0.0	0.0	12990.0
600	3587.0	0.0	0.0	9695.0
610	3873.5	0.0	0.0	11447.0
620	3874.5	0.0	0.0	9926.0
630	3849.5	0.0	0.0	8402.0
640	3601.5	0.0	0.0	10135.0
650	3933.1666666666665	0.0	0.0	12747.0
660	3865.0	0.0	0.0	11132.0
670	3863.1666666666665	0.0	0.0	11731.0
680	3665.0	0.0	0.0	9110.0
690	3730.0	0.0	0.0	9791.0
700	3797.0	0.0	0.0	9364.0
710	3593.3333333333335	0.0	0.0	10863.0
720	3582.0	0.0	0.0	10395.0
730	3590.8333333333335	0.0	0.0	11620.0
740	3951.5	0.0	0.0	12093.0
750	3854.8333333333335	0.0	0.0	12289.0
760	3734.1666666666665	0.0	0.0	9196.0
770	3710.0	0.0	0.0	11025.0
780	3926.3333333333335	0.0	0.0	12159.0
790	3667.1666666666665	0.0	0.0	8826.0
800	3517.5	0.0	0.0	9786.0
