0	2243.0	0.0	0.0	0.0
10	2273.0	153.0	4024.0	9179.0
20	2275.3333333333335	194.0	4802.0	10672.0
30	1985.6666666666667	73.0	4888.0	10189.0
40	2406.1666666666665	121.0	4439.0	9598.0
50	2448.3333333333335	274.0	4640.0	9704.0
60	2543.3333333333335	153.0	3519.0	7444.0
70	2249.3333333333335	32.0	1125.0	10134.0
80	2722.8333333333335	0.0	0.0	6435.0
90	2468.0	0.0	0.0	9994.0
100	2371.5	0.0	0.0	12052.0
110	2475.3333333333335	0.0	0.0	9714.0
120	2157.6666666666665	0.0	0.0	10043.0
130	2656.3333333333335	0.0	0.0	10392.0
140	2582.1666666666665	0.0	0.0	6600.0
150	2209.3333333333335	0.0	0.0	10548.0
160	2539.3333333333335	0.0	0.0	7634.0
170	2460.0	0.0	0.0	7098.0
180	2306.0	0.0	0.0	7342.0
190	2419.8333333333335	0.0	0.0	8802.0
200	2646.1666666666665	0.0	0.0	6745.0
210	2392.1666666666665	0.0	0.0	10466.0
220	2346.5	0.0	0.0	7153.0
230	2760.6666666666665	0.0	0.0	8436.0
240	2749.1666666666665	0.0	0.0	9108.0
250	2815.5	0.0	0.0	10245.0
260	2525.6666666666665	0.0	0.0	11642.0
270	2983.3333333333335	0.0	0.0	10268.0
280	2595.6666666666665	0.0	0.0	7704.0
290	2867.3333333333335	0.0	0.0	7584.0
300	2404.3333333333335	0.0	0.0	9155.0
310	2495.5	0.0	0.0	8927.0
320	2892.1666666666665	0.0	0.0	10300.0
330	2671.0	0.0	0.0	13545.0
340	3259.8333333333335	0.0	0.0	8945.0
350	3544.1666666666665	0.0	0.0	10869.0
360	3307.8333333333335	0.0	0.0	10616.0
370	3175.1666666666665	0.0	0.0	8606.0
380	3034.5	0.0	0.0	11901.0
390	3423.5	0.0	0.0	9078.0
400	3215.8333333333335	0.0	0.0	11916.0
410	3388.6666666666665	0.0	0.0	10705.0
420	3606.6666666666665	0.0	0.0	10974.0
430	3614.6666666666665	0.0	0.0	10423.0
440	3011.5	0.0	0.0	11706.0
450	3555.3333333333335	0.0	0.0	11410.0
460	3384.6666666666665	0.0	0.0	10968.0
470	3790.5	0.0	0.0	11576.0
480	2909.5	0.0	0.0	7246.0
490	3307.5	0.0	0.0	9579.0
500	2985.0	0.0	0.0	8325.0
510	3783.8333333333335	0.0	0.0	10331.0
520	3651.1666666666665	0.0	0.0	9918.0
530	3326.5	0.0	0.0	9793.0
540	3850.5	0.0	0.0	11432.0
550	3653.8333333333335	0.0	0.0	12970.0
560	3373.3333333333335	0.0	0.0	11964.0
570	3285.8333333333335	0.0	0.0	8132.0
580	3481.0	0.0	0.0	10294.0
590	3446.8333333333335	0.0	0.0	9973.0
600	3300.1666666666665	0.0	0.0	11006.0
610	3606.1666666666665	0.0	0.0	10759.0
620	3400.3333333333335	0.0	0.0	9854.0
630	3872.1666666666665	0.0	0.0	8314.0
640	3681.3333333333335	0.0	0.0	8778.0
650	3629.6666666666665	0.0	0.0	11981.0
660	3871.0	0.0	0.0	10286.0
670	3716.1666666666665	0.0	0.0	10979.0
680	3824.6666666666665	0.0	0.0	12991.0
690	4002.1666666666665	0.0	0.0	10129.0
700	3980.1666666666665	0.0	0.0	8947.0
710	3824.3333333333335	0.0	0.0	9671.0
720	3936.3333333333335	0.0	0.0	7110.0
730	3856.6666666666665	0.0	0.0	12130.0
740	3561.6666666666665	0.0	0.0	11177.0
750	4081.3333333333335	0.0	0.0	13556.0
760	3749.8333333333335	0.0	0.0	10339.0
770	3754.1666666666665	0.0	0.0	12947.0
780	3286.1666666666665	0.0	0.0	10411.0
790	3840.5	0.0	0.0	11894.0
800	3969.0	0.0	0.0	9469.0
