0	2133.0	0.0	0.0	0.0
10	2335.6666666666665	326.0	5088.0	10863.0
20	2351.5	352.0	5227.0	11037.0
30	2372.0	108.0	3842.0	8085.0
40	2465.6666666666665	214.0	3768.0	8328.0
50	2528.8333333333335	0.0	0.0	10772.0
60	2590.0	0.0	0.0	7637.0
70	2415.6666666666665	0.0	0.0	6961.0
80	2313.5	0.0	0.0	5641.0
90	2292.3333333333335	0.0	0.0	8870.0
100	2168.8333333333335	0.0	0.0	8269.0
110	2420.1666666666665	0.0	0.0	9939.0
120	2380.0	0.0	0.0	9474.0
130	2543.3333333333335	0.0	0.0	9081.0
140	2253.1666666666665	0.0	0.0	9005.0
150	2295.8333333333335	0.0	0.0	5256.0
160	2317.5	0.0	0.0	7742.0
170	2568.8333333333335	0.0	0.0	9827.0
180	2806.1666666666665	0.0	0.0	5749.0
190	2818.0	0.0	0.0	11938.0
200	2534.5	0.0	0.0	9691.0
210	2442.3333333333335	0.0	0.0	8432.0
220	2555.1666666666665	0.0	0.0	9113.0
230	2473.6666666666665	0.0	0.0	7323.0
240	2126.3333333333335	0.0	0.0	8564.0
250	2752.3333333333335	0.0	0.0	6766.0
260	2667.5	0.0	0.0	6364.0
270	2875.8333333333335	0.0	0.0	7743.0
280	2479.5	0.0	0.0	12632.0
290	2507.5	0.0	0.0	9983.0
300	2809.5	0.0	0.0	9032.0
310	2852.1666666666665	0.0	0.0	5751.0
320	2733.3333333333335	0.0	0.0	10120.0
330	2626.1666666666665	0.0	0.0	10869.0
340	3093.5	0.0	0.0	9019.0
350	2801.6666666666665	0.0	0.0	9791.0
360	2545.0	0.0	0.0	8703.0
370	2895.6666666666665	0.0	0.0	9444.0
380	2810.8333333333335	0.0	0.0	7231.0
390	2813.6666666666665	0.0	0.0	11360.0
400	3143.0	0.0	0.0	8947.0
410	2966.5	0.0	0.0	7211.0
420	3519.1666666666665	0.0	0.0	9015.0
430	3269.8333333333335	0.0	0.0	8604.0
440	2841.8333333333335	0.0	0.0	8346.0
450	2958.5	0.0	0.0	10553.0
460	3233.6666666666665	0.0	0.0	8343.0
470	3324.0	0.0	0.0	12425.0
480	3482.3333333333335	0.0	0.0	9660.0
490	3366.6666666666665	0.0	0.0	8318.0
500	3292.6666666666665	0.0	0.0	12761.0
510	3555.0	0.0	0.0	10285.0
520	3227.0	0.0	0.0	8177.0
530	3336.5	0.0	0.0	7925.0
540	3682.8333333333335	0.0	0.0	7657.0
550	3707.6666666666665	0.0	0.0	10895.0
560	3476.6666666666665	0.0	0.0	9733.0
570	3615.1666666666665	0.0	0.0	9068.0
580	3337.6666666666665	0.0	0.0	11375.0
590	3168.6666666666665	0.0	0.0	8939.0
600	3448.6666666666665	0.0	0.0	9953.0
610	3174.1666666666665	0.0	0.0	12902.0
620	3039.1666666666665	0.0	0.0	9812.0
630	3242.0	0.0	0.0	10840.0
640	3634.0	0.0	0.0	10106.0
650	2881.5	0.0	0.0	10933.0
660	3463.1666666666665	0.0	0.0	8791.0
670	3392.3333333333335	0.0	0.0	11408.0
680	3532.0	0.0	0.0	10730.0
690	4061.6666666666665	0.0	0.0	8213.0
700	4094.1666666666665	0.0	0.0	8526.0
710	4041.5	0.0	0.0	10059.0
720	3616.6666666666665	0.0	0.0	12206.0
730	3583.6666666666665	0.0	0.0	10879.0
740	3543.1666666666665	0.0	0.0	12412.0
750	3892.3333333333335	0.0	0.0	9011.0
760	3913.5	0.0	0.0	11258.0
770	3428.1666666666665	0.0	0.0	9605.0
780	3623.0	0.0	0.0	10659.0
790	3351.6666666666665	0.0	0.0	15188.0
800	4021.6666666666665	0.0	0.0	10663.0
