0	2224.6666666666665	0.0	0.0	0.0
10	2370.6666666666665	3.0	1529.0	11161.0
20	2377.5	1.0	765.0	7130.0
30	2393.8333333333335	8.0	1299.0	9383.0
40	2235.3333333333335	5.0	1235.0	9047.0
50	2521.1666666666665	3.0	2003.0	12436.0
60	2635.1666666666665	24.0	1500.0	10052.0
70	2359.6666666666665	0.0	737.0	6865.0
80	2725.6666666666665	0.0	537.0	6133.0
90	2583.0	2.0	963.0	8434.0
100	2585.6666666666665	18.0	994.0	7795.0
110	2371.1666666666665	6.0	1129.0	7993.0
120	1878.3333333333333	26.0	1444.0	8637.0
130	2456.6666666666665	8.0	977.0	8136.0
140	2558.8333333333335	9.0	1185.0	9756.0
150	2462.6666666666665	21.0	1503.0	11400.0
160	2144.8333333333335	9.0	1047.0	8734.0
170	2380.1666666666665	0.0	696.0	7106.0
180	2619.1666666666665	5.0	1331.0	9234.0
190	2360.1666666666665	5.0	1188.0	7361.0
200	2473.6666666666665	1.0	1699.0	13448.0
210	2790.3333333333335	11.0	940.0	7071.0
220	2378.6666666666665	3.0	1529.0	10031.0
230	2705.8333333333335	8.0	1275.0	10018.0
240	2278.6666666666665	0.0	1460.0	10952.0
250	2801.3333333333335	0.0	1148.0	9286.0
260	2968.8333333333335	3.0	1284.0	9728.0
270	2597.0	1.0	1282.0	10489.0
280	2204.6666666666665	0.0	1270.0	9591.0
290	2906.1666666666665	0.0	1255.0	9337.0
300	2603.3333333333335	0.0	974.0	6683.0
310	2841.0	0.0	1330.0	10125.0
320	3120.1666666666665	0.0	1718.0	13621.0
330	2561.1666666666665	0.0	1038.0	7362.0
340	2976.0	4.0	1309.0	9523.0
350	3078.5	0.0	1115.0	8929.0
360	2916.5	0.0	958.0	7380.0
370	3182.0	1.0	1081.0	7328.0
380	2909.0	0.0	1543.0	11594.0
390	2804.5	0.0	882.0	7034.0
400	2912.3333333333335	0.0	1224.0	9061.0
410	3159.0	0.0	956.0	7120.0
420	3365.5	0.0	1402.0	11285.0
430	2857.6666666666665	0.0	1070.0	7151.0
440	3338.1666666666665	0.0	1336.0	8630.0
450	3300.5	0.0	1222.0	9152.0
460	2883.3333333333335	0.0	1237.0	8651.0
470	2907.1666666666665	0.0	1247.0	10615.0
480	3147.1666666666665	0.0	1397.0	10095.0
490	3598.1666666666665	0.0	950.0	5538.0
500	3335.1666666666665	0.0	1691.0	13350.0
510	2937.5	0.0	1043.0	7763.0
520	3346.1666666666665	0.0	1754.0	10846.0
530	3706.5	0.0	1874.0	10867.0
540	3545.5	0.0	1687.0	11808.0
550	3651.5	0.0	1256.0	8880.0
560	3273.8333333333335	0.0	1259.0	9778.0
570	3419.8333333333335	0.0	1541.0	9682.0
580	3231.1666666666665	0.0	1301.0	8437.0
590	3723.0	0.0	1240.0	7496.0
600	3469.0	0.0	1487.0	10976.0
610	3370.6666666666665	0.0	1554.0	10777.0
620	3526.6666666666665	0.0	1456.0	9064.0
630	3569.0	0.0	1631.0	10438.0
640	3315.8333333333335	0.0	1476.0	10411.0
650	3642.8333333333335	0.0	1656.0	11984.0
660	3895.3333333333335	0.0	1101.0	7705.0
670	3921.8333333333335	0.0	1661.0	11475.0
680	4055.0	0.0	2056.0	13722.0
690	4097.0	0.0	1473.0	10049.0
700	3686.8333333333335	0.0	1636.0	11212.0
710	4014.1666666666665	0.0	1524.0	11306.0
720	3522.5	0.0	1734.0	11277.0
730	3567.0	0.0	1652.0	10965.0
740	3612.3333333333335	0.0	1295.0	9582.0
750	3605.3333333333335	0.0	1693.0	12469.0
760	3660.3333333333335	0.0	1180.0	8390.0
770	3982.6666666666665	0.0	1793.0	11473.0
780	3822.8333333333335	0.0	1570.0	13084.0
790	3794.8333333333335	0.0	1309.0	7909.0
800	3911.3333333333335	0.0	1784.0	12326.0
