0	2288.3333333333335	0.0	0.0	0.0
10	2084.5	5.0	1346.0	9787.0
20	2480.5	3.0	931.0	8320.0
30	2504.0	18.0	1534.0	11233.0
40	2277.0	10.0	2161.0	12907.0
50	2402.6666666666665	16.0	1168.0	8862.0
60	2685.1666666666665	53.0	2356.0	15732.0
70	2713.5	2.0	1651.0	11688.0
80	2691.0	2.0	1210.0	9425.0
90	2751.1666666666665	4.0	817.0	6704.0
100	2842.5	14.0	1060.0	7643.0
110	2646.3333333333335	11.0	681.0	6898.0
120	2682.5	23.0	829.0	7085.0
130	2593.5	11.0	1309.0	10425.0
140	2898.6666666666665	8.0	998.0	8362.0
150	2551.6666666666665	25.0	1367.0	9168.0
160	2494.8333333333335	0.0	1067.0	7848.0
170	2280.8333333333335	32.0	835.0	6004.0
180	2326.1666666666665	0.0	1372.0	9616.0
190	2260.5	19.0	1188.0	8801.0
200	2384.1666666666665	23.0	1352.0	9584.0
210	2421.1666666666665	0.0	1094.0	9165.0
220	2812.6666666666665	0.0	1461.0	10837.0
230	2742.8333333333335	0.0	955.0	8047.0
240	2959.3333333333335	0.0	925.0	7126.0
250	2721.8333333333335	0.0	1020.0	7619.0
260	2462.8333333333335	0.0	925.0	7050.0
270	2672.8333333333335	3.0	1100.0	8477.0
280	2722.5	0.0	853.0	6052.0
290	2294.8333333333335	2.0	1073.0	8282.0
300	2669.6666666666665	0.0	1153.0	8808.0
310	2651.5	0.0	1227.0	9315.0
320	3037.0	2.0	1054.0	8529.0
330	2801.5	0.0	957.0	7540.0
340	2764.1666666666665	0.0	744.0	6909.0
350	2939.6666666666665	0.0	882.0	6004.0
360	3240.6666666666665	0.0	1165.0	8659.0
370	3065.0	0.0	1306.0	10839.0
380	3123.1666666666665	1.0	1602.0	12672.0
390	2763.3333333333335	0.0	1033.0	7260.0
400	3501.5	0.0	1709.0	13268.0
410	3489.1666666666665	0.0	1633.0	13888.0
420	2876.8333333333335	0.0	1588.0	12427.0
430	3309.6666666666665	0.0	1223.0	8386.0
440	3147.0	0.0	1419.0	10344.0
450	3135.3333333333335	0.0	1644.0	12102.0
460	3637.8333333333335	0.0	1115.0	7737.0
470	3011.3333333333335	0.0	1416.0	9285.0
480	3722.6666666666665	0.0	1727.0	11905.0
490	3136.8333333333335	0.0	1483.0	10239.0
500	4229.0	0.0	1517.0	10546.0
510	3718.1666666666665	0.0	1539.0	10347.0
520	3265.6666666666665	0.0	1318.0	10374.0
530	3588.5	0.0	1145.0	7446.0
540	3286.5	0.0	1348.0	9602.0
550	3452.0	0.0	1268.0	9060.0
560	3514.3333333333335	0.0	1360.0	9479.0
570	3767.3333333333335	0.0	1581.0	9875.0
580	3521.5	0.0	1321.0	9773.0
590	3110.5	0.0	1352.0	8540.0
600	3680.0	0.0	1989.0	12666.0
610	3144.5	0.0	1241.0	8518.0
620	3692.3333333333335	0.0	1344.0	9249.0
630	3447.3333333333335	0.0	1596.0	8750.0
640	3420.6666666666665	0.0	1459.0	9699.0
650	3535.1666666666665	0.0	1516.0	10876.0
660	3159.5	0.0	1384.0	11146.0
670	3995.0	0.0	1475.0	10173.0
680	3485.1666666666665	0.0	1763.0	10825.0
690	4110.166666666667	0.0	1489.0	10351.0
700	3916.3333333333335	0.0	859.0	5925.0
710	3418.6666666666665	0.0	1337.0	9315.0
720	3523.3333333333335	0.0	1314.0	8819.0
730	3593.6666666666665	0.0	1485.0	9760.0
740	3652.1666666666665	0.0	1345.0	9033.0
750	3826.6666666666665	0.0	1591.0	10279.0
760	3842.3333333333335	0.0	1573.0	11894.0
770	3726.1666666666665	0.0	1158.0	8044.0
780	3793.1666666666665	0.0	1324.0	9601.0
790	3521.0	0.0	1745.0	11562.0
800	3833.3333333333335	0.0	1212.0	7383.0
