0	2400.5	0.0	0.0	0.0
10	2828.8333333333335	286.0	11979.0	11979.0
20	2515.5	166.0	12420.0	12420.0
30	2549.3333333333335	132.0	9287.0	9287.0
40	2574.1666666666665	132.0	13121.0	13121.0
50	2841.0	112.0	11472.0	11472.0
60	2441.6666666666665	172.0	10514.0	11410.0
70	2551.5	0.0	0.0	12839.0
80	2775.6666666666665	0.0	0.0	10909.0
90	2392.3333333333335	0.0	0.0	8091.0
100	2973.0	0.0	0.0	11346.0
110	2384.0	0.0	0.0	8954.0
120	2946.0	0.0	0.0	7283.0
130	2951.8333333333335	0.0	0.0	11290.0
140	3041.8333333333335	0.0	0.0	11216.0
150	3264.6666666666665	0.0	0.0	9054.0
160	3339.0	0.0	0.0	12894.0
170	3420.5	0.0	0.0	6331.0
180	3369.0	0.0	0.0	13090.0
190	3164.6666666666665	0.0	0.0	11433.0
200	3038.1666666666665	0.0	0.0	9384.0
210	3469.8333333333335	0.0	0.0	11550.0
220	3541.1666666666665	0.0	0.0	7495.0
230	3061.1666666666665	0.0	0.0	12604.0
240	3340.5	0.0	0.0	10394.0
250	3743.5	0.0	0.0	6918.0
260	3991.6666666666665	0.0	0.0	11338.0
270	3694.5	0.0	0.0	8581.0
280	3685.3333333333335	0.0	0.0	6191.0
290	3157.3333333333335	0.0	0.0	11236.0
300	3681.5	0.0	0.0	10201.0
310	3567.5	0.0	0.0	10143.0
320	3720.3333333333335	0.0	0.0	9307.0
330	3428.0	0.0	0.0	8890.0
340	3741.0	0.0	0.0	11228.0
350	4017.8333333333335	0.0	0.0	10295.0
360	3466.8333333333335	0.0	0.0	12776.0
370	3472.5	0.0	0.0	10072.0
380	3580.6666666666665	0.0	0.0	10205.0
390	3362.5	0.0	0.0	10755.0
400	3844.3333333333335	0.0	0.0	12887.0
410	3329.3333333333335	0.0	0.0	7959.0
420	3406.0	0.0	0.0	10691.0
430	3443.6666666666665	0.0	0.0	9222.0
440	3967.0	0.0	0.0	11817.0
450	3565.1666666666665	0.0	0.0	8756.0
460	3393.6666666666665	0.0	0.0	11582.0
470	3932.1666666666665	0.0	0.0	10082.0
480	3852.3333333333335	0.0	0.0	10223.0
490	3691.0	0.0	0.0	10033.0
500	3559.3333333333335	0.0	0.0	11363.0
510	3762.8333333333335	0.0	0.0	10004.0
520	3455.1666666666665	0.0	0.0	9761.0
530	3407.8333333333335	0.0	0.0	10378.0
540	3361.6666666666665	0.0	0.0	11193.0
550	3729.3333333333335	0.0	0.0	10902.0
560	3905.8333333333335	0.0	0.0	9887.0
570	3849.1666666666665	0.0	0.0	10471.0
580	4010.0	0.0	0.0	9078.0
590	3583.5	0.0	0.0	11797.0
600	3781.6666666666665	0.0	0.0	11002.0
610	3565.8333333333335	0.0	0.0	9621.0
620	3838.0	0.0	0.0	10523.0
630	3974.8333333333335	0.0	0.0	12165.0
640	4184.333333333333	0.0	0.0	9056.0
650	3396.8333333333335	0.0	0.0	11248.0
660	3925.5	0.0	0.0	12800.0
670	3268.3333333333335	0.0	0.0	7492.0
680	3322.6666666666665	0.0	0.0	10258.0
690	3647.3333333333335	0.0	0.0	9693.0
700	3538.1666666666665	0.0	0.0	11731.0
710	3776.3333333333335	0.0	0.0	8007.0
720	3558.6666666666665	0.0	0.0	10311.0
730	4071.0	0.0	0.0	8805.0
740	3691.6666666666665	0.0	0.0	10973.0
750	3841.5	0.0	0.0	10771.0
760	3814.0	0.0	0.0	6828.0
770	3757.1666666666665	0.0	0.0	9173.0
780	3908.1666666666665	0.0	0.0	9711.0
790	4088.8333333333335	0.0	0.0	9442.0
800	3661.8333333333335	0.0	0.0	10631.0
