0	2598.6666666666665	0.0	0.0	0.0
10	2280.0	188.0	12446.0	12446.0
20	2591.0	118.0	9602.0	9602.0
30	2581.8333333333335	255.0	15113.0	15113.0
40	2560.0	176.0	14215.0	14215.0
50	2614.8333333333335	80.0	11711.0	11711.0
60	2920.5	62.0	12325.0	12325.0
70	2615.3333333333335	106.0	15335.0	15335.0
80	2818.6666666666665	15.0	958.0	7257.0
90	3103.8333333333335	0.0	0.0	10485.0
100	2644.1666666666665	0.0	0.0	11704.0
110	3654.5	0.0	0.0	11799.0
120	3334.6666666666665	0.0	0.0	8675.0
130	3113.6666666666665	0.0	0.0	11090.0
140	3364.6666666666665	0.0	0.0	10789.0
150	3355.8333333333335	0.0	0.0	11850.0
160	2966.8333333333335	0.0	0.0	10323.0
170	2846.6666666666665	0.0	0.0	11321.0
180	3792.8333333333335	0.0	0.0	11548.0
190	3743.5	0.0	0.0	9569.0
200	3459.3333333333335	0.0	0.0	11967.0
210	3245.5	0.0	0.0	9942.0
220	3399.0	0.0	0.0	12167.0
230	3803.5	0.0	0.0	13123.0
240	2900.8333333333335	0.0	0.0	11001.0
250	3262.3333333333335	0.0	0.0	7362.0
260	4099.333333333333	0.0	0.0	10234.0
270	3325.1666666666665	0.0	0.0	13087.0
280	2994.3333333333335	0.0	0.0	10064.0
290	3235.8333333333335	0.0	0.0	7476.0
300	3367.3333333333335	0.0	0.0	10806.0
310	3571.6666666666665	0.0	0.0	11734.0
320	3702.5	0.0	0.0	10644.0
330	3904.0	0.0	0.0	10036.0
340	3863.5	0.0	0.0	11558.0
350	3894.3333333333335	0.0	0.0	11454.0
360	3484.6666666666665	0.0	0.0	9461.0
370	3359.0	0.0	0.0	10961.0
380	3367.5	0.0	0.0	8585.0
390	3094.8333333333335	0.0	0.0	11714.0
400	3764.1666666666665	0.0	0.0	12287.0
410	3897.5	0.0	0.0	9354.0
420	3448.5	0.0	0.0	9218.0
430	3636.1666666666665	0.0	0.0	8431.0
440	3466.6666666666665	0.0	0.0	10543.0
450	3731.8333333333335	0.0	0.0	11879.0
460	3749.3333333333335	0.0	0.0	8533.0
470	3445.5	0.0	0.0	6595.0
480	4016.6666666666665	0.0	0.0	8791.0
490	3901.5	0.0	0.0	12260.0
500	3439.1666666666665	0.0	0.0	9023.0
510	3885.5	0.0	0.0	10779.0
520	3956.8333333333335	0.0	0.0	11610.0
530	3664.1666666666665	0.0	0.0	11160.0
540	3663.3333333333335	0.0	0.0	8309.0
550	3777.0	0.0	0.0	9938.0
560	3213.5	0.0	0.0	11875.0
570	3606.3333333333335	0.0	0.0	11032.0
580	3929.0	0.0	0.0	10790.0
590	3660.0	0.0	0.0	11338.0
600	3744.1666666666665	0.0	0.0	11406.0
610	3557.3333333333335	0.0	0.0	7414.0
620	3269.5	0.0	0.0	10369.0
630	3773.3333333333335	0.0	0.0	10611.0
640	3942.0	0.0	0.0	10369.0
650	3669.8333333333335	0.0	0.0	10018.0
660	3830.5	0.0	0.0	12200.0
670	3361.3333333333335	0.0	0.0	10534.0
680	3940.1666666666665	0.0	0.0	10081.0
690	3792.0	0.0	0.0	9537.0
700	3976.1666666666665	0.0	0.0	10945.0
710	3501.8333333333335	0.0	0.0	8492.0
720	3625.3333333333335	0.0	0.0	10776.0
730	3516.5	0.0	0.0	8774.0
740	3588.1666666666665	0.0	0.0	11110.0
750	3814.1666666666665	0.0	0.0	7379.0
760	3824.0	0.0	0.0	12757.0
770	3740.6666666666665	0.0	0.0	11668.0
780	3746.1666666666665	0.0	0.0	7992.0
790	3988.5	0.0	0.0	11470.0
800	3909.6666666666665	0.0	0.0	7890.0
