0	2479.5	0.0	0.0	0.0
10	2417.6666666666665	121.0	13306.0	13306.0
20	2531.5	134.0	8458.0	8458.0
30	2515.0	183.0	9898.0	9898.0
40	2617.0	152.0	11415.0	11415.0
50	2715.3333333333335	21.0	6385.0	6385.0
60	2579.8333333333335	169.0	11697.0	11697.0
70	2292.8333333333335	126.0	11873.0	11873.0
80	2454.6666666666665	70.0	9924.0	9924.0
90	2509.8333333333335	24.0	4322.0	11115.0
100	2374.3333333333335	0.0	0.0	9239.0
110	2481.8333333333335	0.0	0.0	9253.0
120	2631.3333333333335	0.0	0.0	11981.0
130	2906.0	0.0	0.0	10342.0
140	2921.6666666666665	0.0	0.0	12064.0
150	2856.6666666666665	0.0	0.0	9903.0
160	3131.1666666666665	0.0	0.0	9757.0
170	3153.0	0.0	0.0	6652.0
180	3002.1666666666665	0.0	0.0	10025.0
190	3180.3333333333335	0.0	0.0	11843.0
200	2789.8333333333335	0.0	0.0	9921.0
210	3524.5	0.0	0.0	11612.0
220	3021.6666666666665	0.0	0.0	10090.0
230	3017.6666666666665	0.0	0.0	8299.0
240	3610.1666666666665	0.0	0.0	14730.0
250	2693.1666666666665	0.0	0.0	10064.0
260	3474.6666666666665	0.0	0.0	12388.0
270	3575.5	0.0	0.0	12561.0
280	3208.6666666666665	0.0	0.0	8764.0
290	3794.6666666666665	0.0	0.0	10881.0
300	3516.0	0.0	0.0	11200.0
310	3704.3333333333335	0.0	0.0	12429.0
320	3484.6666666666665	0.0	0.0	11839.0
330	3770.0	0.0	0.0	10572.0
340	3325.5	0.0	0.0	9976.0
350	3610.0	0.0	0.0	11191.0
360	3144.6666666666665	0.0	0.0	11332.0
370	3396.3333333333335	0.0	0.0	7169.0
380	3100.1666666666665	0.0	0.0	9472.0
390	3114.3333333333335	0.0	0.0	10456.0
400	3593.6666666666665	0.0	0.0	12702.0
410	3838.6666666666665	0.0	0.0	10137.0
420	3604.3333333333335	0.0	0.0	10798.0
430	3535.0	0.0	0.0	12920.0
440	3734.8333333333335	0.0	0.0	11387.0
450	3953.8333333333335	0.0	0.0	7842.0
460	3516.0	0.0	0.0	9629.0
470	3688.3333333333335	0.0	0.0	8371.0
480	3683.5	0.0	0.0	10948.0
490	3492.1666666666665	0.0	0.0	8133.0
500	3374.6666666666665	0.0	0.0	11655.0
510	3714.8333333333335	0.0	0.0	11507.0
520	3570.6666666666665	0.0	0.0	9017.0
530	3879.1666666666665	0.0	0.0	11861.0
540	3978.3333333333335	0.0	0.0	11022.0
550	3654.3333333333335	0.0	0.0	10057.0
560	3805.5	0.0	0.0	12993.0
570	3717.5	0.0	0.0	10575.0
580	3612.3333333333335	0.0	0.0	10586.0
590	3579.5	0.0	0.0	9034.0
600	3996.6666666666665	0.0	0.0	10022.0
610	3937.5	0.0	0.0	12186.0
620	3867.0	0.0	0.0	7683.0
630	3960.3333333333335	0.0	0.0	9660.0
640	3624.1666666666665	0.0	0.0	7047.0
650	3802.6666666666665	0.0	0.0	9064.0
660	3939.3333333333335	0.0	0.0	10303.0
670	3963.6666666666665	0.0	0.0	10117.0
680	3617.1666666666665	0.0	0.0	11132.0
690	3762.3333333333335	0.0	0.0	12285.0
700	3481.6666666666665	0.0	0.0	9860.0
710	3861.1666666666665	0.0	0.0	12256.0
720	3932.3333333333335	0.0	0.0	12716.0
730	3711.1666666666665	0.0	0.0	8939.0
740	3750.5	0.0	0.0	9826.0
750	3761.3333333333335	0.0	0.0	10746.0
760	4024.3333333333335	0.0	0.0	11468.0
770	4006.6666666666665	0.0	0.0	10634.0
780	3556.6666666666665	0.0	0.0	10644.0
790	3982.3333333333335	0.0	0.0	11749.0
800	3758.6666666666665	0.0	0.0	13039.0
