0	919.3333333333334	0.0	0.0	0.0
10	1442.3333333333333	854.0	10446.0	10446.0
20	1173.3333333333333	146.0	930.0	5241.0
30	1735.6666666666667	0.0	0.0	6436.0
40	1409.8333333333333	0.0	0.0	6821.0
50	1440.6666666666667	0.0	0.0	7924.0
60	1115.6666666666667	0.0	0.0	3683.0
70	752.3333333333334	0.0	0.0	4557.0
80	1290.6666666666667	0.0	0.0	6612.0
90	1376.8333333333333	0.0	0.0	6144.0
100	1529.0	0.0	0.0	7449.0
110	1815.3333333333333	0.0	0.0	8358.0
120	1122.3333333333333	0.0	0.0	9536.0
130	2124.1666666666665	0.0	0.0	10949.0
140	2157.6666666666665	0.0	0.0	7034.0
150	1532.3333333333333	0.0	0.0	7817.0
160	1759.6666666666667	0.0	0.0	6367.0
170	1673.8333333333333	0.0	0.0	10726.0
180	1568.6666666666667	0.0	0.0	6585.0
190	1971.6666666666667	0.0	0.0	8693.0
200	1779.6666666666667	0.0	0.0	8240.0
210	1922.0	0.0	0.0	7170.0
220	2133.8333333333335	0.0	0.0	6893.0
230	1572.1666666666667	0.0	0.0	9258.0
240	1375.0	0.0	0.0	7727.0
250	2246.0	0.0	0.0	8608.0
260	1846.8333333333333	0.0	0.0	7137.0
270	2062.0	0.0	0.0	8624.0
280	1774.6666666666667	0.0	0.0	6329.0
290	1929.6666666666667	0.0	0.0	6870.0
300	2025.1666666666667	0.0	0.0	7720.0
310	2153.5	0.0	0.0	8941.0
320	1976.5	0.0	0.0	9219.0
330	1860.3333333333333	0.0	0.0	9045.0
340	2550.6666666666665	0.0	0.0	8898.0
350	2413.6666666666665	0.0	0.0	10044.0
360	2498.5	0.0	0.0	9879.0
370	2295.3333333333335	0.0	0.0	10618.0
380	2308.6666666666665	0.0	0.0	7444.0
390	2372.0	0.0	0.0	10203.0
400	2390.1666666666665	0.0	0.0	9217.0
410	2508.0	0.0	0.0	8961.0
420	2403.0	0.0	0.0	11861.0
430	2113.8333333333335	0.0	0.0	9345.0
440	2293.0	0.0	0.0	12591.0
450	2520.6666666666665	0.0	0.0	10327.0
460	2180.0	0.0	0.0	8726.0
470	2491.0	0.0	0.0	9253.0
480	2289.3333333333335	0.0	0.0	8802.0
490	2471.6666666666665	0.0	0.0	9465.0
500	2444.5	0.0	0.0	8075.0
510	2381.6666666666665	0.0	0.0	8691.0
520	2493.3333333333335	0.0	0.0	9882.0
530	2318.3333333333335	0.0	0.0	10578.0
540	2438.3333333333335	0.0	0.0	9586.0
550	2312.5	0.0	0.0	7301.0
560	1969.0	0.0	0.0	11313.0
570	1830.0	0.0	0.0	8730.0
580	1850.8333333333333	0.0	0.0	8352.0
590	2105.6666666666665	0.0	0.0	9831.0
600	2144.3333333333335	0.0	0.0	8029.0
610	2084.0	0.0	0.0	11633.0
620	2236.3333333333335	0.0	0.0	9841.0
630	1825.6666666666667	0.0	0.0	10652.0
640	1912.3333333333333	0.0	0.0	12607.0
650	2434.6666666666665	0.0	0.0	10739.0
660	2209.0	0.0	0.0	9750.0
670	2515.0	0.0	0.0	7264.0
680	2468.5	0.0	0.0	6719.0
690	2676.3333333333335	0.0	0.0	10077.0
700	2673.0	0.0	0.0	8000.0
710	2541.1666666666665	0.0	0.0	7602.0
720	2540.0	0.0	0.0	8916.0
730	2404.6666666666665	0.0	0.0	12303.0
740	2506.0	0.0	0.0	7223.0
750	2742.5	0.0	0.0	11534.0
760	2295.3333333333335	0.0	0.0	8647.0
770	2540.1666666666665	0.0	0.0	7909.0
780	1932.8333333333333	0.0	0.0	9365.0
790	2296.0	0.0	0.0	7897.0
800	2521.6666666666665	0.0	0.0	7520.0
810	2334.5	0.0	0.0	9571.0
820	2513.3333333333335	0.0	0.0	8366.0
830	2267.6666666666665	0.0	0.0	8544.0
840	2354.8333333333335	0.0	0.0	9282.0
850	2437.6666666666665	0.0	0.0	8716.0
860	2255.6666666666665	0.0	0.0	7026.0
870	2433.0	0.0	0.0	7622.0
880	2613.5	0.0	0.0	7903.0
890	1818.0	0.0	0.0	9368.0
900	1835.3333333333333	0.0	0.0	10373.0
910	1842.1666666666667	0.0	0.0	10774.0
920	2143.0	0.0	0.0	7826.0
930	1781.8333333333333	0.0	0.0	7020.0
940	2341.5	0.0	0.0	8322.0
950	2040.3333333333333	0.0	0.0	7711.0
960	1891.0	0.0	0.0	9321.0
970	2212.6666666666665	0.0	0.0	8209.0
980	2412.3333333333335	0.0	0.0	9395.0
990	2345.0	0.0	0.0	8325.0
1000	1760.0	0.0	0.0	8616.0
