0	1138.8333333333333	0.0	0.0	0.0
10	1561.0	856.0	8966.0	8966.0
20	1232.0	144.0	1263.0	4639.0
30	1197.3333333333333	0.0	0.0	8798.0
40	2192.3333333333335	0.0	0.0	7687.0
50	2259.8333333333335	0.0	0.0	7629.0
60	1789.3333333333333	0.0	0.0	7224.0
70	1760.6666666666667	0.0	0.0	7913.0
80	1839.1666666666667	0.0	0.0	5934.0
90	2168.0	0.0	0.0	7301.0
100	2375.3333333333335	0.0	0.0	8602.0
110	2033.6666666666667	0.0	0.0	6598.0
120	2108.0	0.0	0.0	8275.0
130	2239.3333333333335	0.0	0.0	7327.0
140	2312.6666666666665	0.0	0.0	9032.0
150	2411.3333333333335	0.0	0.0	7175.0
160	2342.5	0.0	0.0	8705.0
170	1938.1666666666667	0.0	0.0	9208.0
180	2623.0	0.0	0.0	8841.0
190	2267.1666666666665	0.0	0.0	8962.0
200	2418.1666666666665	0.0	0.0	10790.0
210	1982.1666666666667	0.0	0.0	9020.0
220	1494.6666666666667	0.0	0.0	9099.0
230	2248.8333333333335	0.0	0.0	7405.0
240	2067.0	0.0	0.0	6912.0
250	1851.3333333333333	0.0	0.0	6183.0
260	1492.3333333333333	0.0	0.0	8883.0
270	2157.3333333333335	0.0	0.0	8697.0
280	1913.5	0.0	0.0	8226.0
290	1925.1666666666667	0.0	0.0	9304.0
300	2532.3333333333335	0.0	0.0	10020.0
310	2510.0	0.0	0.0	7774.0
320	2344.3333333333335	0.0	0.0	10368.0
330	2560.0	0.0	0.0	8656.0
340	2291.8333333333335	0.0	0.0	7253.0
350	2500.1666666666665	0.0	0.0	7102.0
360	2473.6666666666665	0.0	0.0	6917.0
370	2395.6666666666665	0.0	0.0	9132.0
380	2382.6666666666665	0.0	0.0	9839.0
390	2290.3333333333335	0.0	0.0	7855.0
400	2391.6666666666665	0.0	0.0	8869.0
410	2480.0	0.0	0.0	9621.0
420	2402.5	0.0	0.0	9233.0
430	2483.6666666666665	0.0	0.0	8387.0
440	2537.3333333333335	0.0	0.0	10302.0
450	2403.6666666666665	0.0	0.0	6477.0
460	2526.6666666666665	0.0	0.0	8966.0
470	2568.0	0.0	0.0	7707.0
480	2347.3333333333335	0.0	0.0	9347.0
490	2478.0	0.0	0.0	10014.0
500	2495.8333333333335	0.0	0.0	8261.0
510	2359.0	0.0	0.0	9249.0
520	1811.1666666666667	0.0	0.0	8679.0
530	1773.5	0.0	0.0	10559.0
540	1619.3333333333333	0.0	0.0	10521.0
550	1984.3333333333333	0.0	0.0	8716.0
560	1871.3333333333333	0.0	0.0	7277.0
570	2236.1666666666665	0.0	0.0	6713.0
580	2579.0	0.0	0.0	5836.0
590	2187.0	0.0	0.0	10459.0
600	2035.1666666666667	0.0	0.0	7829.0
610	2153.8333333333335	0.0	0.0	7362.0
620	1975.3333333333333	0.0	0.0	9170.0
630	2139.6666666666665	0.0	0.0	7954.0
640	2238.8333333333335	0.0	0.0	6948.0
650	1790.1666666666667	0.0	0.0	7893.0
660	1652.1666666666667	0.0	0.0	9334.0
670	2304.8333333333335	0.0	0.0	7612.0
680	1865.1666666666667	0.0	0.0	10120.0
690	2241.1666666666665	0.0	0.0	10756.0
700	1709.1666666666667	0.0	0.0	9522.0
710	2493.1666666666665	0.0	0.0	10060.0
720	2500.6666666666665	0.0	0.0	11021.0
730	2539.6666666666665	0.0	0.0	8878.0
740	2431.5	0.0	0.0	6933.0
750	2270.3333333333335	0.0	0.0	8051.0
760	2460.0	0.0	0.0	8334.0
770	2484.6666666666665	0.0	0.0	9131.0
780	2296.3333333333335	0.0	0.0	8135.0
790	2672.1666666666665	0.0	0.0	8215.0
800	2524.1666666666665	0.0	0.0	9202.0
810	2459.6666666666665	0.0	0.0	7493.0
820	2411.3333333333335	0.0	0.0	9470.0
830	2521.3333333333335	0.0	0.0	7722.0
840	2754.6666666666665	0.0	0.0	9622.0
850	2102.5	0.0	0.0	9496.0
860	2434.6666666666665	0.0	0.0	7869.0
870	2593.0	0.0	0.0	10050.0
880	2551.5	0.0	0.0	7668.0
890	2920.8333333333335	0.0	0.0	8387.0
900	2540.1666666666665	0.0	0.0	6848.0
910	2466.6666666666665	0.0	0.0	9411.0
920	2487.6666666666665	0.0	0.0	8959.0
930	2083.5	0.0	0.0	10683.0
940	2305.6666666666665	0.0	0.0	8738.0
950	2458.1666666666665	0.0	0.0	8278.0
960	2301.0	0.0	0.0	9260.0
970	2556.0	0.0	0.0	9284.0
980	2097.6666666666665	0.0	0.0	7985.0
990	2380.8333333333335	0.0	0.0	7277.0
1000	2128.0	0.0	0.0	7549.0
