0	1248.5	0.0	0.0	0.0
10	1238.1666666666667	984.0	5003.0	5003.0
20	1837.6666666666667	16.0	47.0	4796.0
30	1141.6666666666667	0.0	0.0	6495.0
40	2136.3333333333335	0.0	0.0	9593.0
50	1970.3333333333333	0.0	0.0	9149.0
60	1944.3333333333333	0.0	0.0	9254.0
70	1957.5	0.0	0.0	7035.0
80	2806.6666666666665	0.0	0.0	7460.0
90	2459.8333333333335	0.0	0.0	6452.0
100	2708.1666666666665	0.0	0.0	9347.0
110	2694.0	0.0	0.0	9199.0
120	2034.1666666666667	0.0	0.0	8593.0
130	2295.0	0.0	0.0	7334.0
140	2563.8333333333335	0.0	0.0	10930.0
150	1902.0	0.0	0.0	9643.0
160	2354.5	0.0	0.0	9436.0
170	2567.0	0.0	0.0	9285.0
180	2405.0	0.0	0.0	8749.0
190	1959.0	0.0	0.0	9148.0
200	2229.1666666666665	0.0	0.0	8162.0
210	1462.5	0.0	0.0	8451.0
220	1663.6666666666667	0.0	0.0	8762.0
230	2603.3333333333335	0.0	0.0	9322.0
240	1639.6666666666667	0.0	0.0	9131.0
250	2470.8333333333335	0.0	0.0	8732.0
260	2373.6666666666665	0.0	0.0	8464.0
270	1764.8333333333333	0.0	0.0	8487.0
280	2132.8333333333335	0.0	0.0	5410.0
290	1571.1666666666667	0.0	0.0	8622.0
300	1751.3333333333333	0.0	0.0	7384.0
310	1726.1666666666667	0.0	0.0	7288.0
320	2279.0	0.0	0.0	8953.0
330	1969.3333333333333	0.0	0.0	6444.0
340	1951.6666666666667	0.0	0.0	7453.0
350	1963.6666666666667	0.0	0.0	9037.0
360	1748.0	0.0	0.0	6407.0
370	2031.5	0.0	0.0	8257.0
380	2241.5	0.0	0.0	9998.0
390	2063.8333333333335	0.0	0.0	8754.0
400	2183.0	0.0	0.0	9873.0
410	2053.6666666666665	0.0	0.0	10004.0
420	1836.3333333333333	0.0	0.0	6656.0
430	1774.3333333333333	0.0	0.0	8505.0
440	1853.6666666666667	0.0	0.0	11073.0
450	2263.1666666666665	0.0	0.0	7955.0
460	2082.0	0.0	0.0	9786.0
470	2222.6666666666665	0.0	0.0	8398.0
480	2464.8333333333335	0.0	0.0	9622.0
490	1872.0	0.0	0.0	8596.0
500	2483.6666666666665	0.0	0.0	10117.0
510	2486.1666666666665	0.0	0.0	9242.0
520	2624.3333333333335	0.0	0.0	9710.0
530	2468.8333333333335	0.0	0.0	11045.0
540	2388.3333333333335	0.0	0.0	10028.0
550	2462.1666666666665	0.0	0.0	7248.0
560	2575.1666666666665	0.0	0.0	7478.0
570	2527.5	0.0	0.0	9699.0
580	2426.1666666666665	0.0	0.0	6722.0
590	2470.8333333333335	0.0	0.0	8248.0
600	2176.0	0.0	0.0	9068.0
610	1933.0	0.0	0.0	10163.0
620	1847.1666666666667	0.0	0.0	8600.0
630	2098.5	0.0	0.0	9812.0
640	2666.6666666666665	0.0	0.0	9326.0
650	2640.6666666666665	0.0	0.0	9672.0
660	2189.3333333333335	0.0	0.0	7266.0
670	2491.3333333333335	0.0	0.0	8449.0
680	2311.6666666666665	0.0	0.0	9249.0
690	1695.0	0.0	0.0	8415.0
700	1744.3333333333333	0.0	0.0	8669.0
710	2311.8333333333335	0.0	0.0	8971.0
720	2521.3333333333335	0.0	0.0	10960.0
730	1873.0	0.0	0.0	7035.0
740	2474.3333333333335	0.0	0.0	8865.0
750	2290.3333333333335	0.0	0.0	8871.0
760	2124.0	0.0	0.0	10681.0
770	1873.8333333333333	0.0	0.0	8832.0
780	2194.3333333333335	0.0	0.0	9931.0
790	2017.6666666666667	0.0	0.0	8554.0
800	2059.3333333333335	0.0	0.0	8173.0
810	2500.3333333333335	0.0	0.0	8582.0
820	2069.5	0.0	0.0	8612.0
830	2518.3333333333335	0.0	0.0	9741.0
840	2419.1666666666665	0.0	0.0	8145.0
850	2519.3333333333335	0.0	0.0	11142.0
860	2467.8333333333335	0.0	0.0	9279.0
870	2523.6666666666665	0.0	0.0	10375.0
880	2297.1666666666665	0.0	0.0	9736.0
890	2451.6666666666665	0.0	0.0	8435.0
900	2297.0	0.0	0.0	7697.0
910	2818.0	0.0	0.0	8086.0
920	1768.3333333333333	0.0	0.0	8434.0
930	1993.0	0.0	0.0	9185.0
940	2351.6666666666665	0.0	0.0	11962.0
950	2433.6666666666665	0.0	0.0	9132.0
960	2495.8333333333335	0.0	0.0	9622.0
970	2258.0	0.0	0.0	8831.0
980	1742.5	0.0	0.0	6993.0
990	1840.1666666666667	0.0	0.0	10314.0
1000	1743.0	0.0	0.0	9712.0
