0	1099.3333333333333	0.0	0.0	0.0
10	1032.3333333333333	855.0	8824.0	8824.0
20	2236.0	145.0	1369.0	7448.0
30	2522.3333333333335	0.0	0.0	8820.0
40	2621.0	0.0	0.0	12880.0
50	2608.5	0.0	0.0	7398.0
60	2068.0	0.0	0.0	10109.0
70	2187.6666666666665	0.0	0.0	8376.0
80	2605.1666666666665	0.0	0.0	8622.0
90	2347.6666666666665	0.0	0.0	9451.0
100	2544.3333333333335	0.0	0.0	9025.0
110	2444.5	0.0	0.0	6421.0
120	2451.5	0.0	0.0	8268.0
130	2451.0	0.0	0.0	9588.0
140	2404.8333333333335	0.0	0.0	6763.0
150	2302.3333333333335	0.0	0.0	8473.0
160	2514.8333333333335	0.0	0.0	9332.0
170	2532.5	0.0	0.0	9109.0
180	2401.3333333333335	0.0	0.0	9049.0
190	2397.6666666666665	0.0	0.0	9256.0
200	2565.3333333333335	0.0	0.0	7704.0
210	2485.5	0.0	0.0	9092.0
220	1840.3333333333333	0.0	0.0	7795.0
230	2226.3333333333335	0.0	0.0	9769.0
240	2081.3333333333335	0.0	0.0	7686.0
250	1993.0	0.0	0.0	6391.0
260	2210.8333333333335	0.0	0.0	8509.0
270	2288.6666666666665	0.0	0.0	9781.0
280	2203.0	0.0	0.0	7217.0
290	1890.3333333333333	0.0	0.0	9447.0
300	2528.8333333333335	0.0	0.0	11117.0
310	2283.3333333333335	0.0	0.0	8180.0
320	2328.8333333333335	0.0	0.0	7318.0
330	2374.3333333333335	0.0	0.0	12026.0
340	2262.0	0.0	0.0	7793.0
350	2538.5	0.0	0.0	6988.0
360	2425.0	0.0	0.0	7429.0
370	2492.6666666666665	0.0	0.0	7533.0
380	2620.1666666666665	0.0	0.0	11368.0
390	1911.8333333333333	0.0	0.0	9130.0
400	2182.0	0.0	0.0	9335.0
410	2458.0	0.0	0.0	11645.0
420	2391.1666666666665	0.0	0.0	8568.0
430	2480.1666666666665	0.0	0.0	9166.0
440	2303.0	0.0	0.0	8972.0
450	2478.3333333333335	0.0	0.0	9166.0
460	2543.1666666666665	0.0	0.0	6370.0
470	2399.3333333333335	0.0	0.0	7626.0
480	2089.6666666666665	0.0	0.0	8993.0
490	1818.6666666666667	0.0	0.0	10676.0
500	2298.8333333333335	0.0	0.0	10489.0
510	2661.0	0.0	0.0	8225.0
520	2189.5	0.0	0.0	8908.0
530	1947.8333333333333	0.0	0.0	9518.0
540	2330.8333333333335	0.0	0.0	10183.0
550	2409.3333333333335	0.0	0.0	10809.0
560	2566.6666666666665	0.0	0.0	8056.0
570	2623.6666666666665	0.0	0.0	8973.0
580	2511.3333333333335	0.0	0.0	8747.0
590	2418.0	0.0	0.0	9873.0
600	1742.3333333333333	0.0	0.0	9677.0
610	1846.3333333333333	0.0	0.0	9196.0
620	2182.1666666666665	0.0	0.0	8741.0
630	2286.6666666666665	0.0	0.0	7476.0
640	2047.6666666666667	0.0	0.0	7807.0
650	2272.1666666666665	0.0	0.0	9860.0
660	2258.8333333333335	0.0	0.0	6526.0
670	1802.1666666666667	0.0	0.0	9034.0
680	1660.0	0.0	0.0	10091.0
690	1799.6666666666667	0.0	0.0	7460.0
700	1916.0	0.0	0.0	13622.0
710	2450.5	0.0	0.0	9340.0
720	1980.3333333333333	0.0	0.0	8808.0
730	2015.1666666666667	0.0	0.0	9254.0
740	2032.0	0.0	0.0	9675.0
750	1931.6666666666667	0.0	0.0	9579.0
760	2521.0	0.0	0.0	8700.0
770	2621.8333333333335	0.0	0.0	10780.0
780	2331.8333333333335	0.0	0.0	8887.0
790	2397.1666666666665	0.0	0.0	6821.0
800	2473.5	0.0	0.0	9185.0
810	2702.6666666666665	0.0	0.0	8937.0
820	2478.3333333333335	0.0	0.0	8848.0
830	2540.6666666666665	0.0	0.0	9041.0
840	2499.8333333333335	0.0	0.0	7750.0
850	2487.8333333333335	0.0	0.0	8128.0
860	2410.3333333333335	0.0	0.0	10732.0
870	2626.6666666666665	0.0	0.0	8780.0
880	2282.6666666666665	0.0	0.0	7709.0
890	2453.8333333333335	0.0	0.0	8530.0
900	2756.6666666666665	0.0	0.0	9274.0
910	2684.5	0.0	0.0	9924.0
920	2291.0	0.0	0.0	12740.0
930	2590.3333333333335	0.0	0.0	9564.0
940	2688.8333333333335	0.0	0.0	10329.0
950	2533.8333333333335	0.0	0.0	8055.0
960	2398.5	0.0	0.0	8319.0
970	2472.6666666666665	0.0	0.0	11822.0
980	2329.3333333333335	0.0	0.0	8682.0
990	2266.0	0.0	0.0	8281.0
1000	2436.0	0.0	0.0	8280.0
