0	688.0	0.0	0.0	0.0
10	994.3333333333334	71.0	2988.0	6364.0
20	1404.0	82.0	3761.0	7980.0
30	1926.0	59.0	3200.0	6797.0
40	1168.0	75.0	4180.0	9310.0
50	2729.0	78.0	4562.0	9468.0
60	2685.0	57.0	3253.0	7069.0
70	2352.3333333333335	69.0	4541.0	9418.0
80	2351.8333333333335	65.0	3996.0	8528.0
90	2077.3333333333335	108.0	4676.0	9695.0
100	2495.0	59.0	3585.0	7282.0
110	2764.3333333333335	49.0	3712.0	8091.0
120	2305.3333333333335	67.0	5185.0	10403.0
130	2381.6666666666665	30.0	3892.0	7930.0
140	2391.3333333333335	46.0	3390.0	7036.0
150	1737.0	48.0	3211.0	6858.0
160	2004.0	37.0	3044.0	9488.0
170	1969.0	0.0	0.0	9196.0
180	2222.0	0.0	0.0	6160.0
190	2018.3333333333333	0.0	0.0	9201.0
200	2070.5	0.0	0.0	6474.0
210	1852.0	0.0	0.0	8287.0
220	1921.1666666666667	0.0	0.0	8742.0
230	2416.3333333333335	0.0	0.0	8065.0
240	2396.5	0.0	0.0	7033.0
250	1726.8333333333333	0.0	0.0	7124.0
260	2241.6666666666665	0.0	0.0	7207.0
270	2291.0	0.0	0.0	7578.0
280	1893.1666666666667	0.0	0.0	7306.0
290	1552.8333333333333	0.0	0.0	7014.0
300	1906.3333333333333	0.0	0.0	7770.0
310	2200.0	0.0	0.0	8271.0
320	2350.6666666666665	0.0	0.0	8749.0
330	2201.3333333333335	0.0	0.0	8934.0
340	2075.6666666666665	0.0	0.0	8110.0
350	2361.5	0.0	0.0	9842.0
360	2427.1666666666665	0.0	0.0	7560.0
370	2142.6666666666665	0.0	0.0	10005.0
380	2236.0	0.0	0.0	10534.0
390	2410.5	0.0	0.0	7592.0
400	2444.3333333333335	0.0	0.0	7959.0
410	2347.6666666666665	0.0	0.0	6232.0
420	2200.3333333333335	0.0	0.0	8985.0
430	2586.0	0.0	0.0	8528.0
440	2038.0	0.0	0.0	8453.0
450	1870.5	0.0	0.0	10916.0
460	2092.3333333333335	0.0	0.0	7185.0
470	2163.8333333333335	0.0	0.0	9231.0
480	2578.8333333333335	0.0	0.0	9517.0
490	2341.0	0.0	0.0	9201.0
500	1972.8333333333333	0.0	0.0	8297.0
510	1985.5	0.0	0.0	6455.0
520	2112.1666666666665	0.0	0.0	7470.0
530	2244.5	0.0	0.0	6719.0
540	2398.0	0.0	0.0	11050.0
550	1969.5	0.0	0.0	8800.0
560	1933.3333333333333	0.0	0.0	7956.0
570	2406.5	0.0	0.0	11102.0
580	2345.8333333333335	0.0	0.0	10929.0
590	2448.8333333333335	0.0	0.0	10245.0
600	2394.1666666666665	0.0	0.0	8073.0
610	2372.6666666666665	0.0	0.0	8924.0
620	2480.0	0.0	0.0	9029.0
630	2576.0	0.0	0.0	8362.0
640	1805.3333333333333	0.0	0.0	7710.0
650	1850.0	0.0	0.0	9161.0
660	1853.3333333333333	0.0	0.0	8531.0
670	1918.3333333333333	0.0	0.0	12747.0
680	2452.3333333333335	0.0	0.0	10353.0
690	2368.5	0.0	0.0	8637.0
700	2331.3333333333335	0.0	0.0	7552.0
710	2526.5	0.0	0.0	9637.0
720	2485.0	0.0	0.0	7864.0
730	2518.5	0.0	0.0	8864.0
740	2363.1666666666665	0.0	0.0	9067.0
750	2395.1666666666665	0.0	0.0	9331.0
760	2633.6666666666665	0.0	0.0	7597.0
770	2453.8333333333335	0.0	0.0	8493.0
780	1895.3333333333333	0.0	0.0	8263.0
790	2198.0	0.0	0.0	7067.0
800	1740.8333333333333	0.0	0.0	9789.0
810	1815.6666666666667	0.0	0.0	10321.0
820	2060.0	0.0	0.0	10271.0
830	1701.3333333333333	0.0	0.0	11229.0
840	1873.3333333333333	0.0	0.0	8461.0
850	1829.3333333333333	0.0	0.0	9426.0
860	2184.1666666666665	0.0	0.0	11382.0
870	2435.3333333333335	0.0	0.0	9096.0
880	2638.0	0.0	0.0	6744.0
890	2485.3333333333335	0.0	0.0	10002.0
900	2414.0	0.0	0.0	8818.0
910	1810.1666666666667	0.0	0.0	8671.0
920	1933.1666666666667	0.0	0.0	8381.0
930	2178.6666666666665	0.0	0.0	8460.0
940	1975.0	0.0	0.0	9867.0
950	1508.1666666666667	0.0	0.0	9489.0
960	2015.1666666666667	0.0	0.0	9248.0
970	2461.6666666666665	0.0	0.0	10156.0
980	2603.5	0.0	0.0	8092.0
990	2336.0	0.0	0.0	9420.0
1000	2415.5	0.0	0.0	9220.0
