0	1536.0	0.0	0.0	0.0
10	1768.6666666666667	13.0	826.0	7612.0
20	1951.0	125.0	1409.0	9429.0
30	1871.6666666666667	14.0	1404.0	9979.0
40	2148.8333333333335	0.0	679.0	5955.0
50	2031.0	10.0	1603.0	10285.0
60	2101.6666666666665	12.0	1053.0	8653.0
70	2071.3333333333335	9.0	1007.0	7199.0
80	1991.5	26.0	1565.0	10821.0
90	2183.1666666666665	0.0	1230.0	9586.0
100	2091.8333333333335	12.0	1626.0	10735.0
110	2074.0	1.0	884.0	7374.0
120	2117.0	14.0	1052.0	8773.0
130	2226.0	5.0	1375.0	9545.0
140	2372.3333333333335	11.0	1342.0	8932.0
150	2488.0	8.0	1204.0	8702.0
160	2246.1666666666665	33.0	1222.0	9415.0
170	2250.8333333333335	17.0	1286.0	9525.0
180	2416.3333333333335	2.0	1141.0	8153.0
190	2431.6666666666665	2.0	786.0	6136.0
200	2212.8333333333335	17.0	880.0	5728.0
210	2046.8333333333333	1.0	1116.0	7875.0
220	2241.6666666666665	0.0	1531.0	9856.0
230	2687.3333333333335	5.0	1174.0	8471.0
240	2748.6666666666665	4.0	932.0	6571.0
250	2646.6666666666665	4.0	1268.0	8517.0
260	2322.6666666666665	13.0	1098.0	8732.0
270	2574.0	0.0	1001.0	6502.0
280	2744.5	0.0	1027.0	6722.0
290	2583.1666666666665	0.0	1080.0	7942.0
300	2654.3333333333335	4.0	1344.0	10345.0
310	2381.0	10.0	976.0	7976.0
320	2418.8333333333335	0.0	1043.0	8281.0
330	2508.0	0.0	755.0	6945.0
340	2871.8333333333335	1.0	1090.0	7706.0
350	2810.6666666666665	0.0	1430.0	11886.0
360	2823.1666666666665	1.0	1011.0	7867.0
370	3003.6666666666665	0.0	1547.0	12780.0
380	3160.0	2.0	1207.0	9021.0
390	3013.8333333333335	2.0	1029.0	7425.0
400	3118.8333333333335	0.0	1292.0	9402.0
410	3360.1666666666665	0.0	1305.0	8993.0
420	3367.0	1.0	997.0	7983.0
430	3207.5	1.0	1481.0	11387.0
440	3179.0	0.0	1553.0	11946.0
450	3454.3333333333335	0.0	1285.0	9398.0
460	3311.3333333333335	0.0	1509.0	10497.0
470	2941.3333333333335	0.0	1555.0	12512.0
480	2927.3333333333335	1.0	1346.0	10229.0
490	3345.0	0.0	1389.0	10446.0
500	3342.8333333333335	0.0	1539.0	10327.0
510	3476.1666666666665	0.0	1304.0	10392.0
520	2939.1666666666665	0.0	1428.0	10566.0
530	3625.5	0.0	1642.0	11605.0
540	3680.8333333333335	0.0	1121.0	7589.0
550	3241.3333333333335	0.0	1637.0	12356.0
560	3887.6666666666665	0.0	1391.0	8938.0
570	3767.0	0.0	1329.0	9267.0
580	3590.0	0.0	1390.0	9314.0
590	3286.5	0.0	1484.0	10827.0
600	3361.0	0.0	1358.0	9507.0
610	3624.3333333333335	0.0	1529.0	10079.0
620	4044.0	0.0	1787.0	12236.0
630	2989.8333333333335	0.0	1691.0	11695.0
640	3419.5	0.0	1247.0	8494.0
650	3246.6666666666665	0.0	1309.0	8471.0
660	3449.0	0.0	1390.0	10180.0
670	3784.6666666666665	0.0	1732.0	12563.0
680	3480.6666666666665	0.0	1495.0	10635.0
690	3728.6666666666665	0.0	1581.0	11385.0
700	3498.3333333333335	0.0	1411.0	10176.0
710	3556.0	0.0	1429.0	9974.0
720	3359.1666666666665	0.0	1388.0	10203.0
730	3834.6666666666665	0.0	1578.0	10599.0
740	3354.5	0.0	1515.0	9405.0
750	3838.1666666666665	0.0	1309.0	7962.0
760	4027.1666666666665	0.0	1604.0	11074.0
770	3714.5	0.0	1686.0	12053.0
780	3843.5	0.0	1552.0	10551.0
790	3706.8333333333335	0.0	1238.0	8473.0
800	3998.5	0.0	1181.0	7919.0
810	3633.0	0.0	1561.0	10213.0
820	3595.5	0.0	1597.0	11253.0
830	4000.8333333333335	0.0	1212.0	8491.0
840	3879.1666666666665	0.0	1441.0	10179.0
850	3605.6666666666665	0.0	1632.0	11296.0
860	3807.5	0.0	1446.0	10268.0
870	3971.5	0.0	1446.0	9918.0
880	3700.5	0.0	1462.0	9995.0
890	3399.8333333333335	0.0	1433.0	8897.0
900	3675.8333333333335	0.0	1507.0	10489.0
910	3672.5	0.0	1037.0	7302.0
920	3966.0	0.0	1513.0	11210.0
930	3374.6666666666665	0.0	989.0	7016.0
940	3538.1666666666665	0.0	1558.0	8791.0
950	3720.3333333333335	0.0	1538.0	9857.0
960	3861.5	0.0	1505.0	10138.0
970	3854.0	0.0	1667.0	10832.0
980	3954.3333333333335	0.0	1686.0	11230.0
990	3768.6666666666665	0.0	1561.0	9888.0
1000	3562.3333333333335	0.0	1156.0	8736.0
