0	1402.3333333333333	0.0	0.0	0.0
10	1545.6666666666667	13.0	1272.0	9830.0
20	1727.0	28.0	949.0	6965.0
30	1756.3333333333333	50.0	1303.0	9142.0
40	1602.6666666666667	46.0	1000.0	7880.0
50	1828.6666666666667	10.0	864.0	8000.0
60	1884.8333333333333	11.0	844.0	6688.0
70	2044.5	22.0	1350.0	9154.0
80	1900.8333333333333	28.0	653.0	5673.0
90	2143.6666666666665	25.0	1327.0	8912.0
100	2063.8333333333335	4.0	1141.0	8407.0
110	1950.6666666666667	0.0	652.0	6035.0
120	2111.0	21.0	1082.0	8561.0
130	2105.0	7.0	1045.0	8118.0
140	2222.5	9.0	1522.0	9577.0
150	2312.1666666666665	1.0	1165.0	8553.0
160	2412.8333333333335	12.0	1286.0	8871.0
170	1969.0	0.0	895.0	8375.0
180	2575.0	23.0	1456.0	9434.0
190	2298.3333333333335	3.0	1087.0	9104.0
200	2637.0	20.0	855.0	7609.0
210	2358.8333333333335	0.0	821.0	7511.0
220	2089.6666666666665	45.0	1218.0	9236.0
230	2349.0	13.0	1154.0	8487.0
240	2463.5	1.0	1149.0	8289.0
250	2281.6666666666665	3.0	1082.0	8786.0
260	2578.6666666666665	2.0	1426.0	9810.0
270	2522.1666666666665	13.0	1488.0	10703.0
280	2243.8333333333335	5.0	1428.0	9461.0
290	2452.0	0.0	1218.0	9193.0
300	2516.6666666666665	26.0	1219.0	8448.0
310	2524.5	21.0	1321.0	9130.0
320	2339.5	1.0	1097.0	6825.0
330	2541.5	23.0	1075.0	7702.0
340	2765.1666666666665	1.0	1186.0	8503.0
350	2438.0	7.0	1161.0	8813.0
360	2658.1666666666665	0.0	1116.0	8659.0
370	2732.0	2.0	1266.0	10695.0
380	2493.5	0.0	858.0	6270.0
390	2829.8333333333335	1.0	1412.0	9466.0
400	3033.1666666666665	1.0	1180.0	9629.0
410	2451.3333333333335	0.0	1319.0	9378.0
420	3039.6666666666665	0.0	1219.0	9207.0
430	2760.6666666666665	0.0	1325.0	10242.0
440	3202.0	0.0	1122.0	7496.0
450	2653.6666666666665	0.0	993.0	8041.0
460	2889.5	0.0	1100.0	8078.0
470	2661.8333333333335	0.0	1087.0	8317.0
480	2932.0	1.0	1165.0	8290.0
490	3001.1666666666665	0.0	1389.0	10506.0
500	2306.1666666666665	0.0	1334.0	10588.0
510	3199.6666666666665	1.0	1313.0	9454.0
520	3283.8333333333335	0.0	1379.0	11064.0
530	2821.1666666666665	0.0	1518.0	9187.0
540	3029.1666666666665	0.0	1029.0	8079.0
550	2846.1666666666665	0.0	1640.0	12684.0
560	3350.5	0.0	1123.0	8673.0
570	3394.5	0.0	1210.0	8835.0
580	3587.3333333333335	0.0	1479.0	10003.0
590	3621.5	0.0	1387.0	10053.0
600	3722.0	0.0	1427.0	10348.0
610	3672.6666666666665	0.0	1177.0	7987.0
620	3407.3333333333335	0.0	1261.0	9076.0
630	3436.8333333333335	0.0	1394.0	9331.0
640	3527.6666666666665	0.0	1549.0	9410.0
650	3876.0	0.0	1645.0	11391.0
660	3664.8333333333335	0.0	1605.0	9486.0
670	3744.8333333333335	0.0	1745.0	10574.0
680	3691.1666666666665	0.0	1577.0	9866.0
690	3504.8333333333335	0.0	1515.0	8424.0
700	3780.0	0.0	1735.0	12092.0
710	3252.1666666666665	0.0	1363.0	9104.0
720	3144.6666666666665	0.0	1734.0	11050.0
730	3469.8333333333335	0.0	1875.0	13066.0
740	3817.1666666666665	0.0	2032.0	13251.0
750	3259.1666666666665	0.0	1366.0	8088.0
760	3965.3333333333335	0.0	1649.0	11621.0
770	4050.5	0.0	1597.0	10212.0
780	3655.3333333333335	0.0	1825.0	12459.0
790	3886.5	0.0	1411.0	10826.0
800	3502.3333333333335	0.0	1427.0	10052.0
810	2828.1666666666665	0.0	1794.0	11512.0
820	3821.0	0.0	2001.0	13775.0
830	4141.5	0.0	1863.0	12658.0
840	3825.0	0.0	1233.0	9371.0
850	3875.3333333333335	0.0	1287.0	9877.0
860	3771.1666666666665	0.0	1474.0	10953.0
870	3860.6666666666665	0.0	1642.0	10685.0
880	3897.3333333333335	0.0	1593.0	9026.0
890	2914.3333333333335	0.0	1465.0	9845.0
900	3791.0	0.0	1653.0	10618.0
910	3773.3333333333335	0.0	1738.0	10818.0
920	3611.5	0.0	2204.0	11312.0
930	3834.6666666666665	0.0	1490.0	8928.0
940	3651.6666666666665	0.0	1750.0	10689.0
950	3757.3333333333335	0.0	1794.0	11213.0
960	3698.3333333333335	0.0	1231.0	9216.0
970	3786.1666666666665	0.0	1376.0	9327.0
980	3542.6666666666665	0.0	1512.0	9168.0
990	3775.8333333333335	0.0	1426.0	8928.0
1000	3677.3333333333335	0.0	1149.0	6827.0
