0	1636.6666666666667	0.0	0.0	0.0
10	1588.6666666666667	0.0	454.0	4864.0
20	1835.3333333333333	31.0	880.0	8086.0
30	1722.6666666666667	2.0	635.0	5931.0
40	1722.0	14.0	628.0	5689.0
50	1723.0	24.0	838.0	6616.0
60	1818.5	44.0	1686.0	11802.0
70	1870.6666666666667	11.0	997.0	8503.0
80	1788.1666666666667	0.0	753.0	7130.0
90	1929.8333333333333	56.0	1189.0	9164.0
100	1889.0	22.0	910.0	7355.0
110	1924.0	20.0	892.0	5739.0
120	2005.8333333333333	6.0	1723.0	11944.0
130	1875.0	1.0	636.0	5561.0
140	2163.0	18.0	1172.0	8503.0
150	2282.3333333333335	34.0	1315.0	9221.0
160	2347.0	2.0	948.0	8073.0
170	2113.3333333333335	5.0	744.0	6450.0
180	2173.5	13.0	838.0	6864.0
190	2139.3333333333335	2.0	976.0	8209.0
200	2386.5	10.0	1238.0	9024.0
210	2142.3333333333335	26.0	815.0	7665.0
220	2333.0	63.0	1285.0	9505.0
230	2274.5	12.0	860.0	7138.0
240	2410.0	10.0	1226.0	7557.0
250	2338.3333333333335	12.0	1187.0	9644.0
260	2284.6666666666665	11.0	906.0	5853.0
270	2330.1666666666665	0.0	896.0	6210.0
280	2082.0	4.0	924.0	8036.0
290	2028.3333333333333	0.0	882.0	6718.0
300	2362.6666666666665	1.0	1415.0	11331.0
310	2424.0	18.0	1532.0	10170.0
320	2798.0	3.0	1329.0	8688.0
330	2331.5	0.0	743.0	5227.0
340	2483.5	2.0	880.0	5785.0
350	2489.5	5.0	1331.0	10012.0
360	2410.6666666666665	4.0	1012.0	7267.0
370	2382.0	4.0	1497.0	12409.0
380	2585.3333333333335	3.0	1342.0	10442.0
390	2757.3333333333335	1.0	1218.0	9958.0
400	2567.3333333333335	0.0	884.0	6791.0
410	2611.0	0.0	1199.0	8911.0
420	2505.8333333333335	0.0	883.0	6729.0
430	2579.1666666666665	2.0	1343.0	11049.0
440	2651.6666666666665	0.0	1017.0	7443.0
450	2506.3333333333335	0.0	1036.0	8621.0
460	2529.6666666666665	0.0	951.0	8662.0
470	3038.1666666666665	0.0	1061.0	7660.0
480	2306.6666666666665	0.0	1052.0	8029.0
490	2217.3333333333335	0.0	1214.0	8922.0
500	2759.8333333333335	0.0	1266.0	9758.0
510	3016.8333333333335	0.0	1574.0	11702.0
520	2632.6666666666665	0.0	1423.0	9976.0
530	3225.1666666666665	1.0	1071.0	7578.0
540	2677.6666666666665	0.0	875.0	6653.0
550	3110.1666666666665	0.0	1291.0	9659.0
560	3226.8333333333335	0.0	1433.0	11608.0
570	3144.8333333333335	0.0	1397.0	9069.0
580	3347.0	0.0	1517.0	11523.0
590	2886.3333333333335	0.0	797.0	5375.0
600	3393.1666666666665	0.0	1292.0	9144.0
610	3246.5	0.0	1027.0	7410.0
620	3329.5	0.0	1567.0	10907.0
630	3481.8333333333335	0.0	1284.0	9532.0
640	2895.1666666666665	0.0	1539.0	10326.0
650	3635.5	0.0	1291.0	8101.0
660	3534.1666666666665	0.0	1723.0	11858.0
670	3165.5	0.0	1451.0	10285.0
680	3474.8333333333335	0.0	1786.0	12895.0
690	3383.6666666666665	0.0	1384.0	10291.0
700	3355.1666666666665	0.0	1912.0	12426.0
710	3180.1666666666665	0.0	1220.0	8393.0
720	3351.1666666666665	0.0	1516.0	9242.0
730	3561.5	0.0	1919.0	13734.0
740	3499.6666666666665	0.0	1454.0	10877.0
750	3522.6666666666665	0.0	1279.0	8562.0
760	3146.1666666666665	0.0	1550.0	10562.0
770	3940.1666666666665	0.0	1522.0	10461.0
780	3399.3333333333335	0.0	1747.0	12642.0
790	3678.0	0.0	1435.0	9246.0
800	3281.1666666666665	0.0	2030.0	11691.0
810	3815.0	0.0	1539.0	9291.0
820	3941.3333333333335	0.0	1508.0	9456.0
830	3361.1666666666665	0.0	1602.0	10614.0
840	3661.3333333333335	0.0	1198.0	8011.0
850	4059.0	0.0	1932.0	12537.0
860	3619.6666666666665	0.0	1467.0	10220.0
870	3704.6666666666665	0.0	1719.0	10257.0
880	3508.1666666666665	0.0	1591.0	11078.0
890	3695.3333333333335	0.0	1479.0	8954.0
900	3933.3333333333335	0.0	1658.0	11059.0
910	3689.8333333333335	0.0	1612.0	9888.0
920	3704.3333333333335	0.0	1577.0	9622.0
930	4078.1666666666665	0.0	1801.0	10812.0
940	3437.1666666666665	0.0	1545.0	9718.0
950	3757.3333333333335	0.0	1397.0	9291.0
960	3755.3333333333335	0.0	1910.0	13259.0
970	3711.0	0.0	1661.0	11297.0
980	3909.3333333333335	0.0	1668.0	11081.0
990	3807.6666666666665	0.0	1639.0	10255.0
1000	3987.5	0.0	1406.0	10282.0
