0	2211.6666666666665	0.0	0.0	0.0
10	2174.6666666666665	1000.0	3499.0	7710.0
20	2414.1666666666665	0.0	0.0	8690.0
30	2503.5	0.0	0.0	7229.0
40	2388.8333333333335	0.0	0.0	7151.0
50	2593.5	0.0	0.0	9329.0
60	2351.6666666666665	0.0	0.0	11830.0
70	2491.5	0.0	0.0	9282.0
80	2293.1666666666665	0.0	0.0	10619.0
90	2611.5	0.0	0.0	10096.0
100	2589.8333333333335	0.0	0.0	7248.0
110	2187.1666666666665	0.0	0.0	8997.0
120	2410.0	0.0	0.0	7254.0
130	2544.5	0.0	0.0	9850.0
140	2726.1666666666665	0.0	0.0	6174.0
150	2490.1666666666665	0.0	0.0	11054.0
160	2531.1666666666665	0.0	0.0	9976.0
170	2248.5	0.0	0.0	9443.0
180	2428.3333333333335	0.0	0.0	9761.0
190	2599.6666666666665	0.0	0.0	8109.0
200	3022.6666666666665	0.0	0.0	8524.0
210	2812.1666666666665	0.0	0.0	11776.0
220	3190.8333333333335	0.0	0.0	7729.0
230	3282.8333333333335	0.0	0.0	10013.0
240	2971.1666666666665	0.0	0.0	9276.0
250	2884.5	0.0	0.0	7306.0
260	2612.8333333333335	0.0	0.0	10256.0
270	2826.6666666666665	0.0	0.0	10074.0
280	2853.8333333333335	0.0	0.0	9700.0
290	3127.6666666666665	0.0	0.0	7346.0
300	3259.1666666666665	0.0	0.0	7671.0
310	2922.5	0.0	0.0	9071.0
320	3127.3333333333335	0.0	0.0	8792.0
330	3181.5	0.0	0.0	8147.0
340	3076.3333333333335	0.0	0.0	10687.0
350	3070.8333333333335	0.0	0.0	12445.0
360	3168.8333333333335	0.0	0.0	9317.0
370	3180.1666666666665	0.0	0.0	8829.0
380	3353.3333333333335	0.0	0.0	10716.0
390	3405.8333333333335	0.0	0.0	9031.0
400	3404.6666666666665	0.0	0.0	12307.0
410	3878.0	0.0	0.0	6885.0
420	3813.1666666666665	0.0	0.0	8071.0
430	3115.8333333333335	0.0	0.0	12637.0
440	3235.1666666666665	0.0	0.0	9284.0
450	3940.6666666666665	0.0	0.0	9171.0
460	2968.3333333333335	0.0	0.0	9990.0
470	3035.5	0.0	0.0	9385.0
480	3271.0	0.0	0.0	8194.0
490	3779.8333333333335	0.0	0.0	8280.0
500	3299.6666666666665	0.0	0.0	12112.0
510	3634.6666666666665	0.0	0.0	11182.0
520	3787.5	0.0	0.0	10050.0
530	3596.1666666666665	0.0	0.0	14480.0
540	3853.8333333333335	0.0	0.0	7862.0
550	3467.0	0.0	0.0	11085.0
560	3200.1666666666665	0.0	0.0	11645.0
570	3817.0	0.0	0.0	10522.0
580	3682.5	0.0	0.0	8593.0
590	3522.3333333333335	0.0	0.0	11918.0
600	3112.8333333333335	0.0	0.0	12180.0
610	3466.8333333333335	0.0	0.0	10900.0
620	3755.6666666666665	0.0	0.0	10824.0
630	3986.5	0.0	0.0	14895.0
640	3458.6666666666665	0.0	0.0	13384.0
650	3719.0	0.0	0.0	9270.0
660	3397.6666666666665	0.0	0.0	9938.0
670	3743.3333333333335	0.0	0.0	9668.0
680	3959.8333333333335	0.0	0.0	10330.0
690	3418.1666666666665	0.0	0.0	11624.0
700	4100.0	0.0	0.0	7865.0
710	3691.5	0.0	0.0	11710.0
720	3862.5	0.0	0.0	10345.0
730	3948.5	0.0	0.0	7442.0
740	3889.6666666666665	0.0	0.0	13523.0
750	3801.6666666666665	0.0	0.0	9518.0
760	3598.5	0.0	0.0	10856.0
770	3489.5	0.0	0.0	10566.0
780	3812.0	0.0	0.0	12201.0
790	4081.8333333333335	0.0	0.0	12451.0
800	3661.3333333333335	0.0	0.0	9757.0
