0	2088.5	0.0	0.0	0.0
10	2226.1666666666665	1000.0	2656.0	10319.0
20	2447.8333333333335	0.0	0.0	8623.0
30	2119.3333333333335	0.0	0.0	7777.0
40	1901.0	0.0	0.0	6092.0
50	2325.6666666666665	0.0	0.0	8273.0
60	2298.0	0.0	0.0	4871.0
70	2688.3333333333335	0.0	0.0	11969.0
80	2373.3333333333335	0.0	0.0	12622.0
90	2516.6666666666665	0.0	0.0	10416.0
100	2586.3333333333335	0.0	0.0	8941.0
110	2340.5	0.0	0.0	6605.0
120	2715.0	0.0	0.0	6702.0
130	2782.1666666666665	0.0	0.0	7130.0
140	2220.6666666666665	0.0	0.0	10319.0
150	2589.8333333333335	0.0	0.0	7898.0
160	2582.5	0.0	0.0	8937.0
170	2563.6666666666665	0.0	0.0	7691.0
180	2195.3333333333335	0.0	0.0	8642.0
190	2257.8333333333335	0.0	0.0	6721.0
200	2698.8333333333335	0.0	0.0	9832.0
210	2792.5	0.0	0.0	9247.0
220	2440.6666666666665	0.0	0.0	6905.0
230	2436.8333333333335	0.0	0.0	9049.0
240	2810.8333333333335	0.0	0.0	5755.0
250	2404.5	0.0	0.0	13330.0
260	2738.0	0.0	0.0	10696.0
270	2754.8333333333335	0.0	0.0	7235.0
280	2683.8333333333335	0.0	0.0	10278.0
290	3008.6666666666665	0.0	0.0	9031.0
300	2875.3333333333335	0.0	0.0	9603.0
310	2863.5	0.0	0.0	8634.0
320	3064.3333333333335	0.0	0.0	10114.0
330	3128.6666666666665	0.0	0.0	8020.0
340	3181.1666666666665	0.0	0.0	9332.0
350	3031.8333333333335	0.0	0.0	10507.0
360	2831.8333333333335	0.0	0.0	10199.0
370	3095.0	0.0	0.0	11659.0
380	3015.6666666666665	0.0	0.0	5619.0
390	2783.0	0.0	0.0	9031.0
400	2854.1666666666665	0.0	0.0	11066.0
410	3366.1666666666665	0.0	0.0	11597.0
420	3197.1666666666665	0.0	0.0	7747.0
430	3462.5	0.0	0.0	6621.0
440	3527.6666666666665	0.0	0.0	10415.0
450	3506.3333333333335	0.0	0.0	6753.0
460	3525.3333333333335	0.0	0.0	7216.0
470	3288.6666666666665	0.0	0.0	10519.0
480	3531.5	0.0	0.0	9568.0
490	3267.8333333333335	0.0	0.0	9156.0
500	3033.6666666666665	0.0	0.0	8994.0
510	2829.0	0.0	0.0	10114.0
520	3728.0	0.0	0.0	10383.0
530	3336.0	0.0	0.0	10313.0
540	3774.8333333333335	0.0	0.0	12429.0
550	3702.0	0.0	0.0	10609.0
560	4016.0	0.0	0.0	10631.0
570	3514.8333333333335	0.0	0.0	9494.0
580	3653.3333333333335	0.0	0.0	13412.0
590	3610.5	0.0	0.0	8287.0
600	3854.5	0.0	0.0	9217.0
610	3605.3333333333335	0.0	0.0	9817.0
620	3841.1666666666665	0.0	0.0	7921.0
630	3709.5	0.0	0.0	10234.0
640	3510.0	0.0	0.0	9055.0
650	3624.1666666666665	0.0	0.0	10258.0
660	3865.3333333333335	0.0	0.0	6340.0
670	3813.5	0.0	0.0	11192.0
680	3801.5	0.0	0.0	10411.0
690	3412.1666666666665	0.0	0.0	9697.0
700	3874.0	0.0	0.0	12660.0
710	3622.1666666666665	0.0	0.0	6671.0
720	3554.0	0.0	0.0	12028.0
730	3633.0	0.0	0.0	12174.0
740	3572.0	0.0	0.0	13844.0
750	3620.0	0.0	0.0	10132.0
760	3926.3333333333335	0.0	0.0	12216.0
770	4084.8333333333335	0.0	0.0	8994.0
780	3505.0	0.0	0.0	9671.0
790	3367.0	0.0	0.0	11921.0
800	3791.5	0.0	0.0	12612.0
