0	271.0	0.0	0.0
10	1974.8333333333333	283.0	8149.0
20	1828.0	1344.0	13515.0
30	2239.1666666666665	1721.0	13855.0
40	2366.0	1952.0	16582.0
50	2484.8333333333335	1724.0	15007.0
60	2867.0	1641.0	14701.0
70	2962.0	1639.0	14401.0
80	2872.8333333333335	1458.0	15735.0
90	2676.0	1031.0	12395.0
100	2763.1666666666665	1550.0	17669.0
110	2786.6666666666665	1293.0	16511.0
120	3195.5	623.0	12458.0
130	2872.1666666666665	934.0	13787.0
140	3312.5	914.0	14778.0
150	2995.1666666666665	816.0	14888.0
160	3513.6666666666665	916.0	14913.0
170	3273.5	812.0	16052.0
180	3463.3333333333335	737.0	13151.0
190	3680.0	560.0	14046.0
200	3681.0	534.0	13820.0
210	3733.0	414.0	15293.0
220	3680.5	637.0	18192.0
230	4013.8333333333335	438.0	13658.0
240	3606.8333333333335	480.0	15576.0
250	3773.3333333333335	576.0	16201.0
260	3472.0	565.0	16750.0
270	3614.0	483.0	13925.0
280	4016.8333333333335	619.0	18230.0
290	3702.5	438.0	15030.0
300	3615.0	547.0	14295.0
310	3842.8333333333335	610.0	14836.0
320	3691.5	515.0	16306.0
330	3392.1666666666665	510.0	14191.0
340	3823.3333333333335	721.0	14263.0
350	3820.5	354.0	13194.0
360	3569.1666666666665	389.0	15072.0
370	3801.1666666666665	476.0	12914.0
380	3963.0	462.0	16760.0
390	3833.6666666666665	345.0	14008.0
400	3754.0	390.0	15486.0
410	3808.0	378.0	12578.0
420	3832.1666666666665	433.0	13890.0
430	3508.0	487.0	11791.0
440	3386.1666666666665	561.0	15360.0
450	3501.5	449.0	15421.0
460	4034.0	419.0	13513.0
470	3280.6666666666665	512.0	17167.0
480	3692.8333333333335	464.0	17183.0
490	3851.6666666666665	298.0	13361.0
500	3856.3333333333335	378.0	16959.0
510	3970.5	336.0	13579.0
520	4086.8333333333335	370.0	13202.0
530	3544.6666666666665	427.0	16356.0
540	3521.3333333333335	403.0	14507.0
550	3911.3333333333335	355.0	14156.0
560	3744.3333333333335	333.0	11234.0
570	3784.0	444.0	15478.0
580	3482.8333333333335	352.0	13322.0
590	3798.1666666666665	383.0	15578.0
600	3823.5	367.0	16774.0
610	3757.6666666666665	416.0	14799.0
620	3831.8333333333335	364.0	13334.0
630	3667.3333333333335	421.0	16739.0
640	3758.8333333333335	338.0	11896.0
650	3831.6666666666665	392.0	15368.0
660	3936.3333333333335	420.0	13650.0
670	3377.3333333333335	531.0	16829.0
680	3638.3333333333335	465.0	14069.0
690	3798.1666666666665	463.0	14495.0
700	3742.0	522.0	17233.0
710	3739.6666666666665	381.0	13761.0
720	3997.8333333333335	473.0	18628.0
730	3870.1666666666665	356.0	14672.0
740	3496.6666666666665	430.0	17685.0
750	3381.3333333333335	382.0	14218.0
760	3876.6666666666665	363.0	15242.0
770	3815.5	483.0	15897.0
780	3587.1666666666665	428.0	16037.0
790	3950.0	380.0	14245.0
800	3643.8333333333335	431.0	14699.0
810	3799.0	451.0	13109.0
820	3416.3333333333335	373.0	12222.0
830	3805.0	444.0	14317.0
840	3855.1666666666665	398.0	14360.0
850	3856.3333333333335	467.0	15122.0
860	3786.3333333333335	554.0	16546.0
870	3689.0	357.0	14745.0
880	3878.3333333333335	339.0	14050.0
890	3915.0	451.0	15768.0
900	3608.8333333333335	418.0	14875.0
910	3564.3333333333335	440.0	14107.0
920	4014.8333333333335	447.0	14897.0
930	3678.8333333333335	523.0	13716.0
940	3802.3333333333335	409.0	13627.0
950	3444.6666666666665	436.0	11434.0
960	3263.3333333333335	603.0	15861.0
970	3591.0	442.0	14090.0
980	3534.3333333333335	469.0	14568.0
990	3588.3333333333335	399.0	13397.0
1000	3623.6666666666665	487.0	13599.0
