0	264.3333333333333	0.0	0.0
10	1932.0	503.0	11453.0
20	1973.8333333333333	1812.0	13708.0
30	2351.6666666666665	1574.0	12550.0
40	2425.5	1776.0	14046.0
50	2634.8333333333335	1892.0	15470.0
60	2667.5	1677.0	14541.0
70	2988.6666666666665	2085.0	18828.0
80	3015.0	1820.0	16102.0
90	2859.8333333333335	1546.0	15742.0
100	3288.3333333333335	1363.0	15795.0
110	3226.6666666666665	1381.0	17450.0
120	3265.6666666666665	1099.0	16766.0
130	3476.1666666666665	1138.0	16039.0
140	3295.3333333333335	1120.0	17330.0
150	3198.1666666666665	981.0	17367.0
160	3395.3333333333335	901.0	15811.0
170	3026.3333333333335	860.0	17637.0
180	3319.5	784.0	12327.0
190	3811.1666666666665	563.0	13644.0
200	3736.1666666666665	758.0	16431.0
210	3793.0	635.0	16231.0
220	3381.0	513.0	15388.0
230	3703.6666666666665	463.0	15222.0
240	3433.1666666666665	491.0	14701.0
250	3345.5	514.0	13331.0
260	3740.8333333333335	613.0	14969.0
270	4033.5	553.0	16948.0
280	3874.3333333333335	488.0	16929.0
290	3494.8333333333335	447.0	15216.0
300	4006.1666666666665	503.0	15533.0
310	3749.1666666666665	542.0	15814.0
320	3387.0	468.0	13759.0
330	3919.0	456.0	15243.0
340	3677.8333333333335	518.0	15980.0
350	3726.0	419.0	15774.0
360	3676.3333333333335	399.0	16109.0
370	3934.0	377.0	15797.0
380	3559.0	301.0	13256.0
390	3952.3333333333335	388.0	15341.0
400	3676.0	305.0	13875.0
410	3773.0	368.0	13147.0
420	3718.6666666666665	442.0	18346.0
430	3543.5	418.0	15019.0
440	4012.1666666666665	337.0	14221.0
450	3847.0	329.0	11774.0
460	3659.5	372.0	15083.0
470	3799.5	382.0	15102.0
480	3823.5	405.0	16612.0
490	3645.5	444.0	16671.0
500	3658.6666666666665	290.0	9882.0
510	3472.0	501.0	16318.0
520	3701.0	506.0	15988.0
530	3868.3333333333335	493.0	16610.0
540	3363.5	403.0	11320.0
550	3494.3333333333335	618.0	16976.0
560	3618.6666666666665	541.0	14446.0
570	4024.8333333333335	477.0	16541.0
580	3845.5	393.0	13743.0
590	4154.833333333333	461.0	13061.0
600	3609.3333333333335	546.0	16534.0
610	3711.3333333333335	341.0	13407.0
620	4009.1666666666665	508.0	17862.0
630	3571.1666666666665	340.0	13689.0
640	3584.5	324.0	13431.0
650	4045.6666666666665	395.0	15080.0
660	3653.3333333333335	474.0	13959.0
670	3815.8333333333335	362.0	14060.0
680	3645.8333333333335	487.0	13476.0
690	3483.8333333333335	395.0	13855.0
700	3996.1666666666665	517.0	16142.0
710	3978.1666666666665	352.0	12155.0
720	4004.8333333333335	262.0	10348.0
730	3772.5	295.0	13134.0
740	3833.8333333333335	389.0	14050.0
750	3969.1666666666665	502.0	13868.0
760	3580.6666666666665	364.0	15389.0
770	3534.8333333333335	487.0	16346.0
780	3724.1666666666665	459.0	13662.0
790	3453.6666666666665	544.0	13527.0
800	4127.333333333333	481.0	17762.0
810	3904.1666666666665	435.0	15436.0
820	3629.0	412.0	12779.0
830	3343.1666666666665	429.0	10729.0
840	3718.8333333333335	406.0	13418.0
850	3507.0	612.0	15664.0
860	3986.0	451.0	15581.0
870	3772.0	347.0	13530.0
880	3832.1666666666665	558.0	14924.0
890	3669.0	555.0	16270.0
900	3873.8333333333335	327.0	13059.0
910	3616.8333333333335	421.0	15930.0
920	3517.0	355.0	14912.0
930	3614.5	430.0	13561.0
940	3886.5	465.0	15065.0
950	3396.5	463.0	11552.0
960	3511.8333333333335	444.0	13683.0
970	3734.3333333333335	512.0	14460.0
980	3877.8333333333335	503.0	16162.0
990	3731.1666666666665	524.0	14037.0
1000	3958.5	558.0	17153.0
