0	300.0	0.0	0.0
10	1893.1666666666667	250.0	8007.0
20	1978.5	1945.0	17497.0
30	2289.5	1597.0	12350.0
40	2386.1666666666665	1749.0	15287.0
50	2685.6666666666665	1639.0	14432.0
60	2381.6666666666665	1863.0	17584.0
70	2608.8333333333335	1577.0	15042.0
80	2957.5	1503.0	15930.0
90	2723.3333333333335	1445.0	16680.0
100	3038.1666666666665	1549.0	16071.0
110	2745.0	1277.0	14768.0
120	3156.0	1307.0	17262.0
130	3365.5	1097.0	16482.0
140	3328.6666666666665	600.0	11811.0
150	3307.8333333333335	841.0	14327.0
160	3461.0	737.0	16350.0
170	3524.6666666666665	554.0	13447.0
180	3327.3333333333335	639.0	12852.0
190	3679.6666666666665	710.0	14144.0
200	3375.0	525.0	13544.0
210	3776.0	712.0	14600.0
220	3901.3333333333335	810.0	15141.0
230	3429.6666666666665	686.0	15298.0
240	3689.8333333333335	678.0	16531.0
250	3651.8333333333335	501.0	16245.0
260	3906.0	431.0	16904.0
270	3812.8333333333335	357.0	14358.0
280	3858.0	523.0	17035.0
290	3926.5	508.0	17201.0
300	3813.5	530.0	15808.0
310	3628.6666666666665	378.0	12061.0
320	3191.1666666666665	371.0	16300.0
330	3773.5	398.0	16743.0
340	3731.8333333333335	426.0	13543.0
350	3563.0	462.0	14943.0
360	3824.1666666666665	391.0	15376.0
370	3510.1666666666665	370.0	15922.0
380	3601.6666666666665	423.0	14226.0
390	3518.0	363.0	13267.0
400	3318.6666666666665	342.0	14057.0
410	3628.8333333333335	514.0	17018.0
420	3555.1666666666665	395.0	16434.0
430	3747.1666666666665	391.0	15873.0
440	3830.8333333333335	449.0	14996.0
450	3801.6666666666665	390.0	13930.0
460	3721.0	253.0	8874.0
470	3489.1666666666665	418.0	15770.0
480	3785.1666666666665	403.0	13876.0
490	4026.3333333333335	479.0	14907.0
500	3784.0	392.0	14659.0
510	3990.3333333333335	444.0	17183.0
520	3426.5	537.0	17299.0
530	3508.0	434.0	15506.0
540	3554.0	316.0	12304.0
550	3821.6666666666665	499.0	17278.0
560	3950.6666666666665	389.0	16131.0
570	3738.0	275.0	13248.0
580	3587.3333333333335	322.0	14393.0
590	3686.6666666666665	320.0	12408.0
600	3580.5	333.0	12961.0
610	3955.8333333333335	384.0	13131.0
620	3670.0	363.0	13976.0
630	3889.1666666666665	604.0	17244.0
640	3740.1666666666665	398.0	18001.0
650	3611.8333333333335	431.0	16895.0
660	3888.0	300.0	11771.0
670	3896.0	317.0	12716.0
680	3656.1666666666665	456.0	15100.0
690	3431.0	414.0	14056.0
700	3855.6666666666665	425.0	16752.0
710	3766.1666666666665	477.0	13522.0
720	3913.3333333333335	374.0	15553.0
730	3959.1666666666665	485.0	15852.0
740	3801.8333333333335	457.0	17447.0
750	3469.0	291.0	11634.0
760	3867.0	415.0	14504.0
770	3591.6666666666665	470.0	13705.0
780	3375.5	366.0	12313.0
790	3803.6666666666665	392.0	13716.0
800	3888.5	514.0	18143.0
810	3501.1666666666665	400.0	14153.0
820	3475.3333333333335	412.0	16230.0
830	3934.1666666666665	426.0	17191.0
840	3458.5	430.0	14544.0
850	3956.6666666666665	540.0	15254.0
860	3759.3333333333335	320.0	12417.0
870	3816.3333333333335	282.0	11986.0
880	3753.3333333333335	462.0	14956.0
890	3417.0	399.0	14670.0
900	3387.0	403.0	12276.0
910	3805.6666666666665	499.0	13568.0
920	4020.1666666666665	596.0	17155.0
930	3574.1666666666665	653.0	17213.0
940	3419.3333333333335	441.0	11288.0
950	3674.5	554.0	14569.0
960	3665.5	629.0	16785.0
970	3731.1666666666665	517.0	14574.0
980	3881.3333333333335	405.0	13591.0
990	3644.3333333333335	407.0	13054.0
1000	3714.0	411.0	13439.0
