0	248.66666666666666	0.0	0.0	0.0
10	2050.6666666666665	23.0	220.0	7461.0
20	1971.6666666666667	0.0	86.0	9222.0
30	2093.0	0.0	69.0	10948.0
40	2058.3333333333335	6.0	25.0	9313.0
50	2076.1666666666665	0.0	53.0	8802.0
60	2146.6666666666665	0.0	39.0	7507.0
70	2245.1666666666665	0.0	35.0	6558.0
80	2293.5	0.0	43.0	10687.0
90	2414.3333333333335	0.0	38.0	10026.0
100	2384.6666666666665	0.0	12.0	6162.0
110	2549.5	0.0	30.0	9472.0
120	2319.8333333333335	0.0	16.0	10209.0
130	2555.3333333333335	0.0	128.0	7514.0
140	2714.3333333333335	0.0	53.0	10522.0
150	2446.6666666666665	0.0	75.0	12297.0
160	2724.8333333333335	0.0	21.0	13489.0
170	2656.6666666666665	0.0	74.0	9982.0
180	2921.1666666666665	0.0	22.0	8341.0
190	2473.1666666666665	0.0	30.0	6558.0
200	2546.6666666666665	0.0	49.0	11716.0
210	2974.5	0.0	63.0	10320.0
220	2809.3333333333335	0.0	62.0	10644.0
230	2724.1666666666665	0.0	43.0	8040.0
240	2748.8333333333335	0.0	33.0	10101.0
250	2901.8333333333335	0.0	43.0	7634.0
260	2977.3333333333335	0.0	13.0	8535.0
270	2723.0	0.0	44.0	12436.0
280	2469.1666666666665	0.0	23.0	8887.0
290	2779.3333333333335	0.0	22.0	7195.0
300	2476.1666666666665	0.0	37.0	8182.0
310	2728.3333333333335	0.0	42.0	6058.0
320	2758.8333333333335	0.0	38.0	7657.0
330	2480.1666666666665	0.0	10.0	7634.0
340	2879.0	0.0	22.0	8267.0
350	3093.8333333333335	0.0	26.0	8063.0
360	2843.1666666666665	0.0	52.0	10269.0
370	2597.1666666666665	0.0	64.0	9290.0
380	2839.0	0.0	95.0	11101.0
390	2741.1666666666665	0.0	88.0	9983.0
400	2812.1666666666665	0.0	24.0	10293.0
410	2941.8333333333335	0.0	39.0	12048.0
420	2977.6666666666665	0.0	46.0	9790.0
430	2945.0	0.0	39.0	12318.0
440	3495.8333333333335	0.0	19.0	8775.0
450	2977.5	0.0	102.0	10477.0
460	3552.0	0.0	52.0	7376.0
470	3922.0	0.0	25.0	8965.0
480	3188.1666666666665	0.0	46.0	10249.0
490	2913.8333333333335	0.0	61.0	11901.0
500	3366.0	0.0	34.0	9301.0
510	3064.0	0.0	36.0	12629.0
520	3394.1666666666665	0.0	52.0	10821.0
530	3041.0	0.0	40.0	10932.0
540	3667.0	0.0	66.0	9004.0
550	3828.8333333333335	0.0	51.0	10045.0
560	3515.6666666666665	0.0	43.0	11801.0
570	3225.0	0.0	34.0	11176.0
580	3038.0	0.0	73.0	12242.0
590	3394.6666666666665	0.0	75.0	7657.0
600	3616.3333333333335	0.0	58.0	9778.0
610	3730.1666666666665	0.0	46.0	11919.0
620	3383.1666666666665	0.0	61.0	9664.0
630	3821.8333333333335	0.0	61.0	6970.0
640	3633.5	0.0	85.0	10618.0
650	3703.0	0.0	52.0	13514.0
660	3591.8333333333335	0.0	72.0	9739.0
670	3310.6666666666665	0.0	115.0	9223.0
680	3807.5	0.0	56.0	8881.0
690	3377.8333333333335	0.0	58.0	6264.0
700	3395.0	0.0	45.0	12119.0
710	3722.6666666666665	0.0	55.0	10251.0
720	3728.5	0.0	62.0	10570.0
730	4009.3333333333335	0.0	77.0	7805.0
740	3636.5	0.0	62.0	10888.0
750	3506.8333333333335	0.0	12.0	11116.0
760	3060.8333333333335	0.0	43.0	10107.0
770	3692.5	0.0	65.0	10977.0
780	3207.0	0.0	86.0	12105.0
790	3682.8333333333335	0.0	23.0	13079.0
800	3787.8333333333335	0.0	69.0	12519.0
810	4003.8333333333335	0.0	69.0	9729.0
820	3694.6666666666665	0.0	44.0	12002.0
830	4019.8333333333335	0.0	39.0	11472.0
840	3741.1666666666665	0.0	73.0	8481.0
850	3677.0	0.0	67.0	9170.0
860	3979.3333333333335	0.0	112.0	10958.0
870	4006.8333333333335	0.0	54.0	7818.0
880	3940.8333333333335	0.0	67.0	11248.0
890	3494.3333333333335	0.0	90.0	12545.0
900	4258.333333333333	0.0	29.0	8327.0
910	4005.3333333333335	0.0	72.0	12626.0
920	3436.5	0.0	39.0	12424.0
930	3495.3333333333335	0.0	37.0	10999.0
940	4019.0	0.0	32.0	9126.0
950	3854.6666666666665	0.0	91.0	10597.0
960	3845.8333333333335	0.0	57.0	12796.0
970	4115.5	0.0	60.0	10615.0
980	3880.0	0.0	40.0	9620.0
990	3896.6666666666665	0.0	69.0	9830.0
1000	3673.8333333333335	0.0	35.0	12026.0
