0	2416.5	0.0	0.0	0.0
10	2404.1666666666665	260.0	718.0	8540.0
20	2301.8333333333335	392.0	915.0	9310.0
30	1935.1666666666667	348.0	1247.0	11105.0
40	2163.0	0.0	0.0	8639.0
50	2107.1666666666665	0.0	0.0	8497.0
60	2598.6666666666665	0.0	0.0	8274.0
70	2280.0	0.0	0.0	10706.0
80	2324.3333333333335	0.0	0.0	10338.0
90	2420.3333333333335	0.0	0.0	6144.0
100	2583.6666666666665	0.0	0.0	9114.0
110	2780.1666666666665	0.0	0.0	10311.0
120	2259.8333333333335	0.0	0.0	9038.0
130	2879.5	0.0	0.0	9267.0
140	2735.8333333333335	0.0	0.0	8767.0
150	2556.1666666666665	0.0	0.0	6230.0
160	2434.1666666666665	0.0	0.0	9315.0
170	2393.3333333333335	0.0	0.0	8980.0
180	2449.5	0.0	0.0	9897.0
190	2541.6666666666665	0.0	0.0	7215.0
200	2851.3333333333335	0.0	0.0	8039.0
210	2499.3333333333335	0.0	0.0	6104.0
220	2894.0	0.0	0.0	8926.0
230	2534.8333333333335	0.0	0.0	9022.0
240	2638.1666666666665	0.0	0.0	9236.0
250	2941.6666666666665	0.0	0.0	7321.0
260	3093.3333333333335	0.0	0.0	11575.0
270	3316.0	0.0	0.0	10256.0
280	3518.1666666666665	0.0	0.0	10346.0
290	3496.3333333333335	0.0	0.0	10338.0
300	2717.5	0.0	0.0	10265.0
310	3175.0	0.0	0.0	7046.0
320	3687.1666666666665	0.0	0.0	8956.0
330	3453.3333333333335	0.0	0.0	10454.0
340	3140.5	0.0	0.0	11189.0
350	3264.1666666666665	0.0	0.0	10269.0
360	3708.0	0.0	0.0	10424.0
370	3807.6666666666665	0.0	0.0	8889.0
380	3444.0	0.0	0.0	10636.0
390	3708.6666666666665	0.0	0.0	9499.0
400	3217.6666666666665	0.0	0.0	7900.0
410	3381.3333333333335	0.0	0.0	8698.0
420	3409.1666666666665	0.0	0.0	8220.0
430	3688.5	0.0	0.0	12402.0
440	3150.5	0.0	0.0	9980.0
450	3042.1666666666665	0.0	0.0	12061.0
460	3736.5	0.0	0.0	10507.0
470	3678.5	0.0	0.0	8878.0
480	3349.5	0.0	0.0	10296.0
490	3575.6666666666665	0.0	0.0	8970.0
500	3268.3333333333335	0.0	0.0	9746.0
510	3645.6666666666665	0.0	0.0	10441.0
520	3582.6666666666665	0.0	0.0	10611.0
530	3808.8333333333335	0.0	0.0	11854.0
540	3592.5	0.0	0.0	12352.0
550	3492.5	0.0	0.0	10742.0
560	3343.1666666666665	0.0	0.0	10631.0
570	3242.0	0.0	0.0	11404.0
580	3826.5	0.0	0.0	10834.0
590	3796.8333333333335	0.0	0.0	10733.0
600	3845.1666666666665	0.0	0.0	8405.0
610	4023.5	0.0	0.0	10897.0
620	3821.0	0.0	0.0	13762.0
630	3735.0	0.0	0.0	8609.0
640	3579.0	0.0	0.0	6374.0
650	3589.1666666666665	0.0	0.0	12609.0
660	3934.6666666666665	0.0	0.0	9419.0
670	3825.3333333333335	0.0	0.0	8979.0
680	3638.1666666666665	0.0	0.0	7727.0
690	3865.1666666666665	0.0	0.0	11519.0
700	3814.1666666666665	0.0	0.0	9203.0
710	4013.8333333333335	0.0	0.0	8619.0
720	3834.6666666666665	0.0	0.0	8802.0
730	3688.0	0.0	0.0	13157.0
740	3588.3333333333335	0.0	0.0	11035.0
750	4187.5	0.0	0.0	9844.0
760	3637.0	0.0	0.0	10782.0
770	3702.1666666666665	0.0	0.0	11526.0
780	4044.6666666666665	0.0	0.0	9808.0
790	3587.5	0.0	0.0	11585.0
800	3712.8333333333335	0.0	0.0	11040.0
