0	280.0	0.0	0.0	0.0
10	2127.75	27.0	2475.0	9316.0
20	2087.5	233.0	5467.0	8828.0
30	2124.25	68.0	3820.0	5376.0
40	2166.5	181.0	8281.0	13037.0
50	2030.75	155.0	6868.0	10729.0
60	2304.75	47.0	4801.0	7170.0
70	2034.75	118.0	6810.0	9781.0
80	2491.25	170.0	7922.0	11982.0
90	2242.0	1.0	174.0	6694.0
100	2537.25	0.0	0.0	9366.0
110	3155.5	0.0	0.0	8627.0
120	3065.25	0.0	0.0	9496.0
130	2430.25	0.0	0.0	9007.0
140	2430.0	0.0	0.0	10903.0
150	3088.5	0.0	0.0	11209.0
160	2884.5	0.0	0.0	5264.0
170	2975.5	0.0	0.0	7815.0
180	2700.0	0.0	0.0	11325.0
190	2826.0	0.0	0.0	9769.0
200	2964.5	0.0	0.0	8208.0
210	2577.0	0.0	0.0	9348.0
220	3040.0	0.0	0.0	7964.0
230	2813.5	0.0	0.0	10777.0
240	2632.75	0.0	0.0	11490.0
250	3001.0	0.0	0.0	10041.0
260	2733.75	0.0	0.0	11644.0
270	2914.25	0.0	0.0	11733.0
280	2965.75	0.0	0.0	9096.0
290	3029.5	0.0	0.0	7034.0
300	3258.5	0.0	0.0	11693.0
310	3803.25	0.0	0.0	11222.0
320	3501.0	0.0	0.0	10851.0
330	3048.75	0.0	0.0	10915.0
340	3143.75	0.0	0.0	9184.0
350	3407.25	0.0	0.0	7547.0
360	3275.5	0.0	0.0	11279.0
370	3525.5	0.0	0.0	8590.0
380	3582.5	0.0	0.0	10853.0
390	3328.25	0.0	0.0	10087.0
400	3226.75	0.0	0.0	11535.0
410	3517.0	0.0	0.0	7336.0
420	3947.5	0.0	0.0	10304.0
430	3501.5	0.0	0.0	11832.0
440	4105.75	0.0	0.0	11231.0
450	2927.75	0.0	0.0	11925.0
460	3200.5	0.0	0.0	10872.0
470	4026.0	0.0	0.0	9134.0
480	3164.25	0.0	0.0	7492.0
490	3669.5	0.0	0.0	10490.0
500	4224.0	0.0	0.0	10929.0
510	3057.25	0.0	0.0	8224.0
520	3471.0	0.0	0.0	11492.0
530	3808.5	0.0	0.0	9826.0
540	3841.0	0.0	0.0	11534.0
550	2278.5	0.0	0.0	10786.0
560	4183.25	0.0	0.0	9281.0
570	3251.5	0.0	0.0	11457.0
580	3262.75	0.0	0.0	8519.0
590	3876.0	0.0	0.0	10339.0
600	3778.75	0.0	0.0	11706.0
610	3477.25	0.0	0.0	10735.0
620	3962.0	0.0	0.0	11721.0
630	4147.0	0.0	0.0	10966.0
640	3962.25	0.0	0.0	9347.0
650	3830.5	0.0	0.0	10944.0
660	3864.5	0.0	0.0	9992.0
670	4095.75	0.0	0.0	10109.0
680	3918.75	0.0	0.0	10161.0
690	3662.25	0.0	0.0	12581.0
700	3524.0	0.0	0.0	12721.0
710	3684.0	0.0	0.0	9800.0
720	3616.5	0.0	0.0	9874.0
730	3841.75	0.0	0.0	10489.0
740	4201.75	0.0	0.0	10159.0
750	3856.0	0.0	0.0	11135.0
760	3651.5	0.0	0.0	10632.0
770	3901.5	0.0	0.0	11828.0
780	3633.75	0.0	0.0	10045.0
790	3821.5	0.0	0.0	8670.0
800	3731.25	0.0	0.0	12713.0
810	4050.0	0.0	0.0	11017.0
820	3905.0	0.0	0.0	12468.0
830	3931.5	0.0	0.0	11156.0
840	4000.0	0.0	0.0	11408.0
850	3777.75	0.0	0.0	7807.0
860	3591.75	0.0	0.0	8599.0
870	3554.75	0.0	0.0	8737.0
880	4043.5	0.0	0.0	10041.0
890	3755.25	0.0	0.0	11051.0
900	4015.75	0.0	0.0	9323.0
910	3778.5	0.0	0.0	10275.0
920	3555.75	0.0	0.0	11004.0
930	3795.75	0.0	0.0	11408.0
940	3474.5	0.0	0.0	10870.0
950	3594.75	0.0	0.0	7138.0
960	3786.75	0.0	0.0	11242.0
970	4260.5	0.0	0.0	9744.0
980	3509.0	0.0	0.0	7741.0
990	4352.5	0.0	0.0	8574.0
1000	3975.5	0.0	0.0	11364.0
