0	277.5	0.0	0.0	0.0
10	2134.0	15.0	2980.0	12446.0
20	1845.75	161.0	6897.0	11550.0
30	2109.25	227.0	6862.0	10670.0
40	2451.5	252.0	8326.0	12298.0
50	2308.0	158.0	6407.0	8600.0
60	2560.5	118.0	7423.0	10652.0
70	2189.25	69.0	4138.0	10293.0
80	2636.75	0.0	0.0	6514.0
90	2311.25	0.0	0.0	9680.0
100	2979.0	0.0	0.0	9021.0
110	2825.5	0.0	0.0	10928.0
120	2603.5	0.0	0.0	9872.0
130	2899.5	0.0	0.0	7239.0
140	3133.0	0.0	0.0	11174.0
150	2889.25	0.0	0.0	8975.0
160	2779.25	0.0	0.0	9044.0
170	2852.75	0.0	0.0	7711.0
180	3399.25	0.0	0.0	6364.0
190	2662.25	0.0	0.0	7953.0
200	3086.5	0.0	0.0	11733.0
210	3194.25	0.0	0.0	8598.0
220	2485.0	0.0	0.0	9598.0
230	3168.25	0.0	0.0	10927.0
240	3710.25	0.0	0.0	9807.0
250	2695.0	0.0	0.0	12511.0
260	3493.5	0.0	0.0	10999.0
270	3568.5	0.0	0.0	10377.0
280	3633.5	0.0	0.0	10231.0
290	3699.5	0.0	0.0	11027.0
300	3549.75	0.0	0.0	15812.0
310	3636.75	0.0	0.0	9854.0
320	3477.25	0.0	0.0	9690.0
330	3454.0	0.0	0.0	8675.0
340	4134.5	0.0	0.0	9560.0
350	3418.5	0.0	0.0	7920.0
360	3949.0	0.0	0.0	9617.0
370	3633.5	0.0	0.0	11177.0
380	3468.25	0.0	0.0	13447.0
390	3780.0	0.0	0.0	8118.0
400	3467.75	0.0	0.0	13062.0
410	3499.25	0.0	0.0	11212.0
420	3577.0	0.0	0.0	8075.0
430	3987.25	0.0	0.0	11716.0
440	3408.5	0.0	0.0	10362.0
450	3127.25	0.0	0.0	11274.0
460	3726.75	0.0	0.0	7803.0
470	3426.75	0.0	0.0	10329.0
480	3400.0	0.0	0.0	10809.0
490	3915.75	0.0	0.0	11310.0
500	3530.75	0.0	0.0	10958.0
510	3506.75	0.0	0.0	9875.0
520	3413.5	0.0	0.0	8597.0
530	3880.75	0.0	0.0	10981.0
540	4014.25	0.0	0.0	9320.0
550	3729.25	0.0	0.0	13467.0
560	3504.0	0.0	0.0	11606.0
570	3852.5	0.0	0.0	9577.0
580	3950.25	0.0	0.0	9821.0
590	3827.0	0.0	0.0	12214.0
600	3491.5	0.0	0.0	10636.0
610	3859.25	0.0	0.0	8846.0
620	3928.0	0.0	0.0	9486.0
630	4068.25	0.0	0.0	12877.0
640	3688.25	0.0	0.0	13624.0
650	3818.75	0.0	0.0	9552.0
660	3664.0	0.0	0.0	9842.0
670	3993.75	0.0	0.0	10484.0
680	3712.75	0.0	0.0	10854.0
690	3950.5	0.0	0.0	11660.0
700	3843.0	0.0	0.0	10665.0
710	3917.25	0.0	0.0	7840.0
720	3970.75	0.0	0.0	9498.0
730	3931.0	0.0	0.0	10633.0
740	3420.5	0.0	0.0	11402.0
750	3894.5	0.0	0.0	14185.0
760	3353.75	0.0	0.0	10710.0
770	3121.25	0.0	0.0	8553.0
780	3563.25	0.0	0.0	10327.0
790	3741.75	0.0	0.0	11878.0
800	3803.0	0.0	0.0	8615.0
810	3474.5	0.0	0.0	11034.0
820	3675.0	0.0	0.0	7801.0
830	3745.25	0.0	0.0	10991.0
840	3960.0	0.0	0.0	13248.0
850	3629.25	0.0	0.0	11091.0
860	3574.75	0.0	0.0	8651.0
870	3746.75	0.0	0.0	10071.0
880	3777.0	0.0	0.0	12395.0
890	3729.75	0.0	0.0	11255.0
900	3723.5	0.0	0.0	10391.0
910	4007.75	0.0	0.0	9701.0
920	3529.0	0.0	0.0	11209.0
930	3934.75	0.0	0.0	11238.0
940	3668.5	0.0	0.0	10208.0
950	3647.5	0.0	0.0	10461.0
960	3729.75	0.0	0.0	11588.0
970	4101.75	0.0	0.0	10763.0
980	4309.75	0.0	0.0	10073.0
990	3496.75	0.0	0.0	10068.0
1000	3685.0	0.0	0.0	10259.0
