0	228.0	0.0	0.0	0.0
10	2028.25	60.0	2353.0	10469.0
20	2272.25	35.0	4082.0	6830.0
30	1970.0	286.0	9371.0	13693.0
40	1844.0	74.0	4384.0	6686.0
50	2366.75	207.0	8002.0	11915.0
60	2256.5	107.0	7483.0	12602.0
70	2642.0	52.0	6910.0	10798.0
80	2809.25	48.0	5108.0	7870.0
90	2247.25	131.0	7093.0	15873.0
100	2526.25	0.0	0.0	8520.0
110	2247.5	0.0	0.0	7155.0
120	2481.0	0.0	0.0	13711.0
130	2762.75	0.0	0.0	9085.0
140	2296.25	0.0	0.0	8451.0
150	3000.5	0.0	0.0	9751.0
160	3051.25	0.0	0.0	8886.0
170	2655.25	0.0	0.0	7931.0
180	2905.25	0.0	0.0	11148.0
190	2887.25	0.0	0.0	6844.0
200	2847.25	0.0	0.0	10587.0
210	3037.0	0.0	0.0	8616.0
220	2531.5	0.0	0.0	12943.0
230	3050.5	0.0	0.0	11721.0
240	2856.75	0.0	0.0	10904.0
250	3763.5	0.0	0.0	9572.0
260	3001.0	0.0	0.0	11155.0
270	3180.5	0.0	0.0	10004.0
280	3556.0	0.0	0.0	10901.0
290	4192.0	0.0	0.0	7284.0
300	4199.25	0.0	0.0	11948.0
310	3711.75	0.0	0.0	11373.0
320	3818.0	0.0	0.0	12452.0
330	3528.25	0.0	0.0	11248.0
340	3488.5	0.0	0.0	10824.0
350	3854.5	0.0	0.0	12677.0
360	3771.0	0.0	0.0	7309.0
370	3418.75	0.0	0.0	10457.0
380	3219.75	0.0	0.0	11019.0
390	3339.25	0.0	0.0	9921.0
400	3447.25	0.0	0.0	8271.0
410	3622.75	0.0	0.0	9885.0
420	3329.5	0.0	0.0	14447.0
430	3461.25	0.0	0.0	9641.0
440	3222.0	0.0	0.0	9226.0
450	3471.5	0.0	0.0	12031.0
460	3363.25	0.0	0.0	10232.0
470	3625.5	0.0	0.0	10421.0
480	4123.0	0.0	0.0	6916.0
490	3607.75	0.0	0.0	12118.0
500	3700.0	0.0	0.0	10577.0
510	3449.5	0.0	0.0	7567.0
520	3514.0	0.0	0.0	9795.0
530	4166.0	0.0	0.0	9158.0
540	3890.75	0.0	0.0	9015.0
550	3843.5	0.0	0.0	8893.0
560	3923.25	0.0	0.0	8842.0
570	3655.25	0.0	0.0	11433.0
580	4207.0	0.0	0.0	11889.0
590	3581.0	0.0	0.0	10056.0
600	4099.5	0.0	0.0	10655.0
610	3922.75	0.0	0.0	7871.0
620	3514.75	0.0	0.0	10396.0
630	3805.25	0.0	0.0	11300.0
640	3423.0	0.0	0.0	7771.0
650	3544.5	0.0	0.0	12019.0
660	4158.25	0.0	0.0	12719.0
670	3710.5	0.0	0.0	13106.0
680	3976.0	0.0	0.0	12024.0
690	3720.0	0.0	0.0	9206.0
700	3732.75	0.0	0.0	14122.0
710	3765.5	0.0	0.0	10921.0
720	3824.75	0.0	0.0	10277.0
730	3817.5	0.0	0.0	9410.0
740	3388.5	0.0	0.0	9326.0
750	3428.75	0.0	0.0	10472.0
760	3880.0	0.0	0.0	10853.0
770	3312.5	0.0	0.0	12672.0
780	3797.75	0.0	0.0	12774.0
790	3081.25	0.0	0.0	8237.0
800	3705.5	0.0	0.0	9076.0
810	2744.75	0.0	0.0	12607.0
820	3971.0	0.0	0.0	9948.0
830	3671.75	0.0	0.0	11346.0
840	3352.25	0.0	0.0	8673.0
850	4048.25	0.0	0.0	10413.0
860	3830.5	0.0	0.0	10334.0
870	3740.5	0.0	0.0	8603.0
880	3783.0	0.0	0.0	13228.0
890	3507.25	0.0	0.0	8949.0
900	3750.0	0.0	0.0	9509.0
910	3619.75	0.0	0.0	10547.0
920	3941.5	0.0	0.0	9973.0
930	3726.75	0.0	0.0	11208.0
940	3810.75	0.0	0.0	8837.0
950	3516.25	0.0	0.0	12441.0
960	3806.75	0.0	0.0	10665.0
970	3655.25	0.0	0.0	11747.0
980	3763.75	0.0	0.0	7953.0
990	4019.5	0.0	0.0	8364.0
1000	4125.0	0.0	0.0	9925.0
