0	304.0	0.0	0.0	0.0
10	1923.0	33.0	2459.0	9431.0
20	1829.0	75.0	4763.0	8201.0
30	2137.75	206.0	7455.0	11264.0
40	2037.5	103.0	5253.0	8263.0
50	2455.0	147.0	7746.0	11665.0
60	2383.75	160.0	8493.0	12531.0
70	2296.5	100.0	8185.0	13271.0
80	3053.25	105.0	6249.0	9748.0
90	2270.0	71.0	3220.0	11895.0
100	2823.0	0.0	0.0	6840.0
110	2440.25	0.0	0.0	12235.0
120	2760.75	0.0	0.0	8588.0
130	2244.5	0.0	0.0	9826.0
140	2290.75	0.0	0.0	13588.0
150	3037.0	0.0	0.0	6660.0
160	3003.75	0.0	0.0	10384.0
170	3078.0	0.0	0.0	10978.0
180	2342.0	0.0	0.0	9200.0
190	2903.5	0.0	0.0	9526.0
200	3571.0	0.0	0.0	11312.0
210	3582.0	0.0	0.0	10936.0
220	3060.25	0.0	0.0	10572.0
230	2516.75	0.0	0.0	11976.0
240	2993.0	0.0	0.0	11425.0
250	3068.5	0.0	0.0	6787.0
260	3562.25	0.0	0.0	8356.0
270	3467.75	0.0	0.0	10069.0
280	2489.5	0.0	0.0	11688.0
290	3026.0	0.0	0.0	8985.0
300	2863.0	0.0	0.0	7658.0
310	2590.0	0.0	0.0	10566.0
320	3355.25	0.0	0.0	11995.0
330	3160.25	0.0	0.0	10114.0
340	2833.75	0.0	0.0	12900.0
350	3222.25	0.0	0.0	11713.0
360	3461.75	0.0	0.0	10452.0
370	3519.5	0.0	0.0	8699.0
380	3071.0	0.0	0.0	12595.0
390	3516.5	0.0	0.0	8134.0
400	3288.25	0.0	0.0	9417.0
410	2861.25	0.0	0.0	11667.0
420	3359.75	0.0	0.0	9469.0
430	3456.5	0.0	0.0	10309.0
440	3660.25	0.0	0.0	5667.0
450	3225.5	0.0	0.0	12796.0
460	3423.75	0.0	0.0	9422.0
470	3919.0	0.0	0.0	10978.0
480	4058.25	0.0	0.0	9601.0
490	3156.25	0.0	0.0	12816.0
500	3353.25	0.0	0.0	10675.0
510	3683.0	0.0	0.0	12791.0
520	3587.25	0.0	0.0	8538.0
530	3899.0	0.0	0.0	8946.0
540	3227.75	0.0	0.0	12610.0
550	3971.0	0.0	0.0	11287.0
560	3979.75	0.0	0.0	9168.0
570	4101.25	0.0	0.0	9193.0
580	3744.75	0.0	0.0	10676.0
590	4035.0	0.0	0.0	13741.0
600	3738.0	0.0	0.0	10924.0
610	3784.0	0.0	0.0	12114.0
620	3891.75	0.0	0.0	9152.0
630	3963.5	0.0	0.0	12510.0
640	4153.25	0.0	0.0	13125.0
650	3794.5	0.0	0.0	9031.0
660	4001.75	0.0	0.0	9257.0
670	3991.0	0.0	0.0	9552.0
680	3798.25	0.0	0.0	12050.0
690	3745.25	0.0	0.0	11124.0
700	4228.5	0.0	0.0	7575.0
710	3755.75	0.0	0.0	8218.0
720	3838.75	0.0	0.0	10053.0
730	3657.75	0.0	0.0	12783.0
740	3858.0	0.0	0.0	8888.0
750	3743.0	0.0	0.0	12868.0
760	3567.0	0.0	0.0	9625.0
770	3753.0	0.0	0.0	7798.0
780	3562.75	0.0	0.0	9475.0
790	3353.0	0.0	0.0	10368.0
800	3891.5	0.0	0.0	10838.0
810	3948.75	0.0	0.0	11124.0
820	3709.25	0.0	0.0	9428.0
830	3930.0	0.0	0.0	9304.0
840	3733.25	0.0	0.0	12485.0
850	3819.25	0.0	0.0	7634.0
860	3765.25	0.0	0.0	8815.0
870	3587.75	0.0	0.0	9743.0
880	3460.75	0.0	0.0	9862.0
890	3898.25	0.0	0.0	10421.0
900	3719.0	0.0	0.0	9094.0
910	3209.25	0.0	0.0	11978.0
920	3847.0	0.0	0.0	11653.0
930	4088.25	0.0	0.0	10050.0
940	3645.0	0.0	0.0	7861.0
950	3982.25	0.0	0.0	10866.0
960	3790.5	0.0	0.0	10768.0
970	3600.25	0.0	0.0	13192.0
980	3767.0	0.0	0.0	9416.0
990	3920.5	0.0	0.0	10042.0
1000	3573.5	0.0	0.0	8128.0
