0	249.5	0.0	0.0	0.0
10	2064.75	26.0	2738.0	10146.0
20	2140.5	144.0	5143.0	8159.0
30	2235.0	134.0	7833.0	12501.0
40	2466.5	197.0	8247.0	12461.0
50	2148.75	157.0	8411.0	14286.0
60	2059.5	178.0	6335.0	9326.0
70	2162.75	74.0	5923.0	9096.0
80	2555.25	90.0	5229.0	9642.0
90	2539.0	0.0	0.0	11183.0
100	2460.5	0.0	0.0	8448.0
110	2537.0	0.0	0.0	7760.0
120	2383.0	0.0	0.0	7595.0
130	2779.75	0.0	0.0	7906.0
140	2740.0	0.0	0.0	12597.0
150	2860.0	0.0	0.0	7621.0
160	3013.25	0.0	0.0	8726.0
170	2793.5	0.0	0.0	9163.0
180	2449.25	0.0	0.0	9101.0
190	2982.5	0.0	0.0	8469.0
200	2691.75	0.0	0.0	7661.0
210	2951.0	0.0	0.0	11080.0
220	2797.25	0.0	0.0	12386.0
230	3301.0	0.0	0.0	8839.0
240	2544.0	0.0	0.0	6828.0
250	2863.25	0.0	0.0	11657.0
260	3290.75	0.0	0.0	10480.0
270	3114.25	0.0	0.0	4236.0
280	3144.75	0.0	0.0	8396.0
290	3300.75	0.0	0.0	9784.0
300	3219.5	0.0	0.0	9776.0
310	2963.75	0.0	0.0	9547.0
320	3535.5	0.0	0.0	8030.0
330	3655.75	0.0	0.0	11729.0
340	3420.75	0.0	0.0	10382.0
350	3481.5	0.0	0.0	11761.0
360	3216.75	0.0	0.0	10122.0
370	3690.0	0.0	0.0	8479.0
380	3507.75	0.0	0.0	11631.0
390	2684.25	0.0	0.0	11169.0
400	3807.0	0.0	0.0	10338.0
410	3778.5	0.0	0.0	13653.0
420	3690.0	0.0	0.0	8617.0
430	4066.0	0.0	0.0	9129.0
440	3318.75	0.0	0.0	6689.0
450	3090.75	0.0	0.0	10380.0
460	2855.75	0.0	0.0	11564.0
470	3128.0	0.0	0.0	8785.0
480	3674.75	0.0	0.0	8270.0
490	3327.25	0.0	0.0	9879.0
500	3191.0	0.0	0.0	12272.0
510	2733.25	0.0	0.0	8559.0
520	3556.25	0.0	0.0	11054.0
530	3559.25	0.0	0.0	10631.0
540	3697.25	0.0	0.0	8260.0
550	3342.5	0.0	0.0	7758.0
560	3912.25	0.0	0.0	10967.0
570	3966.5	0.0	0.0	12953.0
580	3543.75	0.0	0.0	11766.0
590	3951.0	0.0	0.0	8966.0
600	3479.75	0.0	0.0	10456.0
610	3497.25	0.0	0.0	7733.0
620	4013.0	0.0	0.0	9106.0
630	2724.0	0.0	0.0	12379.0
640	3614.25	0.0	0.0	10124.0
650	3167.5	0.0	0.0	9963.0
660	3861.25	0.0	0.0	8967.0
670	3708.0	0.0	0.0	10285.0
680	3670.25	0.0	0.0	10858.0
690	3568.25	0.0	0.0	7048.0
700	3589.0	0.0	0.0	13593.0
710	3845.5	0.0	0.0	8948.0
720	3017.5	0.0	0.0	12671.0
730	3758.0	0.0	0.0	11091.0
740	4106.0	0.0	0.0	10027.0
750	3371.75	0.0	0.0	9480.0
760	3607.5	0.0	0.0	13697.0
770	3907.25	0.0	0.0	8768.0
780	3983.5	0.0	0.0	10606.0
790	3851.5	0.0	0.0	10758.0
800	3435.5	0.0	0.0	12025.0
810	3545.25	0.0	0.0	11711.0
820	3578.75	0.0	0.0	12642.0
830	3910.25	0.0	0.0	11520.0
840	3739.5	0.0	0.0	10810.0
850	3726.25	0.0	0.0	7770.0
860	4161.0	0.0	0.0	12283.0
870	3931.75	0.0	0.0	6730.0
880	3612.25	0.0	0.0	9146.0
890	3408.75	0.0	0.0	13361.0
900	4111.75	0.0	0.0	11338.0
910	3905.5	0.0	0.0	9567.0
920	3921.0	0.0	0.0	9411.0
930	3844.75	0.0	0.0	13278.0
940	4028.25	0.0	0.0	10203.0
950	3789.5	0.0	0.0	9423.0
960	3857.75	0.0	0.0	12075.0
970	3777.25	0.0	0.0	11263.0
980	3555.25	0.0	0.0	10108.0
990	3798.75	0.0	0.0	8242.0
1000	4102.5	0.0	0.0	12641.0
