0	322.0	0.0	0.0	0.0
10	2109.25	0.0	835.0	6340.0
20	1869.75	47.0	4161.0	7440.0
30	2071.0	51.0	4956.0	8774.0
40	2229.5	222.0	8078.0	12066.0
50	2171.5	125.0	6198.0	9965.0
60	2084.5	214.0	8068.0	11525.0
70	1929.0	36.0	3986.0	5714.0
80	2432.0	209.0	7614.0	12323.0
90	2118.75	45.0	4398.0	6678.0
100	2639.5	51.0	4803.0	8672.0
110	2129.0	0.0	0.0	8668.0
120	2444.25	0.0	0.0	12425.0
130	2575.0	0.0	0.0	9928.0
140	2453.75	0.0	0.0	8292.0
150	2893.5	0.0	0.0	9777.0
160	2626.75	0.0	0.0	10254.0
170	2524.5	0.0	0.0	8215.0
180	3093.0	0.0	0.0	8272.0
190	3086.5	0.0	0.0	6517.0
200	2923.5	0.0	0.0	9209.0
210	3189.0	0.0	0.0	5551.0
220	2952.75	0.0	0.0	11086.0
230	2743.0	0.0	0.0	12872.0
240	2492.25	0.0	0.0	9048.0
250	2294.0	0.0	0.0	8440.0
260	2775.0	0.0	0.0	9012.0
270	3369.0	0.0	0.0	6807.0
280	3585.5	0.0	0.0	11527.0
290	3296.25	0.0	0.0	7858.0
300	3200.75	0.0	0.0	13991.0
310	2349.25	0.0	0.0	7590.0
320	3301.75	0.0	0.0	9084.0
330	3372.25	0.0	0.0	13303.0
340	3367.0	0.0	0.0	9392.0
350	3448.75	0.0	0.0	13464.0
360	3439.0	0.0	0.0	10472.0
370	3041.5	0.0	0.0	11518.0
380	3550.0	0.0	0.0	8085.0
390	3598.25	0.0	0.0	9114.0
400	3781.0	0.0	0.0	8058.0
410	3848.75	0.0	0.0	11708.0
420	2885.5	0.0	0.0	9376.0
430	3257.25	0.0	0.0	11971.0
440	4323.0	0.0	0.0	11274.0
450	3099.25	0.0	0.0	10253.0
460	3330.75	0.0	0.0	10438.0
470	2980.0	0.0	0.0	8117.0
480	3775.25	0.0	0.0	12133.0
490	3548.75	0.0	0.0	11779.0
500	3924.5	0.0	0.0	9155.0
510	3488.0	0.0	0.0	9475.0
520	3308.75	0.0	0.0	10459.0
530	3563.5	0.0	0.0	10063.0
540	3606.0	0.0	0.0	11831.0
550	3798.25	0.0	0.0	6876.0
560	3342.25	0.0	0.0	10864.0
570	3660.0	0.0	0.0	9547.0
580	3679.75	0.0	0.0	13725.0
590	3877.0	0.0	0.0	6559.0
600	3909.25	0.0	0.0	10672.0
610	3266.5	0.0	0.0	11590.0
620	3614.5	0.0	0.0	8820.0
630	3569.5	0.0	0.0	10970.0
640	3843.0	0.0	0.0	8356.0
650	3428.25	0.0	0.0	12809.0
660	3469.5	0.0	0.0	10046.0
670	3800.0	0.0	0.0	10051.0
680	3400.0	0.0	0.0	8512.0
690	3503.25	0.0	0.0	10036.0
700	3608.0	0.0	0.0	12250.0
710	3222.5	0.0	0.0	9392.0
720	3819.0	0.0	0.0	10494.0
730	3718.75	0.0	0.0	10239.0
740	3962.25	0.0	0.0	9548.0
750	3930.75	0.0	0.0	11735.0
760	4018.75	0.0	0.0	11131.0
770	3776.5	0.0	0.0	8304.0
780	3184.75	0.0	0.0	9862.0
790	3116.0	0.0	0.0	9754.0
800	3479.75	0.0	0.0	10677.0
810	3823.75	0.0	0.0	7434.0
820	3988.0	0.0	0.0	8254.0
830	4116.75	0.0	0.0	13269.0
840	3997.5	0.0	0.0	13634.0
850	3631.75	0.0	0.0	10849.0
860	3483.0	0.0	0.0	9764.0
870	3888.25	0.0	0.0	9536.0
880	4160.0	0.0	0.0	11279.0
890	3561.25	0.0	0.0	11207.0
900	3934.25	0.0	0.0	11222.0
910	3793.5	0.0	0.0	13093.0
920	3805.75	0.0	0.0	7131.0
930	3871.5	0.0	0.0	9823.0
940	3452.5	0.0	0.0	8325.0
950	3827.5	0.0	0.0	10677.0
960	3815.75	0.0	0.0	8953.0
970	3686.0	0.0	0.0	10397.0
980	3837.75	0.0	0.0	9314.0
990	3875.5	0.0	0.0	10396.0
1000	3626.25	0.0	0.0	9079.0
