0	2782.8333333333335	0.0	0.0	0.0
10	2655.8333333333335	295.0	1390.0	7896.0
20	2526.1666666666665	632.0	2421.0	10811.0
30	2820.1666666666665	73.0	278.0	7736.0
40	2842.5	0.0	0.0	8498.0
50	3150.3333333333335	0.0	0.0	7219.0
60	3377.8333333333335	0.0	0.0	11334.0
70	3373.3333333333335	0.0	0.0	7475.0
80	3444.5	0.0	0.0	11242.0
90	3099.5	0.0	0.0	8974.0
100	2918.6666666666665	0.0	0.0	9324.0
110	3527.1666666666665	0.0	0.0	11177.0
120	3383.8333333333335	0.0	0.0	10368.0
130	3247.8333333333335	0.0	0.0	13589.0
140	3435.8333333333335	0.0	0.0	7616.0
150	3547.3333333333335	0.0	0.0	11528.0
160	3107.6666666666665	0.0	0.0	10876.0
170	3920.0	0.0	0.0	9594.0
180	3836.0	0.0	0.0	13058.0
190	3401.5	0.0	0.0	11845.0
200	3549.6666666666665	0.0	0.0	12084.0
210	3493.6666666666665	0.0	0.0	9250.0
220	3022.3333333333335	0.0	0.0	12034.0
230	3643.0	0.0	0.0	13572.0
240	3706.8333333333335	0.0	0.0	10889.0
250	3810.1666666666665	0.0	0.0	15416.0
260	3823.0	0.0	0.0	8358.0
270	3811.5	0.0	0.0	8049.0
280	3722.0	0.0	0.0	11192.0
290	3638.3333333333335	0.0	0.0	10747.0
300	3137.3333333333335	0.0	0.0	10069.0
310	3707.3333333333335	0.0	0.0	12488.0
320	3608.5	0.0	0.0	11461.0
330	3754.3333333333335	0.0	0.0	11596.0
340	3711.3333333333335	0.0	0.0	12303.0
350	3711.6666666666665	0.0	0.0	8360.0
360	3284.1666666666665	0.0	0.0	11557.0
370	3704.0	0.0	0.0	13491.0
380	3716.1666666666665	0.0	0.0	9398.0
390	3632.6666666666665	0.0	0.0	15864.0
400	3593.1666666666665	0.0	0.0	10657.0
410	3754.3333333333335	0.0	0.0	12387.0
420	3973.5	0.0	0.0	10124.0
430	3697.6666666666665	0.0	0.0	9660.0
440	3730.5	0.0	0.0	12589.0
450	3608.8333333333335	0.0	0.0	11182.0
460	3621.6666666666665	0.0	0.0	7727.0
470	3864.1666666666665	0.0	0.0	12656.0
480	3787.5	0.0	0.0	10327.0
490	3556.6666666666665	0.0	0.0	9493.0
500	3459.8333333333335	0.0	0.0	9525.0
510	3642.5	0.0	0.0	9765.0
520	3660.3333333333335	0.0	0.0	9875.0
530	3787.0	0.0	0.0	10988.0
540	3670.5	0.0	0.0	11869.0
550	3954.5	0.0	0.0	11633.0
560	3764.3333333333335	0.0	0.0	9578.0
570	3550.6666666666665	0.0	0.0	9849.0
580	3835.0	0.0	0.0	9343.0
590	3727.8333333333335	0.0	0.0	10582.0
600	3718.1666666666665	0.0	0.0	9938.0
