0	2660.0	0.0	0.0	0.0
10	2118.0	308.0	4055.0	6555.0
20	2283.25	268.0	3793.0	5860.0
30	2453.25	573.0	7017.0	11852.0
40	2946.0	1314.0	7505.0	12327.0
50	2856.75	877.0	6593.0	10750.0
60	2896.75	894.0	8492.0	13677.0
70	2772.0	646.0	6492.0	9928.0
80	2858.25	723.0	6152.0	11200.0
90	2786.25	724.0	6058.0	10127.0
100	2539.75	541.0	6499.0	10494.0
110	2899.5	1183.0	7442.0	11721.0
120	3327.0	819.0	6669.0	11408.0
130	3501.5	1178.0	8328.0	12963.0
140	2951.25	785.0	4836.0	7247.0
150	3062.0	793.0	6993.0	10308.0
160	2763.5	830.0	6221.0	9200.0
170	3138.75	1050.0	7521.0	11104.0
180	3110.0	721.0	6411.0	10090.0
190	2695.25	1265.0	8638.0	13179.0
200	3640.0	955.0	6362.0	9216.0
210	3243.25	1042.0	7587.0	10885.0
220	3412.75	854.0	7232.0	10415.0
230	3526.0	547.0	5308.0	7633.0
240	3671.25	1287.0	9668.0	14856.0
250	3346.0	723.0	6283.0	9722.0
260	2735.5	1384.0	9230.0	12583.0
270	2762.75	901.0	7306.0	10190.0
280	3021.0	1364.0	8381.0	11595.0
290	3136.25	1322.0	8643.0	11474.0
300	3744.0	921.0	4619.0	6629.0
310	3375.75	1289.0	8589.0	12336.0
320	3438.25	1054.0	7245.0	10023.0
330	2903.5	1198.0	8490.0	12782.0
340	3439.75	1534.0	9314.0	14190.0
350	3797.0	1573.0	9191.0	12677.0
360	3909.75	1167.0	8869.0	12340.0
370	4195.25	1728.0	10260.0	13868.0
380	4003.75	1738.0	10265.0	13969.0
390	4012.5	1227.0	8981.0	12341.0
400	3703.25	1115.0	9572.0	12898.0
410	3831.0	908.0	8371.0	12481.0
420	4131.0	1254.0	9137.0	12633.0
430	3988.0	1234.0	6757.0	9471.0
440	4001.25	1356.0	7181.0	9740.0
450	3736.25	1283.0	8248.0	11825.0
460	3407.0	1207.0	7331.0	10574.0
470	3794.75	1562.0	6684.0	10031.0
480	4084.25	921.0	7620.0	10976.0
490	3655.0	1291.0	8758.0	11435.0
500	3866.25	1310.0	8583.0	11909.0
510	4015.5	1163.0	6268.0	8488.0
520	3879.75	1421.0	7212.0	10512.0
530	3431.0	1088.0	6307.0	9368.0
540	3972.5	1667.0	10189.0	14761.0
550	3517.0	1184.0	7930.0	11191.0
560	4012.5	1451.0	6423.0	8633.0
570	3851.25	1335.0	9046.0	11590.0
580	4037.75	1341.0	8481.0	11001.0
590	4066.0	937.0	6799.0	8901.0
600	3666.25	1290.0	8546.0	10892.0
610	3614.75	1209.0	7700.0	9706.0
620	3726.0	1072.0	7347.0	9465.0
630	3551.75	1501.0	9279.0	11188.0
640	3608.0	1624.0	9062.0	11380.0
650	3637.25	1040.0	9265.0	11983.0
660	4112.25	1193.0	7403.0	9945.0
670	4099.25	1410.0	9316.0	11816.0
680	3810.5	1072.0	7004.0	9544.0
690	3648.25	1486.0	9647.0	13164.0
700	3942.75	1210.0	8701.0	11862.0
710	4132.75	1188.0	9457.0	12723.0
720	3409.25	1023.0	8274.0	10924.0
730	3685.75	917.0	5789.0	7954.0
740	3120.5	1169.0	9857.0	13786.0
750	4068.0	997.0	7757.0	11012.0
760	3847.0	1140.0	8088.0	10358.0
770	3798.25	1321.0	7871.0	9898.0
780	3782.0	1030.0	7871.0	10235.0
790	3845.25	1068.0	8273.0	10881.0
800	3799.5	1077.0	9274.0	12234.0
