0	2700.3333333333335	0.0	0.0	0.0
10	2720.0	34.0	1607.0	7083.0
20	2417.3333333333335	61.0	2422.0	9388.0
30	2180.1666666666665	115.0	1966.0	7252.0
40	2481.6666666666665	92.0	1473.0	7557.0
50	2339.6666666666665	207.0	2617.0	8363.0
60	2379.8333333333335	110.0	1970.0	7227.0
70	2357.6666666666665	74.0	3096.0	10770.0
80	2479.8333333333335	109.0	1575.0	8124.0
90	2518.8333333333335	128.0	3016.0	10523.0
100	2443.8333333333335	12.0	2387.0	9217.0
110	2573.0	116.0	2172.0	8460.0
120	2856.6666666666665	32.0	2400.0	8799.0
130	2419.0	37.0	1561.0	6867.0
140	2540.1666666666665	34.0	1512.0	5983.0
150	2804.5	51.0	2235.0	8351.0
160	2785.0	10.0	2331.0	7306.0
170	2760.3333333333335	19.0	2123.0	8551.0
180	2626.3333333333335	26.0	1843.0	7884.0
190	2681.3333333333335	23.0	2708.0	11924.0
200	2831.6666666666665	0.0	1648.0	6856.0
210	3248.3333333333335	30.0	2584.0	9995.0
220	2671.5	0.0	2272.0	7536.0
230	3150.1666666666665	0.0	2744.0	10794.0
240	2825.3333333333335	2.0	3071.0	10946.0
250	2988.0	15.0	2754.0	9514.0
260	3703.0	0.0	1496.0	5991.0
270	3538.0	20.0	1808.0	5314.0
280	2881.6666666666665	0.0	2113.0	9342.0
290	3213.5	0.0	1844.0	7905.0
300	2881.8333333333335	0.0	2341.0	8358.0
310	3114.3333333333335	0.0	2756.0	13365.0
320	3665.1666666666665	0.0	2677.0	12112.0
330	3279.0	0.0	2377.0	9740.0
340	2951.0	0.0	2435.0	10609.0
350	3663.6666666666665	0.0	1982.0	9672.0
360	3172.6666666666665	0.0	1041.0	8059.0
370	3291.6666666666665	0.0	2538.0	11988.0
380	3364.6666666666665	0.0	1443.0	8609.0
390	3926.1666666666665	0.0	2096.0	9672.0
400	3437.3333333333335	0.0	2070.0	9003.0
410	3197.0	0.0	1828.0	8232.0
420	3617.0	0.0	1827.0	10689.0
430	3378.0	0.0	2177.0	11701.0
440	3796.1666666666665	0.0	2199.0	11100.0
450	3732.0	0.0	3239.0	12720.0
460	3706.6666666666665	0.0	2252.0	8912.0
470	3752.0	0.0	2174.0	9584.0
480	3375.5	0.0	2111.0	9238.0
490	3713.8333333333335	0.0	1880.0	6467.0
500	4062.5	0.0	2437.0	10116.0
510	3259.1666666666665	0.0	2981.0	11382.0
520	3773.5	0.0	2428.0	11087.0
530	3704.8333333333335	0.0	1803.0	8643.0
540	3835.3333333333335	0.0	1965.0	11726.0
550	2978.6666666666665	0.0	2158.0	10653.0
560	3531.1666666666665	0.0	2384.0	9613.0
570	3788.1666666666665	0.0	2524.0	9215.0
580	3779.6666666666665	0.0	2259.0	10006.0
590	3924.1666666666665	0.0	1997.0	10974.0
600	3573.5	0.0	1999.0	8779.0
610	3928.5	0.0	2985.0	12169.0
620	3791.1666666666665	0.0	3660.0	13364.0
630	3693.8333333333335	0.0	2351.0	10444.0
640	3958.5	0.0	2841.0	9451.0
650	3446.3333333333335	0.0	4347.0	10722.0
660	3823.0	0.0	3175.0	12332.0
670	4121.5	0.0	2426.0	13127.0
680	3774.6666666666665	0.0	2662.0	11341.0
690	3994.6666666666665	0.0	1914.0	9120.0
700	3884.0	0.0	2266.0	11711.0
710	3685.5	0.0	2503.0	12132.0
720	3848.8333333333335	0.0	733.0	12336.0
730	3873.6666666666665	0.0	0.0	13031.0
740	3814.6666666666665	0.0	0.0	11151.0
750	3613.1666666666665	0.0	0.0	9279.0
760	3786.0	0.0	0.0	9428.0
770	3948.5	0.0	0.0	8909.0
780	3648.5	0.0	0.0	13509.0
790	3562.6666666666665	0.0	0.0	12253.0
800	3730.6666666666665	0.0	0.0	11157.0
