0	2219.638888888889	0.0	0.0	0.0
10	2265.766666666666	1000.0	2334.8333333333335	9536.333333333334
20	2316.25	0.0	0.0	8912.966666666667
30	2355.150000000001	0.0	0.0	9063.433333333332
40	2406.0444444444447	0.0	0.0	8921.8
50	2434.9666666666667	0.0	0.0	8515.933333333332
60	2448.65	0.0	0.0	8854.7
70	2459.672222222222	0.0	0.0	8939.733333333334
80	2487.3611111111104	0.0	0.0	8850.566666666668
90	2511.783333333333	0.0	0.0	9182.266666666666
100	2577.644444444444	0.0	0.0	8680.7
110	2525.8	0.0	0.0	8751.166666666666
120	2531.972222222222	0.0	0.0	9080.766666666666
130	2554.1611111111115	0.0	0.0	8983.666666666666
140	2511.944444444445	0.0	0.0	8741.733333333334
150	2576.072222222222	0.0	0.0	9325.666666666666
160	2580.75	0.0	0.0	8469.7
170	2590.3388888888894	0.0	0.0	9506.733333333334
180	2596.8833333333328	0.0	0.0	8483.5
190	2469.533333333333	0.0	0.0	8971.3
200	2581.0944444444444	0.0	0.0	9181.533333333333
210	2572.1722222222215	0.0	0.0	8772.433333333332
220	2592.9555555555553	0.0	0.0	8449.366666666667
230	2640.838888888889	0.0	0.0	8717.533333333333
240	2688.5277777777783	0.0	0.0	8959.533333333333
250	2624.016666666667	0.0	0.0	9209.466666666667
260	2689.0611111111107	0.0	0.0	9439.166666666666
270	2797.0888888888885	0.0	0.0	9475.833333333334
280	2773.1999999999994	0.0	0.0	8907.0
290	2903.7722222222224	0.0	0.0	9609.866666666667
300	2926.2388888888895	0.0	0.0	9895.966666666667
310	2947.4166666666665	0.0	0.0	9979.433333333332
320	3026.5777777777776	0.0	0.0	9445.233333333334
330	2984.083333333334	0.0	0.0	9851.933333333332
340	3140.766666666666	0.0	0.0	9713.2
350	3101.7111111111108	0.0	0.0	9664.433333333332
360	3086.288888888889	0.0	0.0	10284.766666666666
370	3164.45	0.0	0.0	10539.666666666666
380	3247.888888888889	0.0	0.0	10460.1
390	3281.9500000000003	0.0	0.0	10374.8
400	3306.127777777778	0.0	0.0	10906.966666666667
410	3244.9666666666662	0.0	0.0	10166.233333333334
420	3288.7944444444447	0.0	0.0	10009.733333333334
430	3275.4555555555557	0.0	0.0	10562.4
440	3268.722222222222	0.0	0.0	10500.0
450	3344.1722222222224	0.0	0.0	10529.533333333333
460	3355.961111111111	0.0	0.0	10034.366666666667
470	3485.794444444444	0.0	0.0	10266.666666666666
480	3479.100000000001	0.0	0.0	9827.066666666668
490	3519.916666666666	0.0	0.0	10223.3
500	3430.9666666666676	0.0	0.0	10515.333333333334
510	3479.883333333333	0.0	0.0	10543.166666666666
520	3535.372222222222	0.0	0.0	10853.166666666666
530	3556.594444444444	0.0	0.0	10351.5
540	3486.583333333333	0.0	0.0	10777.633333333333
550	3499.955555555556	0.0	0.0	10621.166666666666
560	3589.572222222222	0.0	0.0	10583.966666666667
570	3668.6111111111104	0.0	0.0	9905.9
580	3572.1111111111113	0.0	0.0	9946.966666666667
590	3672.794444444444	0.0	0.0	10805.0
600	3535.311111111111	0.0	0.0	10449.266666666666
610	3702.7611111111114	0.0	0.0	10477.566666666668
620	3616.677777777778	0.0	0.0	9830.9
630	3584.8944444444433	0.0	0.0	10614.933333333332
640	3729.1444444444446	0.0	0.0	10764.233333333334
650	3701.011111111112	0.0	0.0	10884.8
660	3729.3111111111116	0.0	0.0	10121.533333333333
670	3646.161111111111	0.0	0.0	10602.433333333332
680	3642.2277777777776	0.0	0.0	9564.366666666667
690	3623.8166666666657	0.0	0.0	10404.3
700	3667.3222222222225	0.0	0.0	10675.633333333333
710	3663.105555555555	0.0	0.0	10008.7
720	3740.0111111111114	0.0	0.0	10453.7
730	3753.327777777778	0.0	0.0	9929.733333333334
740	3699.9944444444454	0.0	0.0	10730.633333333333
750	3759.8777777777786	0.0	0.0	10315.733333333334
760	3678.3888888888882	0.0	0.0	10618.6
770	3728.044444444444	0.0	0.0	10020.966666666667
780	3813.5277777777787	0.0	0.0	10244.866666666667
790	3763.511111111111	0.0	0.0	10317.6
800	3679.1277777777777	0.0	0.0	10351.233333333334
