0	2296.5	0.0	0.0	0.0
10	2227.6666666666665	1000.0	2256.0	10301.0
20	2589.3333333333335	0.0	0.0	11502.0
30	2341.3333333333335	0.0	0.0	5665.0
40	2348.6666666666665	0.0	0.0	7342.0
50	2345.5	0.0	0.0	9060.0
60	2307.8333333333335	0.0	0.0	8069.0
70	2480.1666666666665	0.0	0.0	6640.0
80	2770.3333333333335	0.0	0.0	8940.0
90	2429.5	0.0	0.0	5721.0
100	2463.0	0.0	0.0	7892.0
110	2210.5	0.0	0.0	7863.0
120	1980.6666666666667	0.0	0.0	8299.0
130	2729.5	0.0	0.0	8210.0
140	2536.8333333333335	0.0	0.0	9268.0
150	2352.1666666666665	0.0	0.0	8393.0
160	2388.1666666666665	0.0	0.0	9111.0
170	2619.8333333333335	0.0	0.0	8611.0
180	2504.5	0.0	0.0	10461.0
190	2499.1666666666665	0.0	0.0	9816.0
200	2406.1666666666665	0.0	0.0	12098.0
210	2528.1666666666665	0.0	0.0	10197.0
220	2645.6666666666665	0.0	0.0	11835.0
230	2843.6666666666665	0.0	0.0	8013.0
240	2445.3333333333335	0.0	0.0	8650.0
250	2725.5	0.0	0.0	8379.0
260	2446.8333333333335	0.0	0.0	10609.0
270	2690.3333333333335	0.0	0.0	9901.0
280	2567.1666666666665	0.0	0.0	9924.0
290	2693.6666666666665	0.0	0.0	9799.0
300	2831.3333333333335	0.0	0.0	11829.0
310	2991.5	0.0	0.0	10948.0
320	3073.6666666666665	0.0	0.0	10163.0
330	3146.1666666666665	0.0	0.0	13239.0
340	3087.1666666666665	0.0	0.0	10493.0
350	3546.5	0.0	0.0	10119.0
360	2977.5	0.0	0.0	11669.0
370	3335.6666666666665	0.0	0.0	10784.0
380	2939.1666666666665	0.0	0.0	12995.0
390	3464.6666666666665	0.0	0.0	13226.0
400	3512.0	0.0	0.0	14561.0
410	3549.5	0.0	0.0	9724.0
420	3117.1666666666665	0.0	0.0	9943.0
430	3614.0	0.0	0.0	10998.0
440	3555.5	0.0	0.0	9340.0
450	3412.5	0.0	0.0	7336.0
460	3333.0	0.0	0.0	9716.0
470	3711.8333333333335	0.0	0.0	10612.0
480	3711.1666666666665	0.0	0.0	11382.0
490	3967.8333333333335	0.0	0.0	8608.0
500	3624.5	0.0	0.0	8972.0
510	3471.5	0.0	0.0	11151.0
520	3545.1666666666665	0.0	0.0	9402.0
530	3358.0	0.0	0.0	10070.0
540	3365.1666666666665	0.0	0.0	10707.0
550	3643.1666666666665	0.0	0.0	11161.0
560	4025.1666666666665	0.0	0.0	11964.0
570	3989.5	0.0	0.0	11783.0
580	3951.1666666666665	0.0	0.0	12083.0
590	3684.3333333333335	0.0	0.0	10132.0
600	3511.3333333333335	0.0	0.0	8490.0
610	3759.8333333333335	0.0	0.0	9484.0
620	3830.0	0.0	0.0	10901.0
630	3473.8333333333335	0.0	0.0	11559.0
640	3816.8333333333335	0.0	0.0	12320.0
650	3753.0	0.0	0.0	12721.0
660	3681.6666666666665	0.0	0.0	9207.0
670	3948.3333333333335	0.0	0.0	9932.0
680	3769.0	0.0	0.0	9366.0
690	3526.5	0.0	0.0	11413.0
700	3416.8333333333335	0.0	0.0	7774.0
710	3772.0	0.0	0.0	9697.0
720	4110.166666666667	0.0	0.0	8309.0
730	3698.5	0.0	0.0	9828.0
740	3613.8333333333335	0.0	0.0	10432.0
750	3888.6666666666665	0.0	0.0	9383.0
760	3940.3333333333335	0.0	0.0	10537.0
770	3689.0	0.0	0.0	14649.0
780	4102.5	0.0	0.0	10053.0
790	3937.5	0.0	0.0	8971.0
800	3540.5	0.0	0.0	9735.0
