0	2185.6666666666665	0.0	0.0	0.0
10	2394.1666666666665	1000.0	2481.0	11082.0
20	2332.3333333333335	0.0	0.0	8976.0
30	2224.8333333333335	0.0	0.0	7513.0
40	2409.0	0.0	0.0	12779.0
50	2500.6666666666665	0.0	0.0	8230.0
60	2421.3333333333335	0.0	0.0	6709.0
70	2411.0	0.0	0.0	10043.0
80	2597.0	0.0	0.0	8465.0
90	2764.8333333333335	0.0	0.0	12991.0
100	2695.0	0.0	0.0	11107.0
110	2922.6666666666665	0.0	0.0	7979.0
120	2690.6666666666665	0.0	0.0	10310.0
130	2742.0	0.0	0.0	8721.0
140	2872.5	0.0	0.0	9918.0
150	2895.3333333333335	0.0	0.0	8331.0
160	2557.0	0.0	0.0	9043.0
170	2555.5	0.0	0.0	6438.0
180	3076.8333333333335	0.0	0.0	9214.0
190	2255.6666666666665	0.0	0.0	7816.0
200	2725.5	0.0	0.0	7917.0
210	2703.1666666666665	0.0	0.0	9537.0
220	2782.1666666666665	0.0	0.0	7541.0
230	2673.3333333333335	0.0	0.0	8855.0
240	2913.3333333333335	0.0	0.0	6478.0
250	2755.8333333333335	0.0	0.0	11772.0
260	2982.6666666666665	0.0	0.0	7296.0
270	2858.5	0.0	0.0	9763.0
280	2916.1666666666665	0.0	0.0	6996.0
290	3048.5	0.0	0.0	8869.0
300	3138.1666666666665	0.0	0.0	8368.0
310	2899.3333333333335	0.0	0.0	6736.0
320	3379.3333333333335	0.0	0.0	10552.0
330	3124.5	0.0	0.0	9331.0
340	2893.3333333333335	0.0	0.0	10252.0
350	2884.8333333333335	0.0	0.0	10683.0
360	3504.6666666666665	0.0	0.0	9888.0
370	3325.0	0.0	0.0	14861.0
380	3708.6666666666665	0.0	0.0	10109.0
390	3214.3333333333335	0.0	0.0	11318.0
400	3371.6666666666665	0.0	0.0	12781.0
410	3815.8333333333335	0.0	0.0	7838.0
420	3146.5	0.0	0.0	10641.0
430	3598.0	0.0	0.0	8385.0
440	2885.8333333333335	0.0	0.0	15967.0
450	3269.0	0.0	0.0	13116.0
460	3872.8333333333335	0.0	0.0	9510.0
470	3132.8333333333335	0.0	0.0	12842.0
480	2819.0	0.0	0.0	10538.0
490	3366.1666666666665	0.0	0.0	7674.0
500	3716.0	0.0	0.0	11847.0
510	3515.6666666666665	0.0	0.0	10732.0
520	3636.5	0.0	0.0	9811.0
530	3904.0	0.0	0.0	11111.0
540	3894.0	0.0	0.0	9977.0
550	2912.0	0.0	0.0	9335.0
560	3618.6666666666665	0.0	0.0	10989.0
570	3504.1666666666665	0.0	0.0	9191.0
580	3444.6666666666665	0.0	0.0	12406.0
590	3703.1666666666665	0.0	0.0	10363.0
600	3650.1666666666665	0.0	0.0	12167.0
610	4122.333333333333	0.0	0.0	9957.0
620	3523.5	0.0	0.0	11353.0
630	3169.8333333333335	0.0	0.0	10031.0
640	3845.8333333333335	0.0	0.0	9929.0
650	3910.6666666666665	0.0	0.0	8809.0
660	4083.8333333333335	0.0	0.0	10369.0
670	3329.8333333333335	0.0	0.0	14233.0
680	3701.8333333333335	0.0	0.0	10061.0
690	3520.6666666666665	0.0	0.0	10312.0
700	4000.3333333333335	0.0	0.0	10464.0
710	3265.8333333333335	0.0	0.0	11987.0
720	3708.6666666666665	0.0	0.0	8563.0
730	3936.3333333333335	0.0	0.0	10315.0
740	3689.1666666666665	0.0	0.0	12341.0
750	3618.3333333333335	0.0	0.0	10861.0
760	3340.1666666666665	0.0	0.0	10158.0
770	3868.5	0.0	0.0	10274.0
780	4087.8333333333335	0.0	0.0	8602.0
790	3637.8333333333335	0.0	0.0	8929.0
800	4150.833333333333	0.0	0.0	11983.0
