0	2123.8333333333335	0.0	0.0	0.0
10	2353.3333333333335	1000.0	2172.0	9631.0
20	2403.1666666666665	0.0	0.0	9261.0
30	2414.5	0.0	0.0	8832.0
40	2547.8333333333335	0.0	0.0	10062.0
50	2515.8333333333335	0.0	0.0	10388.0
60	2573.0	0.0	0.0	9357.0
70	2464.5	0.0	0.0	10778.0
80	2517.3333333333335	0.0	0.0	10998.0
90	2563.6666666666665	0.0	0.0	7667.0
100	2673.6666666666665	0.0	0.0	8926.0
110	2702.8333333333335	0.0	0.0	10078.0
120	2480.8333333333335	0.0	0.0	7924.0
130	2508.1666666666665	0.0	0.0	8659.0
140	2650.8333333333335	0.0	0.0	6105.0
150	2542.0	0.0	0.0	9724.0
160	2472.6666666666665	0.0	0.0	9563.0
170	2674.0	0.0	0.0	9677.0
180	2397.0	0.0	0.0	11811.0
190	2896.6666666666665	0.0	0.0	9665.0
200	2954.5	0.0	0.0	6491.0
210	2567.5	0.0	0.0	8904.0
220	2781.1666666666665	0.0	0.0	11856.0
230	2488.3333333333335	0.0	0.0	10241.0
240	2611.1666666666665	0.0	0.0	9113.0
250	2779.1666666666665	0.0	0.0	8589.0
260	2635.0	0.0	0.0	9960.0
270	2561.8333333333335	0.0	0.0	8059.0
280	2768.6666666666665	0.0	0.0	6604.0
290	3035.6666666666665	0.0	0.0	9582.0
300	3134.6666666666665	0.0	0.0	9949.0
310	2767.8333333333335	0.0	0.0	7994.0
320	3376.0	0.0	0.0	8896.0
330	2677.3333333333335	0.0	0.0	11077.0
340	3324.3333333333335	0.0	0.0	8284.0
350	3130.6666666666665	0.0	0.0	8333.0
360	3545.0	0.0	0.0	8361.0
370	3632.8333333333335	0.0	0.0	9115.0
380	3371.6666666666665	0.0	0.0	10839.0
390	3503.0	0.0	0.0	9519.0
400	3225.6666666666665	0.0	0.0	8258.0
410	3294.3333333333335	0.0	0.0	11271.0
420	3088.5	0.0	0.0	7210.0
430	3333.6666666666665	0.0	0.0	12658.0
440	3214.1666666666665	0.0	0.0	10724.0
450	3078.5	0.0	0.0	10038.0
460	3332.3333333333335	0.0	0.0	6983.0
470	3677.0	0.0	0.0	12012.0
480	3684.1666666666665	0.0	0.0	6458.0
490	3675.8333333333335	0.0	0.0	8956.0
500	3491.1666666666665	0.0	0.0	12113.0
510	3525.6666666666665	0.0	0.0	10861.0
520	3467.5	0.0	0.0	11759.0
530	4107.333333333333	0.0	0.0	9154.0
540	3365.8333333333335	0.0	0.0	10122.0
550	3388.6666666666665	0.0	0.0	9097.0
560	3479.1666666666665	0.0	0.0	10021.0
570	3512.3333333333335	0.0	0.0	7465.0
580	3406.0	0.0	0.0	8098.0
590	3936.0	0.0	0.0	12985.0
600	3060.3333333333335	0.0	0.0	9076.0
610	4046.6666666666665	0.0	0.0	12518.0
620	3708.1666666666665	0.0	0.0	10603.0
630	3843.3333333333335	0.0	0.0	9338.0
640	3513.5	0.0	0.0	9730.0
650	3627.0	0.0	0.0	8428.0
660	3727.1666666666665	0.0	0.0	13380.0
670	3906.6666666666665	0.0	0.0	10389.0
680	3670.8333333333335	0.0	0.0	8725.0
690	3446.5	0.0	0.0	8121.0
700	3875.5	0.0	0.0	12916.0
710	3575.8333333333335	0.0	0.0	10070.0
720	3499.1666666666665	0.0	0.0	10810.0
730	3805.3333333333335	0.0	0.0	9800.0
740	3787.6666666666665	0.0	0.0	11903.0
750	4106.333333333333	0.0	0.0	10940.0
760	3652.5	0.0	0.0	12494.0
770	3753.5	0.0	0.0	6494.0
780	3420.0	0.0	0.0	10531.0
790	3832.3333333333335	0.0	0.0	10205.0
800	3619.8333333333335	0.0	0.0	11245.0
