0	2752.3333333333335	0.0	0.0	0.0
10	2415.3333333333335	1000.0	1000.0	11030.0
20	2601.8333333333335	0.0	0.0	6876.0
30	2444.3333333333335	0.0	0.0	7919.0
40	2576.0	0.0	0.0	9509.0
50	2399.0	0.0	0.0	9991.0
60	2471.3333333333335	0.0	0.0	7791.0
70	2650.3333333333335	0.0	0.0	7876.0
80	2463.6666666666665	0.0	0.0	7769.0
90	3086.6666666666665	0.0	0.0	7155.0
100	2059.6666666666665	0.0	0.0	12532.0
110	2326.5	0.0	0.0	7849.0
120	2376.3333333333335	0.0	0.0	10219.0
130	2709.1666666666665	0.0	0.0	7993.0
140	2319.5	0.0	0.0	8201.0
150	2417.3333333333335	0.0	0.0	9532.0
160	2907.0	0.0	0.0	8519.0
170	2295.5	0.0	0.0	7614.0
180	2678.6666666666665	0.0	0.0	7930.0
190	3020.5	0.0	0.0	10157.0
200	2958.3333333333335	0.0	0.0	7703.0
210	2312.6666666666665	0.0	0.0	7271.0
220	3378.6666666666665	0.0	0.0	7912.0
230	2871.5	0.0	0.0	8753.0
240	3041.6666666666665	0.0	0.0	6551.0
250	3547.1666666666665	0.0	0.0	7690.0
260	2984.0	0.0	0.0	8975.0
270	3483.5	0.0	0.0	10269.0
280	3703.3333333333335	0.0	0.0	9811.0
290	3227.1666666666665	0.0	0.0	11417.0
300	3444.1666666666665	0.0	0.0	12661.0
310	3737.8333333333335	0.0	0.0	9347.0
320	3763.5	0.0	0.0	10646.0
330	3482.5	0.0	0.0	10161.0
340	3466.8333333333335	0.0	0.0	9681.0
350	3301.0	0.0	0.0	9057.0
360	3401.5	0.0	0.0	9604.0
370	3407.8333333333335	0.0	0.0	9679.0
380	3514.6666666666665	0.0	0.0	8158.0
390	3967.8333333333335	0.0	0.0	10857.0
400	4103.333333333333	0.0	0.0	10713.0
410	3152.6666666666665	0.0	0.0	8953.0
420	3861.3333333333335	0.0	0.0	9328.0
430	4024.8333333333335	0.0	0.0	10278.0
440	3491.6666666666665	0.0	0.0	7899.0
450	3732.1666666666665	0.0	0.0	7802.0
460	3741.0	0.0	0.0	9587.0
470	3581.3333333333335	0.0	0.0	8682.0
480	3403.0	0.0	0.0	5841.0
490	4016.1666666666665	0.0	0.0	10068.0
500	3791.1666666666665	0.0	0.0	8191.0
510	3353.3333333333335	0.0	0.0	14157.0
520	3969.3333333333335	0.0	0.0	10737.0
530	4155.166666666667	0.0	0.0	10014.0
540	3639.5	0.0	0.0	7807.0
550	3772.3333333333335	0.0	0.0	8331.0
560	3473.5	0.0	0.0	10241.0
570	3722.5	0.0	0.0	10607.0
580	3629.0	0.0	0.0	7804.0
590	3811.5	0.0	0.0	10334.0
600	3882.0	0.0	0.0	9622.0
610	4088.3333333333335	0.0	0.0	10959.0
620	3711.3333333333335	0.0	0.0	12396.0
630	3419.8333333333335	0.0	0.0	8664.0
640	3633.3333333333335	0.0	0.0	9083.0
650	3368.5	0.0	0.0	13237.0
660	4103.5	0.0	0.0	12842.0
670	3954.6666666666665	0.0	0.0	13696.0
680	3760.8333333333335	0.0	0.0	10259.0
690	3817.1666666666665	0.0	0.0	10775.0
700	3769.3333333333335	0.0	0.0	10674.0
710	3526.1666666666665	0.0	0.0	11745.0
720	3784.3333333333335	0.0	0.0	10051.0
730	3954.1666666666665	0.0	0.0	8999.0
740	3622.8333333333335	0.0	0.0	11095.0
750	3889.0	0.0	0.0	8486.0
760	3791.3333333333335	0.0	0.0	10153.0
770	3804.6666666666665	0.0	0.0	10245.0
780	3852.6666666666665	0.0	0.0	9233.0
790	3731.0	0.0	0.0	9916.0
800	3717.1666666666665	0.0	0.0	11044.0
