0	2566.6666666666665	0.0	0.0	0.0
10	2599.5	57.0	67.0	9616.0
20	2599.8333333333335	161.0	169.0	8132.0
30	2344.6666666666665	99.0	131.0	9349.0
40	2347.5	167.0	179.0	8311.0
50	2437.6666666666665	225.0	231.0	10520.0
60	2244.1666666666665	222.0	260.0	8602.0
70	2843.8333333333335	69.0	81.0	9288.0
80	2510.0	0.0	0.0	9907.0
90	2930.5	0.0	0.0	9902.0
100	2629.6666666666665	0.0	0.0	5778.0
110	2307.3333333333335	0.0	0.0	8269.0
120	2505.8333333333335	0.0	0.0	7664.0
130	3205.1666666666665	0.0	0.0	8710.0
140	3177.0	0.0	0.0	8054.0
150	2650.3333333333335	0.0	0.0	8536.0
160	3062.3333333333335	0.0	0.0	8176.0
170	2958.3333333333335	0.0	0.0	10608.0
180	2939.5	0.0	0.0	11968.0
190	2914.1666666666665	0.0	0.0	10140.0
200	3274.3333333333335	0.0	0.0	8387.0
210	3225.5	0.0	0.0	9752.0
220	3275.1666666666665	0.0	0.0	9304.0
230	2718.1666666666665	0.0	0.0	9462.0
240	3084.5	0.0	0.0	9479.0
250	3198.1666666666665	0.0	0.0	10858.0
260	3177.5	0.0	0.0	6705.0
270	3416.5	0.0	0.0	11188.0
280	3184.6666666666665	0.0	0.0	10410.0
290	3455.3333333333335	0.0	0.0	8586.0
300	2999.6666666666665	0.0	0.0	7930.0
310	3457.6666666666665	0.0	0.0	8700.0
320	2928.0	0.0	0.0	9531.0
330	3553.6666666666665	0.0	0.0	12919.0
340	3246.3333333333335	0.0	0.0	11098.0
350	3430.6666666666665	0.0	0.0	8140.0
360	3397.3333333333335	0.0	0.0	12413.0
370	3656.3333333333335	0.0	0.0	11014.0
380	3256.5	0.0	0.0	13229.0
390	3460.8333333333335	0.0	0.0	9730.0
400	3453.0	0.0	0.0	12557.0
410	3635.0	0.0	0.0	12318.0
420	3404.0	0.0	0.0	11622.0
430	3876.0	0.0	0.0	9224.0
440	3721.0	0.0	0.0	10694.0
450	3906.5	0.0	0.0	10557.0
460	3835.0	0.0	0.0	10562.0
470	3633.8333333333335	0.0	0.0	10375.0
480	3906.3333333333335	0.0	0.0	10368.0
490	3541.6666666666665	0.0	0.0	9597.0
500	3688.5	0.0	0.0	12351.0
510	3731.3333333333335	0.0	0.0	9006.0
520	3564.8333333333335	0.0	0.0	7264.0
530	3399.3333333333335	0.0	0.0	10132.0
540	3797.6666666666665	0.0	0.0	12312.0
550	3564.5	0.0	0.0	11470.0
560	3792.5	0.0	0.0	11803.0
570	3762.1666666666665	0.0	0.0	12560.0
580	4110.833333333333	0.0	0.0	8630.0
590	3917.3333333333335	0.0	0.0	10634.0
600	3806.6666666666665	0.0	0.0	9890.0
610	3738.5	0.0	0.0	13546.0
620	3669.0	0.0	0.0	10832.0
630	3689.8333333333335	0.0	0.0	6192.0
640	3596.8333333333335	0.0	0.0	10989.0
650	3814.0	0.0	0.0	9894.0
660	3638.8333333333335	0.0	0.0	8185.0
670	4182.5	0.0	0.0	9551.0
680	3756.8333333333335	0.0	0.0	9254.0
690	3552.0	0.0	0.0	11291.0
700	4166.833333333333	0.0	0.0	8307.0
710	3933.3333333333335	0.0	0.0	10372.0
720	3740.3333333333335	0.0	0.0	10748.0
730	3657.3333333333335	0.0	0.0	10232.0
740	4028.5	0.0	0.0	10340.0
750	3850.6666666666665	0.0	0.0	13554.0
760	4022.0	0.0	0.0	10356.0
770	3658.3333333333335	0.0	0.0	11827.0
780	3863.1666666666665	0.0	0.0	10459.0
790	3589.0	0.0	0.0	11680.0
800	3833.5	0.0	0.0	9910.0
