0	1703.1666666666667	0.0	0.0	0.0
10	1573.6666666666667	49.0	893.0	7561.0
20	1591.6666666666667	61.0	1013.0	8309.0
30	2041.0	78.0	1841.0	11047.0
40	2053.1666666666665	75.0	1508.0	9407.0
50	1992.1666666666667	93.0	927.0	7613.0
60	2251.3333333333335	28.0	1241.0	9363.0
70	2186.5	18.0	1119.0	8677.0
80	2187.8333333333335	1.0	976.0	8402.0
90	2401.1666666666665	77.0	1117.0	8501.0
100	2052.8333333333335	9.0	1007.0	7904.0
110	2245.1666666666665	39.0	1012.0	8184.0
120	2459.8333333333335	44.0	1411.0	10573.0
130	2697.8333333333335	6.0	1126.0	8193.0
140	2202.8333333333335	28.0	1129.0	9159.0
150	2497.8333333333335	28.0	1325.0	9523.0
160	2134.3333333333335	26.0	1779.0	10138.0
170	2610.8333333333335	13.0	1416.0	8067.0
180	2227.1666666666665	16.0	1038.0	6756.0
190	2319.8333333333335	8.0	812.0	6934.0
200	2020.8333333333333	55.0	1788.0	10149.0
210	2255.1666666666665	31.0	1301.0	9821.0
220	2493.8333333333335	31.0	1737.0	10653.0
230	2214.1666666666665	16.0	1976.0	11819.0
240	2438.0	14.0	1875.0	12641.0
250	2528.5	2.0	1339.0	8816.0
260	2222.0	20.0	1530.0	10642.0
270	2716.0	2.0	1940.0	10362.0
280	2319.8333333333335	4.0	1889.0	11800.0
290	2396.3333333333335	7.0	1201.0	7822.0
300	2814.6666666666665	1.0	822.0	5504.0
310	2690.8333333333335	1.0	1031.0	8258.0
320	2691.1666666666665	2.0	866.0	6852.0
330	2916.5	16.0	1633.0	10629.0
340	3247.0	3.0	1809.0	11339.0
350	3051.3333333333335	4.0	1133.0	7357.0
360	2944.3333333333335	0.0	1631.0	9986.0
370	3168.5	3.0	2321.0	11887.0
380	3467.1666666666665	1.0	1697.0	9080.0
390	3341.0	2.0	1349.0	7713.0
400	3900.5	2.0	1555.0	8783.0
410	2901.1666666666665	0.0	1869.0	9373.0
420	3586.1666666666665	3.0	1928.0	11170.0
430	3015.0	1.0	1393.0	9225.0
440	3738.8333333333335	1.0	2037.0	10976.0
450	3434.8333333333335	1.0	1595.0	7907.0
460	3327.6666666666665	0.0	2349.0	11421.0
470	3522.5	1.0	1218.0	6838.0
480	3673.6666666666665	1.0	2242.0	11949.0
490	3439.1666666666665	2.0	1459.0	6663.0
500	3585.5	1.0	1748.0	9631.0
510	3533.8333333333335	0.0	2050.0	11743.0
520	3109.3333333333335	2.0	1537.0	10395.0
530	3544.0	3.0	2271.0	11819.0
540	3373.5	0.0	1863.0	9156.0
550	3213.0	0.0	1626.0	8332.0
560	3455.8333333333335	2.0	2113.0	9595.0
570	3535.3333333333335	0.0	2300.0	10614.0
580	3302.6666666666665	0.0	2610.0	11081.0
590	3640.3333333333335	0.0	2026.0	8961.0
600	3467.3333333333335	0.0	1593.0	9141.0
610	3611.6666666666665	0.0	1207.0	6019.0
620	3341.1666666666665	0.0	2082.0	9138.0
630	3547.5	1.0	2071.0	10089.0
640	3744.5	0.0	2698.0	12778.0
650	3346.3333333333335	1.0	1702.0	9483.0
660	3822.3333333333335	0.0	2894.0	13391.0
670	4069.5	0.0	2055.0	11170.0
680	3724.8333333333335	0.0	2367.0	11519.0
690	3417.8333333333335	0.0	2664.0	11666.0
700	3515.1666666666665	0.0	1948.0	10009.0
710	4094.5	0.0	2197.0	10180.0
720	3570.1666666666665	0.0	1617.0	7528.0
730	3702.1666666666665	0.0	2059.0	10936.0
740	3864.5	2.0	1992.0	8533.0
750	3766.3333333333335	2.0	2384.0	11001.0
760	3709.5	2.0	2552.0	12935.0
770	3598.1666666666665	1.0	2318.0	10516.0
780	3833.6666666666665	0.0	1895.0	8806.0
790	3750.0	0.0	2428.0	12591.0
800	3738.8333333333335	0.0	2241.0	9736.0
810	3407.8333333333335	0.0	2051.0	8568.0
820	4043.1666666666665	0.0	2219.0	10101.0
830	4068.8333333333335	0.0	2173.0	11011.0
840	3860.5	0.0	1539.0	7051.0
850	4148.333333333333	0.0	2716.0	13241.0
860	3735.1666666666665	0.0	3004.0	12459.0
870	3492.3333333333335	1.0	2691.0	12762.0
880	3903.6666666666665	0.0	1858.0	10278.0
890	3784.8333333333335	1.0	2407.0	11516.0
900	3768.8333333333335	0.0	1457.0	6989.0
910	3454.0	0.0	2639.0	11537.0
920	3611.0	1.0	1904.0	8561.0
930	3682.6666666666665	0.0	2843.0	12020.0
940	3776.5	0.0	2512.0	12544.0
950	3903.3333333333335	1.0	2272.0	11807.0
960	3783.1666666666665	0.0	1168.0	5761.0
970	3627.5	1.0	1936.0	9128.0
980	3764.3333333333335	3.0	2476.0	10561.0
990	3673.3333333333335	0.0	2800.0	12210.0
1000	3704.8333333333335	0.0	1627.0	9305.0
