0	2219.5	0.0	0.0	0.0
10	2276.25	628.0	5342.0	10068.0
20	2316.75	372.0	3853.0	8879.0
30	2483.5	0.0	0.0	10298.0
40	2337.75	0.0	0.0	7067.0
50	2673.5	0.0	0.0	10829.0
60	2198.25	0.0	0.0	9642.0
70	2736.0	0.0	0.0	8409.0
80	2845.75	0.0	0.0	11243.0
90	2705.0	0.0	0.0	7753.0
100	2442.5	0.0	0.0	13092.0
110	2781.25	0.0	0.0	7695.0
120	2750.0	0.0	0.0	11489.0
130	2929.5	0.0	0.0	10003.0
140	2651.0	0.0	0.0	8025.0
150	3116.0	0.0	0.0	11351.0
160	2750.5	0.0	0.0	10355.0
170	2643.25	0.0	0.0	7872.0
180	3044.25	0.0	0.0	7444.0
190	2428.75	0.0	0.0	10277.0
200	2646.0	0.0	0.0	8613.0
210	2840.5	0.0	0.0	10513.0
220	2433.75	0.0	0.0	13061.0
230	2841.5	0.0	0.0	12378.0
240	2515.0	0.0	0.0	8971.0
250	2871.0	0.0	0.0	8389.0
260	2761.25	0.0	0.0	9415.0
270	3629.25	0.0	0.0	8224.0
280	3476.75	0.0	0.0	9485.0
290	3112.0	0.0	0.0	9412.0
300	3352.75	0.0	0.0	11191.0
310	3890.0	0.0	0.0	13410.0
320	3888.75	0.0	0.0	11287.0
330	3700.75	0.0	0.0	10731.0
340	3458.0	0.0	0.0	10116.0
350	3228.5	0.0	0.0	10780.0
360	3414.0	0.0	0.0	9425.0
370	3591.5	0.0	0.0	11094.0
380	3429.5	0.0	0.0	9928.0
390	3299.25	0.0	0.0	11876.0
400	3717.5	0.0	0.0	10264.0
410	3589.0	0.0	0.0	13018.0
420	3500.25	0.0	0.0	10979.0
430	3748.5	0.0	0.0	10164.0
440	3960.5	0.0	0.0	9947.0
450	3442.25	0.0	0.0	8766.0
460	3548.0	0.0	0.0	8922.0
470	3934.75	0.0	0.0	10100.0
480	3846.5	0.0	0.0	12995.0
490	3434.5	0.0	0.0	9130.0
500	3595.0	0.0	0.0	7989.0
510	3518.75	0.0	0.0	11982.0
520	3897.0	0.0	0.0	10843.0
530	3647.25	0.0	0.0	11158.0
540	3620.25	0.0	0.0	9497.0
550	3648.25	0.0	0.0	8770.0
560	3667.0	0.0	0.0	11505.0
570	3475.5	0.0	0.0	11849.0
580	3951.75	0.0	0.0	11669.0
590	3679.25	0.0	0.0	9469.0
600	4114.25	0.0	0.0	9842.0
610	3431.5	0.0	0.0	12310.0
620	3392.75	0.0	0.0	11537.0
630	3647.5	0.0	0.0	9954.0
640	3811.25	0.0	0.0	12888.0
650	3441.25	0.0	0.0	12995.0
660	3707.75	0.0	0.0	12929.0
670	3594.0	0.0	0.0	10696.0
680	3645.75	0.0	0.0	8664.0
690	4179.25	0.0	0.0	9393.0
700	4024.75	0.0	0.0	10238.0
710	3863.0	0.0	0.0	10306.0
720	3745.0	0.0	0.0	13320.0
730	3802.5	0.0	0.0	9792.0
740	3453.75	0.0	0.0	10512.0
750	3679.0	0.0	0.0	11371.0
760	3760.25	0.0	0.0	8536.0
770	3801.25	0.0	0.0	12899.0
780	3804.5	0.0	0.0	8864.0
790	3786.0	0.0	0.0	8718.0
800	3488.5	0.0	0.0	11215.0
