0	2251.25	0.0	0.0	0.0
10	2052.5	609.0	6265.0	11176.0
20	2465.25	391.0	2302.0	11409.0
30	2498.75	0.0	0.0	10241.0
40	2587.5	0.0	0.0	7915.0
50	2506.5	0.0	0.0	7367.0
60	2307.75	0.0	0.0	9675.0
70	2380.25	0.0	0.0	7326.0
80	2694.0	0.0	0.0	9763.0
90	2691.75	0.0	0.0	11963.0
100	2930.5	0.0	0.0	12038.0
110	2965.25	0.0	0.0	11202.0
120	2970.75	0.0	0.0	11509.0
130	2550.5	0.0	0.0	10587.0
140	2742.5	0.0	0.0	7730.0
150	3163.25	0.0	0.0	7642.0
160	2712.0	0.0	0.0	7905.0
170	2269.75	0.0	0.0	10739.0
180	2697.0	0.0	0.0	9777.0
190	3107.25	0.0	0.0	5838.0
200	2437.5	0.0	0.0	6699.0
210	2341.5	0.0	0.0	9363.0
220	2483.75	0.0	0.0	12767.0
230	2488.75	0.0	0.0	8928.0
240	2671.5	0.0	0.0	9291.0
250	2555.5	0.0	0.0	5927.0
260	2564.75	0.0	0.0	8057.0
270	3331.0	0.0	0.0	7235.0
280	2945.0	0.0	0.0	14286.0
290	3167.75	0.0	0.0	10383.0
300	3179.75	0.0	0.0	11063.0
310	3339.5	0.0	0.0	5670.0
320	3380.75	0.0	0.0	7639.0
330	3491.5	0.0	0.0	6695.0
340	3314.25	0.0	0.0	9824.0
350	2998.75	0.0	0.0	12325.0
360	3528.25	0.0	0.0	10471.0
370	3205.5	0.0	0.0	9576.0
380	3288.0	0.0	0.0	8779.0
390	3020.5	0.0	0.0	9026.0
400	2937.75	0.0	0.0	9527.0
410	2965.25	0.0	0.0	8894.0
420	3269.5	0.0	0.0	7898.0
430	3998.0	0.0	0.0	11332.0
440	3846.25	0.0	0.0	9275.0
450	3235.5	0.0	0.0	9030.0
460	3222.25	0.0	0.0	7472.0
470	3185.0	0.0	0.0	13372.0
480	2764.75	0.0	0.0	10976.0
490	3346.5	0.0	0.0	10791.0
500	3914.5	0.0	0.0	8857.0
510	3241.25	0.0	0.0	11167.0
520	3572.25	0.0	0.0	9503.0
530	3548.5	0.0	0.0	11361.0
540	3573.5	0.0	0.0	8434.0
550	3874.5	0.0	0.0	7472.0
560	3615.75	0.0	0.0	14160.0
570	3751.75	0.0	0.0	8089.0
580	3679.0	0.0	0.0	10012.0
590	3440.25	0.0	0.0	12181.0
600	3452.75	0.0	0.0	8107.0
610	3396.25	0.0	0.0	10327.0
620	3551.0	0.0	0.0	8594.0
630	3906.5	0.0	0.0	9293.0
640	3353.5	0.0	0.0	7437.0
650	3645.0	0.0	0.0	10798.0
660	3587.75	0.0	0.0	11581.0
670	3855.75	0.0	0.0	9334.0
680	3194.25	0.0	0.0	11723.0
690	3954.75	0.0	0.0	12874.0
700	3512.5	0.0	0.0	9264.0
710	3600.0	0.0	0.0	10444.0
720	4033.25	0.0	0.0	10775.0
730	3634.25	0.0	0.0	10952.0
740	3789.75	0.0	0.0	7709.0
750	3780.5	0.0	0.0	10350.0
760	3763.75	0.0	0.0	9180.0
770	3559.0	0.0	0.0	7981.0
780	3758.25	0.0	0.0	11713.0
790	3547.0	0.0	0.0	10862.0
800	3840.25	0.0	0.0	13313.0
