0	2192.25	0.0	0.0	0.0
10	2092.25	783.0	7553.0	13845.0
20	2388.0	217.0	2050.0	9034.0
30	2647.75	0.0	0.0	8556.0
40	2460.75	0.0	0.0	6944.0
50	2344.0	0.0	0.0	8432.0
60	2605.75	0.0	0.0	11611.0
70	2579.25	0.0	0.0	7769.0
80	2647.5	0.0	0.0	6953.0
90	2315.25	0.0	0.0	8630.0
100	2577.5	0.0	0.0	12967.0
110	2894.5	0.0	0.0	8216.0
120	2987.0	0.0	0.0	10089.0
130	2897.5	0.0	0.0	10224.0
140	2524.25	0.0	0.0	9533.0
150	2317.25	0.0	0.0	9185.0
160	2948.75	0.0	0.0	9952.0
170	2468.5	0.0	0.0	8879.0
180	2553.5	0.0	0.0	8043.0
190	2848.0	0.0	0.0	10141.0
200	2546.0	0.0	0.0	11442.0
210	2431.5	0.0	0.0	9343.0
220	2486.0	0.0	0.0	9638.0
230	3390.5	0.0	0.0	10138.0
240	3531.75	0.0	0.0	8766.0
250	3049.75	0.0	0.0	10449.0
260	3315.5	0.0	0.0	10651.0
270	3223.75	0.0	0.0	10000.0
280	3007.25	0.0	0.0	9397.0
290	3497.25	0.0	0.0	8221.0
300	3132.5	0.0	0.0	9043.0
310	3538.75	0.0	0.0	10740.0
320	3719.25	0.0	0.0	10625.0
330	3584.25	0.0	0.0	12071.0
340	3572.25	0.0	0.0	10294.0
350	3793.0	0.0	0.0	11050.0
360	3400.0	0.0	0.0	10854.0
370	3251.75	0.0	0.0	11823.0
380	3527.25	0.0	0.0	9496.0
390	3169.5	0.0	0.0	11345.0
400	3647.5	0.0	0.0	13169.0
410	3662.0	0.0	0.0	11517.0
420	3546.75	0.0	0.0	7438.0
430	3678.25	0.0	0.0	11769.0
440	3832.25	0.0	0.0	13712.0
450	3359.25	0.0	0.0	11277.0
460	3311.0	0.0	0.0	11485.0
470	3251.75	0.0	0.0	10084.0
480	3558.0	0.0	0.0	7852.0
490	2861.0	0.0	0.0	9109.0
500	3259.25	0.0	0.0	9603.0
510	2978.0	0.0	0.0	10775.0
520	3101.5	0.0	0.0	11962.0
530	4074.0	0.0	0.0	8118.0
540	3584.75	0.0	0.0	11031.0
550	3342.75	0.0	0.0	11551.0
560	3794.5	0.0	0.0	11250.0
570	3775.25	0.0	0.0	9359.0
580	3985.25	0.0	0.0	12362.0
590	3372.75	0.0	0.0	8144.0
600	3919.25	0.0	0.0	10032.0
610	3434.75	0.0	0.0	10614.0
620	3492.75	0.0	0.0	7304.0
630	3298.5	0.0	0.0	11601.0
640	3313.25	0.0	0.0	11510.0
650	4070.75	0.0	0.0	11043.0
660	4051.5	0.0	0.0	7853.0
670	3670.0	0.0	0.0	12527.0
680	3918.75	0.0	0.0	10004.0
690	3242.0	0.0	0.0	9285.0
700	3528.5	0.0	0.0	10139.0
710	3982.5	0.0	0.0	9477.0
720	3800.25	0.0	0.0	12672.0
730	3299.75	0.0	0.0	13836.0
740	3797.0	0.0	0.0	11309.0
750	3922.25	0.0	0.0	10885.0
760	4041.5	0.0	0.0	9200.0
770	4089.25	0.0	0.0	10009.0
780	3549.5	0.0	0.0	9071.0
790	3736.75	0.0	0.0	9421.0
800	3864.5	0.0	0.0	11138.0
