0	2155.5	0.0	0.0	0.0
10	2334.0	380.0	5646.0	9535.0
20	2537.0	620.0	5366.0	10075.0
30	2434.75	0.0	0.0	6979.0
40	2325.75	0.0	0.0	11304.0
50	2487.0	0.0	0.0	11275.0
60	2551.25	0.0	0.0	10085.0
70	2510.0	0.0	0.0	6836.0
80	2733.0	0.0	0.0	8199.0
90	1871.5	0.0	0.0	11853.0
100	2408.5	0.0	0.0	8750.0
110	2740.5	0.0	0.0	7431.0
120	2747.0	0.0	0.0	8916.0
130	2625.0	0.0	0.0	10823.0
140	2450.0	0.0	0.0	7539.0
150	2628.0	0.0	0.0	8681.0
160	2854.0	0.0	0.0	10212.0
170	2352.5	0.0	0.0	10649.0
180	2453.25	0.0	0.0	11461.0
190	2606.75	0.0	0.0	12746.0
200	2828.0	0.0	0.0	10614.0
210	2264.75	0.0	0.0	12323.0
220	2866.0	0.0	0.0	8034.0
230	2851.75	0.0	0.0	6712.0
240	3325.25	0.0	0.0	6562.0
250	3088.0	0.0	0.0	9111.0
260	2954.25	0.0	0.0	7872.0
270	3126.25	0.0	0.0	10106.0
280	2822.5	0.0	0.0	8077.0
290	2556.0	0.0	0.0	12535.0
300	2748.25	0.0	0.0	10576.0
310	3034.5	0.0	0.0	10134.0
320	3457.25	0.0	0.0	9166.0
330	3716.5	0.0	0.0	10139.0
340	3422.75	0.0	0.0	10960.0
350	3241.0	0.0	0.0	9382.0
360	3140.5	0.0	0.0	13679.0
370	3818.25	0.0	0.0	8401.0
380	3186.75	0.0	0.0	10060.0
390	3388.0	0.0	0.0	7122.0
400	3517.25	0.0	0.0	11607.0
410	3365.0	0.0	0.0	9444.0
420	3346.75	0.0	0.0	10382.0
430	3263.0	0.0	0.0	6732.0
440	3616.75	0.0	0.0	9400.0
450	3856.75	0.0	0.0	11216.0
460	3510.5	0.0	0.0	13377.0
470	3505.5	0.0	0.0	10388.0
480	4414.0	0.0	0.0	10688.0
490	4027.5	0.0	0.0	11420.0
500	3470.5	0.0	0.0	10250.0
510	3853.25	0.0	0.0	9116.0
520	3111.75	0.0	0.0	11914.0
530	3232.5	0.0	0.0	11501.0
540	3369.0	0.0	0.0	12516.0
550	3286.0	0.0	0.0	8528.0
560	3257.0	0.0	0.0	10798.0
570	3060.0	0.0	0.0	14755.0
580	3661.5	0.0	0.0	9980.0
590	3569.25	0.0	0.0	11109.0
600	2900.5	0.0	0.0	10367.0
610	3488.0	0.0	0.0	9779.0
620	3407.75	0.0	0.0	11809.0
630	4016.25	0.0	0.0	8289.0
640	3897.75	0.0	0.0	9577.0
650	3951.0	0.0	0.0	12042.0
660	3543.0	0.0	0.0	14025.0
670	3739.25	0.0	0.0	10289.0
680	3808.75	0.0	0.0	11466.0
690	4074.75	0.0	0.0	10475.0
700	3896.5	0.0	0.0	7767.0
710	3728.75	0.0	0.0	9168.0
720	3991.25	0.0	0.0	10195.0
730	3825.25	0.0	0.0	9309.0
740	3564.25	0.0	0.0	9251.0
750	3854.25	0.0	0.0	10931.0
760	3278.75	0.0	0.0	9580.0
770	3887.75	0.0	0.0	10445.0
780	3759.5	0.0	0.0	11850.0
790	3910.75	0.0	0.0	12471.0
800	3553.25	0.0	0.0	7408.0
