0	280.6666666666667	0.0	0.0	0.0
10	1628.6666666666667	127.0	4966.0	9694.0
20	2257.6666666666665	16.0	3852.0	7718.0
30	2125.5	118.0	4691.0	9371.0
40	2239.1666666666665	33.0	3906.0	7643.0
50	2383.6666666666665	135.0	6400.0	12721.0
60	2002.1666666666667	49.0	3915.0	7725.0
70	2654.8333333333335	100.0	6531.0	12962.0
80	2204.6666666666665	79.0	4893.0	9772.0
90	2241.5	59.0	5263.0	10393.0
100	2425.1666666666665	38.0	5358.0	10563.0
110	2295.6666666666665	17.0	3587.0	7051.0
120	2339.1666666666665	26.0	4583.0	9170.0
130	2472.0	33.0	4588.0	9190.0
140	2465.1666666666665	34.0	5155.0	10282.0
150	2685.3333333333335	25.0	2158.0	7879.0
160	2324.0	0.0	0.0	11514.0
170	2491.5	0.0	0.0	8154.0
180	2468.8333333333335	0.0	0.0	12511.0
190	2674.6666666666665	0.0	0.0	9923.0
200	2760.6666666666665	0.0	0.0	9226.0
210	2933.8333333333335	0.0	0.0	8871.0
220	3253.3333333333335	0.0	0.0	9380.0
230	3279.1666666666665	0.0	0.0	9983.0
240	2915.8333333333335	0.0	0.0	10277.0
250	3083.1666666666665	0.0	0.0	12037.0
260	3128.8333333333335	0.0	0.0	8116.0
270	3074.1666666666665	0.0	0.0	10256.0
280	3608.6666666666665	0.0	0.0	8045.0
290	3403.6666666666665	0.0	0.0	10431.0
300	2935.8333333333335	0.0	0.0	10045.0
310	3624.5	0.0	0.0	11750.0
320	3047.3333333333335	0.0	0.0	12887.0
330	2909.1666666666665	0.0	0.0	12727.0
340	3393.8333333333335	0.0	0.0	13401.0
350	3241.8333333333335	0.0	0.0	10886.0
360	3051.0	0.0	0.0	11727.0
370	3432.0	0.0	0.0	10405.0
380	3734.1666666666665	0.0	0.0	11269.0
390	3461.5	0.0	0.0	14456.0
400	3338.1666666666665	0.0	0.0	9298.0
410	3463.8333333333335	0.0	0.0	8977.0
420	3603.0	0.0	0.0	9546.0
430	3485.6666666666665	0.0	0.0	13064.0
440	3187.0	0.0	0.0	9684.0
450	3694.8333333333335	0.0	0.0	10296.0
460	3314.1666666666665	0.0	0.0	10031.0
470	3442.3333333333335	0.0	0.0	9991.0
480	3779.1666666666665	0.0	0.0	13847.0
490	3419.6666666666665	0.0	0.0	7595.0
500	3639.6666666666665	0.0	0.0	14775.0
510	3234.6666666666665	0.0	0.0	12827.0
520	3823.8333333333335	0.0	0.0	10268.0
530	3468.3333333333335	0.0	0.0	9851.0
540	4097.166666666667	0.0	0.0	11670.0
550	3841.3333333333335	0.0	0.0	12162.0
560	3877.3333333333335	0.0	0.0	9465.0
570	3376.1666666666665	0.0	0.0	10382.0
580	3483.1666666666665	0.0	0.0	8374.0
590	4135.666666666667	0.0	0.0	10795.0
600	4088.8333333333335	0.0	0.0	7584.0
610	3668.1666666666665	0.0	0.0	12010.0
620	3919.1666666666665	0.0	0.0	10315.0
630	3503.3333333333335	0.0	0.0	12376.0
640	3781.0	0.0	0.0	13498.0
650	3962.0	0.0	0.0	10672.0
660	3743.3333333333335	0.0	0.0	8494.0
670	3673.1666666666665	0.0	0.0	11322.0
680	3911.5	0.0	0.0	10315.0
690	3760.0	0.0	0.0	9776.0
700	3497.0	0.0	0.0	10366.0
710	3602.0	0.0	0.0	10800.0
720	3699.8333333333335	0.0	0.0	9129.0
730	3832.1666666666665	0.0	0.0	10609.0
740	3832.3333333333335	0.0	0.0	8249.0
750	3842.8333333333335	0.0	0.0	10810.0
760	3993.0	0.0	0.0	8236.0
770	3327.5	0.0	0.0	10979.0
780	3507.5	0.0	0.0	9485.0
790	3748.1666666666665	0.0	0.0	10308.0
800	3678.3333333333335	0.0	0.0	11058.0
810	3373.5	0.0	0.0	9357.0
820	3793.1666666666665	0.0	0.0	12127.0
830	3675.8333333333335	0.0	0.0	10058.0
840	3645.5	0.0	0.0	13011.0
850	3977.6666666666665	0.0	0.0	11409.0
860	3849.1666666666665	0.0	0.0	10748.0
870	3613.3333333333335	0.0	0.0	7809.0
880	3344.8333333333335	0.0	0.0	11322.0
890	3484.8333333333335	0.0	0.0	13311.0
900	3705.6666666666665	0.0	0.0	11334.0
910	3615.1666666666665	0.0	0.0	10179.0
920	3354.6666666666665	0.0	0.0	10554.0
930	3830.5	0.0	0.0	8380.0
940	3816.1666666666665	0.0	0.0	11404.0
950	4126.833333333333	0.0	0.0	9546.0
960	4186.333333333333	0.0	0.0	11409.0
970	4198.5	0.0	0.0	9728.0
980	3707.3333333333335	0.0	0.0	6853.0
990	3642.8333333333335	0.0	0.0	12168.0
1000	4132.0	0.0	0.0	11671.0
