0	242.66666666666666	0.0	0.0	0.0
10	2012.1666666666667	58.0	4799.0	9702.0
20	1994.3333333333333	66.0	4532.0	8896.0
30	2040.5	117.0	3972.0	7691.0
40	2079.6666666666665	65.0	3839.0	7832.0
50	1999.8333333333333	45.0	2569.0	5024.0
60	1999.6666666666667	38.0	3819.0	7659.0
70	2134.0	45.0	4823.0	9665.0
80	2179.0	32.0	3874.0	7650.0
90	2284.6666666666665	37.0	4985.0	9910.0
100	2445.1666666666665	67.0	4956.0	9830.0
110	2434.0	74.0	5251.0	10368.0
120	2345.6666666666665	38.0	3729.0	7403.0
130	2490.1666666666665	13.0	3395.0	6784.0
140	2373.3333333333335	17.0	3186.0	6440.0
150	2622.3333333333335	20.0	4974.0	9945.0
160	2991.1666666666665	26.0	5919.0	11839.0
170	2712.6666666666665	2.0	1224.0	14367.0
180	2331.6666666666665	0.0	0.0	9674.0
190	2916.6666666666665	0.0	0.0	9229.0
200	2921.3333333333335	0.0	0.0	6857.0
210	3103.6666666666665	0.0	0.0	9771.0
220	3165.1666666666665	0.0	0.0	7722.0
230	3289.3333333333335	0.0	0.0	10593.0
240	2560.5	0.0	0.0	11740.0
250	3289.3333333333335	0.0	0.0	14012.0
260	2723.5	0.0	0.0	9659.0
270	3012.1666666666665	0.0	0.0	8059.0
280	3343.5	0.0	0.0	9711.0
290	3438.6666666666665	0.0	0.0	11037.0
300	3336.5	0.0	0.0	12181.0
310	3403.1666666666665	0.0	0.0	7394.0
320	3357.0	0.0	0.0	9502.0
330	3639.0	0.0	0.0	12038.0
340	3160.1666666666665	0.0	0.0	10831.0
350	3107.5	0.0	0.0	9291.0
360	3439.5	0.0	0.0	9120.0
370	3601.1666666666665	0.0	0.0	6939.0
380	3838.5	0.0	0.0	9513.0
390	3439.6666666666665	0.0	0.0	7677.0
400	3267.3333333333335	0.0	0.0	8443.0
410	3943.6666666666665	0.0	0.0	11336.0
420	3460.6666666666665	0.0	0.0	12099.0
430	3863.1666666666665	0.0	0.0	9330.0
440	3751.8333333333335	0.0	0.0	10695.0
450	3276.3333333333335	0.0	0.0	11647.0
460	3813.1666666666665	0.0	0.0	11120.0
470	3617.0	0.0	0.0	9551.0
480	3572.8333333333335	0.0	0.0	10126.0
490	3570.8333333333335	0.0	0.0	9145.0
500	3976.6666666666665	0.0	0.0	10702.0
510	3932.1666666666665	0.0	0.0	9752.0
520	3810.3333333333335	0.0	0.0	12167.0
530	3958.1666666666665	0.0	0.0	13246.0
540	3471.8333333333335	0.0	0.0	10773.0
550	3469.3333333333335	0.0	0.0	9608.0
560	3378.6666666666665	0.0	0.0	8401.0
570	3304.5	0.0	0.0	8171.0
580	3437.5	0.0	0.0	9823.0
590	3335.0	0.0	0.0	12127.0
600	3351.1666666666665	0.0	0.0	10226.0
610	3122.6666666666665	0.0	0.0	12092.0
620	3529.5	0.0	0.0	8277.0
630	3963.5	0.0	0.0	8291.0
640	3603.1666666666665	0.0	0.0	7499.0
650	3811.5	0.0	0.0	12166.0
660	3725.3333333333335	0.0	0.0	10250.0
670	3351.0	0.0	0.0	10551.0
680	3887.0	0.0	0.0	8971.0
690	3531.0	0.0	0.0	10815.0
700	3899.1666666666665	0.0	0.0	10049.0
710	3899.1666666666665	0.0	0.0	10566.0
720	3698.8333333333335	0.0	0.0	10368.0
730	3913.3333333333335	0.0	0.0	11325.0
740	4200.166666666667	0.0	0.0	8393.0
750	3954.8333333333335	0.0	0.0	9926.0
760	4033.8333333333335	0.0	0.0	8612.0
770	3769.6666666666665	0.0	0.0	10252.0
780	3623.5	0.0	0.0	10867.0
790	3927.0	0.0	0.0	8265.0
800	3856.6666666666665	0.0	0.0	11330.0
810	3919.6666666666665	0.0	0.0	8640.0
820	3787.3333333333335	0.0	0.0	13834.0
830	3827.0	0.0	0.0	12002.0
840	3995.8333333333335	0.0	0.0	11192.0
850	3647.0	0.0	0.0	10477.0
860	3852.6666666666665	0.0	0.0	9573.0
870	3953.1666666666665	0.0	0.0	7829.0
880	3965.3333333333335	0.0	0.0	9431.0
890	4050.8333333333335	0.0	0.0	9621.0
900	3887.1666666666665	0.0	0.0	12053.0
910	3608.5	0.0	0.0	8975.0
920	3795.3333333333335	0.0	0.0	8344.0
930	3882.8333333333335	0.0	0.0	11244.0
940	3863.1666666666665	0.0	0.0	11979.0
950	3503.6666666666665	0.0	0.0	11860.0
960	3737.3333333333335	0.0	0.0	9735.0
970	4195.833333333333	0.0	0.0	11456.0
980	3641.6666666666665	0.0	0.0	11417.0
990	4103.833333333333	0.0	0.0	8605.0
1000	3605.1666666666665	0.0	0.0	7149.0
