0	268.6666666666667	0.0	0.0	0.0
10	2161.1666666666665	85.0	4870.0	9674.0
20	1685.0	160.0	4725.0	9174.0
30	2222.6666666666665	149.0	7463.0	14772.0
40	2379.3333333333335	24.0	5122.0	10150.0
50	2304.1666666666665	127.0	7004.0	13813.0
60	2430.1666666666665	50.0	5335.0	10732.0
70	2543.6666666666665	89.0	5643.0	11397.0
80	2132.6666666666665	36.0	4148.0	8239.0
90	2459.3333333333335	28.0	3357.0	6834.0
100	2231.0	25.0	3257.0	6573.0
110	2429.1666666666665	50.0	5353.0	10765.0
120	2296.0	49.0	5625.0	11097.0
130	2506.1666666666665	26.0	4935.0	9867.0
140	2978.3333333333335	31.0	3009.0	9856.0
150	2742.0	0.0	0.0	7180.0
160	2867.8333333333335	0.0	0.0	10009.0
170	2508.5	0.0	0.0	9808.0
180	2752.8333333333335	0.0	0.0	10145.0
190	2839.6666666666665	0.0	0.0	8593.0
200	2997.5	0.0	0.0	10781.0
210	2925.8333333333335	0.0	0.0	10456.0
220	2857.3333333333335	0.0	0.0	9367.0
230	3147.0	0.0	0.0	8536.0
240	2907.1666666666665	0.0	0.0	10145.0
250	3178.0	0.0	0.0	10495.0
260	3332.1666666666665	0.0	0.0	9656.0
270	2846.1666666666665	0.0	0.0	5923.0
280	3143.0	0.0	0.0	7353.0
290	3338.0	0.0	0.0	7795.0
300	3243.3333333333335	0.0	0.0	9544.0
310	3073.5	0.0	0.0	8970.0
320	3253.5	0.0	0.0	11929.0
330	3374.6666666666665	0.0	0.0	9282.0
340	3176.5	0.0	0.0	13467.0
350	3649.6666666666665	0.0	0.0	9220.0
360	3552.3333333333335	0.0	0.0	10463.0
370	3670.8333333333335	0.0	0.0	6666.0
380	3322.8333333333335	0.0	0.0	9693.0
390	3744.6666666666665	0.0	0.0	8946.0
400	3427.0	0.0	0.0	4919.0
410	3747.3333333333335	0.0	0.0	10371.0
420	3570.3333333333335	0.0	0.0	8274.0
430	3263.8333333333335	0.0	0.0	10678.0
440	3632.3333333333335	0.0	0.0	11132.0
450	3412.8333333333335	0.0	0.0	8365.0
460	3353.6666666666665	0.0	0.0	11540.0
470	3486.0	0.0	0.0	8393.0
480	3356.8333333333335	0.0	0.0	13274.0
490	3147.8333333333335	0.0	0.0	8202.0
500	3710.3333333333335	0.0	0.0	10530.0
510	3675.3333333333335	0.0	0.0	10220.0
520	4067.5	0.0	0.0	11014.0
530	3411.8333333333335	0.0	0.0	12552.0
540	3633.6666666666665	0.0	0.0	12996.0
550	3961.8333333333335	0.0	0.0	8480.0
560	3855.6666666666665	0.0	0.0	12630.0
570	3968.3333333333335	0.0	0.0	11814.0
580	3921.3333333333335	0.0	0.0	10024.0
590	3851.5	0.0	0.0	13007.0
600	3933.6666666666665	0.0	0.0	8026.0
610	3789.0	0.0	0.0	11207.0
620	3157.8333333333335	0.0	0.0	9305.0
630	3566.5	0.0	0.0	9968.0
640	3218.0	0.0	0.0	12472.0
650	3699.6666666666665	0.0	0.0	11162.0
660	3676.1666666666665	0.0	0.0	12223.0
670	3683.6666666666665	0.0	0.0	9944.0
680	3775.8333333333335	0.0	0.0	12627.0
690	3463.6666666666665	0.0	0.0	12987.0
700	3787.8333333333335	0.0	0.0	9868.0
710	3926.1666666666665	0.0	0.0	11478.0
720	3972.0	0.0	0.0	9723.0
730	3596.5	0.0	0.0	12602.0
740	3667.3333333333335	0.0	0.0	12758.0
750	3844.0	0.0	0.0	6317.0
760	3421.8333333333335	0.0	0.0	9970.0
770	3878.5	0.0	0.0	8076.0
780	3582.1666666666665	0.0	0.0	9219.0
790	3680.5	0.0	0.0	11662.0
800	4033.5	0.0	0.0	8467.0
810	3601.5	0.0	0.0	10323.0
820	3540.5	0.0	0.0	11632.0
830	3950.8333333333335	0.0	0.0	7233.0
840	3622.8333333333335	0.0	0.0	11191.0
850	3578.6666666666665	0.0	0.0	10437.0
860	3936.5	0.0	0.0	9438.0
870	3998.5	0.0	0.0	10014.0
880	4136.0	0.0	0.0	11224.0
890	3896.6666666666665	0.0	0.0	11266.0
900	3714.1666666666665	0.0	0.0	10353.0
910	3585.3333333333335	0.0	0.0	8675.0
920	3682.5	0.0	0.0	10410.0
930	3875.0	0.0	0.0	11306.0
940	3741.8333333333335	0.0	0.0	11040.0
950	3603.6666666666665	0.0	0.0	10975.0
960	3579.5	0.0	0.0	8701.0
970	4133.833333333333	0.0	0.0	11520.0
980	3986.5	0.0	0.0	11039.0
990	4019.8333333333335	0.0	0.0	9012.0
1000	3898.1666666666665	0.0	0.0	9329.0
