0	252.56666666666666	0.0	0.0	0.0
10	1930.775	1000.0	3700.9666666666667	9249.166666666666
20	1968.075	0.0	0.0	8113.0
30	2041.8833333333334	0.0	0.0	7969.6
40	2101.9666666666667	0.0	0.0	8163.266666666666
50	2159.266666666667	0.0	0.0	8074.466666666666
60	2199.9416666666666	0.0	0.0	8541.9
70	2226.391666666667	0.0	0.0	8100.166666666667
80	2312.8416666666667	0.0	0.0	8789.833333333334
90	2312.4333333333334	0.0	0.0	8495.033333333333
100	2371.325	0.0	0.0	8884.4
110	2411.741666666667	0.0	0.0	8430.166666666666
120	2366.625	0.0	0.0	8797.5
130	2392.4	0.0	0.0	9167.833333333334
140	2472.675	0.0	0.0	8647.733333333334
150	2534.8166666666666	0.0	0.0	8800.866666666667
160	2490.0916666666667	0.0	0.0	8412.0
170	2501.641666666667	0.0	0.0	9073.833333333334
180	2447.8333333333335	0.0	0.0	8098.4
190	2500.391666666667	0.0	0.0	9325.7
200	2477.1583333333333	0.0	0.0	8826.233333333334
210	2508.358333333333	0.0	0.0	9302.3
220	2391.275	0.0	0.0	8565.566666666668
230	2537.366666666667	0.0	0.0	8725.666666666666
240	2558.891666666667	0.0	0.0	8896.166666666666
250	2543.858333333333	0.0	0.0	9556.166666666666
260	2549.483333333333	0.0	0.0	8596.166666666666
270	2624.858333333333	0.0	0.0	9219.833333333334
280	2532.8166666666666	0.0	0.0	8866.033333333333
290	2630.3	0.0	0.0	9132.3
300	2637.3083333333334	0.0	0.0	9180.633333333333
310	2661.125	0.0	0.0	9067.766666666666
320	2855.8083333333334	0.0	0.0	8912.7
330	2798.4333333333334	0.0	0.0	9166.3
340	2834.391666666667	0.0	0.0	9080.933333333332
350	2904.983333333333	0.0	0.0	9134.833333333334
360	2803.8083333333334	0.0	0.0	10039.966666666667
370	2855.991666666667	0.0	0.0	9347.5
380	2955.875	0.0	0.0	9776.466666666667
390	2981.5916666666667	0.0	0.0	9715.666666666666
400	3149.7166666666667	0.0	0.0	9887.966666666667
410	3111.883333333333	0.0	0.0	9344.066666666668
420	3199.15	0.0	0.0	9423.366666666667
430	3276.1	0.0	0.0	9486.566666666668
440	3221.525	0.0	0.0	9464.233333333334
450	3228.1666666666665	0.0	0.0	9681.9
460	3356.6833333333334	0.0	0.0	10025.933333333332
470	3270.7916666666665	0.0	0.0	9956.066666666668
480	3293.0416666666665	0.0	0.0	10041.366666666667
490	3384.7083333333335	0.0	0.0	10156.266666666666
500	3388.366666666667	0.0	0.0	11071.8
510	3354.3166666666666	0.0	0.0	10485.6
520	3460.2833333333333	0.0	0.0	10510.966666666667
530	3345.6583333333333	0.0	0.0	9851.0
540	3419.2166666666667	0.0	0.0	10403.566666666668
550	3498.633333333333	0.0	0.0	10261.7
560	3476.516666666667	0.0	0.0	10022.6
570	3529.858333333333	0.0	0.0	10787.5
580	3436.0333333333333	0.0	0.0	10297.2
590	3510.866666666667	0.0	0.0	10517.3
600	3522.6	0.0	0.0	10255.433333333332
610	3585.3083333333334	0.0	0.0	10318.833333333334
620	3598.8416666666667	0.0	0.0	10111.966666666667
630	3530.9166666666665	0.0	0.0	11157.266666666666
640	3505.15	0.0	0.0	10431.066666666668
650	3548.25	0.0	0.0	10380.233333333334
660	3510.258333333333	0.0	0.0	10017.166666666666
670	3639.1	0.0	0.0	10372.866666666667
680	3661.25	0.0	0.0	10383.466666666667
690	3620.45	0.0	0.0	10474.266666666666
700	3653.0583333333334	0.0	0.0	10439.166666666666
710	3667.383333333333	0.0	0.0	10558.633333333333
720	3663.6666666666665	0.0	0.0	10073.533333333333
730	3596.891666666667	0.0	0.0	10459.833333333334
740	3647.8	0.0	0.0	10786.4
750	3716.9333333333334	0.0	0.0	10247.366666666667
760	3667.45	0.0	0.0	10310.333333333334
770	3653.375	0.0	0.0	10214.433333333332
780	3679.4083333333333	0.0	0.0	10162.7
790	3737.625	0.0	0.0	10257.766666666666
800	3755.741666666667	0.0	0.0	10448.133333333333
810	3665.3416666666667	0.0	0.0	10276.766666666666
820	3671.641666666667	0.0	0.0	10544.133333333333
830	3784.1666666666665	0.0	0.0	10138.6
840	3685.125	0.0	0.0	9888.2
850	3724.55	0.0	0.0	10413.5
860	3769.858333333333	0.0	0.0	11116.733333333334
870	3665.1916666666666	0.0	0.0	10721.133333333333
880	3755.775	0.0	0.0	10190.666666666666
890	3718.7833333333333	0.0	0.0	10598.166666666666
900	3704.9583333333335	0.0	0.0	10228.6
910	3798.75	0.0	0.0	10700.0
920	3778.6666666666665	0.0	0.0	10418.633333333333
930	3683.15	0.0	0.0	10295.033333333333
940	3710.45	0.0	0.0	10630.366666666667
950	3767.608333333333	0.0	0.0	10187.433333333332
960	3784.1	0.0	0.0	10208.466666666667
970	3780.108333333333	0.0	0.0	10777.766666666666
980	3808.6	0.0	0.0	10815.2
990	3741.85	0.0	0.0	10054.133333333333
1000	3807.9333333333334	0.0	0.0	10167.933333333332
