0	274.0	0.0	0.0	0.0
10	1812.5	1000.0	3235.0	8476.0
20	1637.75	0.0	0.0	6724.0
30	1789.75	0.0	0.0	8619.0
40	2068.5	0.0	0.0	8507.0
50	2192.75	0.0	0.0	6047.0
60	2220.5	0.0	0.0	7080.0
70	2161.0	0.0	0.0	7967.0
80	2156.5	0.0	0.0	8365.0
90	2128.0	0.0	0.0	6109.0
100	1953.5	0.0	0.0	7387.0
110	2374.5	0.0	0.0	5432.0
120	2120.25	0.0	0.0	10892.0
130	2011.0	0.0	0.0	8645.0
140	2282.0	0.0	0.0	7842.0
150	2354.0	0.0	0.0	7949.0
160	2001.5	0.0	0.0	8151.0
170	2349.25	0.0	0.0	9147.0
180	1777.25	0.0	0.0	6814.0
190	2387.75	0.0	0.0	7288.0
200	2383.0	0.0	0.0	5506.0
210	2266.25	0.0	0.0	9602.0
220	2119.0	0.0	0.0	4826.0
230	2059.5	0.0	0.0	9735.0
240	2215.0	0.0	0.0	8930.0
250	2351.0	0.0	0.0	11215.0
260	2527.0	0.0	0.0	7421.0
270	2751.25	0.0	0.0	9108.0
280	2722.0	0.0	0.0	13962.0
290	2161.0	0.0	0.0	10003.0
300	2951.75	0.0	0.0	9338.0
310	2782.5	0.0	0.0	9730.0
320	3157.75	0.0	0.0	8878.0
330	2662.5	0.0	0.0	12289.0
340	3202.0	0.0	0.0	11426.0
350	2930.25	0.0	0.0	11614.0
360	2858.25	0.0	0.0	9298.0
370	3092.25	0.0	0.0	13559.0
380	2849.75	0.0	0.0	9498.0
390	2525.25	0.0	0.0	10100.0
400	3331.0	0.0	0.0	11259.0
410	3394.0	0.0	0.0	10348.0
420	3057.0	0.0	0.0	8980.0
430	3628.25	0.0	0.0	8914.0
440	2947.5	0.0	0.0	9670.0
450	2823.0	0.0	0.0	10056.0
460	3484.0	0.0	0.0	9020.0
470	3165.25	0.0	0.0	11004.0
480	2293.0	0.0	0.0	8326.0
490	3171.0	0.0	0.0	12577.0
500	3370.25	0.0	0.0	13239.0
510	3396.0	0.0	0.0	11588.0
520	3412.25	0.0	0.0	11375.0
530	3104.75	0.0	0.0	9984.0
540	3227.5	0.0	0.0	14948.0
550	3047.75	0.0	0.0	11821.0
560	4167.25	0.0	0.0	10251.0
570	3972.0	0.0	0.0	10069.0
580	3640.75	0.0	0.0	12320.0
590	4148.75	0.0	0.0	9079.0
600	3814.25	0.0	0.0	12093.0
610	3237.25	0.0	0.0	10627.0
620	3630.25	0.0	0.0	9948.0
630	3450.0	0.0	0.0	13061.0
640	3977.25	0.0	0.0	10224.0
650	3383.5	0.0	0.0	7786.0
660	3811.25	0.0	0.0	11891.0
670	3658.5	0.0	0.0	9756.0
680	3473.75	0.0	0.0	11588.0
690	3457.5	0.0	0.0	10086.0
700	4014.5	0.0	0.0	14746.0
710	3837.25	0.0	0.0	11234.0
720	3523.25	0.0	0.0	12597.0
730	3784.5	0.0	0.0	8686.0
740	3546.25	0.0	0.0	10715.0
750	3685.0	0.0	0.0	10422.0
760	3834.75	0.0	0.0	12044.0
770	3733.25	0.0	0.0	8129.0
780	3472.0	0.0	0.0	10741.0
790	3874.25	0.0	0.0	10077.0
800	3654.75	0.0	0.0	11210.0
810	3591.75	0.0	0.0	12233.0
820	3744.0	0.0	0.0	12850.0
830	3431.25	0.0	0.0	9985.0
840	3875.0	0.0	0.0	9985.0
850	3851.5	0.0	0.0	10916.0
860	4055.5	0.0	0.0	10155.0
870	3659.75	0.0	0.0	10355.0
880	3922.0	0.0	0.0	11511.0
890	3699.75	0.0	0.0	10293.0
900	3924.5	0.0	0.0	11512.0
910	3602.0	0.0	0.0	10780.0
920	3953.75	0.0	0.0	9104.0
930	3527.0	0.0	0.0	9307.0
940	3715.75	0.0	0.0	11723.0
950	3739.75	0.0	0.0	9353.0
960	3927.0	0.0	0.0	9196.0
970	3694.75	0.0	0.0	10404.0
980	3576.75	0.0	0.0	11857.0
990	4102.0	0.0	0.0	9962.0
1000	3522.0	0.0	0.0	10926.0
