0	218.0	0.0	0.0	0.0
10	1862.25	1000.0	2751.0	7812.0
20	2137.0	0.0	0.0	7668.0
30	2169.5	0.0	0.0	4932.0
40	1861.0	0.0	0.0	6781.0
50	1952.0	0.0	0.0	8334.0
60	2235.5	0.0	0.0	4910.0
70	2128.0	0.0	0.0	8734.0
80	2228.25	0.0	0.0	7751.0
90	2064.25	0.0	0.0	10061.0
100	2493.75	0.0	0.0	10688.0
110	2262.0	0.0	0.0	11421.0
120	2305.0	0.0	0.0	9960.0
130	2358.0	0.0	0.0	10478.0
140	2428.0	0.0	0.0	6724.0
150	2793.0	0.0	0.0	9094.0
160	2590.25	0.0	0.0	6810.0
170	2437.75	0.0	0.0	10871.0
180	2259.5	0.0	0.0	8868.0
190	2739.25	0.0	0.0	8119.0
200	2712.75	0.0	0.0	7627.0
210	2557.75	0.0	0.0	10828.0
220	2152.25	0.0	0.0	9459.0
230	2637.25	0.0	0.0	11466.0
240	2220.5	0.0	0.0	9090.0
250	2243.5	0.0	0.0	11475.0
260	2223.25	0.0	0.0	7186.0
270	2516.5	0.0	0.0	9266.0
280	2958.5	0.0	0.0	12210.0
290	2062.0	0.0	0.0	8252.0
300	2887.75	0.0	0.0	10026.0
310	2709.5	0.0	0.0	6532.0
320	3163.0	0.0	0.0	12725.0
330	3048.75	0.0	0.0	12637.0
340	3484.5	0.0	0.0	9208.0
350	2859.75	0.0	0.0	10891.0
360	2936.5	0.0	0.0	12189.0
370	3182.75	0.0	0.0	10261.0
380	3015.5	0.0	0.0	8107.0
390	3504.0	0.0	0.0	12015.0
400	2812.25	0.0	0.0	7809.0
410	2982.5	0.0	0.0	8797.0
420	3052.5	0.0	0.0	9119.0
430	3413.25	0.0	0.0	11840.0
440	3702.25	0.0	0.0	10662.0
450	2891.75	0.0	0.0	8353.0
460	3635.25	0.0	0.0	7380.0
470	3191.25	0.0	0.0	10248.0
480	3913.25	0.0	0.0	9557.0
490	2918.25	0.0	0.0	10288.0
500	3193.0	0.0	0.0	12459.0
510	3578.25	0.0	0.0	12939.0
520	3562.0	0.0	0.0	8112.0
530	3831.75	0.0	0.0	12396.0
540	3650.75	0.0	0.0	9451.0
550	3839.75	0.0	0.0	10025.0
560	3583.75	0.0	0.0	9563.0
570	3869.5	0.0	0.0	11342.0
580	3559.75	0.0	0.0	11846.0
590	3843.75	0.0	0.0	11902.0
600	2758.25	0.0	0.0	9057.0
610	3281.5	0.0	0.0	9596.0
620	4061.5	0.0	0.0	10020.0
630	3762.25	0.0	0.0	11489.0
640	3318.75	0.0	0.0	8370.0
650	3243.5	0.0	0.0	9089.0
660	3443.0	0.0	0.0	7686.0
670	4000.25	0.0	0.0	12369.0
680	3791.0	0.0	0.0	7940.0
690	3651.5	0.0	0.0	10071.0
700	3440.75	0.0	0.0	9921.0
710	3316.0	0.0	0.0	10504.0
720	3746.25	0.0	0.0	9235.0
730	3941.5	0.0	0.0	11083.0
740	3340.75	0.0	0.0	9847.0
750	3402.5	0.0	0.0	10463.0
760	3585.25	0.0	0.0	11226.0
770	3564.25	0.0	0.0	12628.0
780	2736.0	0.0	0.0	9482.0
790	3141.25	0.0	0.0	9639.0
800	2964.25	0.0	0.0	10817.0
810	3996.0	0.0	0.0	13110.0
820	3306.75	0.0	0.0	12322.0
830	3813.75	0.0	0.0	12313.0
840	3569.25	0.0	0.0	11275.0
850	3666.25	0.0	0.0	10786.0
860	4007.0	0.0	0.0	11931.0
870	3409.25	0.0	0.0	10647.0
880	3552.5	0.0	0.0	9382.0
890	3622.25	0.0	0.0	10506.0
900	3246.5	0.0	0.0	11518.0
910	3892.75	0.0	0.0	8346.0
920	3271.75	0.0	0.0	11308.0
930	3846.0	0.0	0.0	12377.0
940	3725.0	0.0	0.0	12444.0
950	3596.5	0.0	0.0	9693.0
960	3706.75	0.0	0.0	12926.0
970	3605.0	0.0	0.0	10069.0
980	3872.75	0.0	0.0	10062.0
990	3396.75	0.0	0.0	9413.0
1000	3663.0	0.0	0.0	9469.0
