0	285.0	0.0	0.0	0.0
10	2140.75	1000.0	4900.0	13611.0
20	1576.5	0.0	0.0	8744.0
30	2214.0	0.0	0.0	7504.0
40	2238.5	0.0	0.0	5719.0
50	2276.5	0.0	0.0	8209.0
60	2397.5	0.0	0.0	6151.0
70	2331.0	0.0	0.0	5556.0
80	2218.25	0.0	0.0	7822.0
90	2217.0	0.0	0.0	12657.0
100	2147.5	0.0	0.0	6492.0
110	2331.5	0.0	0.0	6772.0
120	2426.0	0.0	0.0	8152.0
130	2493.5	0.0	0.0	8562.0
140	2762.0	0.0	0.0	8012.0
150	2339.25	0.0	0.0	6965.0
160	2445.5	0.0	0.0	7792.0
170	2685.5	0.0	0.0	10154.0
180	2280.0	0.0	0.0	6819.0
190	2443.75	0.0	0.0	8481.0
200	2613.0	0.0	0.0	8502.0
210	2171.0	0.0	0.0	7782.0
220	2620.0	0.0	0.0	6222.0
230	2364.0	0.0	0.0	8542.0
240	2720.25	0.0	0.0	10757.0
250	2451.75	0.0	0.0	8756.0
260	2513.0	0.0	0.0	6252.0
270	2697.25	0.0	0.0	9244.0
280	2560.25	0.0	0.0	8089.0
290	2559.25	0.0	0.0	9351.0
300	2564.25	0.0	0.0	11718.0
310	2304.0	0.0	0.0	12563.0
320	2707.5	0.0	0.0	8982.0
330	3250.0	0.0	0.0	7954.0
340	2407.5	0.0	0.0	10938.0
350	2677.5	0.0	0.0	7702.0
360	2266.0	0.0	0.0	8022.0
370	3192.0	0.0	0.0	7637.0
380	3078.75	0.0	0.0	7998.0
390	3381.0	0.0	0.0	8412.0
400	2736.0	0.0	0.0	9665.0
410	2759.0	0.0	0.0	11312.0
420	2579.25	0.0	0.0	10451.0
430	3871.5	0.0	0.0	9954.0
440	3549.0	0.0	0.0	9517.0
450	3562.75	0.0	0.0	8820.0
460	3847.5	0.0	0.0	9534.0
470	3673.0	0.0	0.0	8602.0
480	3087.75	0.0	0.0	8705.0
490	3473.25	0.0	0.0	12691.0
500	3454.5	0.0	0.0	10541.0
510	3565.75	0.0	0.0	12584.0
520	3647.75	0.0	0.0	7955.0
530	3591.25	0.0	0.0	13951.0
540	3692.25	0.0	0.0	8396.0
550	3765.0	0.0	0.0	10897.0
560	3281.5	0.0	0.0	12156.0
570	3530.25	0.0	0.0	15873.0
580	3718.75	0.0	0.0	9487.0
590	4023.75	0.0	0.0	11082.0
600	3837.75	0.0	0.0	12727.0
610	3629.75	0.0	0.0	8208.0
620	4362.0	0.0	0.0	7168.0
630	3492.5	0.0	0.0	16321.0
640	3749.5	0.0	0.0	11201.0
650	3247.75	0.0	0.0	12508.0
660	2791.0	0.0	0.0	11042.0
670	3576.0	0.0	0.0	11142.0
680	3958.75	0.0	0.0	11207.0
690	3587.5	0.0	0.0	11717.0
700	3362.5	0.0	0.0	12016.0
710	3131.75	0.0	0.0	12726.0
720	3916.25	0.0	0.0	7699.0
730	3504.0	0.0	0.0	12172.0
740	3773.0	0.0	0.0	10360.0
750	3422.0	0.0	0.0	13098.0
760	3682.25	0.0	0.0	10940.0
770	3499.5	0.0	0.0	9972.0
780	3687.0	0.0	0.0	11612.0
790	4137.0	0.0	0.0	10546.0
800	3490.0	0.0	0.0	12977.0
810	3788.75	0.0	0.0	9829.0
820	3713.5	0.0	0.0	9841.0
830	3891.25	0.0	0.0	11885.0
840	3564.0	0.0	0.0	8664.0
850	3695.75	0.0	0.0	10955.0
860	3197.5	0.0	0.0	13146.0
870	4089.0	0.0	0.0	9069.0
880	3908.5	0.0	0.0	9822.0
890	3567.75	0.0	0.0	10241.0
900	3781.5	0.0	0.0	10516.0
910	3992.75	0.0	0.0	14413.0
920	3654.5	0.0	0.0	12257.0
930	3622.0	0.0	0.0	9311.0
940	3802.0	0.0	0.0	9708.0
950	3740.25	0.0	0.0	10675.0
960	3752.0	0.0	0.0	8908.0
970	3939.75	0.0	0.0	9681.0
980	3835.5	0.0	0.0	9977.0
990	3446.5	0.0	0.0	8465.0
1000	3797.75	0.0	0.0	9400.0
