0	2655.3333333333335	0.0	0.0	0.0
10	2437.8333333333335	1000.0	4415.0	9646.0
20	2833.0	0.0	0.0	6442.0
30	2657.8333333333335	0.0	0.0	9786.0
40	2936.3333333333335	0.0	0.0	9635.0
50	3117.8333333333335	0.0	0.0	6399.0
60	2885.8333333333335	0.0	0.0	7954.0
70	2082.1666666666665	0.0	0.0	10879.0
80	2521.6666666666665	0.0	0.0	10683.0
90	3314.0	0.0	0.0	7408.0
100	3032.1666666666665	0.0	0.0	8334.0
110	2853.1666666666665	0.0	0.0	9271.0
120	2849.5	0.0	0.0	12070.0
130	3261.3333333333335	0.0	0.0	9591.0
140	3086.0	0.0	0.0	9194.0
150	3028.0	0.0	0.0	10707.0
160	2674.8333333333335	0.0	0.0	10443.0
170	3281.5	0.0	0.0	9451.0
180	3444.3333333333335	0.0	0.0	10096.0
190	3137.0	0.0	0.0	11216.0
200	3151.0	0.0	0.0	10574.0
210	3219.6666666666665	0.0	0.0	10252.0
220	3779.3333333333335	0.0	0.0	11154.0
230	3653.3333333333335	0.0	0.0	9541.0
240	3191.6666666666665	0.0	0.0	7619.0
250	3817.6666666666665	0.0	0.0	10054.0
260	3587.8333333333335	0.0	0.0	12176.0
270	3691.0	0.0	0.0	9476.0
280	3126.3333333333335	0.0	0.0	9657.0
290	3011.1666666666665	0.0	0.0	9285.0
300	3978.0	0.0	0.0	14070.0
310	3309.8333333333335	0.0	0.0	8625.0
320	3413.1666666666665	0.0	0.0	9550.0
330	3512.6666666666665	0.0	0.0	8622.0
340	2959.5	0.0	0.0	11139.0
350	3608.1666666666665	0.0	0.0	10783.0
360	3945.5	0.0	0.0	6970.0
370	3557.3333333333335	0.0	0.0	11123.0
380	3616.1666666666665	0.0	0.0	9627.0
390	3686.1666666666665	0.0	0.0	8287.0
400	3741.8333333333335	0.0	0.0	12338.0
410	3566.1666666666665	0.0	0.0	9927.0
420	3998.5	0.0	0.0	8746.0
430	3268.1666666666665	0.0	0.0	6227.0
440	4007.6666666666665	0.0	0.0	7081.0
450	3710.3333333333335	0.0	0.0	13177.0
460	3956.3333333333335	0.0	0.0	7960.0
470	3693.8333333333335	0.0	0.0	10068.0
480	3619.0	0.0	0.0	10023.0
490	3276.1666666666665	0.0	0.0	10050.0
500	3654.1666666666665	0.0	0.0	10480.0
510	3866.5	0.0	0.0	7381.0
520	3795.0	0.0	0.0	9475.0
530	3743.6666666666665	0.0	0.0	9580.0
540	3713.3333333333335	0.0	0.0	9047.0
550	3909.8333333333335	0.0	0.0	10546.0
560	3695.8333333333335	0.0	0.0	13702.0
570	3781.6666666666665	0.0	0.0	9908.0
580	3744.8333333333335	0.0	0.0	9971.0
590	3714.8333333333335	0.0	0.0	11253.0
600	3531.0	0.0	0.0	9668.0
610	4117.0	0.0	0.0	10128.0
620	3665.3333333333335	0.0	0.0	9164.0
630	3859.6666666666665	0.0	0.0	10344.0
640	3851.3333333333335	0.0	0.0	12612.0
650	3598.3333333333335	0.0	0.0	10834.0
660	3508.3333333333335	0.0	0.0	14869.0
670	3886.0	0.0	0.0	13072.0
680	3555.1666666666665	0.0	0.0	7545.0
690	3968.1666666666665	0.0	0.0	9695.0
700	4135.333333333333	0.0	0.0	10650.0
710	3922.8333333333335	0.0	0.0	10076.0
720	3954.0	0.0	0.0	9969.0
730	3717.3333333333335	0.0	0.0	13333.0
740	3620.1666666666665	0.0	0.0	10531.0
750	3513.0	0.0	0.0	9688.0
760	3784.8333333333335	0.0	0.0	13814.0
770	3691.6666666666665	0.0	0.0	9233.0
780	3545.6666666666665	0.0	0.0	12271.0
790	4103.0	0.0	0.0	9627.0
800	3593.6666666666665	0.0	0.0	10874.0
