0	2286.3333333333335	0.0	0.0	0.0
10	2137.6666666666665	1000.0	1000.0	7520.0
20	2198.6666666666665	0.0	0.0	11154.0
30	2342.3333333333335	0.0	0.0	11234.0
40	2502.5	0.0	0.0	9320.0
50	2424.8333333333335	0.0	0.0	8044.0
60	2411.6666666666665	0.0	0.0	9083.0
70	2481.8333333333335	0.0	0.0	9650.0
80	2470.1666666666665	0.0	0.0	9370.0
90	2430.3333333333335	0.0	0.0	9368.0
100	2558.8333333333335	0.0	0.0	8690.0
110	2597.6666666666665	0.0	0.0	9333.0
120	2695.3333333333335	0.0	0.0	9997.0
130	2621.1666666666665	0.0	0.0	11128.0
140	2683.8333333333335	0.0	0.0	8150.0
150	2535.6666666666665	0.0	0.0	10318.0
160	2069.5	0.0	0.0	8111.0
170	2962.3333333333335	0.0	0.0	8450.0
180	2145.0	0.0	0.0	9392.0
190	2578.5	0.0	0.0	11268.0
200	2328.0	0.0	0.0	8122.0
210	2596.0	0.0	0.0	13420.0
220	1892.8333333333333	0.0	0.0	8286.0
230	2874.6666666666665	0.0	0.0	7661.0
240	2777.6666666666665	0.0	0.0	8873.0
250	3266.8333333333335	0.0	0.0	12861.0
260	3296.0	0.0	0.0	9108.0
270	2671.6666666666665	0.0	0.0	9399.0
280	2666.8333333333335	0.0	0.0	7716.0
290	2847.1666666666665	0.0	0.0	8259.0
300	3024.6666666666665	0.0	0.0	7604.0
310	2644.0	0.0	0.0	6376.0
320	2775.1666666666665	0.0	0.0	9035.0
330	2288.6666666666665	0.0	0.0	11143.0
340	2511.5	0.0	0.0	8062.0
350	2554.3333333333335	0.0	0.0	9406.0
360	3067.3333333333335	0.0	0.0	10338.0
370	2972.3333333333335	0.0	0.0	10720.0
380	2665.3333333333335	0.0	0.0	11550.0
390	3221.5	0.0	0.0	7952.0
400	3300.0	0.0	0.0	9973.0
410	3487.5	0.0	0.0	7975.0
420	3428.3333333333335	0.0	0.0	9082.0
430	3699.0	0.0	0.0	8084.0
440	2627.5	0.0	0.0	8924.0
450	3321.5	0.0	0.0	8204.0
460	3386.3333333333335	0.0	0.0	8491.0
470	3398.6666666666665	0.0	0.0	10010.0
480	3330.5	0.0	0.0	12094.0
490	3482.6666666666665	0.0	0.0	9578.0
500	3354.1666666666665	0.0	0.0	10515.0
510	3675.3333333333335	0.0	0.0	9512.0
520	3285.0	0.0	0.0	9646.0
530	3376.3333333333335	0.0	0.0	11058.0
540	3394.0	0.0	0.0	13081.0
550	3445.0	0.0	0.0	8163.0
560	3898.3333333333335	0.0	0.0	10926.0
570	3543.0	0.0	0.0	7488.0
580	3769.6666666666665	0.0	0.0	10304.0
590	3568.5	0.0	0.0	10820.0
600	3247.0	0.0	0.0	11789.0
610	3462.5	0.0	0.0	9920.0
620	3665.6666666666665	0.0	0.0	10193.0
630	3657.5	0.0	0.0	9587.0
640	3627.0	0.0	0.0	9582.0
650	3902.5	0.0	0.0	9239.0
660	3789.8333333333335	0.0	0.0	11316.0
670	3858.3333333333335	0.0	0.0	9798.0
680	3730.6666666666665	0.0	0.0	9859.0
690	3416.5	0.0	0.0	9629.0
700	3243.6666666666665	0.0	0.0	11214.0
710	3708.5	0.0	0.0	9091.0
720	3280.6666666666665	0.0	0.0	12248.0
730	2981.5	0.0	0.0	11589.0
740	3609.1666666666665	0.0	0.0	10806.0
750	3739.1666666666665	0.0	0.0	10929.0
760	3905.5	0.0	0.0	9135.0
770	3835.8333333333335	0.0	0.0	9067.0
780	3744.0	0.0	0.0	11234.0
790	3739.5	0.0	0.0	10892.0
800	3843.6666666666665	0.0	0.0	13483.0
