0	2275.1666666666665	0.0	0.0	0.0
10	2220.1666666666665	1000.0	1000.0	8587.0
20	2181.5	0.0	0.0	5348.0
30	2260.1666666666665	0.0	0.0	8353.0
40	2433.8333333333335	0.0	0.0	8398.0
50	2394.6666666666665	0.0	0.0	8595.0
60	2134.6666666666665	0.0	0.0	9878.0
70	2364.3333333333335	0.0	0.0	11020.0
80	2400.0	0.0	0.0	10658.0
90	2448.6666666666665	0.0	0.0	8751.0
100	2601.0	0.0	0.0	9472.0
110	2257.1666666666665	0.0	0.0	11480.0
120	2444.8333333333335	0.0	0.0	8263.0
130	2557.8333333333335	0.0	0.0	11826.0
140	2579.8333333333335	0.0	0.0	7974.0
150	2478.5	0.0	0.0	7865.0
160	2322.1666666666665	0.0	0.0	7822.0
170	2543.5	0.0	0.0	10785.0
180	2611.0	0.0	0.0	9651.0
190	2538.6666666666665	0.0	0.0	13426.0
200	2135.8333333333335	0.0	0.0	10054.0
210	2612.0	0.0	0.0	11100.0
220	2751.8333333333335	0.0	0.0	8956.0
230	2405.8333333333335	0.0	0.0	11374.0
240	2670.8333333333335	0.0	0.0	6541.0
250	2862.8333333333335	0.0	0.0	7855.0
260	2551.0	0.0	0.0	8148.0
270	2557.8333333333335	0.0	0.0	9283.0
280	2463.5	0.0	0.0	9384.0
290	2963.0	0.0	0.0	10223.0
300	3347.1666666666665	0.0	0.0	12513.0
310	3058.8333333333335	0.0	0.0	9344.0
320	3239.1666666666665	0.0	0.0	10386.0
330	3424.1666666666665	0.0	0.0	10300.0
340	3472.3333333333335	0.0	0.0	8782.0
350	3001.0	0.0	0.0	9950.0
360	3172.1666666666665	0.0	0.0	12848.0
370	3045.5	0.0	0.0	11037.0
380	2932.6666666666665	0.0	0.0	7840.0
390	2735.6666666666665	0.0	0.0	11970.0
400	3613.6666666666665	0.0	0.0	8694.0
410	3080.0	0.0	0.0	10167.0
420	3742.0	0.0	0.0	10091.0
430	3760.0	0.0	0.0	10323.0
440	3395.6666666666665	0.0	0.0	9737.0
450	3561.3333333333335	0.0	0.0	8963.0
460	3295.5	0.0	0.0	10678.0
470	3670.5	0.0	0.0	10499.0
480	2378.6666666666665	0.0	0.0	11585.0
490	3439.1666666666665	0.0	0.0	11548.0
500	3680.6666666666665	0.0	0.0	8375.0
510	3309.6666666666665	0.0	0.0	10337.0
520	3760.0	0.0	0.0	11146.0
530	3374.0	0.0	0.0	9819.0
540	3399.3333333333335	0.0	0.0	8315.0
550	3524.1666666666665	0.0	0.0	10826.0
560	3739.3333333333335	0.0	0.0	10341.0
570	3816.6666666666665	0.0	0.0	8670.0
580	3432.6666666666665	0.0	0.0	8789.0
590	3450.3333333333335	0.0	0.0	13313.0
600	3892.3333333333335	0.0	0.0	10356.0
610	3787.1666666666665	0.0	0.0	12052.0
620	3533.6666666666665	0.0	0.0	9656.0
630	3879.3333333333335	0.0	0.0	8892.0
640	3247.0	0.0	0.0	9494.0
650	3663.1666666666665	0.0	0.0	11233.0
660	3908.5	0.0	0.0	12466.0
670	4020.6666666666665	0.0	0.0	10645.0
680	3428.3333333333335	0.0	0.0	9778.0
690	3851.1666666666665	0.0	0.0	9695.0
700	3774.1666666666665	0.0	0.0	10958.0
710	3822.5	0.0	0.0	10365.0
720	3973.1666666666665	0.0	0.0	10723.0
730	3807.8333333333335	0.0	0.0	10494.0
740	4016.5	0.0	0.0	9560.0
750	3490.5	0.0	0.0	10076.0
760	3633.0	0.0	0.0	11092.0
770	3722.5	0.0	0.0	12590.0
780	3463.8333333333335	0.0	0.0	9581.0
790	3692.0	0.0	0.0	8275.0
800	3592.6666666666665	0.0	0.0	10150.0
