0	2173.6666666666665	0.0	0.0	0.0
10	2082.3333333333335	1000.0	1000.0	8892.0
20	2196.0	0.0	0.0	7988.0
30	2325.8333333333335	0.0	0.0	8215.0
40	2366.6666666666665	0.0	0.0	6097.0
50	2521.1666666666665	0.0	0.0	12070.0
60	2533.8333333333335	0.0	0.0	8278.0
70	2433.8333333333335	0.0	0.0	7983.0
80	2469.5	0.0	0.0	8297.0
90	2728.3333333333335	0.0	0.0	10150.0
100	2659.1666666666665	0.0	0.0	11340.0
110	2636.3333333333335	0.0	0.0	8390.0
120	2520.6666666666665	0.0	0.0	7450.0
130	2838.1666666666665	0.0	0.0	11510.0
140	2385.0	0.0	0.0	9534.0
150	2612.6666666666665	0.0	0.0	7333.0
160	2667.5	0.0	0.0	10445.0
170	2821.5	0.0	0.0	8132.0
180	2999.3333333333335	0.0	0.0	11291.0
190	2961.1666666666665	0.0	0.0	7744.0
200	3127.1666666666665	0.0	0.0	10655.0
210	3110.5	0.0	0.0	8437.0
220	2943.3333333333335	0.0	0.0	9069.0
230	2675.6666666666665	0.0	0.0	9827.0
240	3079.6666666666665	0.0	0.0	11308.0
250	2716.0	0.0	0.0	7620.0
260	2175.0	0.0	0.0	10973.0
270	2911.6666666666665	0.0	0.0	12669.0
280	2877.0	0.0	0.0	11284.0
290	3084.5	0.0	0.0	7857.0
300	3010.8333333333335	0.0	0.0	9226.0
310	2763.6666666666665	0.0	0.0	9330.0
320	3463.0	0.0	0.0	9308.0
330	2887.3333333333335	0.0	0.0	9545.0
340	3004.6666666666665	0.0	0.0	12828.0
350	3928.3333333333335	0.0	0.0	7042.0
360	3530.3333333333335	0.0	0.0	13394.0
370	3286.6666666666665	0.0	0.0	12069.0
380	3338.8333333333335	0.0	0.0	11370.0
390	3052.5	0.0	0.0	8689.0
400	3041.8333333333335	0.0	0.0	12888.0
410	3705.1666666666665	0.0	0.0	11582.0
420	3609.0	0.0	0.0	12484.0
430	3927.3333333333335	0.0	0.0	9851.0
440	3463.0	0.0	0.0	8723.0
450	3616.6666666666665	0.0	0.0	11072.0
460	3573.3333333333335	0.0	0.0	12413.0
470	3969.0	0.0	0.0	10144.0
480	3457.5	0.0	0.0	11737.0
490	3363.1666666666665	0.0	0.0	10364.0
500	2994.1666666666665	0.0	0.0	12230.0
510	3766.0	0.0	0.0	14973.0
520	4057.1666666666665	0.0	0.0	9100.0
530	2945.1666666666665	0.0	0.0	10341.0
540	3470.6666666666665	0.0	0.0	11532.0
550	3147.6666666666665	0.0	0.0	10697.0
560	3309.1666666666665	0.0	0.0	10119.0
570	3883.3333333333335	0.0	0.0	12334.0
580	3969.5	0.0	0.0	12966.0
590	3852.0	0.0	0.0	11412.0
600	3613.5	0.0	0.0	10559.0
610	3464.1666666666665	0.0	0.0	9280.0
620	3644.0	0.0	0.0	10392.0
630	4042.1666666666665	0.0	0.0	11623.0
640	3604.5	0.0	0.0	12229.0
650	3915.1666666666665	0.0	0.0	7984.0
660	4013.5	0.0	0.0	12057.0
670	3741.1666666666665	0.0	0.0	10962.0
680	3919.0	0.0	0.0	10555.0
690	3809.6666666666665	0.0	0.0	8711.0
700	3786.8333333333335	0.0	0.0	10188.0
710	3449.5	0.0	0.0	12019.0
720	4162.0	0.0	0.0	10778.0
730	3663.8333333333335	0.0	0.0	10765.0
740	4008.1666666666665	0.0	0.0	9441.0
750	3785.6666666666665	0.0	0.0	9958.0
760	3385.1666666666665	0.0	0.0	11726.0
770	3578.0	0.0	0.0	11594.0
780	3459.3333333333335	0.0	0.0	11291.0
790	3732.6666666666665	0.0	0.0	13316.0
800	3558.0	0.0	0.0	9463.0
