0	2576.0	0.0	0.0	0.0
10	2679.0	103.0	1251.0	6489.0
20	2363.0	408.0	4671.0	14039.0
30	2891.8333333333335	294.0	4158.0	13129.0
40	3051.6666666666665	195.0	2337.0	10680.0
50	2892.3333333333335	0.0	0.0	8645.0
60	3970.6666666666665	0.0	0.0	6632.0
70	3909.5	0.0	0.0	9082.0
80	3411.5	0.0	0.0	10892.0
90	3365.5	0.0	0.0	10227.0
100	3405.5	0.0	0.0	10703.0
110	2989.8333333333335	0.0	0.0	13373.0
120	3570.6666666666665	0.0	0.0	8393.0
130	3479.5	0.0	0.0	7748.0
140	3635.5	0.0	0.0	8957.0
150	3479.6666666666665	0.0	0.0	8595.0
160	3562.0	0.0	0.0	8547.0
170	3606.6666666666665	0.0	0.0	12143.0
180	3108.3333333333335	0.0	0.0	7258.0
190	3226.6666666666665	0.0	0.0	12013.0
200	3571.6666666666665	0.0	0.0	10642.0
210	4045.8333333333335	0.0	0.0	9422.0
220	3319.1666666666665	0.0	0.0	9982.0
230	3107.5	0.0	0.0	8859.0
240	3544.0	0.0	0.0	10216.0
250	3352.5	0.0	0.0	12909.0
260	3923.0	0.0	0.0	10196.0
270	3924.6666666666665	0.0	0.0	11917.0
280	3340.0	0.0	0.0	10759.0
290	3303.8333333333335	0.0	0.0	10282.0
300	3549.0	0.0	0.0	10113.0
310	3434.3333333333335	0.0	0.0	8668.0
320	3555.0	0.0	0.0	10744.0
330	3143.1666666666665	0.0	0.0	12837.0
340	3647.6666666666665	0.0	0.0	9644.0
350	3872.1666666666665	0.0	0.0	9558.0
360	4184.166666666667	0.0	0.0	8119.0
370	3700.0	0.0	0.0	11478.0
380	3809.0	0.0	0.0	11418.0
390	3817.5	0.0	0.0	8787.0
400	3878.0	0.0	0.0	11162.0
410	4215.166666666667	0.0	0.0	10169.0
420	3546.5	0.0	0.0	9748.0
430	3862.0	0.0	0.0	10417.0
440	3883.8333333333335	0.0	0.0	9518.0
450	3898.0	0.0	0.0	7664.0
460	3758.8333333333335	0.0	0.0	8003.0
470	3949.5	0.0	0.0	8497.0
480	3560.3333333333335	0.0	0.0	5695.0
490	3501.5	0.0	0.0	12352.0
500	3744.3333333333335	0.0	0.0	8774.0
510	3790.6666666666665	0.0	0.0	13752.0
520	3801.3333333333335	0.0	0.0	11432.0
530	3527.5	0.0	0.0	8958.0
540	3571.5	0.0	0.0	8179.0
550	4131.833333333333	0.0	0.0	9482.0
560	3681.8333333333335	0.0	0.0	11211.0
570	3718.5	0.0	0.0	10901.0
580	3940.1666666666665	0.0	0.0	10371.0
590	3966.6666666666665	0.0	0.0	8704.0
600	3923.6666666666665	0.0	0.0	11602.0
