0	2730.1666666666665	0.0	0.0	0.0
10	2533.1666666666665	68.0	9460.0	9460.0
20	2638.3333333333335	47.0	12586.0	12586.0
30	2777.6666666666665	54.0	9210.0	9210.0
40	2323.6666666666665	10.0	7585.0	7585.0
50	3092.0	65.0	8571.0	8571.0
60	3032.6666666666665	67.0	10412.0	10412.0
70	2734.3333333333335	76.0	12833.0	12833.0
80	3382.3333333333335	27.0	10076.0	10076.0
90	3466.5	36.0	12341.0	12341.0
100	3603.1666666666665	38.0	11577.0	11577.0
110	3477.1666666666665	31.0	10161.0	10161.0
120	3122.8333333333335	32.0	9734.0	9734.0
130	3024.6666666666665	57.0	9014.0	9014.0
140	3453.1666666666665	34.0	11792.0	11792.0
150	3590.3333333333335	32.0	13415.0	13415.0
160	3270.3333333333335	24.0	8171.0	8171.0
170	3258.3333333333335	44.0	10269.0	10269.0
180	3381.8333333333335	42.0	12245.0	12245.0
190	3819.5	44.0	9785.0	9785.0
200	3765.8333333333335	32.0	11945.0	11945.0
210	3538.6666666666665	32.0	12052.0	12052.0
220	3440.6666666666665	41.0	11696.0	11696.0
230	3124.6666666666665	39.0	10178.0	10178.0
240	3755.5	28.0	9117.0	14687.0
250	3560.5	0.0	0.0	9500.0
260	3575.0	0.0	0.0	14503.0
270	3889.1666666666665	0.0	0.0	12667.0
280	3592.8333333333335	0.0	0.0	9579.0
290	3678.3333333333335	0.0	0.0	8726.0
300	4183.166666666667	0.0	0.0	7268.0
310	3902.5	0.0	0.0	12664.0
320	3672.1666666666665	0.0	0.0	6880.0
330	3980.8333333333335	0.0	0.0	10297.0
340	3501.8333333333335	0.0	0.0	12651.0
350	4074.3333333333335	0.0	0.0	12430.0
360	3746.1666666666665	0.0	0.0	10296.0
370	3608.6666666666665	0.0	0.0	11671.0
380	3652.1666666666665	0.0	0.0	12041.0
390	3675.8333333333335	0.0	0.0	11885.0
400	3710.3333333333335	0.0	0.0	10371.0
410	3303.6666666666665	0.0	0.0	11945.0
420	3615.1666666666665	0.0	0.0	10512.0
430	3744.1666666666665	0.0	0.0	13758.0
440	3937.6666666666665	0.0	0.0	12336.0
450	3795.0	0.0	0.0	10417.0
460	3780.5	0.0	0.0	10980.0
470	4154.0	0.0	0.0	10192.0
480	3850.5	0.0	0.0	9165.0
490	3637.1666666666665	0.0	0.0	7813.0
500	3907.5	0.0	0.0	9018.0
510	3468.6666666666665	0.0	0.0	9262.0
520	3577.6666666666665	0.0	0.0	9717.0
530	3723.8333333333335	0.0	0.0	11591.0
540	4034.6666666666665	0.0	0.0	10511.0
550	3797.6666666666665	0.0	0.0	12013.0
560	3443.8333333333335	0.0	0.0	8667.0
570	3684.8333333333335	0.0	0.0	10994.0
580	3687.6666666666665	0.0	0.0	9728.0
590	3763.8333333333335	0.0	0.0	7583.0
600	3838.6666666666665	0.0	0.0	10955.0
610	3520.5	0.0	0.0	9490.0
620	3745.5	0.0	0.0	9733.0
630	3819.6666666666665	0.0	0.0	9676.0
640	3598.3333333333335	0.0	0.0	10146.0
650	3833.1666666666665	0.0	0.0	13281.0
660	3722.1666666666665	0.0	0.0	11039.0
670	3964.0	0.0	0.0	8775.0
680	3833.8333333333335	0.0	0.0	11874.0
690	3673.6666666666665	0.0	0.0	10082.0
700	3909.5	0.0	0.0	11819.0
710	3628.8333333333335	0.0	0.0	7467.0
720	4067.1666666666665	0.0	0.0	10636.0
730	3971.8333333333335	0.0	0.0	10868.0
740	3963.1666666666665	0.0	0.0	10768.0
750	3941.3333333333335	0.0	0.0	12565.0
760	3818.5	0.0	0.0	12125.0
770	3657.5	0.0	0.0	7020.0
780	3798.0	0.0	0.0	12505.0
790	3850.5	0.0	0.0	7616.0
800	3693.1666666666665	0.0	0.0	9408.0
