0	2885.1666666666665	0.0	0.0	0.0
10	2714.5	374.0	3503.0	10077.0
20	2441.8333333333335	514.0	4411.0	11012.0
30	2612.1666666666665	112.0	1514.0	10799.0
40	2892.5	0.0	0.0	9867.0
50	2420.8333333333335	0.0	0.0	11476.0
60	2590.5	0.0	0.0	6623.0
70	2818.1666666666665	0.0	0.0	9246.0
80	2451.0	0.0	0.0	9178.0
90	2913.0	0.0	0.0	11289.0
100	2535.0	0.0	0.0	12805.0
110	2993.6666666666665	0.0	0.0	10099.0
120	2842.3333333333335	0.0	0.0	11324.0
130	3048.5	0.0	0.0	5130.0
140	2662.1666666666665	0.0	0.0	11412.0
150	2712.8333333333335	0.0	0.0	9854.0
160	2937.1666666666665	0.0	0.0	11352.0
170	3158.5	0.0	0.0	9320.0
180	3487.8333333333335	0.0	0.0	11722.0
190	3574.0	0.0	0.0	10779.0
200	3585.8333333333335	0.0	0.0	12222.0
210	3311.1666666666665	0.0	0.0	8842.0
220	3442.8333333333335	0.0	0.0	9740.0
230	3451.8333333333335	0.0	0.0	7054.0
240	3506.0	0.0	0.0	11816.0
250	3127.6666666666665	0.0	0.0	9568.0
260	4001.5	0.0	0.0	7847.0
270	3211.8333333333335	0.0	0.0	14443.0
280	3320.5	0.0	0.0	11883.0
290	3719.8333333333335	0.0	0.0	8421.0
300	3503.0	0.0	0.0	9913.0
310	3415.1666666666665	0.0	0.0	10856.0
320	3025.0	0.0	0.0	9085.0
330	3337.6666666666665	0.0	0.0	9349.0
340	3095.8333333333335	0.0	0.0	13416.0
350	2958.3333333333335	0.0	0.0	11521.0
360	3505.1666666666665	0.0	0.0	8157.0
370	3708.5	0.0	0.0	11753.0
380	3587.6666666666665	0.0	0.0	8109.0
390	3870.0	0.0	0.0	10077.0
400	3994.5	0.0	0.0	10130.0
410	3380.0	0.0	0.0	8072.0
420	3370.3333333333335	0.0	0.0	12225.0
430	3462.5	0.0	0.0	10213.0
440	3047.8333333333335	0.0	0.0	11208.0
450	3618.1666666666665	0.0	0.0	13724.0
460	3818.3333333333335	0.0	0.0	8832.0
470	3818.6666666666665	0.0	0.0	9677.0
480	3355.3333333333335	0.0	0.0	12045.0
490	3887.3333333333335	0.0	0.0	10751.0
500	3721.6666666666665	0.0	0.0	12560.0
510	3258.3333333333335	0.0	0.0	8581.0
520	3966.0	0.0	0.0	12563.0
530	3597.1666666666665	0.0	0.0	9204.0
540	3815.8333333333335	0.0	0.0	11537.0
550	3403.8333333333335	0.0	0.0	8468.0
560	3978.8333333333335	0.0	0.0	7699.0
570	3995.0	0.0	0.0	11846.0
580	3909.6666666666665	0.0	0.0	12517.0
590	2964.5	0.0	0.0	11206.0
600	3715.5	0.0	0.0	12375.0
610	3628.6666666666665	0.0	0.0	9846.0
620	3556.6666666666665	0.0	0.0	11031.0
630	3509.5	0.0	0.0	10249.0
640	3751.8333333333335	0.0	0.0	10806.0
650	3556.1666666666665	0.0	0.0	10402.0
660	3816.0	0.0	0.0	8350.0
670	3756.5	0.0	0.0	9197.0
680	3861.6666666666665	0.0	0.0	11696.0
690	3924.5	0.0	0.0	8988.0
700	4095.6666666666665	0.0	0.0	8516.0
710	4024.0	0.0	0.0	10895.0
720	3539.3333333333335	0.0	0.0	8367.0
730	4137.166666666667	0.0	0.0	8387.0
740	3609.1666666666665	0.0	0.0	9119.0
750	3796.0	0.0	0.0	7301.0
760	3694.5	0.0	0.0	9930.0
770	3475.6666666666665	0.0	0.0	14902.0
780	3899.8333333333335	0.0	0.0	11863.0
790	3563.1666666666665	0.0	0.0	13117.0
800	3451.6666666666665	0.0	0.0	11469.0
