0	1636.8333333333333	0.0	0.0	0.0
10	1721.8333333333333	190.0	4001.0	7408.0
20	1468.6666666666667	401.0	4241.0	8212.0
30	2028.1666666666667	409.0	4061.0	8652.0
40	2061.8333333333335	0.0	0.0	7324.0
50	2023.0	0.0	0.0	8444.0
60	2178.0	0.0	0.0	7382.0
70	2258.0	0.0	0.0	7632.0
80	1818.5	0.0	0.0	7008.0
90	2189.8333333333335	0.0	0.0	9598.0
100	1990.6666666666667	0.0	0.0	10612.0
110	2208.8333333333335	0.0	0.0	7970.0
120	2145.6666666666665	0.0	0.0	8163.0
130	2519.0	0.0	0.0	7729.0
140	2049.3333333333335	0.0	0.0	9248.0
150	2188.8333333333335	0.0	0.0	9578.0
160	2451.5	0.0	0.0	7372.0
170	2483.0	0.0	0.0	9651.0
180	2257.1666666666665	0.0	0.0	7824.0
190	1898.8333333333333	0.0	0.0	10788.0
200	2719.3333333333335	0.0	0.0	8492.0
210	2508.0	0.0	0.0	9805.0
220	2619.0	0.0	0.0	9979.0
230	2606.8333333333335	0.0	0.0	9501.0
240	2383.6666666666665	0.0	0.0	10872.0
250	2241.0	0.0	0.0	8905.0
260	2899.6666666666665	0.0	0.0	10399.0
270	2770.3333333333335	0.0	0.0	10192.0
280	2344.6666666666665	0.0	0.0	8009.0
290	2622.0	0.0	0.0	10261.0
300	2319.0	0.0	0.0	7171.0
310	2483.3333333333335	0.0	0.0	7158.0
320	2327.6666666666665	0.0	0.0	9365.0
330	2447.3333333333335	0.0	0.0	11282.0
340	2391.0	0.0	0.0	8973.0
350	2947.8333333333335	0.0	0.0	5832.0
360	2434.0	0.0	0.0	8180.0
370	2920.8333333333335	0.0	0.0	8645.0
380	2677.6666666666665	0.0	0.0	9785.0
390	3083.8333333333335	0.0	0.0	6370.0
400	2567.6666666666665	0.0	0.0	9686.0
410	2860.8333333333335	0.0	0.0	6415.0
420	3346.3333333333335	0.0	0.0	8766.0
430	3163.0	0.0	0.0	7490.0
440	3129.8333333333335	0.0	0.0	11089.0
450	2594.8333333333335	0.0	0.0	9810.0
460	3472.8333333333335	0.0	0.0	8727.0
470	3132.0	0.0	0.0	8720.0
480	3026.6666666666665	0.0	0.0	8205.0
490	3279.0	0.0	0.0	10971.0
500	3265.6666666666665	0.0	0.0	12658.0
510	2768.3333333333335	0.0	0.0	8877.0
520	3019.3333333333335	0.0	0.0	9303.0
530	3191.0	0.0	0.0	8683.0
540	3469.0	0.0	0.0	8094.0
550	3644.5	0.0	0.0	7946.0
560	3177.5	0.0	0.0	10959.0
570	3238.3333333333335	0.0	0.0	8321.0
580	3304.3333333333335	0.0	0.0	13085.0
590	3735.8333333333335	0.0	0.0	10587.0
600	3327.1666666666665	0.0	0.0	11462.0
610	3557.1666666666665	0.0	0.0	10328.0
620	3480.3333333333335	0.0	0.0	14038.0
630	3201.1666666666665	0.0	0.0	7842.0
640	3118.6666666666665	0.0	0.0	11684.0
650	3014.1666666666665	0.0	0.0	12724.0
660	3753.8333333333335	0.0	0.0	9618.0
670	3162.5	0.0	0.0	8321.0
680	3142.1666666666665	0.0	0.0	8541.0
690	3902.6666666666665	0.0	0.0	7180.0
700	3571.8333333333335	0.0	0.0	13827.0
710	3640.6666666666665	0.0	0.0	8703.0
720	3271.5	0.0	0.0	11365.0
730	3632.5	0.0	0.0	9881.0
740	3642.3333333333335	0.0	0.0	8520.0
750	3532.1666666666665	0.0	0.0	8949.0
760	3269.8333333333335	0.0	0.0	10481.0
770	3862.3333333333335	0.0	0.0	11378.0
780	3693.1666666666665	0.0	0.0	9734.0
790	3899.1666666666665	0.0	0.0	9476.0
800	3793.1666666666665	0.0	0.0	7344.0
810	3425.5	0.0	0.0	11403.0
820	3592.6666666666665	0.0	0.0	12160.0
830	3680.6666666666665	0.0	0.0	10431.0
840	3671.3333333333335	0.0	0.0	8719.0
850	3699.8333333333335	0.0	0.0	9454.0
860	3829.3333333333335	0.0	0.0	9971.0
870	3979.8333333333335	0.0	0.0	9424.0
880	3801.0	0.0	0.0	11951.0
890	3845.0	0.0	0.0	8255.0
900	3844.5	0.0	0.0	10739.0
910	3736.5	0.0	0.0	12588.0
920	4210.833333333333	0.0	0.0	11382.0
930	3447.3333333333335	0.0	0.0	9628.0
940	3527.3333333333335	0.0	0.0	9836.0
950	3752.0	0.0	0.0	9260.0
960	4133.333333333333	0.0	0.0	9461.0
970	3509.3333333333335	0.0	0.0	9979.0
980	3535.0	0.0	0.0	9991.0
990	3815.6666666666665	0.0	0.0	8779.0
1000	3988.6666666666665	0.0	0.0	12983.0
