0	1717.6666666666667	0.0	0.0	0.0
10	1836.0	343.0	6313.0	11555.0
20	2051.3333333333335	448.0	4842.0	8379.0
30	2154.5	209.0	1696.0	7864.0
40	2161.0	0.0	0.0	9717.0
50	1950.3333333333333	0.0	0.0	8635.0
60	2236.3333333333335	0.0	0.0	9582.0
70	2212.5	0.0	0.0	9460.0
80	2326.1666666666665	0.0	0.0	9156.0
90	2433.5	0.0	0.0	10619.0
100	2288.5	0.0	0.0	8525.0
110	2086.1666666666665	0.0	0.0	7357.0
120	2481.0	0.0	0.0	7835.0
130	2592.1666666666665	0.0	0.0	10472.0
140	2537.3333333333335	0.0	0.0	9097.0
150	2262.6666666666665	0.0	0.0	8668.0
160	2432.0	0.0	0.0	8645.0
170	2537.1666666666665	0.0	0.0	8852.0
180	2426.5	0.0	0.0	6768.0
190	2040.0	0.0	0.0	7596.0
200	2312.0	0.0	0.0	5344.0
210	2259.0	0.0	0.0	5989.0
220	2507.1666666666665	0.0	0.0	6183.0
230	2004.6666666666667	0.0	0.0	8524.0
240	2097.5	0.0	0.0	5666.0
250	2405.0	0.0	0.0	7990.0
260	2264.1666666666665	0.0	0.0	10445.0
270	2305.0	0.0	0.0	4998.0
280	2417.3333333333335	0.0	0.0	8852.0
290	2450.8333333333335	0.0	0.0	6051.0
300	2115.0	0.0	0.0	7895.0
310	2459.8333333333335	0.0	0.0	8760.0
320	2174.3333333333335	0.0	0.0	10438.0
330	3036.8333333333335	0.0	0.0	8221.0
340	2810.1666666666665	0.0	0.0	6461.0
350	2707.8333333333335	0.0	0.0	7690.0
360	2946.3333333333335	0.0	0.0	8172.0
370	2635.6666666666665	0.0	0.0	5621.0
380	2899.0	0.0	0.0	9690.0
390	2846.3333333333335	0.0	0.0	8959.0
400	2501.3333333333335	0.0	0.0	9361.0
410	2876.1666666666665	0.0	0.0	8204.0
420	2503.5	0.0	0.0	7446.0
430	2970.6666666666665	0.0	0.0	7751.0
440	2567.5	0.0	0.0	8170.0
450	2961.3333333333335	0.0	0.0	10006.0
460	2793.6666666666665	0.0	0.0	5521.0
470	2965.0	0.0	0.0	9499.0
480	3182.1666666666665	0.0	0.0	10757.0
490	3162.8333333333335	0.0	0.0	10827.0
500	2826.6666666666665	0.0	0.0	7909.0
510	2822.1666666666665	0.0	0.0	9195.0
520	3528.3333333333335	0.0	0.0	12124.0
530	3154.6666666666665	0.0	0.0	10816.0
540	3729.6666666666665	0.0	0.0	9257.0
550	2809.0	0.0	0.0	11233.0
560	3340.8333333333335	0.0	0.0	11273.0
570	3009.5	0.0	0.0	11990.0
580	3066.6666666666665	0.0	0.0	14718.0
590	3763.0	0.0	0.0	9593.0
600	3214.3333333333335	0.0	0.0	9894.0
610	3468.1666666666665	0.0	0.0	6601.0
620	3308.5	0.0	0.0	10304.0
630	2810.1666666666665	0.0	0.0	11869.0
640	3574.1666666666665	0.0	0.0	8996.0
650	3253.6666666666665	0.0	0.0	11135.0
660	3836.1666666666665	0.0	0.0	10076.0
670	3907.5	0.0	0.0	10929.0
680	4055.0	0.0	0.0	10063.0
690	3153.8333333333335	0.0	0.0	9133.0
700	3756.5	0.0	0.0	11502.0
710	3991.8333333333335	0.0	0.0	11076.0
720	3702.5	0.0	0.0	8936.0
730	3815.6666666666665	0.0	0.0	8024.0
740	3558.6666666666665	0.0	0.0	8399.0
750	3397.8333333333335	0.0	0.0	11160.0
760	3167.5	0.0	0.0	10215.0
770	3534.5	0.0	0.0	7861.0
780	3452.5	0.0	0.0	9117.0
790	3455.1666666666665	0.0	0.0	11524.0
800	4117.666666666667	0.0	0.0	10663.0
810	3565.5	0.0	0.0	10370.0
820	3633.5	0.0	0.0	8366.0
830	3570.1666666666665	0.0	0.0	13003.0
840	3182.1666666666665	0.0	0.0	11198.0
850	4045.1666666666665	0.0	0.0	9909.0
860	3593.1666666666665	0.0	0.0	9543.0
870	3829.8333333333335	0.0	0.0	9184.0
880	3077.3333333333335	0.0	0.0	10722.0
890	3296.0	0.0	0.0	9836.0
900	3797.5	0.0	0.0	10871.0
910	3634.3333333333335	0.0	0.0	10949.0
920	3641.6666666666665	0.0	0.0	10916.0
930	3553.3333333333335	0.0	0.0	10562.0
940	4044.5	0.0	0.0	12328.0
950	3171.1666666666665	0.0	0.0	8526.0
960	3633.6666666666665	0.0	0.0	7763.0
970	3765.3333333333335	0.0	0.0	9150.0
980	3975.3333333333335	0.0	0.0	11804.0
990	3836.8333333333335	0.0	0.0	11653.0
1000	3743.3333333333335	0.0	0.0	11318.0
