0	1611.6666666666667	0.0	0.0	0.0
10	1726.0	251.0	4545.0	8605.0
20	1863.8333333333333	369.0	4545.0	8187.0
30	2016.5	380.0	3075.0	10052.0
40	2037.3333333333333	0.0	0.0	8143.0
50	2305.5	0.0	0.0	9640.0
60	2408.5	0.0	0.0	9481.0
70	2188.8333333333335	0.0	0.0	10722.0
80	2395.6666666666665	0.0	0.0	13174.0
90	2215.6666666666665	0.0	0.0	9729.0
100	2554.6666666666665	0.0	0.0	5115.0
110	2299.1666666666665	0.0	0.0	5978.0
120	2423.6666666666665	0.0	0.0	8472.0
130	2182.5	0.0	0.0	9052.0
140	2031.8333333333333	0.0	0.0	10625.0
150	2075.5	0.0	0.0	7305.0
160	2432.6666666666665	0.0	0.0	5435.0
170	2119.5	0.0	0.0	10519.0
180	2414.8333333333335	0.0	0.0	5430.0
190	2530.0	0.0	0.0	9946.0
200	2132.1666666666665	0.0	0.0	11998.0
210	2235.3333333333335	0.0	0.0	10041.0
220	2714.1666666666665	0.0	0.0	9852.0
230	2333.0	0.0	0.0	9562.0
240	2898.6666666666665	0.0	0.0	9979.0
250	2952.5	0.0	0.0	6138.0
260	2607.8333333333335	0.0	0.0	9849.0
270	2279.0	0.0	0.0	9635.0
280	2657.0	0.0	0.0	6940.0
290	2484.6666666666665	0.0	0.0	8234.0
300	2647.8333333333335	0.0	0.0	8467.0
310	2818.5	0.0	0.0	9962.0
320	2694.3333333333335	0.0	0.0	9019.0
330	2864.0	0.0	0.0	6617.0
340	2525.1666666666665	0.0	0.0	5738.0
350	2502.6666666666665	0.0	0.0	8507.0
360	2710.6666666666665	0.0	0.0	6694.0
370	2657.1666666666665	0.0	0.0	6987.0
380	2639.3333333333335	0.0	0.0	8336.0
390	2946.5	0.0	0.0	8215.0
400	2847.1666666666665	0.0	0.0	9628.0
410	2957.5	0.0	0.0	8480.0
420	3411.0	0.0	0.0	7557.0
430	3541.5	0.0	0.0	11728.0
440	2645.3333333333335	0.0	0.0	8292.0
450	3673.0	0.0	0.0	8984.0
460	3555.1666666666665	0.0	0.0	9533.0
470	3427.1666666666665	0.0	0.0	10676.0
480	3182.5	0.0	0.0	10040.0
490	3749.3333333333335	0.0	0.0	6796.0
500	2963.5	0.0	0.0	9413.0
510	3412.8333333333335	0.0	0.0	12145.0
520	3544.1666666666665	0.0	0.0	8704.0
530	3178.1666666666665	0.0	0.0	7120.0
540	3444.5	0.0	0.0	10607.0
550	3498.1666666666665	0.0	0.0	9329.0
560	3808.1666666666665	0.0	0.0	7990.0
570	3219.3333333333335	0.0	0.0	12048.0
580	3303.1666666666665	0.0	0.0	8132.0
590	3414.6666666666665	0.0	0.0	8920.0
600	3480.8333333333335	0.0	0.0	8723.0
610	3108.0	0.0	0.0	10205.0
620	3804.8333333333335	0.0	0.0	6477.0
630	3104.8333333333335	0.0	0.0	8643.0
640	3458.1666666666665	0.0	0.0	13134.0
650	3413.1666666666665	0.0	0.0	12625.0
660	3675.5	0.0	0.0	10275.0
670	3641.6666666666665	0.0	0.0	12343.0
680	3316.1666666666665	0.0	0.0	8507.0
690	3747.1666666666665	0.0	0.0	12567.0
700	3643.6666666666665	0.0	0.0	11074.0
710	3976.0	0.0	0.0	10078.0
720	3632.6666666666665	0.0	0.0	10184.0
730	3923.8333333333335	0.0	0.0	12382.0
740	3871.5	0.0	0.0	9983.0
750	3807.3333333333335	0.0	0.0	9886.0
760	3763.1666666666665	0.0	0.0	10585.0
770	3413.3333333333335	0.0	0.0	8002.0
780	3296.8333333333335	0.0	0.0	13374.0
790	3000.1666666666665	0.0	0.0	9214.0
800	3777.5	0.0	0.0	9577.0
810	3971.8333333333335	0.0	0.0	10475.0
820	3724.8333333333335	0.0	0.0	10779.0
830	3946.5	0.0	0.0	10745.0
840	3968.3333333333335	0.0	0.0	11545.0
850	3481.8333333333335	0.0	0.0	11954.0
860	3385.5	0.0	0.0	9838.0
870	3825.6666666666665	0.0	0.0	10988.0
880	3296.0	0.0	0.0	9979.0
890	3774.0	0.0	0.0	11463.0
900	3799.8333333333335	0.0	0.0	8701.0
910	3803.6666666666665	0.0	0.0	11064.0
920	3969.1666666666665	0.0	0.0	11554.0
930	3640.6666666666665	0.0	0.0	8182.0
940	3641.1666666666665	0.0	0.0	11302.0
950	3912.1666666666665	0.0	0.0	10879.0
960	3427.6666666666665	0.0	0.0	10642.0
970	3793.0	0.0	0.0	8719.0
980	4164.0	0.0	0.0	6663.0
990	3655.5	0.0	0.0	8897.0
1000	3941.3333333333335	0.0	0.0	12231.0
