0	2516.8333333333335	0.0	0.0	0.0
10	2702.8333333333335	1000.0	3358.0	12245.0
20	2822.5	0.0	0.0	9530.0
30	2487.5	0.0	0.0	10906.0
40	2424.5	0.0	0.0	9907.0
50	3070.3333333333335	0.0	0.0	7098.0
60	2796.3333333333335	0.0	0.0	10518.0
70	2809.0	0.0	0.0	11133.0
80	2924.1666666666665	0.0	0.0	9656.0
90	2870.3333333333335	0.0	0.0	8144.0
100	2573.6666666666665	0.0	0.0	10386.0
110	2206.5	0.0	0.0	7703.0
120	2288.6666666666665	0.0	0.0	9014.0
130	2621.5	0.0	0.0	5916.0
140	2722.3333333333335	0.0	0.0	8327.0
150	2305.1666666666665	0.0	0.0	7871.0
160	3056.0	0.0	0.0	7503.0
170	2894.3333333333335	0.0	0.0	9837.0
180	2457.1666666666665	0.0	0.0	12750.0
190	2680.0	0.0	0.0	6898.0
200	2739.5	0.0	0.0	10220.0
210	3140.6666666666665	0.0	0.0	9982.0
220	2801.0	0.0	0.0	8840.0
230	3113.5	0.0	0.0	8231.0
240	2976.5	0.0	0.0	10505.0
250	3115.5	0.0	0.0	9039.0
260	3635.0	0.0	0.0	9082.0
270	3347.1666666666665	0.0	0.0	10424.0
280	2877.8333333333335	0.0	0.0	9038.0
290	3044.8333333333335	0.0	0.0	8999.0
300	3071.1666666666665	0.0	0.0	8421.0
310	3170.3333333333335	0.0	0.0	7709.0
320	3300.6666666666665	0.0	0.0	8938.0
330	3725.3333333333335	0.0	0.0	11905.0
340	3078.3333333333335	0.0	0.0	6569.0
350	2635.3333333333335	0.0	0.0	9879.0
360	3482.6666666666665	0.0	0.0	6473.0
370	3454.1666666666665	0.0	0.0	14888.0
380	3710.0	0.0	0.0	13514.0
390	3932.1666666666665	0.0	0.0	11300.0
400	3691.5	0.0	0.0	10244.0
410	3832.3333333333335	0.0	0.0	11136.0
420	3396.3333333333335	0.0	0.0	9185.0
430	3574.5	0.0	0.0	9937.0
440	3579.3333333333335	0.0	0.0	9146.0
450	3710.3333333333335	0.0	0.0	10307.0
460	4079.5	0.0	0.0	10623.0
470	3512.1666666666665	0.0	0.0	10066.0
480	3891.1666666666665	0.0	0.0	13582.0
490	3865.3333333333335	0.0	0.0	10292.0
500	4163.0	0.0	0.0	12080.0
510	4064.3333333333335	0.0	0.0	8894.0
520	3708.1666666666665	0.0	0.0	9534.0
530	3994.1666666666665	0.0	0.0	9479.0
540	3942.6666666666665	0.0	0.0	10319.0
550	3769.1666666666665	0.0	0.0	10911.0
560	3643.6666666666665	0.0	0.0	8243.0
570	3768.1666666666665	0.0	0.0	9836.0
580	3882.3333333333335	0.0	0.0	11527.0
590	3905.6666666666665	0.0	0.0	8283.0
600	3911.5	0.0	0.0	7891.0
610	3471.3333333333335	0.0	0.0	13698.0
620	3679.1666666666665	0.0	0.0	11793.0
630	3855.0	0.0	0.0	10128.0
640	3626.3333333333335	0.0	0.0	11637.0
650	3886.8333333333335	0.0	0.0	11385.0
660	3982.0	0.0	0.0	11713.0
670	4016.6666666666665	0.0	0.0	9591.0
680	3457.5	0.0	0.0	10362.0
690	3893.6666666666665	0.0	0.0	11267.0
700	3432.1666666666665	0.0	0.0	9522.0
710	3994.0	0.0	0.0	13015.0
720	3859.1666666666665	0.0	0.0	9050.0
730	3727.5	0.0	0.0	10807.0
740	3747.3333333333335	0.0	0.0	7198.0
750	3639.8333333333335	0.0	0.0	8923.0
760	3755.3333333333335	0.0	0.0	11709.0
770	3979.8333333333335	0.0	0.0	8711.0
780	3374.1666666666665	0.0	0.0	10900.0
790	3489.6666666666665	0.0	0.0	11115.0
800	3675.5	0.0	0.0	9034.0
