0	2478.6666666666665	0.0	0.0	0.0
10	2663.1666666666665	506.0	2690.0	8053.0
20	2598.5	494.0	1812.0	12755.0
30	2411.5	0.0	0.0	9471.0
40	2987.3333333333335	0.0	0.0	9712.0
50	2795.5	0.0	0.0	8921.0
60	2478.1666666666665	0.0	0.0	9588.0
70	2654.0	0.0	0.0	7963.0
80	2504.1666666666665	0.0	0.0	9874.0
90	2532.6666666666665	0.0	0.0	10591.0
100	2581.3333333333335	0.0	0.0	10273.0
110	2965.6666666666665	0.0	0.0	9488.0
120	2870.1666666666665	0.0	0.0	10923.0
130	2685.5	0.0	0.0	8642.0
140	3031.3333333333335	0.0	0.0	7827.0
150	2604.1666666666665	0.0	0.0	12815.0
160	3224.6666666666665	0.0	0.0	8403.0
170	3117.3333333333335	0.0	0.0	7897.0
180	3399.0	0.0	0.0	11825.0
190	2927.0	0.0	0.0	7761.0
200	3246.0	0.0	0.0	8111.0
210	3452.8333333333335	0.0	0.0	8570.0
220	2812.3333333333335	0.0	0.0	11037.0
230	3457.6666666666665	0.0	0.0	9934.0
240	3313.0	0.0	0.0	10239.0
250	4043.3333333333335	0.0	0.0	13042.0
260	3421.5	0.0	0.0	7588.0
270	3456.6666666666665	0.0	0.0	9240.0
280	3828.0	0.0	0.0	10958.0
290	3737.0	0.0	0.0	8900.0
300	3426.8333333333335	0.0	0.0	10498.0
310	3498.0	0.0	0.0	12792.0
320	3475.0	0.0	0.0	8801.0
330	3119.8333333333335	0.0	0.0	9187.0
340	3590.8333333333335	0.0	0.0	10693.0
350	3443.5	0.0	0.0	11065.0
360	3287.5	0.0	0.0	10483.0
370	3640.0	0.0	0.0	9254.0
380	3651.8333333333335	0.0	0.0	9093.0
390	3116.5	0.0	0.0	12075.0
400	3243.0	0.0	0.0	8400.0
410	3758.6666666666665	0.0	0.0	10225.0
420	3712.8333333333335	0.0	0.0	9521.0
430	3033.5	0.0	0.0	7941.0
440	3767.0	0.0	0.0	9354.0
450	3392.0	0.0	0.0	9121.0
460	3605.8333333333335	0.0	0.0	9935.0
470	3594.0	0.0	0.0	8848.0
480	3519.3333333333335	0.0	0.0	9745.0
490	3776.6666666666665	0.0	0.0	8359.0
500	3808.0	0.0	0.0	11319.0
510	3928.1666666666665	0.0	0.0	10614.0
520	3915.5	0.0	0.0	9503.0
530	3818.1666666666665	0.0	0.0	12177.0
540	3631.3333333333335	0.0	0.0	8622.0
550	3652.5	0.0	0.0	11272.0
560	3969.6666666666665	0.0	0.0	10553.0
570	3590.6666666666665	0.0	0.0	10626.0
580	3896.0	0.0	0.0	9783.0
590	3804.3333333333335	0.0	0.0	10899.0
600	3313.8333333333335	0.0	0.0	9946.0
610	3906.6666666666665	0.0	0.0	13676.0
620	3859.3333333333335	0.0	0.0	9920.0
630	3645.5	0.0	0.0	10872.0
640	3968.8333333333335	0.0	0.0	10899.0
650	3767.1666666666665	0.0	0.0	9873.0
660	3898.8333333333335	0.0	0.0	9621.0
670	4013.8333333333335	0.0	0.0	9494.0
680	3766.6666666666665	0.0	0.0	9133.0
690	3672.1666666666665	0.0	0.0	11810.0
700	3816.3333333333335	0.0	0.0	9247.0
710	3672.1666666666665	0.0	0.0	11475.0
720	4037.0	0.0	0.0	9305.0
730	3672.3333333333335	0.0	0.0	11818.0
740	3895.0	0.0	0.0	9991.0
750	3794.5	0.0	0.0	11948.0
760	3817.0	0.0	0.0	10714.0
770	3583.3333333333335	0.0	0.0	9655.0
780	3709.6666666666665	0.0	0.0	11302.0
790	3901.3333333333335	0.0	0.0	10543.0
800	3911.3333333333335	0.0	0.0	10899.0
