0	2440.3333333333335	0.0	0.0	0.0
10	2748.1666666666665	1000.0	3911.0	11013.0
20	2506.6666666666665	0.0	0.0	8657.0
30	2367.1666666666665	0.0	0.0	9264.0
40	2386.1666666666665	0.0	0.0	9547.0
50	2458.1666666666665	0.0	0.0	10890.0
60	2695.5	0.0	0.0	8683.0
70	2564.6666666666665	0.0	0.0	7226.0
80	2354.0	0.0	0.0	8507.0
90	2806.0	0.0	0.0	7811.0
100	2170.8333333333335	0.0	0.0	9211.0
110	2764.0	0.0	0.0	5802.0
120	2565.5	0.0	0.0	9215.0
130	2455.0	0.0	0.0	10611.0
140	2714.5	0.0	0.0	8335.0
150	2768.1666666666665	0.0	0.0	8107.0
160	2335.6666666666665	0.0	0.0	11115.0
170	2859.3333333333335	0.0	0.0	9662.0
180	2855.6666666666665	0.0	0.0	8296.0
190	2659.1666666666665	0.0	0.0	9041.0
200	2478.5	0.0	0.0	8873.0
210	3063.1666666666665	0.0	0.0	8117.0
220	2984.3333333333335	0.0	0.0	9638.0
230	2810.5	0.0	0.0	9504.0
240	2953.1666666666665	0.0	0.0	11189.0
250	2699.8333333333335	0.0	0.0	8021.0
260	2989.8333333333335	0.0	0.0	9352.0
270	2807.1666666666665	0.0	0.0	9424.0
280	2974.0	0.0	0.0	10790.0
290	3099.0	0.0	0.0	10847.0
300	3093.5	0.0	0.0	10939.0
310	3554.1666666666665	0.0	0.0	9541.0
320	2943.3333333333335	0.0	0.0	8967.0
330	3326.0	0.0	0.0	8519.0
340	3045.0	0.0	0.0	12972.0
350	3798.3333333333335	0.0	0.0	8619.0
360	3580.6666666666665	0.0	0.0	12040.0
370	3373.0	0.0	0.0	8130.0
380	3649.8333333333335	0.0	0.0	10527.0
390	3615.6666666666665	0.0	0.0	13918.0
400	3690.3333333333335	0.0	0.0	10615.0
410	3363.3333333333335	0.0	0.0	12107.0
420	3268.3333333333335	0.0	0.0	8176.0
430	3213.5	0.0	0.0	11783.0
440	3425.8333333333335	0.0	0.0	13181.0
450	3633.5	0.0	0.0	11593.0
460	3350.3333333333335	0.0	0.0	12894.0
470	3103.1666666666665	0.0	0.0	9984.0
480	3762.8333333333335	0.0	0.0	10516.0
490	3256.1666666666665	0.0	0.0	10971.0
500	3460.0	0.0	0.0	13055.0
510	3716.0	0.0	0.0	10928.0
520	3853.0	0.0	0.0	9441.0
530	3445.1666666666665	0.0	0.0	13755.0
540	4057.6666666666665	0.0	0.0	10377.0
550	3690.3333333333335	0.0	0.0	11000.0
560	3918.1666666666665	0.0	0.0	13567.0
570	3902.6666666666665	0.0	0.0	7677.0
580	3919.6666666666665	0.0	0.0	8777.0
590	3751.3333333333335	0.0	0.0	8612.0
600	3512.0	0.0	0.0	11033.0
610	3838.8333333333335	0.0	0.0	8606.0
620	3817.3333333333335	0.0	0.0	9921.0
630	4054.8333333333335	0.0	0.0	10622.0
640	3856.1666666666665	0.0	0.0	10332.0
650	3435.3333333333335	0.0	0.0	10659.0
660	4111.5	0.0	0.0	11253.0
670	3501.8333333333335	0.0	0.0	10231.0
680	3681.3333333333335	0.0	0.0	12486.0
690	3879.8333333333335	0.0	0.0	8893.0
700	3602.5	0.0	0.0	8954.0
710	4004.5	0.0	0.0	11331.0
720	3748.8333333333335	0.0	0.0	10127.0
730	3907.5	0.0	0.0	11343.0
740	4055.1666666666665	0.0	0.0	8652.0
750	4146.666666666667	0.0	0.0	10621.0
760	3851.0	0.0	0.0	8994.0
770	3635.5	0.0	0.0	12526.0
780	3858.3333333333335	0.0	0.0	10707.0
790	3772.0	0.0	0.0	12584.0
800	4105.5	0.0	0.0	9382.0
