0	2361.8333333333335	0.0	0.0	0.0
10	2447.6666666666665	753.0	3068.0	10271.0
20	2213.0	247.0	1406.0	5789.0
30	2369.3333333333335	0.0	0.0	6441.0
40	2356.3333333333335	0.0	0.0	12973.0
50	2362.6666666666665	0.0	0.0	7469.0
60	2323.6666666666665	0.0	0.0	9505.0
70	2278.0	0.0	0.0	9180.0
80	2185.3333333333335	0.0	0.0	8383.0
90	2012.1666666666667	0.0	0.0	8276.0
100	2388.8333333333335	0.0	0.0	12244.0
110	2476.6666666666665	0.0	0.0	7557.0
120	2503.3333333333335	0.0	0.0	8239.0
130	2700.8333333333335	0.0	0.0	10508.0
140	2652.0	0.0	0.0	5381.0
150	2712.8333333333335	0.0	0.0	10939.0
160	2397.3333333333335	0.0	0.0	13891.0
170	2330.1666666666665	0.0	0.0	8178.0
180	2554.6666666666665	0.0	0.0	11038.0
190	2428.3333333333335	0.0	0.0	7523.0
200	2515.5	0.0	0.0	9336.0
210	2562.8333333333335	0.0	0.0	13438.0
220	2688.5	0.0	0.0	6194.0
230	2994.5	0.0	0.0	7794.0
240	2950.1666666666665	0.0	0.0	7643.0
250	2723.6666666666665	0.0	0.0	9472.0
260	3092.5	0.0	0.0	10066.0
270	2807.6666666666665	0.0	0.0	12591.0
280	2567.0	0.0	0.0	10340.0
290	2749.8333333333335	0.0	0.0	9352.0
300	3003.1666666666665	0.0	0.0	8424.0
310	2983.0	0.0	0.0	11829.0
320	3530.6666666666665	0.0	0.0	9119.0
330	2696.0	0.0	0.0	12572.0
340	3170.3333333333335	0.0	0.0	10621.0
350	3459.6666666666665	0.0	0.0	12634.0
360	3440.1666666666665	0.0	0.0	12902.0
370	3104.1666666666665	0.0	0.0	10907.0
380	3067.6666666666665	0.0	0.0	10464.0
390	3196.8333333333335	0.0	0.0	8979.0
400	2958.3333333333335	0.0	0.0	10041.0
410	3298.8333333333335	0.0	0.0	9549.0
420	3516.8333333333335	0.0	0.0	9065.0
430	3492.6666666666665	0.0	0.0	10686.0
440	3633.1666666666665	0.0	0.0	11603.0
450	3090.6666666666665	0.0	0.0	11831.0
460	2538.6666666666665	0.0	0.0	9981.0
470	3383.0	0.0	0.0	10168.0
480	3103.3333333333335	0.0	0.0	13966.0
490	3569.3333333333335	0.0	0.0	13097.0
500	3643.0	0.0	0.0	12029.0
510	3411.5	0.0	0.0	12669.0
520	3556.0	0.0	0.0	10625.0
530	3454.1666666666665	0.0	0.0	10480.0
540	3861.0	0.0	0.0	11976.0
550	3618.3333333333335	0.0	0.0	6493.0
560	3690.3333333333335	0.0	0.0	12833.0
570	3333.1666666666665	0.0	0.0	10230.0
580	3558.8333333333335	0.0	0.0	9178.0
590	3292.1666666666665	0.0	0.0	10967.0
600	3605.1666666666665	0.0	0.0	12315.0
610	3849.8333333333335	0.0	0.0	9220.0
620	3396.3333333333335	0.0	0.0	7713.0
630	3812.6666666666665	0.0	0.0	11186.0
640	3903.3333333333335	0.0	0.0	11598.0
650	3681.5	0.0	0.0	8771.0
660	3981.0	0.0	0.0	10433.0
670	3753.0	0.0	0.0	10246.0
680	3187.5	0.0	0.0	9743.0
690	3784.3333333333335	0.0	0.0	10651.0
700	3521.8333333333335	0.0	0.0	9809.0
710	3771.0	0.0	0.0	12383.0
720	3871.0	0.0	0.0	10152.0
730	3704.1666666666665	0.0	0.0	10446.0
740	3738.0	0.0	0.0	13327.0
750	3383.1666666666665	0.0	0.0	11814.0
760	3979.6666666666665	0.0	0.0	8069.0
770	3609.1666666666665	0.0	0.0	13052.0
780	3901.0	0.0	0.0	10360.0
790	3965.0	0.0	0.0	7270.0
800	3636.3333333333335	0.0	0.0	11647.0
