0	2356.6666666666665	0.0	0.0	0.0
10	2246.5	540.0	3961.0	8623.0
20	2349.6666666666665	460.0	3367.0	11881.0
30	2524.8333333333335	0.0	0.0	9135.0
40	2717.5	0.0	0.0	7433.0
50	2482.0	0.0	0.0	13251.0
60	2486.5	0.0	0.0	9677.0
70	2848.1666666666665	0.0	0.0	8423.0
80	2908.3333333333335	0.0	0.0	10745.0
90	2751.3333333333335	0.0	0.0	6652.0
100	3007.1666666666665	0.0	0.0	11282.0
110	2554.0	0.0	0.0	7103.0
120	2689.6666666666665	0.0	0.0	9824.0
130	2274.8333333333335	0.0	0.0	11357.0
140	2583.8333333333335	0.0	0.0	9121.0
150	2519.5	0.0	0.0	11377.0
160	2546.8333333333335	0.0	0.0	6036.0
170	2260.1666666666665	0.0	0.0	7428.0
180	2399.1666666666665	0.0	0.0	11634.0
190	2899.5	0.0	0.0	10772.0
200	2830.1666666666665	0.0	0.0	11922.0
210	2814.1666666666665	0.0	0.0	12494.0
220	3018.1666666666665	0.0	0.0	6896.0
230	3130.6666666666665	0.0	0.0	9682.0
240	2575.0	0.0	0.0	10062.0
250	3035.6666666666665	0.0	0.0	10392.0
260	3089.0	0.0	0.0	6528.0
270	3102.6666666666665	0.0	0.0	12545.0
280	2885.8333333333335	0.0	0.0	11485.0
290	3305.0	0.0	0.0	9665.0
300	3195.6666666666665	0.0	0.0	9431.0
310	3083.6666666666665	0.0	0.0	10946.0
320	3539.8333333333335	0.0	0.0	6838.0
330	3301.0	0.0	0.0	10472.0
340	3078.3333333333335	0.0	0.0	10141.0
350	2919.5	0.0	0.0	8559.0
360	3549.8333333333335	0.0	0.0	8972.0
370	3203.8333333333335	0.0	0.0	11710.0
380	3320.6666666666665	0.0	0.0	9739.0
390	2960.8333333333335	0.0	0.0	8642.0
400	3423.0	0.0	0.0	11763.0
410	3441.5	0.0	0.0	9893.0
420	3340.3333333333335	0.0	0.0	10542.0
430	3596.5	0.0	0.0	11174.0
440	2807.8333333333335	0.0	0.0	9759.0
450	3906.1666666666665	0.0	0.0	7820.0
460	3529.3333333333335	0.0	0.0	11610.0
470	3696.0	0.0	0.0	8001.0
480	3950.3333333333335	0.0	0.0	12048.0
490	3869.5	0.0	0.0	8612.0
500	3620.1666666666665	0.0	0.0	10653.0
510	3640.0	0.0	0.0	9710.0
520	3577.3333333333335	0.0	0.0	10090.0
530	3594.3333333333335	0.0	0.0	12442.0
540	3673.6666666666665	0.0	0.0	11211.0
550	4114.0	0.0	0.0	10596.0
560	4036.6666666666665	0.0	0.0	8821.0
570	3825.0	0.0	0.0	9478.0
580	3861.1666666666665	0.0	0.0	11967.0
590	3541.0	0.0	0.0	10572.0
600	3701.5	0.0	0.0	9045.0
610	4081.6666666666665	0.0	0.0	11748.0
620	3684.6666666666665	0.0	0.0	9575.0
630	3951.3333333333335	0.0	0.0	12235.0
640	3854.3333333333335	0.0	0.0	11332.0
650	4032.8333333333335	0.0	0.0	9483.0
660	3842.1666666666665	0.0	0.0	12005.0
670	3632.5	0.0	0.0	15025.0
680	3811.5	0.0	0.0	9211.0
690	3470.8333333333335	0.0	0.0	11779.0
700	4207.166666666667	0.0	0.0	8412.0
710	3490.3333333333335	0.0	0.0	10323.0
720	3835.6666666666665	0.0	0.0	13000.0
730	3729.5	0.0	0.0	11475.0
740	3938.6666666666665	0.0	0.0	7529.0
750	3836.0	0.0	0.0	11092.0
760	3820.6666666666665	0.0	0.0	9765.0
770	3836.3333333333335	0.0	0.0	8699.0
780	3805.1666666666665	0.0	0.0	9249.0
790	3454.0	0.0	0.0	11681.0
800	3609.8333333333335	0.0	0.0	11328.0
