0	2164.5	0.0	0.0	0.0
10	2230.6666666666665	447.0	3633.0	8749.0
20	2444.3333333333335	553.0	4214.0	9676.0
30	2335.5	0.0	0.0	10561.0
40	2488.5	0.0	0.0	8852.0
50	2439.0	0.0	0.0	8075.0
60	2475.8333333333335	0.0	0.0	8475.0
70	2235.1666666666665	0.0	0.0	4726.0
80	2558.3333333333335	0.0	0.0	9075.0
90	2222.0	0.0	0.0	8320.0
100	2589.5	0.0	0.0	11185.0
110	2453.0	0.0	0.0	7157.0
120	2137.1666666666665	0.0	0.0	6826.0
130	2194.3333333333335	0.0	0.0	6271.0
140	2297.8333333333335	0.0	0.0	7406.0
150	2552.8333333333335	0.0	0.0	9571.0
160	2471.0	0.0	0.0	7300.0
170	2612.6666666666665	0.0	0.0	9929.0
180	2873.1666666666665	0.0	0.0	8301.0
190	2888.1666666666665	0.0	0.0	10775.0
200	2978.3333333333335	0.0	0.0	8714.0
210	2125.5	0.0	0.0	11267.0
220	2251.6666666666665	0.0	0.0	9591.0
230	2705.8333333333335	0.0	0.0	8066.0
240	2846.6666666666665	0.0	0.0	6719.0
250	2544.8333333333335	0.0	0.0	8229.0
260	2471.1666666666665	0.0	0.0	8404.0
270	2337.3333333333335	0.0	0.0	8347.0
280	2583.8333333333335	0.0	0.0	6141.0
290	2520.1666666666665	0.0	0.0	5754.0
300	2538.3333333333335	0.0	0.0	9125.0
310	2757.1666666666665	0.0	0.0	8294.0
320	3158.6666666666665	0.0	0.0	8851.0
330	2550.5	0.0	0.0	6358.0
340	2643.5	0.0	0.0	5852.0
350	2819.0	0.0	0.0	8164.0
360	3204.3333333333335	0.0	0.0	6765.0
370	2698.1666666666665	0.0	0.0	8588.0
380	3018.5	0.0	0.0	10074.0
390	3174.1666666666665	0.0	0.0	7867.0
400	2983.0	0.0	0.0	10360.0
410	3276.0	0.0	0.0	9295.0
420	3506.8333333333335	0.0	0.0	7654.0
430	2817.6666666666665	0.0	0.0	9598.0
440	2754.3333333333335	0.0	0.0	10861.0
450	3550.1666666666665	0.0	0.0	10710.0
460	2989.8333333333335	0.0	0.0	8725.0
470	3014.8333333333335	0.0	0.0	10902.0
480	3292.6666666666665	0.0	0.0	9611.0
490	3247.0	0.0	0.0	12239.0
500	3016.8333333333335	0.0	0.0	14046.0
510	3644.1666666666665	0.0	0.0	7790.0
520	3525.6666666666665	0.0	0.0	12609.0
530	3392.0	0.0	0.0	10651.0
540	3583.3333333333335	0.0	0.0	11958.0
550	3457.3333333333335	0.0	0.0	6622.0
560	3870.0	0.0	0.0	11018.0
570	3041.6666666666665	0.0	0.0	8803.0
580	3423.1666666666665	0.0	0.0	7758.0
590	3538.3333333333335	0.0	0.0	8652.0
600	3147.3333333333335	0.0	0.0	6750.0
610	3198.6666666666665	0.0	0.0	12277.0
620	3311.1666666666665	0.0	0.0	9815.0
630	3269.6666666666665	0.0	0.0	8287.0
640	3690.5	0.0	0.0	8277.0
650	3557.0	0.0	0.0	13329.0
660	3688.6666666666665	0.0	0.0	6612.0
670	3240.5	0.0	0.0	9505.0
680	3432.3333333333335	0.0	0.0	9310.0
690	3812.0	0.0	0.0	9375.0
700	3780.6666666666665	0.0	0.0	9976.0
710	3905.3333333333335	0.0	0.0	10691.0
720	3310.0	0.0	0.0	12934.0
730	3692.8333333333335	0.0	0.0	10308.0
740	3885.8333333333335	0.0	0.0	9641.0
750	3354.6666666666665	0.0	0.0	8514.0
760	3456.1666666666665	0.0	0.0	9907.0
770	3685.6666666666665	0.0	0.0	11773.0
780	3527.3333333333335	0.0	0.0	10472.0
790	3687.6666666666665	0.0	0.0	8041.0
800	4111.666666666667	0.0	0.0	9859.0
