0	2118.3333333333335	0.0	0.0	0.0
10	2185.6666666666665	605.0	5165.0	11597.0
20	2491.6666666666665	395.0	3376.0	9896.0
30	2359.6666666666665	0.0	0.0	8734.0
40	2471.6666666666665	0.0	0.0	9512.0
50	2604.5	0.0	0.0	9826.0
60	2589.3333333333335	0.0	0.0	6549.0
70	2627.3333333333335	0.0	0.0	8198.0
80	2295.8333333333335	0.0	0.0	10542.0
90	2510.1666666666665	0.0	0.0	9643.0
100	2081.3333333333335	0.0	0.0	7287.0
110	2274.6666666666665	0.0	0.0	7670.0
120	2313.5	0.0	0.0	8569.0
130	2465.8333333333335	0.0	0.0	9389.0
140	2181.3333333333335	0.0	0.0	5463.0
150	2282.3333333333335	0.0	0.0	7481.0
160	2318.5	0.0	0.0	9536.0
170	2435.1666666666665	0.0	0.0	4298.0
180	2361.5	0.0	0.0	9601.0
190	2568.3333333333335	0.0	0.0	7790.0
200	2831.1666666666665	0.0	0.0	8847.0
210	2555.6666666666665	0.0	0.0	6992.0
220	2821.1666666666665	0.0	0.0	9127.0
230	3107.3333333333335	0.0	0.0	11758.0
240	3091.3333333333335	0.0	0.0	9142.0
250	3307.8333333333335	0.0	0.0	6165.0
260	3002.3333333333335	0.0	0.0	11039.0
270	3061.1666666666665	0.0	0.0	6477.0
280	2825.5	0.0	0.0	7349.0
290	2861.3333333333335	0.0	0.0	9662.0
300	2749.6666666666665	0.0	0.0	12114.0
310	3306.0	0.0	0.0	12579.0
320	3210.0	0.0	0.0	9122.0
330	3330.0	0.0	0.0	12285.0
340	3217.0	0.0	0.0	11175.0
350	2900.8333333333335	0.0	0.0	9199.0
360	3321.3333333333335	0.0	0.0	6325.0
370	3736.6666666666665	0.0	0.0	6973.0
380	3501.6666666666665	0.0	0.0	11217.0
390	3493.0	0.0	0.0	11665.0
400	3101.0	0.0	0.0	11698.0
410	3235.3333333333335	0.0	0.0	7627.0
420	3401.5	0.0	0.0	7999.0
430	3712.1666666666665	0.0	0.0	12268.0
440	3184.8333333333335	0.0	0.0	10441.0
450	3655.3333333333335	0.0	0.0	10788.0
460	3256.5	0.0	0.0	13665.0
470	3413.5	0.0	0.0	9670.0
480	3348.0	0.0	0.0	5732.0
490	3608.3333333333335	0.0	0.0	8614.0
500	3696.6666666666665	0.0	0.0	8547.0
510	3746.0	0.0	0.0	12250.0
520	3591.6666666666665	0.0	0.0	9907.0
530	3482.8333333333335	0.0	0.0	13004.0
540	3615.0	0.0	0.0	11173.0
550	3469.6666666666665	0.0	0.0	12672.0
560	3651.1666666666665	0.0	0.0	10639.0
570	3901.8333333333335	0.0	0.0	10555.0
580	3751.8333333333335	0.0	0.0	10610.0
590	3803.5	0.0	0.0	10116.0
600	3611.3333333333335	0.0	0.0	14447.0
610	3861.0	0.0	0.0	11343.0
620	3601.0	0.0	0.0	8569.0
630	3479.3333333333335	0.0	0.0	7600.0
640	3589.3333333333335	0.0	0.0	12291.0
650	3924.1666666666665	0.0	0.0	12455.0
660	3902.5	0.0	0.0	11506.0
670	3848.3333333333335	0.0	0.0	11490.0
680	3658.1666666666665	0.0	0.0	9294.0
690	3882.5	0.0	0.0	10539.0
700	4199.0	0.0	0.0	9085.0
710	3897.3333333333335	0.0	0.0	8444.0
720	4081.0	0.0	0.0	9272.0
730	4063.0	0.0	0.0	12033.0
740	3531.0	0.0	0.0	9752.0
750	3806.5	0.0	0.0	10025.0
760	3917.0	0.0	0.0	13647.0
770	4151.166666666667	0.0	0.0	8005.0
780	3602.0	0.0	0.0	9596.0
790	3778.0	0.0	0.0	8542.0
800	3864.5	0.0	0.0	8529.0
