0	2733.6666666666665	0.0	0.0	0.0
10	2316.5	54.0	4667.0	9750.0
20	2328.0	47.0	4329.0	9187.0
30	2408.5	49.0	4768.0	10076.0
40	2922.5	13.0	2665.0	5743.0
50	2247.6666666666665	27.0	3909.0	8111.0
60	2355.1666666666665	36.0	4724.0	9431.0
70	2535.8333333333335	26.0	5336.0	11058.0
80	2605.0	35.0	3520.0	7117.0
90	2440.0	28.0	4848.0	9629.0
100	3221.1666666666665	2.0	3661.0	7158.0
110	2970.6666666666665	8.0	4458.0	8909.0
120	2737.5	29.0	3612.0	7151.0
130	3094.8333333333335	5.0	4179.0	8555.0
140	2805.0	5.0	5261.0	10032.0
150	2900.6666666666665	8.0	6748.0	13213.0
160	2527.1666666666665	16.0	6621.0	13083.0
170	2741.8333333333335	3.0	4012.0	8072.0
180	2927.5	14.0	5401.0	10613.0
190	2881.0	7.0	5809.0	11401.0
200	3393.1666666666665	5.0	3796.0	7784.0
210	2935.3333333333335	3.0	6615.0	12549.0
220	3501.3333333333335	1.0	4864.0	9518.0
230	3387.3333333333335	4.0	5549.0	10602.0
240	3836.8333333333335	17.0	4424.0	8403.0
250	3646.1666666666665	2.0	6287.0	12326.0
260	3934.1666666666665	1.0	3389.0	6445.0
270	3296.3333333333335	5.0	6956.0	13276.0
280	3346.1666666666665	1.0	4085.0	8061.0
290	3394.5	0.0	5121.0	9866.0
300	3770.0	0.0	4223.0	8326.0
310	3555.8333333333335	2.0	5200.0	10168.0
320	3764.5	0.0	5724.0	11237.0
330	3691.1666666666665	0.0	4683.0	9347.0
340	3502.0	0.0	6074.0	11643.0
350	3711.0	0.0	4264.0	8044.0
360	3398.1666666666665	0.0	4782.0	9666.0
370	3515.3333333333335	2.0	3978.0	7637.0
380	3383.5	0.0	6198.0	11773.0
390	3321.1666666666665	2.0	4090.0	7488.0
400	3581.0	1.0	6178.0	11949.0
410	3921.3333333333335	0.0	5471.0	10604.0
420	3117.3333333333335	1.0	5456.0	10861.0
430	3399.3333333333335	1.0	4042.0	8149.0
440	3326.6666666666665	1.0	5582.0	10865.0
450	3890.3333333333335	0.0	5767.0	11440.0
460	4020.0	2.0	4310.0	8758.0
470	3714.5	1.0	4819.0	9517.0
480	3656.1666666666665	2.0	5235.0	10371.0
490	3639.6666666666665	20.0	5457.0	10827.0
500	3638.6666666666665	0.0	5426.0	10923.0
510	3744.5	0.0	5817.0	11254.0
520	3407.0	2.0	6980.0	13861.0
530	3649.1666666666665	2.0	4606.0	9041.0
540	4036.8333333333335	1.0	5367.0	10485.0
550	3772.6666666666665	0.0	5231.0	9909.0
560	3738.5	0.0	5300.0	10028.0
570	4070.1666666666665	0.0	5124.0	10057.0
580	3669.5	0.0	5341.0	10283.0
590	3841.0	0.0	5205.0	10791.0
600	3565.5	2.0	5497.0	10864.0
610	3508.1666666666665	2.0	5970.0	11709.0
620	3847.3333333333335	0.0	5221.0	10300.0
630	3881.6666666666665	2.0	6537.0	12926.0
640	3510.0	2.0	5423.0	10618.0
650	4176.166666666667	1.0	5737.0	10934.0
660	3969.0	1.0	6249.0	11973.0
670	3991.1666666666665	3.0	4953.0	9704.0
680	3624.0	1.0	6229.0	12320.0
690	3765.0	0.0	4546.0	8700.0
700	3956.3333333333335	0.0	5806.0	11309.0
710	3934.8333333333335	0.0	4794.0	9824.0
720	3670.5	1.0	6121.0	11721.0
730	3813.0	0.0	5227.0	9987.0
740	4115.0	0.0	5075.0	9875.0
750	3984.6666666666665	0.0	5635.0	11094.0
760	3727.5	3.0	6419.0	12658.0
770	3793.1666666666665	1.0	7132.0	13863.0
780	3688.0	1.0	5830.0	11190.0
790	3906.6666666666665	1.0	5635.0	10948.0
800	3687.8333333333335	0.0	5900.0	11491.0
