0	1436.6666666666667	0.0	0.0
10	2342.8333333333335	1000.0	20000.0
20	2259.1666666666665	0.0	20000.0
30	2332.1666666666665	0.0	20000.0
40	2482.3333333333335	0.0	20000.0
50	2434.3333333333335	0.0	20000.0
60	2599.0	0.0	20000.0
70	2521.3333333333335	0.0	20000.0
80	2656.5	0.0	20000.0
90	2673.6666666666665	0.0	19734.0
100	2705.8333333333335	0.0	19336.0
110	2717.0	0.0	19882.0
120	2897.5	0.0	19347.0
130	2975.3333333333335	0.0	20000.0
140	2995.5	0.0	18890.0
150	3134.3333333333335	0.0	18783.0
160	3162.3333333333335	0.0	19841.0
170	3225.1666666666665	0.0	18795.0
180	3229.0	0.0	19192.0
190	3144.3333333333335	0.0	18240.0
200	3244.0	0.0	19728.0
210	2752.6666666666665	0.0	18922.0
220	2790.8333333333335	0.0	19647.0
230	2861.3333333333335	0.0	20000.0
240	2742.5	0.0	19800.0
250	2829.3333333333335	0.0	19723.0
260	2771.1666666666665	0.0	19559.0
270	2895.1666666666665	0.0	19349.0
280	2926.8333333333335	0.0	19199.0
290	2632.5	0.0	19955.0
300	2603.6666666666665	0.0	19626.0
310	2946.1666666666665	0.0	19658.0
320	2677.5	0.0	19292.0
330	2859.8333333333335	0.0	19487.0
340	2850.0	0.0	19709.0
350	2801.5	0.0	19248.0
360	2808.3333333333335	0.0	19112.0
370	3036.1666666666665	0.0	19673.0
380	3091.3333333333335	0.0	20000.0
390	2852.6666666666665	0.0	18707.0
400	2963.0	0.0	19361.0
410	2824.5	0.0	20000.0
420	2719.3333333333335	0.0	19559.0
430	3123.0	0.0	19676.0
440	3105.1666666666665	0.0	19704.0
450	3067.5	0.0	19835.0
460	3208.3333333333335	0.0	19495.0
470	3134.6666666666665	0.0	20000.0
480	3167.0	0.0	19563.0
490	3167.6666666666665	0.0	19032.0
500	3186.6666666666665	0.0	19699.0
510	2929.0	0.0	19635.0
520	3308.3333333333335	0.0	19863.0
530	3176.1666666666665	0.0	19930.0
540	3214.0	0.0	20000.0
550	3178.5	0.0	19647.0
560	3019.0	0.0	19552.0
570	3128.1666666666665	0.0	19753.0
580	3459.3333333333335	0.0	19517.0
590	3040.3333333333335	0.0	20000.0
600	3183.6666666666665	0.0	19556.0
610	3338.8333333333335	0.0	19603.0
620	3101.5	0.0	20000.0
630	3287.1666666666665	0.0	19434.0
640	3366.6666666666665	0.0	19782.0
650	3403.6666666666665	0.0	19713.0
660	3262.1666666666665	0.0	19610.0
670	3181.3333333333335	0.0	19487.0
680	3473.0	0.0	20000.0
690	3416.0	0.0	19985.0
700	3582.0	0.0	19992.0
710	3358.3333333333335	0.0	19703.0
720	3310.1666666666665	0.0	20000.0
730	3325.8333333333335	0.0	19994.0
740	3346.5	0.0	20000.0
750	3298.1666666666665	0.0	20000.0
760	3420.0	0.0	19948.0
770	3657.0	0.0	20000.0
780	3175.8333333333335	0.0	20000.0
790	3454.8333333333335	0.0	19465.0
800	3649.0	0.0	20000.0
810	3533.0	0.0	19729.0
820	3381.8333333333335	0.0	19810.0
830	3472.3333333333335	0.0	20000.0
840	3405.5	0.0	20000.0
850	3433.1666666666665	0.0	20000.0
860	3505.3333333333335	0.0	20000.0
870	3521.1666666666665	0.0	19533.0
880	3591.0	0.0	19952.0
890	3602.8333333333335	0.0	19518.0
900	3519.0	0.0	19675.0
910	3632.8333333333335	0.0	19586.0
920	3547.5	0.0	20000.0
930	3349.3333333333335	0.0	20000.0
940	3575.3333333333335	0.0	20000.0
950	3470.5	0.0	19903.0
960	3598.1666666666665	0.0	19786.0
970	3631.6666666666665	0.0	19955.0
980	3738.1666666666665	0.0	19637.0
990	3562.6666666666665	0.0	20000.0
1000	3661.0	0.0	19847.0
