0	2313.5	0.0	0.0	0.0
10	2282.0	391.0	7820.0	12811.0
20	1883.8333333333333	161.0	7368.0	10918.0
30	2230.1666666666665	448.0	6999.0	13934.0
40	2118.5	0.0	0.0	6523.0
50	2398.0	0.0	0.0	9431.0
60	3017.1666666666665	0.0	0.0	12415.0
70	2738.5	0.0	0.0	10248.0
80	2966.5	0.0	0.0	4396.0
90	2566.8333333333335	0.0	0.0	9937.0
100	2388.6666666666665	0.0	0.0	8112.0
110	2308.8333333333335	0.0	0.0	10116.0
120	2516.6666666666665	0.0	0.0	9742.0
130	2781.0	0.0	0.0	8226.0
140	2828.3333333333335	0.0	0.0	8931.0
150	2672.3333333333335	0.0	0.0	10831.0
160	2508.1666666666665	0.0	0.0	7929.0
170	2845.5	0.0	0.0	9042.0
180	2426.3333333333335	0.0	0.0	8290.0
190	2992.8333333333335	0.0	0.0	11558.0
200	2830.5	0.0	0.0	10066.0
210	2691.1666666666665	0.0	0.0	11483.0
220	2838.8333333333335	0.0	0.0	8731.0
230	2864.1666666666665	0.0	0.0	8468.0
240	3102.1666666666665	0.0	0.0	10208.0
250	3500.8333333333335	0.0	0.0	12140.0
260	2972.8333333333335	0.0	0.0	7535.0
270	3509.8333333333335	0.0	0.0	12038.0
280	3407.8333333333335	0.0	0.0	9538.0
290	3145.8333333333335	0.0	0.0	9041.0
300	3023.5	0.0	0.0	10806.0
310	3477.5	0.0	0.0	12717.0
320	3283.1666666666665	0.0	0.0	10084.0
330	3607.6666666666665	0.0	0.0	8409.0
340	2841.0	0.0	0.0	11599.0
350	3617.6666666666665	0.0	0.0	6698.0
360	3875.1666666666665	0.0	0.0	6572.0
370	3718.1666666666665	0.0	0.0	10154.0
380	3083.3333333333335	0.0	0.0	7712.0
390	3669.0	0.0	0.0	8880.0
400	3377.5	0.0	0.0	10685.0
410	3332.5	0.0	0.0	10287.0
420	3367.6666666666665	0.0	0.0	9836.0
430	3389.3333333333335	0.0	0.0	7767.0
440	3348.6666666666665	0.0	0.0	12180.0
450	3703.0	0.0	0.0	11087.0
460	3166.0	0.0	0.0	12739.0
470	2533.5	0.0	0.0	10003.0
480	3061.6666666666665	0.0	0.0	12278.0
490	3283.8333333333335	0.0	0.0	10458.0
500	3253.3333333333335	0.0	0.0	11369.0
510	3656.5	0.0	0.0	10032.0
520	3882.8333333333335	0.0	0.0	9937.0
530	3735.1666666666665	0.0	0.0	7218.0
540	3703.0	0.0	0.0	9502.0
550	3618.1666666666665	0.0	0.0	9407.0
560	3556.6666666666665	0.0	0.0	11249.0
570	3873.3333333333335	0.0	0.0	12754.0
580	3810.8333333333335	0.0	0.0	13831.0
590	3783.5	0.0	0.0	9484.0
600	3988.6666666666665	0.0	0.0	13302.0
610	3350.3333333333335	0.0	0.0	6981.0
620	3405.3333333333335	0.0	0.0	10709.0
630	3519.0	0.0	0.0	8356.0
640	3449.6666666666665	0.0	0.0	11178.0
650	3726.0	0.0	0.0	8130.0
660	3675.0	0.0	0.0	9807.0
670	3687.8333333333335	0.0	0.0	11425.0
680	3952.8333333333335	0.0	0.0	12204.0
690	3445.5	0.0	0.0	9958.0
700	3936.6666666666665	0.0	0.0	10023.0
710	3841.6666666666665	0.0	0.0	8489.0
720	3754.3333333333335	0.0	0.0	9606.0
730	3736.8333333333335	0.0	0.0	9035.0
740	3612.5	0.0	0.0	10727.0
750	3407.3333333333335	0.0	0.0	10791.0
760	3749.0	0.0	0.0	9846.0
770	3800.3333333333335	0.0	0.0	10946.0
780	3780.1666666666665	0.0	0.0	10420.0
790	3573.8333333333335	0.0	0.0	11955.0
800	3787.6666666666665	0.0	0.0	7021.0
