0	2784.8333333333335	0.0	0.0	0.0
10	2452.8333333333335	1000.0	1000.0	9389.0
20	2764.8333333333335	0.0	0.0	10331.0
30	2275.3333333333335	0.0	0.0	8343.0
40	2535.5	0.0	0.0	11668.0
50	2623.5	0.0	0.0	9009.0
60	2742.6666666666665	0.0	0.0	8400.0
70	2166.3333333333335	0.0	0.0	7161.0
80	3081.8333333333335	0.0	0.0	5513.0
90	2651.5	0.0	0.0	9414.0
100	3140.8333333333335	0.0	0.0	11221.0
110	3261.6666666666665	0.0	0.0	7783.0
120	2784.5	0.0	0.0	7711.0
130	2906.1666666666665	0.0	0.0	7888.0
140	3141.0	0.0	0.0	9985.0
150	2899.6666666666665	0.0	0.0	11193.0
160	2851.8333333333335	0.0	0.0	8192.0
170	3019.0	0.0	0.0	11425.0
180	2931.5	0.0	0.0	9452.0
190	3358.8333333333335	0.0	0.0	9481.0
200	3173.3333333333335	0.0	0.0	9187.0
210	3511.5	0.0	0.0	6260.0
220	3562.1666666666665	0.0	0.0	10087.0
230	3193.6666666666665	0.0	0.0	11035.0
240	3338.1666666666665	0.0	0.0	11207.0
250	3156.5	0.0	0.0	7849.0
260	3322.0	0.0	0.0	9837.0
270	3122.3333333333335	0.0	0.0	13472.0
280	3636.1666666666665	0.0	0.0	7466.0
290	3567.8333333333335	0.0	0.0	8037.0
300	3276.3333333333335	0.0	0.0	11909.0
310	3522.6666666666665	0.0	0.0	8610.0
320	3542.0	0.0	0.0	10642.0
330	3640.6666666666665	0.0	0.0	11936.0
340	3776.3333333333335	0.0	0.0	10536.0
350	3677.6666666666665	0.0	0.0	12318.0
360	3617.0	0.0	0.0	10991.0
370	3751.8333333333335	0.0	0.0	10920.0
380	3327.5	0.0	0.0	8089.0
390	3670.1666666666665	0.0	0.0	12167.0
400	3228.3333333333335	0.0	0.0	7907.0
410	3564.5	0.0	0.0	7549.0
420	3601.0	0.0	0.0	10460.0
430	3670.1666666666665	0.0	0.0	9874.0
440	3699.8333333333335	0.0	0.0	10480.0
450	3813.3333333333335	0.0	0.0	8789.0
460	3812.3333333333335	0.0	0.0	15392.0
470	3616.3333333333335	0.0	0.0	8775.0
480	3223.1666666666665	0.0	0.0	11705.0
490	3676.6666666666665	0.0	0.0	11571.0
500	3883.5	0.0	0.0	11195.0
510	3738.0	0.0	0.0	8334.0
520	3383.8333333333335	0.0	0.0	10016.0
530	3841.5	0.0	0.0	7651.0
540	3549.0	0.0	0.0	11929.0
550	3334.8333333333335	0.0	0.0	11439.0
560	3970.6666666666665	0.0	0.0	11227.0
570	3392.6666666666665	0.0	0.0	12147.0
580	3384.5	0.0	0.0	13149.0
590	3569.1666666666665	0.0	0.0	12558.0
600	3765.1666666666665	0.0	0.0	9415.0
610	3938.1666666666665	0.0	0.0	10351.0
620	4104.833333333333	0.0	0.0	11451.0
630	4121.333333333333	0.0	0.0	9101.0
640	3514.5	0.0	0.0	11948.0
650	4073.8333333333335	0.0	0.0	7062.0
660	3529.5	0.0	0.0	7525.0
670	3894.0	0.0	0.0	12375.0
680	3845.3333333333335	0.0	0.0	10857.0
690	3896.8333333333335	0.0	0.0	12335.0
700	3543.8333333333335	0.0	0.0	9593.0
710	3722.0	0.0	0.0	8125.0
720	3457.0	0.0	0.0	8536.0
730	4047.8333333333335	0.0	0.0	8498.0
740	3672.1666666666665	0.0	0.0	11236.0
750	3857.5	0.0	0.0	10228.0
760	4232.166666666667	0.0	0.0	11380.0
770	3716.1666666666665	0.0	0.0	12700.0
780	4011.1666666666665	0.0	0.0	10697.0
790	3709.5	0.0	0.0	10446.0
800	3744.1666666666665	0.0	0.0	10951.0
