0	2569.6666666666665	0.0	0.0	0.0
10	2203.1666666666665	1000.0	3282.0	10231.0
20	2705.8333333333335	0.0	0.0	7939.0
30	2878.1666666666665	0.0	0.0	6269.0
40	3025.1666666666665	0.0	0.0	7942.0
50	3015.6666666666665	0.0	0.0	7396.0
60	2853.8333333333335	0.0	0.0	8545.0
70	2852.3333333333335	0.0	0.0	8647.0
80	3206.1666666666665	0.0	0.0	11396.0
90	2457.0	0.0	0.0	10281.0
100	3407.3333333333335	0.0	0.0	9504.0
110	2778.1666666666665	0.0	0.0	9719.0
120	2838.0	0.0	0.0	14641.0
130	2927.0	0.0	0.0	11329.0
140	3097.6666666666665	0.0	0.0	13415.0
150	3429.6666666666665	0.0	0.0	9590.0
160	3772.8333333333335	0.0	0.0	13510.0
170	3290.8333333333335	0.0	0.0	8487.0
180	3431.0	0.0	0.0	9836.0
190	3041.3333333333335	0.0	0.0	12395.0
200	3668.3333333333335	0.0	0.0	8038.0
210	3570.6666666666665	0.0	0.0	12281.0
220	3552.1666666666665	0.0	0.0	9667.0
230	3443.1666666666665	0.0	0.0	8928.0
240	3731.5	0.0	0.0	10884.0
250	3263.8333333333335	0.0	0.0	11581.0
260	3429.1666666666665	0.0	0.0	8241.0
270	3062.8333333333335	0.0	0.0	12563.0
280	3214.3333333333335	0.0	0.0	9650.0
290	3676.6666666666665	0.0	0.0	10672.0
300	3617.0	0.0	0.0	11176.0
310	3762.3333333333335	0.0	0.0	12586.0
320	3927.3333333333335	0.0	0.0	9138.0
330	3383.0	0.0	0.0	9391.0
340	3468.5	0.0	0.0	9519.0
350	3156.1666666666665	0.0	0.0	6960.0
360	3620.6666666666665	0.0	0.0	14442.0
370	3776.5	0.0	0.0	8962.0
380	3567.1666666666665	0.0	0.0	11283.0
390	3689.5	0.0	0.0	11132.0
400	3649.3333333333335	0.0	0.0	9396.0
410	3889.1666666666665	0.0	0.0	10544.0
420	3733.1666666666665	0.0	0.0	14070.0
430	3859.8333333333335	0.0	0.0	9522.0
440	3750.3333333333335	0.0	0.0	10656.0
450	3428.5	0.0	0.0	11119.0
460	3839.8333333333335	0.0	0.0	12890.0
470	3826.0	0.0	0.0	10137.0
480	3899.0	0.0	0.0	12819.0
490	3889.8333333333335	0.0	0.0	11885.0
500	3608.6666666666665	0.0	0.0	9560.0
510	3609.6666666666665	0.0	0.0	12005.0
520	3838.0	0.0	0.0	12127.0
530	3767.5	0.0	0.0	9211.0
540	3693.0	0.0	0.0	8103.0
550	3985.0	0.0	0.0	10819.0
560	3720.5	0.0	0.0	7572.0
570	3905.6666666666665	0.0	0.0	11586.0
580	3734.6666666666665	0.0	0.0	8376.0
590	3937.3333333333335	0.0	0.0	11294.0
600	3257.6666666666665	0.0	0.0	12193.0
